0.0	0.9999999999999987
0.010101010101010102	0.25525523524889054
0.020202020202020204	0.07531851787346672
0.0303030303030303	0.024500548186246834
0.04040404040404041	0.00846190856817422
0.050505050505050504	0.0030308840458201283
0.0606060606060606	0.0011107944143920717
0.0707070707070707	0.0004133467112979984
0.08080808080808081	0.0001554549250143623
0.0909090909090909	5.8914581664081394e-5
0.10101010101010101	2.2454476391799285e-5
0.11111111111111112	8.594712902268473e-6
0.1212121212121212	3.300348161951491e-6
0.13131313131313133	1.2704386584831522e-6
0.1414141414141414	4.899601626025505e-7
0.15151515151515152	1.8922959808737092e-7
0.16161616161616163	7.316311212371608e-8
0.1717171717171717	2.831119260509472e-8
0.1818181818181818	1.0962294065228222e-8
0.19191919191919193	4.246748546476515e-9
0.20202020202020202	1.6457861117887082e-9
0.2121212121212121	6.37989770478315e-10
0.22222222222222224	2.4737070757836584e-10
0.23232323232323232	9.593006265552649e-11
0.2424242424242424	3.7206261739121136e-11
0.25252525252525254	1.4431756442268916e-11
0.26262626262626265	5.598275661296393e-12
0.2727272727272727	2.17176974611886e-12
0.2828282828282828	8.425429417364342e-13
0.29292929292929293	3.26877490867802e-13
0.30303030303030304	1.268207220463568e-13
0.31313131313131315	4.920479133466471e-14
0.32323232323232326	1.9091519428579085e-14
0.3333333333333333	7.408039130099537e-15
0.3434343434343434	2.874973457809647e-15
0.35353535353535354	1.1161753882057311e-15
0.3636363636363636	4.3376890711703475e-16
0.37373737373737376	1.689964904236595e-16
0.38383838383838387	6.626485748705226e-17
0.3939393939393939	2.6404879253245406e-17
0.40404040404040403	1.0939128770865286e-17
0.41414141414141414	4.938375778239536e-18
0.4242424242424242	2.610064482023445e-18
0.43434343434343436	1.7066724241135936e-18
0.4444444444444445	1.3561561339073952e-18
0.45454545454545453	1.220163249084479e-18
0.46464646464646464	1.1674204289212676e-18
0.47474747474747475	1.147015316835104e-18
0.4848484848484848	1.1392509865977336e-18
0.4949494949494949	1.136632583935935e-18
0.5050505050505051	1.1366325839359348e-18
0.5151515151515151	1.1392509865977334e-18
0.5252525252525253	1.1470153168351028e-18
0.5353535353535354	1.1674204289212651e-18
0.5454545454545454	1.2201632490844717e-18
0.5555555555555556	1.3561561339073778e-18
0.5656565656565656	1.7066724241135449e-18
0.5757575757575758	2.6100644820233187e-18
0.5858585858585859	4.9383757782391856e-18
0.5959595959595959	1.0939128770864448e-17
0.6060606060606061	2.6404879253243252e-17
0.6161616161616161	6.626485748704669e-17
0.6262626262626263	1.689964904236452e-16
0.6363636363636364	4.3376890711699476e-16
0.6464646464646465	1.116175388205636e-15
0.6565656565656565	2.874973457809381e-15
0.6666666666666666	7.408039130098906e-15
0.6767676767676768	1.9091519428577526e-14
0.6868686868686869	4.9204791334660175e-14
0.696969696969697	1.2682072204634644e-13
0.7070707070707071	3.26877490867773e-13
0.7171717171717172	8.425429417363563e-13
0.7272727272727272	2.1717697461186517e-12
0.7373737373737373	5.598275661295915e-12
0.7474747474747475	1.4431756442267687e-11
0.7575757575757576	3.7206261739117704e-11
0.7676767676767677	9.593006265551867e-11
0.7777777777777778	2.473707075783448e-10
0.7878787878787878	6.379897704782585e-10
0.7979797979797979	1.6457861117885566e-9
0.8080808080808081	4.246748546476168e-9
0.8181818181818182	1.0962294065227253e-8
0.8282828282828283	2.8311192605092114e-8
0.8383838383838385	7.316311212371026e-8
0.8484848484848484	1.892295980873552e-7
0.8585858585858586	4.899601626025074e-7
0.8686868686868687	1.2704386584830542e-6
0.8787878787878788	3.300348161951225e-6
0.888888888888889	8.594712902267756e-6
0.898989898989899	2.2454476391797337e-5
0.9090909090909091	5.891458166407684e-5
0.9191919191919191	0.0001554549250143499
0.9292929292929293	0.0004133467112979644
0.9393939393939394	0.001110794414391993
0.9494949494949495	0.0030308840458199027
0.9595959595959597	0.008461908568173599
0.9696969696969696	0.02450054818624493
0.9797979797979798	0.07531851787346172
0.9898989898989898	0.25525523524887067
1.0	0.9999999999999322
