0.0	0.9999999999999988
0.0101010101010101	0.8591702269232233
0.0202020202020202	0.7528767506066716
0.030303030303030304	0.6708529030513497
0.0404040404040404	0.6061890826656928
0.05050505050505051	0.5541604236966219
0.06060606060606061	0.5114878343194086
0.0707070707070707	0.47586332267649123
0.0808080808080808	0.44564003008318975
0.09090909090909091	0.41962687225550166
0.10101010101010102	0.39695072057168374
0.11111111111111112	0.3769628208146394
0.12121212121212122	0.35917455555188377
0.13131313131313133	0.3432128925149695
0.1414141414141414	0.32878917714652867
0.15151515151515152	0.3156770580462159
0.1616161616161616	0.3036967205432031
0.1717171717171717	0.2927035160422232
0.18181818181818182	0.28257968123787985
0.1919191919191919	0.27322824802688395
0.20202020202020204	0.26456852002355286
0.2121212121212121	0.25653267908597926
0.22222222222222224	0.24906321403626494
0.23232323232323232	0.24211095285346998
0.24242424242424243	0.23563354170775855
0.2525252525252525	0.22959425778723067
0.26262626262626265	0.2239610736827213
0.2727272727272727	0.2187059130397454
0.2828282828282828	0.21380405292787008
0.29292929292929293	0.20923363975187118
0.30303030303030304	0.20497529380763868
0.31313131313131315	0.20101178365530853
0.3232323232323232	0.19732775596425872
0.33333333333333337	0.19390950981839655
0.3434343434343434	0.19074480696755258
0.35353535353535354	0.18782271139487053
0.36363636363636365	0.18513345300153936
0.37373737373737376	0.18266831130541766
0.3838383838383838	0.18041951589405933
0.3939393939393939	0.178380161027622
0.4040404040404041	0.17654413229929886
0.4141414141414141	0.1749060436644409
0.4242424242424242	0.17346118347015532
0.43434343434343436	0.17220546837411824
0.4444444444444445	0.1711354042493543
0.4545454545454546	0.17024805334192114
0.46464646464646464	0.16954100708948902
0.47474747474747475	0.16901236412734588
0.48484848484848486	0.1686607131097055
0.494949494949495	0.16848512006249092
0.505050505050505	0.16848512006249092
0.5151515151515151	0.16866071310970546
0.5252525252525253	0.16901236412734585
0.5353535353535354	0.16954100708948902
0.5454545454545454	0.1702480533419212
0.5555555555555556	0.17113540424935442
0.5656565656565656	0.17220546837411826
0.5757575757575758	0.17346118347015538
0.5858585858585859	0.17490604366444087
0.5959595959595959	0.17654413229929888
0.6060606060606061	0.17838016102762203
0.6161616161616161	0.18041951589405936
0.6262626262626263	0.18266831130541772
0.6363636363636364	0.1851334530015394
0.6464646464646464	0.1878227113948706
0.6565656565656566	0.19074480696755264
0.6666666666666667	0.19390950981839658
0.6767676767676767	0.19732775596425872
0.6868686868686869	0.20101178365530858
0.696969696969697	0.20497529380763863
0.7070707070707071	0.20923363975187126
0.7171717171717172	0.2138040529278701
0.7272727272727273	0.21870591303974546
0.7373737373737373	0.22396107368272136
0.7474747474747475	0.22959425778723072
0.7575757575757576	0.2356335417077586
0.7676767676767676	0.24211095285346998
0.7777777777777778	0.24906321403626483
0.7878787878787878	0.25653267908597915
0.797979797979798	0.2645685200235531
0.8080808080808082	0.27322824802688406
0.8181818181818181	0.28257968123787996
0.8282828282828282	0.29270351604222333
0.8383838383838385	0.3036967205432033
0.8484848484848484	0.315677058046216
0.8585858585858587	0.3287891771465289
0.8686868686868687	0.3432128925149697
0.8787878787878787	0.35917455555188393
0.888888888888889	0.37696282081463994
0.898989898989899	0.3969507205716841
0.9090909090909092	0.41962687225550227
0.9191919191919192	0.4456400300831904
0.9292929292929293	0.47586332267649156
0.9393939393939394	0.5114878343194094
0.9494949494949495	0.5541604236966222
0.9595959595959596	0.6061890826656935
0.9696969696969697	0.6708529030513515
0.9797979797979798	0.7528767506066729
0.98989898989899	0.859170226923227
1.0	1.0000000000000016
