0.0	0.9999999999999919
0.0101010101010101	0.30315097663500723
0.0202020202020202	0.09373598851357602
0.030303030303030304	0.029530146537528223
0.0404040404040404	0.009464286852956324
0.05050505050505051	0.0030804706495171207
0.06060606060606061	0.0010163791039438795
0.0707070707070707	0.00033932817148380005
0.0808080808080808	0.00011443997362992875
0.09090909090909091	3.892887329124673e-5
0.10101010101010102	1.3339160905195029e-5
0.11111111111111112	4.598939373981406e-6
0.12121212121212122	1.5938479951685816e-6
0.13131313131313133	5.548205264187846e-7
0.1414141414141414	1.9386077645238825e-7
0.15151515151515152	6.79554231474097e-8
0.1616161616161616	2.388696055248959e-8
0.1717171717171717	8.41665578696335e-9
0.18181818181818182	2.971848239310272e-9
0.1919191919191919	1.0512610581036383e-9
0.20202020202020204	3.72475519507465e-10
0.2121212121212121	1.3216268887680883e-10
0.22222222222222224	4.6954420045410486e-11
0.23232323232323232	1.6701007766255976e-11
0.24242424242424243	5.946445294291298e-12
0.2525252525252525	2.119225650796664e-12
0.26262626262626265	7.558991863569744e-13
0.2727272727272727	2.698260405194735e-13
0.2828282828282828	9.638453897459277e-14
0.29292929292929293	3.4451480595449723e-14
0.30303030303030304	1.2321445549001649e-14
0.31313131313131315	4.409073494903337e-15
0.3232323232323232	1.5785038765646267e-15
0.33333333333333337	5.653783340411663e-16
0.3434343434343434	2.025872103365148e-16
0.35353535353535354	7.261892538365689e-17
0.36363636363636365	2.6039904302856922e-17
0.37373737373737376	9.340469182193993e-18
0.3838383838383838	3.3514035550728765e-18
0.3939393939393939	1.2028275999809273e-18
0.4040404040404041	4.318067184179797e-19
0.4141414141414141	1.5505159633842352e-19
0.4242424242424242	5.568729818438242e-20
0.43434343434343436	2.0004254778306934e-20
0.4444444444444445	7.18740321508289e-21
0.4545454545454546	2.583019768646691e-21
0.46464646464646464	9.2898053043834e-22
0.47474747474747475	3.356754006231694e-22
0.48484848484848486	1.2553317965589677e-22
0.494949494949495	5.863893930348673e-23
0.505050505050505	5.863893930348672e-23
0.5151515151515151	1.2553317965589677e-22
0.5252525252525253	3.356754006231694e-22
0.5353535353535354	9.289805304383402e-22
0.5454545454545454	2.583019768646691e-21
0.5555555555555556	7.18740321508289e-21
0.5656565656565656	2.000425477830693e-20
0.5757575757575758	5.568729818438243e-20
0.5858585858585859	1.5505159633842352e-19
0.5959595959595959	4.318067184179797e-19
0.6060606060606061	1.2028275999809273e-18
0.6161616161616161	3.3514035550728765e-18
0.6262626262626263	9.340469182193994e-18
0.6363636363636364	2.6039904302856743e-17
0.6464646464646464	7.261892538365691e-17
0.6565656565656566	2.0258721033651617e-16
0.6666666666666667	5.65378334041174e-16
0.6767676767676767	1.5785038765646261e-15
0.6868686868686869	4.4090734949033486e-15
0.696969696969697	1.2321445549001725e-14
0.7070707070707071	3.4451480595449755e-14
0.7171717171717172	9.638453897459287e-14
0.7272727272727273	2.6982604051947077e-13
0.7373737373737373	7.558991863569719e-13
0.7474747474747475	2.1192256507966565e-12
0.7575757575757576	5.946445294291317e-12
0.7676767676767676	1.6701007766255873e-11
0.7777777777777778	4.6954420045410357e-11
0.7878787878787878	1.321626888768089e-10
0.797979797979798	3.7247551950746765e-10
0.8080808080808082	1.051261058103646e-9
0.8181818181818181	2.9718482393102594e-9
0.8282828282828282	8.41665578696327e-9
0.8383838383838385	2.38869605524897e-8
0.8484848484848484	6.795542314740944e-8
0.8585858585858587	1.9386077645238886e-7
0.8686868686868687	5.548205264187864e-7
0.8787878787878787	1.5938479951685687e-6
0.888888888888889	4.5989393739814026e-6
0.898989898989899	1.3339160905195068e-5
0.9090909090909092	3.8928873291246924e-5
0.9191919191919192	0.00011443997362992876
0.9292929292929293	0.0003393281714837987
0.9393939393939394	0.001016379103943884
0.9494949494949495	0.0030804706495171042
0.9595959595959596	0.009464286852956283
0.9696969696969697	0.029530146537528237
0.9797979797979798	0.09373598851357552
0.98989898989899	0.303150976635009
1.0	0.9999999999999918
