0.0	0.9999999999999823
0.0101010101010101	0.8895650886745015
0.0202020202020202	0.8074923102527881
0.030303030303030304	0.7451964698262229
0.0404040404040404	0.6969251468559423
0.05050505050505051	0.6587654722109079
0.06060606060606061	0.6280174538223142
0.0707070707070707	0.6027921059800513
0.0808080808080808	0.5817498991335409
0.09090909090909091	0.5639282140194828
0.10101010101010102	0.5486260812607116
0.11111111111111112	0.535326285280128
0.12121212121212122	0.5236421377105932
0.13131313131313133	0.5132807227756758
0.1414141414141414	0.5040172569827055
0.15151515151515152	0.49567702262493446
0.1616161616161616	0.4881225114273573
0.1717171717171717	0.48124418524461754
0.18181818181818182	0.4749537703924856
0.1919191919191919	0.4691793424612648
0.20202020202020204	0.4638616876155493
0.2121212121212121	0.4589515819866862
0.22222222222222224	0.4544077372552524
0.23232323232323232	0.45019523395656696
0.24242424242424243	0.44628431506039445
0.2525252525252525	0.4426494480800443
0.26262626262626265	0.4392685891354164
0.2727272727272727	0.4361226002668171
0.2828282828282828	0.43319478408055356
0.29292929292929293	0.43047050901945355
0.30303030303030304	0.427936905239262
0.31313131313131315	0.4255826159636362
0.3232323232323232	0.42339759279574285
0.33333333333333337	0.42137292614198274
0.3434343434343434	0.4195007039069066
0.35353535353535354	0.4177738931294546
0.36363636363636365	0.4161862403787483
0.37373737373737376	0.41473218760674463
0.3838383838383838	0.41340680083341946
0.3939393939393939	0.41220570956735636
0.4040404040404041	0.41112505527773824
0.4141414141414141	0.41016144755977263
0.4242424242424242	0.4093119268950581
0.43434343434343436	0.40857393311660806
0.4444444444444445	0.4079452788567766
0.4545454545454546	0.4074241273941061
0.46464646464646464	0.4070089744290835
0.47474747474747475	0.40669863341418727
0.48484848484848486	0.40649222414481645
0.494949494949495	0.4063891643879879
0.505050505050505	0.4063891643879884
0.5151515151515151	0.4064922241448163
0.5252525252525253	0.40669863341418727
0.5353535353535354	0.4070089744290835
0.5454545454545454	0.4074241273941067
0.5555555555555556	0.4079452788567768
0.5656565656565656	0.40857393311660795
0.5757575757575758	0.40931192689505835
0.5858585858585859	0.41016144755977263
0.5959595959595959	0.41112505527773874
0.6060606060606061	0.41220570956735686
0.6161616161616161	0.41340680083342063
0.6262626262626263	0.41473218760674546
0.6363636363636364	0.4161862403787483
0.6464646464646464	0.41777389312945484
0.6565656565656566	0.41950070390690725
0.6666666666666667	0.42137292614198346
0.6767676767676767	0.4233975927957436
0.6868686868686869	0.42558261596363695
0.696969696969697	0.4279369052392626
0.7070707070707071	0.4304705090194542
0.7171717171717172	0.4331947840805544
0.7272727272727273	0.43612260026681776
0.7373737373737373	0.439268589135417
0.7474747474747475	0.44264944808004464
0.7575757575757576	0.4462843150603957
0.7676767676767676	0.45019523395656735
0.7777777777777778	0.454407737255253
0.7878787878787878	0.45895158198668706
0.797979797979798	0.46386168761555024
0.8080808080808082	0.46917934246126564
0.8181818181818181	0.47495377039248654
0.8282828282828282	0.48124418524461815
0.8383838383838385	0.4881225114273588
0.8484848484848484	0.4956770226249356
0.8585858585858587	0.5040172569827064
0.8686868686868687	0.5132807227756765
0.8787878787878787	0.5236421377105941
0.888888888888889	0.5353262852801294
0.898989898989899	0.548626081260713
0.9090909090909092	0.5639282140194845
0.9191919191919192	0.5817498991335421
0.9292929292929293	0.6027921059800526
0.9393939393939394	0.6280174538223157
0.9494949494949495	0.6587654722109091
0.9595959595959596	0.6969251468559435
0.9696969696969697	0.7451964698262248
0.9797979797979798	0.8074923102527888
0.98989898989899	0.8895650886745025
1.0	0.999999999999984
