0.6283185307179586	-0.8718075272874759	3.031713364098681e-16
1.2566370614359172	-0.6270035440209973	2.4590589273728866e-16
1.8849555921538759	-0.45564389080074597	4.493675916501157e-16
2.5132741228718345	-0.3434788441046306	4.104889550443428e-16
3.141592653589793	-0.26726994507184915	3.281112638742375e-16
3.7699111843077517	-0.21321194927338472	3.0716302404747707e-16
4.39822971502571	-0.17350254081151079	3.627770129730332e-16
5.026548245743669	-0.14352489253664596	4.074156483040959e-16
5.654866776461628	-0.1203932017236643	2.6940410917449355e-16
6.283185307179586	-0.10221726506043409	2.6877780970188384e-16
6.911503837897544	-0.0877122075176862	4.497866358427163e-16
7.5398223686155035	-0.0759786892002311	1.9198185644951308e-16
8.168140899333462	-0.06637218500529943	4.03589793053681e-16
8.79645943005142	-0.05842162518986713	1.8500330987244207e-16
9.42477796076938	-0.05177687085665044	2.5992827652008175e-16
10.053096491487338	-0.04617379334349182	2.472538121126202e-16
10.681415022205297	-0.04141049341961276	3.484572516266337e-16
11.309733552923255	-0.037330777943371925	1.2806876475859262e-16
11.938052083641214	-0.03381247920365986	9.752838480507937e-17
12.566370614359172	-0.030759071307233155	2.4609856153556346e-16
