0.6283185307179586	1.544268583774626e-16	-12.297431348757973
1.2566370614359172	2.092011089995175e-16	-6.175068192317125
1.8849555921538759	1.6947385665832453e-16	-4.130890023477679
2.5132741228718345	9.085566453564176e-17	-3.10639499546524
3.141592653589793	1.0986945919598933e-16	-2.4901589582481205
3.7699111843077517	1.0176909138419141e-16	-2.078362954017685
4.39822971502571	8.189916302707462e-17	-1.7835991174442392
5.026548245743669	6.670599570759805e-17	-1.5621175019836637
5.654866776461628	4.9478343527226624e-17	-1.3895806215261635
6.283185307179586	3.656475875489347e-17	-1.2513645558337365
6.911503837897544	3.890933565483375e-17	-1.1381489315327287
7.5398223686155035	2.590479571653405e-17	-1.0437106911578604
8.168140899333462	3.070575479151327e-17	-0.9637352226231003
8.79645943005142	3.4492838006301494e-17	-0.8951363777295609
9.42477796076938	2.1647618159880864e-17	-0.8356480580109863
10.053096491487338	2.1793505104892643e-17	-0.7835686708364827
10.681415022205297	1.634337035061744e-17	-0.7375955870631532
11.309733552923255	1.2847638914637007e-17	-0.6967146520334949
11.938052083641214	2.024936245369209e-17	-0.6601245020958462
12.566370614359172	8.924495405840144e-18	-0.6271835280529315
