0.3141592653589793	2.2208938467548943e-16	-49.322524676942336
0.6283185307179586	2.1572291727533384e-16	-24.67977314177939
0.9424777960769379	1.1551403000253968e-16	-16.46835842253521
1.2566370614359172	1.3453744082130405e-16	-12.362758676292666
1.5707963267948966	5.686116127811164e-17	-9.89876964231481
1.8849555921538759	1.2330231650454101e-16	-8.255397469495227
2.199114857512855	1.1576096402526227e-16	-7.0809354704332685
2.5132741228718345	4.225344919684307e-17	-6.199579054534315
2.827433388230814	2.825886576391816e-17	-5.513672733466903
3.141592653589793	4.447954016049601e-17	-4.964624830013603
3.455751918948772	6.058132599992117e-17	-4.51514739358551
3.7699111843077517	4.8113834122346526e-17	-4.140378434301142
4.084070449666731	5.227330171603041e-17	-3.8231024730554406
4.39822971502571	4.122246857257395e-17	-3.551019770926891
4.71238898038469	3.09189352238123e-17	-3.3151079927562
5.026548245743669	3.17385985885889e-17	-3.1085982831629626
5.340707511102648	2.753627952283623e-17	-2.9263127266432174
5.654866776461628	3.03023877295117e-17	-2.7642226387144957
5.969026041820607	2.61170571700591e-17	-2.6191463236385633
6.283185307179586	5.3348655252923107e-17	-2.488537483986655
