0.0	0.9999999999999928
0.025	0.9693823071442096
0.05	0.9410400598266925
0.075	0.9147693332330828
0.1	0.8903864801531614
0.125	0.8677259432767515
0.15	0.8466383216490677
0.175	0.8269886596207066
0.2	0.808654930839221
0.22499999999999998	0.7915266934457075
0.25	0.7755038957512157
0.275	0.760495814346914
0.3	0.746420108913457
0.325	0.7332019799918471
0.35	0.7207734177049364
0.375	0.7090725309154651
0.4	0.6980429476039938
0.42499999999999993	0.6876332783779436
0.44999999999999996	0.6777966360033849
0.475	0.668490204705522
0.5	0.6596748537285684
0.525	0.6513147902963649
0.55	0.6433772476835874
0.575	0.6358322046055025
0.6	0.6286521325704347
0.625	0.6218117682221791
0.65	0.6152879080359985
0.675	0.6090592230278987
0.7	0.6031060913973774
0.725	0.5974104472537793
0.75	0.5919556437791391
0.775	0.5867263293595404
0.8	0.5817083353756186
0.825	0.5768885744830947
0.8499999999999999	0.5722549483386384
0.875	0.5677962638367114
0.8999999999999999	0.5635021570210123
0.925	0.5593630239212836
0.95	0.5553699576437442
0.9750000000000001	0.5515146911123887
1.0	0.5477895449199477
1.025	0.5441873798021809
1.05	0.5407015532981689
1.075	0.5373258802030161
1.1	0.5340545964586073
1.125	0.5308823261630218
1.15	0.5278040514106603
1.175	0.5248150847032361
1.2	0.5219110436970428
1.225	0.519087828074541
1.25	0.5163415983486781
1.275	0.5136687564266308
1.3	0.511065927776121
1.3250000000000002	0.5085299450522687
1.35	0.5060578330562499
1.375	0.5036467949091047
1.4	0.5012941993348355
1.4250000000000003	0.4989975689566983
1.45	0.496754569519483
1.475	0.4945629999585003
1.5	0.4924207832431943
1.525	0.49032595792987976
1.55	0.4882766703639334
1.575	0.48627116747711785
1.6	0.48430779013063385
1.625	0.4823849669587201
1.65	0.48050120867177454
1.675	0.4786551027814611
1.6999999999999997	0.4768453087135249
1.725	0.4750705532771072
1.75	0.4733296264619623
1.775	0.47162137753748573
1.7999999999999998	0.4699447114296248
1.825	0.4682985853538824
1.85	0.46668200568434764
1.875	0.4650940250404665
1.9	0.4635337395747425
1.925	0.4620002864459852
1.9500000000000002	0.4604928414639603
1.975	0.4590106168925183
2.0	0.4575528593992625
2.025	0.45611884814084586
2.05	0.45470789297386294
2.075	0.4533193327820628
2.1	0.45195253391140805
2.125	0.45060688870515614
2.15	0.4492818141317575
2.175	0.44797675049891267
2.2	0.4466911602476995
2.225	0.4454245268211072
2.25	0.4441763536017775
2.275	0.44294616291413685
2.3	0.4417334950864888
2.325	0.4405379075689515
2.35	0.4393589741034733
2.375	0.4381962839423526
2.4	0.43704944111210053
2.425	0.4359180637195673
2.45	0.4348017832975691
2.475	0.43370024418743747
2.5	0.4326131029560992
2.525	0.43154002784542317
2.55	0.4304806982518352
2.575	0.4294348042342216
2.6	0.4284020460483774
2.625	0.42738213370632866
2.6500000000000004	0.426374786558981
2.675	0.425379732900691
2.7	0.42439670959436115
2.725	0.4234254617159037
2.75	0.42246574221682026
2.7749999999999995	0.4215173116038866
2.8	0.4205799376348952
2.825	0.4196533950295217
2.8500000000000005	0.4187374651944373
2.875	0.41783193596185697
2.9	0.41693660134071525
2.925	0.4160512612798048
2.95	0.41517572144216325
2.9749999999999996	0.41430979299008686
3.0	0.4134532923801985
3.025	0.4126060411680018
3.05	0.41176786582139496
3.075	0.41093859754267215
3.1	0.4101180720985752
3.125	0.409306129657901
3.15	0.4085026146363426
3.175	0.4077073755481284
3.2	0.40692026486413996
3.225	0.40614113887612846
3.25	0.4053698575667844
3.2750000000000004	0.4046062844852909
3.3	0.4038502866281314
3.325	0.40310173432486746
3.35	0.4023605011286473
3.375	0.4016264637112057
3.3999999999999995	0.4008995017621345
3.425	0.40017949789222346
3.45	0.39946633754067157
3.4750000000000005	0.39875990888596535
3.5	0.39806010276029485
3.525	0.3973668125672843
3.55	0.3966799342029195
3.575	0.39599936597951685
3.5999999999999996	0.39532500855258296
3.625	0.3946567648504428
3.65	0.39399454000650225
3.675	0.3933382412940364
3.7	0.39268777806337857
3.725	0.39204306168141195
3.75	0.3914040054732609
3.775	0.3907705246660815
3.8	0.3901425363348588
3.825	0.38951995935013833
3.85	0.38890271432758516
3.875	0.3882907235793194
3.9000000000000004	0.3876839110669259
3.925	0.38708220235609286
3.95	0.3864855245727946
3.975	0.3858938063609594
4.0	0.38530697784156714
4.025	0.38472497057310984
4.05	0.3841477175133661
4.075	0.3835751529824325
4.1	0.38300721262696263
4.125	0.38244383338557403
4.15	0.38188495345536216
4.175	0.3813305122594869
4.2	0.3807804504158008
4.225	0.3802347097064468
4.25	0.37969323304843144
4.275	0.3791559644650994
4.3	0.3786228490584938
4.325	0.378093832982571
4.35	0.3775688634172223
4.375	0.37704788854309673
4.4	0.37653085751716975
4.425	0.37601772044905163
4.45	0.375508428377993
4.475	0.3750029332505827
4.5	0.3745011878990771
4.525	0.3740031460203916
4.55	0.3735087621556769
4.575	0.3730179916704969
4.6	0.3725307907355676
4.625	0.37204711630805204
4.65	0.371566926113377
4.675	0.3710901786275683
4.7	0.3706168330600727
4.725	0.3701468493370657
4.75	0.3696801880852159
4.775	0.36921681061589817
4.8	0.3687566789098386
4.825	0.36829975560217393
4.85	0.36784600396792216
4.875	0.3673953879078362
4.9	0.3669478719346435
4.925	0.366503421159644
4.95	0.36606200127967237
4.975	0.365623578564396
5.0	0.36518811984395205
5.025	0.36475559249689804
5.05	0.3643259644384892
5.075000000000001	0.3638992041092456
5.1	0.3634752804638196
5.125	0.36305416296014537
5.15	0.36263582154886753
5.175	0.3622202266630352
5.2	0.3618073492080556
5.225	0.36139716055190485
5.25	0.36098963251557364
5.275	0.36058473736376073
5.300000000000001	0.3601824477957912
5.324999999999999	0.3597827369367605
5.35	0.35938557832889334
5.375	0.35899094592311864
5.4	0.35859881407084243
5.425	0.3582091575159314
5.45	0.35782195138687395
5.475	0.35743717118914614
5.5	0.3570547927977462
5.525	0.35667479244991945
5.549999999999999	0.35629714673804447
5.575	0.3559218326026951
5.6	0.35554882732586757
5.625	0.35517810852435305
5.65	0.35480965414328414
5.675	0.3544434424498171
5.700000000000001	0.3540794520269643
5.725	0.35371766176757485
5.75	0.35335805086844524
5.775	0.35300059882457
5.8	0.35264528542352463
5.825	0.35229209073997125
5.85	0.3519409951302949
5.875	0.35159197922735475
5.9	0.3512450239353621
5.925000000000001	0.3509001104248643
5.949999999999999	0.35055722012784435
5.975	0.35021633473293334
6.0	0.34987743618072265
6.025	0.34954050665918485
6.05	0.3492055285991927
6.075	0.3488724846701419
6.1	0.34854135777565903
6.125	0.348212131049415
6.15	0.34788478785102145
6.174999999999999	0.34755931176202226
6.2	0.3472356865819659
6.225	0.3469138963245656
6.25	0.34659392521394355
6.275	0.34627575768095015
6.3	0.3459593783595683
6.325000000000001	0.34564477208338823
6.35	0.34533192388216283
6.375	0.3450208189784292
6.4	0.34471144278420823
6.425	0.34440378089777013
6.45	0.3440978191004651
6.475	0.3437935433536236
6.5	0.34349093979552486
6.525	0.34318999473841494
6.550000000000001	0.34289069466560584
6.574999999999999	0.3425930262286151
6.6	0.3422969762443778
6.625	0.34200253169250877
6.65	0.3417096797126254
6.675	0.3414184076017183
6.7	0.3411287028115821
6.725	0.34084055294629595
6.75	0.34055394575975295
6.775	0.34026886915323956
6.799999999999999	0.33998531117306974
6.825	0.3397032600082566
6.85	0.33942270398823626
6.875	0.3391436315806378
6.9	0.3388660313890936
6.925	0.3385898921510955
6.950000000000001	0.3383152027358939
6.975	0.33804195214243304
7.0	0.3377701294973363
7.025	0.3374997240529187
7.05	0.33723072518524855
7.075	0.3369631223922406
7.1	0.3366969052917887
7.125	0.33643206361993305
7.15	0.3361685872290628
7.175000000000001	0.3359064660861569
7.199999999999999	0.33564569027104824
7.225	0.3353862499747373
7.25	0.33512813549771975
7.275	0.3348713372483589
7.3	0.3346158457412837
7.325	0.3343616515958166
7.35	0.33410874553443204
7.375	0.3338571183812425
7.4	0.3336067610605167
7.424999999999999	0.3333576645952201
7.45	0.3331098201055837
7.475	0.33286321880770176
7.5	0.33261785201215527
7.525	0.3323737111226553
7.55	0.33213078763471876
7.575000000000001	0.3318890731343636
7.6	0.3316485592968271
7.625	0.3314092378853114
7.65	0.33117110074974754
7.675	0.33093413982558584
7.7	0.3306983471326028
7.725	0.33046371477373515
7.75	0.33023023493392845
7.775	0.32999789987901296
7.800000000000001	0.32976670195459473
7.824999999999999	0.3295366335849662
7.85	0.32930768727203963
7.875	0.32907985559429453
7.9	0.32885313120574816
7.925	0.32862750683493946
7.95	0.32840297528393597
7.975	0.32817952942735074
8.0	0.327957162211385
8.025	0.327735866652878
8.05	0.3275156358383821
8.075	0.32729646292324593
8.1	0.32707834113071915
8.125	0.3268612637510682
8.15	0.32664522414070934
8.175	0.3264302157213557
8.2	0.32621623197917865
8.225	0.32600326646398375
8.25	0.3257913127883976
8.275	0.3255803646270737
8.3	0.3253704157159058
8.325	0.32516145985125927
8.35	0.32495349088920894
8.375	0.3247465027447973
8.4	0.3245404893912981
8.425	0.3243354448594936
8.45	0.3241313632369691
8.475	0.323928238667409
8.5	0.32372606534991144
8.525	0.3235248375383142
8.55	0.3233245495405245
8.575	0.3231251957178696
8.6	0.32292677048444796
8.625	0.3227292683064985
8.65	0.3225326837017724
8.675	0.3223370112389228
8.7	0.32214224553689863
8.725	0.32194838126434755
8.75	0.32175541313903255
8.775	0.32156333592725317
8.8	0.3213721444432794
8.825	0.3211818335487908
8.85	0.32099239815232616
8.875	0.3208038332087418
8.9	0.32061613371867764
8.925	0.32042929472803017
8.95	0.32024331132743594
8.975	0.3200581786517621
9.0	0.3198738918796023
9.025	0.3196904462327805
9.05	0.31950783697586754
9.075	0.31932605941569825
9.1	0.31914510890089876
9.125	0.3189649808214197
9.15	0.31878567060807866
9.175	0.3186071737321043
9.2	0.3184294857046956
9.225	0.3182526020765761
9.25	0.318076518437566
9.275	0.3179012304161534
9.3	0.31772673367907056
9.325	0.31755302393088614
9.35	0.3173800969135892
9.375	0.3172079484061913
9.4	0.317036574224324
9.425	0.31686597021985485
9.45	0.3166961322804933
9.475	0.316527056329415
9.5	0.3163587383248849
9.525	0.31619117425988624
9.55	0.3160243601617573
9.575	0.31585829209182936
9.6	0.3156929661450731
9.625	0.31552837844974796
9.65	0.3153645251670562
9.675	0.3152014024908035
9.7	0.31503900664706047
9.725	0.3148773338938351
9.75	0.31471638052074147
9.775	0.31455614284867855
9.8	0.31439661722951256
9.825	0.3142378000457633
9.85	0.31407968771029116
9.875	0.3139222766659944
9.9	0.3137655633855075
9.925	0.3136095443708986
9.95	0.313454216153381
9.975	0.3132995752930204
10.0	0.3131456183784481
10.024999999999999	0.3129923420265813
10.05	0.3128397428823385
10.075	0.3126878176183698
10.1	0.31253656293478105
10.125	0.31238597555886716
10.150000000000002	0.3122360522448462
10.175	0.31208678977359916
10.2	0.31193818495240966
10.225	0.3117902346147082
10.25	0.31164293561982437
10.275	0.3114962848527332
10.3	0.3113502792238111
10.325	0.3112049156685945
10.35	0.3110601911475381
10.375	0.310916102645779
10.4	0.31077264717290387
10.425	0.31062982176271636
10.45	0.3104876234730092
10.474999999999998	0.31034604938533894
10.5	0.3102050966048052
10.525	0.31006476225982527
10.55	0.3099250435019236
10.575	0.30978593750551253
10.600000000000001	0.30964744146768086
10.625	0.30950955260798485
10.649999999999999	0.3093722681682411
10.675	0.3092355854123211
10.7	0.30909950162594824
10.725	0.30896401411650043
10.75	0.30882912021280995
10.775000000000002	0.30869481726496895
10.8	0.30856110264413633
10.825	0.3084279737423468
10.85	0.3082954279723225
10.875	0.3081634627672861
10.9	0.30803207558077744
10.925	0.3079012638864694
10.95	0.30777102517799
10.975	0.30764135696874323
11.0	0.3075122567917318
11.025	0.3073837221993846
11.05	0.3072557507633851
11.075	0.3071283400744987
11.099999999999998	0.3070014877424058
11.125	0.30687519139553665
11.15	0.30674944868090426
11.175	0.3066242572639428
11.2	0.30649961482834626
11.225000000000001	0.306375519075911
11.25	0.30625196772637525
11.274999999999999	0.3061289585172646
11.3	0.30600648920373974
11.325	0.3058845575584419
11.35	0.30576316137134196
11.375	0.305642298449593
11.400000000000002	0.30552196661738196
11.425	0.30540216371578277
11.45	0.3052828876026137
11.475	0.30516413615229376
11.5	0.3050459072557002
11.525	0.3049281988200318
11.55	0.3048110087686666
11.575	0.30469433504102916
11.6	0.304578175592451
11.625	0.3044625283940397
11.65	0.3043473914325455
11.675	0.30423276271022887
11.7	0.3041186402447334
11.724999999999998	0.30400502206895325
11.75	0.30389190623090945
11.775	0.3037792907936236
11.8	0.3036671738349914
11.825	0.30355555344766033
11.850000000000001	0.3034444277389095
11.875	0.3033337948305255
11.899999999999999	0.303223652858686
11.925	0.3031139999738394
11.95	0.30300483434058784
11.975	0.3028961541375724
12.0	0.3027879575573584
12.025000000000002	0.30268024280632
12.05	0.30257300810452903
12.075	0.3024662516856446
12.1	0.30235997179679996
12.125	0.30225416669849703
12.15	0.30214883466449477
12.175	0.30204397398170535
12.2	0.3019395829500866
12.225	0.301835659882536
12.25	0.30173220310479065
12.275	0.30162921095532064
12.3	0.30152668178522835
12.325	0.3014246139581489
12.349999999999998	0.3013230058501493
12.375	0.3012218558496302
12.4	0.3011211623572259
12.425	0.3010209237857111
12.45	0.3009211385599013
12.475000000000001	0.30082180511656176
12.5	0.300722921904308
12.524999999999999	0.30062448738351727
12.55	0.30052650002623493
12.575	0.3004289583160814
12.6	0.30033186074816326
12.625	0.3002352058289833
12.650000000000002	0.3001389920763517
12.675	0.3000432180192976
12.7	0.2999478821979813
12.725	0.29985298316360964
12.75	0.29975851947834997
12.775	0.29966448971524384
12.8	0.2995708924581254
12.825	0.2994777263015369
12.85	0.29938498985064627
12.875	0.299292681721167
12.9	0.2992008005392754
12.925	0.2991093449415318
12.95	0.2990183135748013
12.974999999999998	0.29892770509617383
13.0	0.2988375181728885
13.025	0.2987477514822549
13.05	0.2986584037115773
13.075	0.29856947355807917
13.100000000000001	0.2984809597288275
13.125	0.2983928609406586
13.149999999999999	0.2983051759201068
13.175	0.29821790340332677
13.2	0.2981310421360267
13.225	0.2980445908733931
13.25	0.2979585483800205
13.275000000000002	0.29787291342984246
13.3	0.29778768480606105
13.325	0.29770286130107754
13.35	0.297618441716425
13.375	0.29753442486269993
13.4	0.29745080955949493
13.425	0.29736759463533285
13.45	0.2972847789276003
13.475	0.2972023612824843
13.5	0.297120340554903
13.525	0.2970387156084467
13.55	0.29695748531531185
13.575	0.29687664855623763
13.599999999999998	0.2967962042204448
13.625	0.2967161512055738
13.65	0.2966364884176222
13.675	0.29655721477088526
13.7	0.29647832918789546
13.725000000000001	0.29639983059936287
13.75	0.29632171794411577
13.774999999999999	0.2962439901690423
13.8	0.2961666462290322
13.825	0.29608968508692013
13.85	0.2960131057134273
13.875	0.29593690708710685
13.900000000000002	0.295861088194285
13.925	0.29578564802900914
13.95	0.2957105855929904
13.975	0.2956358998955491
14.0	0.2955615899535627
14.025	0.29548765479140965
14.05	0.2954140934409189
14.075	0.29534090494131543
14.1	0.29526808833916895
14.125	0.2951956426883426
14.15	0.29512356704994025
14.175	0.29505186049225823
14.2	0.2949805220907333
14.224999999999998	0.2949095509278923
14.25	0.2948389460933047
14.275	0.2947687066835314
14.3	0.294698831802079
14.325	0.29462932055934876
14.350000000000001	0.29456017207259105
14.375	0.29449138546585746
14.399999999999999	0.29442295986995376
14.425	0.2943548944223924
14.45	0.29428718826734973
14.475	0.29421984055561756
14.5	0.29415285044455886
14.525000000000002	0.2940862170980633
14.55	0.2940199396865018
14.575	0.29395401738668403
14.6	0.2938884493818138
14.625	0.2938232348614465
14.65	0.29375837302144564
14.675	0.2936938630639405
14.7	0.2936297041972843
14.725	0.29356589563601243
14.75	0.2935024366008013
14.775	0.29343932631842745
14.8	0.29337656402172624
14.825	0.2933141489495517
14.849999999999998	0.29325208034673744
14.875	0.2931903574640577
14.9	0.2931289795581851
14.925	0.2930679458916556
14.95	0.29300725573282776
14.975000000000001	0.2929469083558443
15.0	0.2928869030405964
15.024999999999999	0.2928272390726841
15.05	0.29276791574338035
15.075	0.29270893234959394
15.1	0.2926502881938328
15.125	0.2925919825841682
15.150000000000002	0.2925340148341981
15.175	0.29247638426301326
15.2	0.2924190901951604
15.225	0.2923621319606084
15.25	0.2923055088947123
15.275	0.29224922033818174
15.3	0.2921932656370443
15.325	0.29213764414261234
15.35	0.2920823552114513
15.375	0.2920273982053456
15.4	0.29197277249126546
15.425	0.29191847744133465
15.45	0.29186451243279915
15.474999999999998	0.29181087684799367
15.5	0.2917575700743123
15.525	0.2917045915041756
15.55	0.2916519405349997
15.575	0.29159961656916594
15.600000000000001	0.29154761901399096
15.625	0.2914959472816952
15.649999999999999	0.2914446007893732
15.675	0.2913935789589663
15.7	0.29134288121723056
15.725	0.29129250699570775
15.75	0.2912424557306987
15.775000000000002	0.2911927268632326
15.8	0.29114331983903985
15.825	0.2910942341085238
15.85	0.2910454691267327
15.875	0.2909970243533326
15.9	0.29094889925257933
15.925	0.29090109329329267
15.95	0.2908536059488283
15.975	0.2908064366970533
16.0	0.2907595850203159
16.025	0.29071305040542483
16.05	0.2906668323436198
16.075	0.2906209303305458
16.1	0.29057534386623063
16.125	0.2905300724550572
16.15	0.29048511560574014
16.175	0.2904404728313003
16.2	0.29039614364904137
16.225	0.29035212758052537
16.25	0.29030842415154734
16.275	0.2902650328921146
16.3	0.2902219533364208
16.325	0.2901791850228243
16.35	0.29013672749382213
16.375	0.2900945802960337
16.4	0.29005274298017036
16.425	0.2900112151010188
16.45	0.2899699962174166
16.475	0.2899290858922302
16.5	0.289888483692334
16.525	0.2898481891885889
16.55	0.28980820195582085
16.575	0.2897685215727987
16.6	0.28972914762221585
16.625	0.289690079690667
16.65	0.2896513173686292
16.675	0.28961286025044214
16.7	0.28957470793428486
16.725	0.2895368600221618
16.75	0.28949931611987717
16.775	0.28946207583701905
16.8	0.28942513878693865
16.825	0.2893885045867333
16.85	0.28935217285722464
16.875	0.28931614322294247
16.9	0.2892804153121046
16.925	0.2892449887566
16.95	0.28920986319197034
16.975	0.2891750382573908
17.0	0.28914051359565524
17.025	0.2891062888531555
17.05	0.289072363679866
17.075	0.2890387377293267
17.1	0.2890054106586247
17.125	0.28897238212837895
17.15	0.28893965180272385
17.175	0.2889072193492905
17.2	0.2888750844391936
17.225	0.28884324674701284
17.25	0.2888117059507797
17.275	0.28878046173195865
17.3	0.2887495137754339
17.325	0.2887188617694936
17.35	0.28868850540581403
17.375	0.28865844437944493
17.4	0.2886286783887957
17.425	0.2885992071356188
17.45	0.2885700303249968
17.475	0.2885411476653274
17.5	0.2885125588683098
17.525	0.2884842636489305
17.55	0.2884562617254483
17.575	0.2884285528193831
17.6	0.2884011366555006
17.625	0.2883740129617991
17.65	0.28834718146949734
17.675	0.2883206419130201
17.7	0.2882943940299864
17.725	0.2882684375611974
17.75	0.28824277225062145
17.775	0.2882173978453849
17.8	0.28819231409575763
17.825	0.2881675207551407
17.85	0.28814301758005756
17.875	0.2881188043301387
17.9	0.28809488076811174
17.925	0.28807124665979056
17.95	0.28804790177406275
17.975	0.28802484588287924
18.0	0.28800207876124295
18.025	0.28797960018719915
18.05	0.28795740994182234
18.075	0.2879355078092078
18.1	0.28791389357646197
18.125	0.2878925670336887
18.15	0.2878715279739829
18.175	0.287850776193419
18.2	0.2878303114910406
18.225	0.2878101336688518
18.25	0.2877902425318079
18.275	0.2877706378878052
18.3	0.28775131954767136
18.325	0.28773228732515915
18.35	0.2877135410369341
18.375	0.28769508050256704
18.4	0.28767690554452663
18.425	0.2876590159881689
18.45	0.28764141166173035
18.475	0.28762409239631953
18.5	0.2876070580259078
18.525	0.28759030838732336
18.55	0.28757384332024166
18.575	0.28755766266717836
18.6	0.28754176627348293
18.625	0.28752615398732945
18.65	0.2875108256597101
18.675	0.28749578114442853
18.7	0.2874810202980929
18.725	0.28746654298010754
18.75	0.2874523490526685
18.775	0.2874384383807551
18.8	0.2874248108321246
18.825	0.2874114662773061
18.85	0.28739840458959237
18.875	0.28738562564503656
18.9	0.2873731293224445
18.925	0.2873609155033701
18.95	0.2873489840721079
18.975	0.28733733491569063
19.0	0.2873259679238795
19.025	0.2873148829891635
19.05	0.28730408000675145
19.075	0.2872935588745673
19.1	0.2872833194932465
19.125	0.2872733617661305
19.15	0.2872636855992621
19.175	0.2872542909013801
19.2	0.28724517758391777
19.225	0.28723634556099586
19.25	0.2872277947494188
19.275	0.28721952506867365
19.3	0.28721153644092096
19.325	0.28720382879099726
19.35	0.2871964020464066
19.375	0.28718925613731955
19.4	0.2871823909965687
19.425	0.2871758065596468
19.45	0.28716950276470304
19.475	0.2871634795525398
19.5	0.2871577368666094
19.525	0.28715227465301296
19.55	0.2871470928604969
19.575	0.2871421914404503
19.6	0.28713757034690324
19.625	0.2871332295365238
19.65	0.28712916896861695
19.675	0.2871253886051219
19.7	0.28712188841061087
19.725	0.2871186683522868
19.75	0.2871157283999821
19.775	0.28711306852615703
19.8	0.2871106887058997
19.825	0.28710858891692215
19.85	0.2871067691395619
19.875	0.2871052293567803
19.9	0.2871039695541605
19.925	0.2871029897199084
19.95	0.28710228984485137
19.975	0.2871018699224376
20.0	0.28710172994873673
20.025	0.2871018699224375
20.049999999999997	0.28710228984485137
20.075	0.2871029897199084
20.1	0.2871039695541607
20.125	0.2871052293567805
20.15	0.287106769139562
20.175	0.2871085889169222
20.2	0.28711068870589956
20.225	0.28711306852615703
20.25	0.2871157283999822
20.275	0.2871186683522867
20.300000000000004	0.2871218884106109
20.324999999999996	0.2871253886051219
20.35	0.28712916896861684
20.375	0.2871332295365238
20.4	0.2871375703469032
20.425	0.28714219144045017
20.45	0.2871470928604967
20.475	0.287152274653013
20.5	0.2871577368666094
20.525	0.28716347955253985
20.55	0.28716950276470304
20.575000000000003	0.28717580655964686
20.6	0.2871823909965687
20.625	0.2871892561373193
20.65	0.2871964020464067
20.674999999999997	0.2872038287909973
20.7	0.28721153644092096
20.725	0.2872195250686735
20.75	0.2872277947494189
20.775	0.2872363455609958
20.8	0.2872451775839176
20.825	0.28725429090138005
20.85	0.28726368559926213
20.875	0.2872733617661305
20.9	0.2872833194932466
20.925000000000004	0.28729355887456726
20.949999999999996	0.28730408000675145
20.975	0.28731488298916336
21.0	0.28732596792387954
21.025	0.2873373349156907
21.05	0.2873489840721079
21.075	0.2873609155033703
21.1	0.2873731293224446
21.125	0.2873856256450365
21.15	0.28739840458959237
21.175	0.2874114662773061
21.200000000000003	0.28742481083212457
21.225	0.287438438380755
21.25	0.28745234905266853
21.275	0.2874665429801076
21.299999999999997	0.28748102029809297
21.325	0.28749578114442864
21.35	0.2875108256597101
21.375	0.2875261539873294
21.4	0.28754176627348305
21.425	0.28755766266717847
21.45	0.28757384332024166
21.475	0.28759030838732336
21.5	0.28760705802590786
21.525	0.28762409239631953
21.550000000000004	0.2876414116617305
21.574999999999996	0.287659015988169
21.6	0.2876769055445266
21.625	0.28769508050256715
21.65	0.2877135410369342
21.675	0.28773228732515926
21.7	0.2877513195476714
21.725	0.2877706378878052
21.75	0.2877902425318078
21.775	0.28781013366885166
21.8	0.28783031149104055
21.825000000000003	0.28785077619341903
21.85	0.28787152797398285
21.875	0.2878925670336887
21.9	0.287913893576462
21.924999999999997	0.28793550780920785
21.95	0.2879574099418223
21.975	0.2879796001871991
22.0	0.288002078761243
22.025	0.28802484588287924
22.05	0.28804790177406286
22.075	0.28807124665979045
22.1	0.28809488076811174
22.125	0.28811880433013876
22.15	0.28814301758005756
22.175000000000004	0.28816752075514074
22.199999999999996	0.2881923140957575
22.225	0.2882173978453849
22.25	0.2882427722506215
22.275	0.28826843756119735
22.3	0.28829439402998647
22.325	0.28832064191302015
22.35	0.2883471814694973
22.375	0.2883740129617991
22.4	0.28840113665550043
22.425	0.28842855281938323
22.450000000000003	0.2884562617254484
22.475	0.2884842636489307
22.5	0.2885125588683098
22.525	0.2885411476653274
22.549999999999997	0.28857003032499684
22.575	0.28859920713561876
22.6	0.2886286783887957
22.625	0.288658444379445
22.65	0.288688505405814
22.675	0.28871886176949363
22.7	0.28874951377543395
22.725	0.28878046173195865
22.75	0.2888117059507797
22.775	0.28884324674701295
22.800000000000004	0.2888750844391937
22.824999999999996	0.2889072193492905
22.85	0.288939651802724
22.875	0.28897238212837906
22.9	0.28900541065862473
22.925	0.2890387377293267
22.95	0.289072363679866
22.975	0.28910628885315565
23.0	0.28914051359565524
23.025	0.2891750382573909
23.05	0.2892098631919703
23.075000000000003	0.28924498875659993
23.1	0.2892804153121046
23.125	0.28931614322294236
23.15	0.2893521728572246
23.174999999999997	0.2893885045867334
23.2	0.28942513878693876
23.225	0.28946207583701883
23.25	0.2894993161198771
23.275	0.2895368600221618
23.3	0.28957470793428486
23.325	0.2896128602504419
23.35	0.28965131736862926
23.375	0.289690079690667
23.4	0.28972914762221585
23.425000000000004	0.2897685215727988
23.449999999999996	0.2898082019558209
23.475	0.2898481891885891
23.5	0.289888483692334
23.525	0.2899290858922302
23.55	0.2899699962174167
23.575	0.2900112151010186
23.6	0.29005274298017036
23.625	0.2900945802960337
23.65	0.2901367274938223
23.675	0.29017918502282425
23.700000000000003	0.2902219533364208
23.725	0.29026503289211464
23.75	0.29030842415154723
23.775	0.2903521275805254
23.799999999999997	0.2903961436490414
23.825	0.2904404728313003
23.85	0.2904851156057401
23.875	0.29053007245505724
23.9	0.2905753438662306
23.925	0.29062093033054587
23.95	0.2906668323436198
23.975	0.29071305040542494
24.0	0.29075958502031596
24.025	0.29080643669705336
24.050000000000004	0.2908536059488283
24.074999999999996	0.2909010932932926
24.1	0.29094889925257933
24.125	0.2909970243533326
24.15	0.29104546912673285
24.175	0.29109423410852375
24.2	0.2911433198390399
24.225	0.2911927268632326
24.25	0.29124245573069873
24.275	0.29129250699570775
24.3	0.29134288121723056
24.325000000000003	0.2913935789589665
24.35	0.2914446007893733
24.375	0.29149594728169526
24.4	0.29154761901399096
24.424999999999997	0.291599616569166
24.45	0.2916519405349996
24.475	0.29170459150417577
24.5	0.29175757007431236
24.525	0.2918108768479938
24.55	0.29186451243279915
24.575	0.2919184774413346
24.6	0.29197277249126563
24.625	0.29202739820534557
24.65	0.2920823552114513
24.675000000000004	0.2921376441426123
24.699999999999996	0.29219326563704406
24.725	0.2922492203381818
24.75	0.2923055088947124
24.775	0.2923621319606082
24.8	0.29241909019516027
24.825	0.2924763842630132
24.85	0.2925340148341982
24.875	0.29259198258416813
24.9	0.2926502881938327
24.925	0.29270893234959394
24.950000000000003	0.29276791574338035
24.975	0.292827239072684
25.0	0.29288690304059656
25.025	0.29294690835584447
25.049999999999997	0.29300725573282776
25.075	0.2930679458916555
25.1	0.2931289795581851
25.125	0.2931903574640576
25.15	0.29325208034673744
25.175	0.29331414894955177
25.2	0.2933765640217262
25.225	0.2934393263184276
25.25	0.2935024366008012
25.275	0.2935658956360125
25.300000000000004	0.29362970419728424
25.324999999999996	0.29369386306394063
25.35	0.2937583730214456
25.375	0.2938232348614465
25.4	0.29388844938181374
25.425	0.29395401738668403
25.45	0.29401993968650175
25.475	0.29408621709806343
25.5	0.29415285044455897
25.525	0.2942198405556176
25.55	0.29428718826734956
25.575000000000003	0.29435489442239227
25.6	0.29442295986995365
25.625	0.2944913854658575
25.65	0.29456017207259094
25.674999999999997	0.2946293205593487
25.7	0.2946988318020789
25.725	0.2947687066835312
25.75	0.29483894609330463
25.775	0.29490955092789234
25.8	0.29498052209073317
25.825	0.29505186049225823
25.85	0.29512356704994014
25.875	0.2951956426883425
25.9	0.29526808833916895
25.925000000000004	0.2953409049413153
25.949999999999996	0.2954140934409189
25.975	0.2954876547914097
26.0	0.2955615899535627
26.025	0.295635899895549
26.05	0.2957105855929903
26.075	0.2957856480290092
26.1	0.29586108819428497
26.125	0.29593690708710696
26.15	0.2960131057134273
26.175	0.29608968508692013
26.200000000000003	0.29616664622903216
26.225	0.2962439901690423
26.25	0.2963217179441157
26.275	0.2963998305993629
26.299999999999997	0.2964783291878956
26.325	0.29655721477088515
26.35	0.29663648841762214
26.375	0.2967161512055737
26.4	0.29679620422044484
26.425	0.2968766485562375
26.45	0.29695748531531174
26.475	0.2970387156084466
26.5	0.2971203405549028
26.525	0.2972023612824843
26.550000000000004	0.29728477892760047
26.574999999999996	0.297367594635333
26.6	0.2974508095594948
26.625	0.29753442486270004
26.65	0.297618441716425
26.675	0.29770286130107754
26.7	0.2977876848060611
26.725	0.2978729134298425
26.75	0.2979585483800206
26.775	0.298044590873393
26.8	0.29813104213602665
26.825000000000003	0.29821790340332677
26.85	0.29830517592010675
26.875	0.2983928609406587
26.9	0.2984809597288275
26.924999999999997	0.2985694735580791
26.95	0.2986584037115775
26.975	0.2987477514822548
27.0	0.29883751817288856
27.025	0.29892770509617383
27.05	0.2990183135748013
27.075	0.299109344941532
27.1	0.2992008005392754
27.125	0.29929268172116696
27.15	0.29938498985064643
27.175000000000004	0.2994777263015369
27.199999999999996	0.2995708924581253
27.225	0.2996644897152438
27.25	0.29975851947835
27.275	0.2998529831636096
27.3	0.29994788219798146
27.325	0.30004321801929756
27.35	0.30013899207635186
27.375	0.30023520582898333
27.4	0.3003318607481631
27.425	0.3004289583160813
27.450000000000003	0.30052650002623493
27.475	0.3006244873835174
27.5	0.300722921904308
27.525	0.30082180511656176
27.549999999999997	0.3009211385599015
27.575	0.3010209237857109
27.6	0.301121162357226
27.625	0.3012218558496302
27.65	0.3013230058501492
27.675	0.3014246139581487
27.7	0.30152668178522823
27.725	0.30162921095532064
27.75	0.3017322031047906
27.775	0.3018356598825361
27.800000000000004	0.3019395829500866
27.824999999999996	0.30204397398170535
27.85	0.3021488346644948
27.875	0.3022541666984972
27.9	0.3023599717968
27.925	0.30246625168564467
27.95	0.3025730081045292
27.975	0.30268024280632005
28.0	0.30278795755735854
28.025	0.3028961541375726
28.05	0.3030048343405878
28.075000000000003	0.3031139999738393
28.1	0.303223652858686
28.125	0.3033337948305254
28.15	0.30344442773890934
28.174999999999997	0.30355555344766033
28.2	0.3036671738349913
28.225	0.3037792907936237
28.25	0.30389190623090956
28.275	0.30400502206895336
28.3	0.3041186402447334
28.325	0.30423276271022903
28.35	0.3043473914325454
28.375	0.30446252839403976
28.4	0.3045781755924508
28.425000000000004	0.3046943350410292
28.449999999999996	0.3048110087686667
28.475	0.30492819882003186
28.5	0.3050459072557003
28.525	0.30516413615229365
28.55	0.30528288760261363
28.575	0.3054021637157828
28.6	0.30552196661738196
28.625	0.305642298449593
28.65	0.305763161371342
28.675	0.3058845575584419
28.700000000000003	0.3060064892037398
28.725	0.30612895851726457
28.75	0.30625196772637514
28.775	0.3063755190759109
28.799999999999997	0.30649961482834626
28.825	0.3066242572639429
28.85	0.30674944868090426
28.875	0.30687519139553665
28.9	0.30700148774240565
28.925	0.30712834007449874
28.95	0.3072557507633851
28.975	0.3073837221993847
29.0	0.30751225679173155
29.025	0.30764135696874323
29.050000000000004	0.30777102517798993
29.074999999999996	0.3079012638864694
29.1	0.30803207558077744
29.125	0.30816346276728623
29.15	0.3082954279723225
29.175	0.3084279737423468
29.2	0.3085611026441364
29.225	0.30869481726496895
29.25	0.30882912021280995
29.275	0.30896401411650054
29.3	0.3090995016259483
29.325000000000003	0.3092355854123211
29.35	0.3093722681682411
29.375	0.3095095526079848
29.4	0.30964744146768086
29.424999999999997	0.3097859375055126
29.45	0.30992504350192357
29.475	0.3100647622598254
29.5	0.31020509660480516
29.525	0.31034604938533905
29.55	0.3104876234730092
29.575	0.3106298217627164
29.6	0.31077264717290404
29.625	0.3109161026457791
29.65	0.3110601911475381
29.675000000000004	0.31120491566859454
29.699999999999996	0.3113502792238112
29.725	0.31149628485273323
29.75	0.3116429356198244
29.775	0.3117902346147082
29.8	0.3119381849524096
29.825	0.3120867897735992
29.85	0.3122360522448463
29.875	0.312385975558867
29.9	0.31253656293478105
29.925	0.3126878176183697
29.950000000000003	0.31283974288233846
29.975	0.3129923420265814
30.0	0.3131456183784481
30.025	0.31329957529302027
30.049999999999997	0.3134542161533808
30.075	0.31360954437089855
30.1	0.3137655633855074
30.125	0.31392227666599454
30.15	0.31407968771029116
30.175	0.3142378000457633
30.2	0.31439661722951256
30.225	0.31455614284867855
30.25	0.3147163805207414
30.275	0.3148773338938351
30.300000000000004	0.3150390066470605
30.324999999999996	0.3152014024908034
30.35	0.3153645251670562
30.375	0.31552837844974796
30.4	0.31569296614507314
30.425	0.3158582920918295
30.45	0.3160243601617572
30.475	0.3161911742598862
30.5	0.3163587383248849
30.525	0.3165270563294149
30.55	0.31669613228049337
30.575000000000003	0.31686597021985485
30.6	0.3170365742243241
30.625	0.31720794840619126
30.65	0.31738009691358915
30.674999999999997	0.3175530239308861
30.7	0.3177267336790706
30.725	0.3179012304161534
30.75	0.318076518437566
30.775	0.3182526020765761
30.8	0.31842948570469554
30.825	0.3186071737321043
30.85	0.31878567060807866
30.875	0.3189649808214198
30.9	0.3191451089008987
30.925000000000004	0.31932605941569825
30.949999999999996	0.3195078369758675
30.975	0.3196904462327804
31.0	0.31987389187960225
31.025	0.32005817865176217
31.05	0.32024331132743594
31.075	0.32042929472803017
31.1	0.32061613371867764
31.125	0.3208038332087419
31.15	0.3209923981523261
31.175	0.3211818335487908
31.200000000000003	0.3213721444432794
31.225	0.32156333592725317
31.25	0.3217554131390326
31.275	0.3219483812643476
31.299999999999997	0.3221422455368987
31.325	0.3223370112389229
31.35	0.3225326837017724
31.375	0.32272926830649845
31.4	0.32292677048444796
31.425	0.3231251957178695
31.45	0.3233245495405244
31.475	0.32352483753831424
31.5	0.3237260653499114
31.525	0.32392823866740905
31.550000000000004	0.3241313632369691
31.574999999999996	0.3243354448594936
31.6	0.32454048939129804
31.625	0.32474650274479744
31.65	0.32495349088920894
31.675	0.3251614598512592
31.7	0.3253704157159058
31.725	0.3255803646270737
31.75	0.3257913127883977
31.775	0.32600326646398375
31.8	0.3262162319791787
31.825000000000003	0.3264302157213558
31.85	0.3266452241407093
31.875	0.3268612637510682
31.9	0.32707834113071915
31.924999999999997	0.32729646292324593
31.95	0.32751563583838195
31.975	0.327735866652878
32.0	0.327957162211385
32.025	0.3281795294273508
32.05	0.3284029752839358
32.075	0.3286275068349394
32.1	0.3288531312057481
32.125	0.3290798555942946
32.15	0.32930768727203963
32.175	0.3295366335849662
32.2	0.3297667019545948
32.225	0.32999789987901296
32.25	0.3302302349339285
32.275	0.3304637147737351
32.3	0.33069834713260277
32.325	0.33093413982558584
32.35	0.3311711007497475
32.375	0.3314092378853113
32.4	0.3316485592968271
32.425	0.33188907313436367
32.45	0.3321307876347188
32.475	0.3323737111226554
32.5	0.3326178520121552
32.525	0.33286321880770164
32.55	0.3331098201055836
32.575	0.3333576645952201
32.6	0.33360676106051684
32.625	0.3338571183812426
32.65	0.3341087455344321
32.675	0.3343616515958166
32.7	0.3346158457412838
32.725	0.3348713372483589
32.75	0.3351281354977197
32.775	0.3353862499747373
32.8	0.3356456902710481
32.825	0.335906466086157
32.85	0.3361685872290628
32.875	0.336432063619933
32.9	0.33669690529178864
32.925	0.3369631223922406
32.95	0.33723072518524855
32.975	0.3374997240529187
33.0	0.3377701294973363
33.025	0.338041952142433
33.05	0.3383152027358937
33.075	0.33858989215109564
33.1	0.3388660313890936
33.125	0.33914363158063787
33.15	0.3394227039882363
33.175	0.3397032600082566
33.2	0.33998531117306974
33.225	0.34026886915323956
33.25	0.340553945759753
33.275	0.34084055294629584
33.3	0.3411287028115821
33.325	0.34141840760171827
33.35	0.3417096797126253
33.375	0.34200253169250877
33.4	0.34229697624437777
33.425	0.3425930262286151
33.45	0.3428906946656058
33.475	0.34318999473841494
33.5	0.3434909397955248
33.525	0.34379354335362355
33.55	0.3440978191004651
33.575	0.34440378089777013
33.6	0.34471144278420823
33.625	0.34502081897842923
33.65	0.3453319238821627
33.675	0.34564477208338823
33.7	0.3459593783595683
33.725	0.3462757576809502
33.75	0.3465939252139436
33.775	0.3469138963245655
33.8	0.3472356865819661
33.825	0.34755931176202226
33.85	0.34788478785102145
33.875	0.348212131049415
33.9	0.34854135777565903
33.925	0.3488724846701418
33.95	0.3492055285991928
33.975	0.34954050665918474
34.0	0.34987743618072265
34.025	0.35021633473293334
34.05	0.3505572201278444
34.075	0.3509001104248643
34.1	0.3512450239353621
34.125	0.3515919792273547
34.15	0.3519409951302948
34.175	0.35229209073997114
34.2	0.35264528542352463
34.225	0.35300059882457
34.25	0.35335805086844524
34.275	0.35371766176757474
34.3	0.3540794520269643
34.325	0.3544434424498171
34.35	0.35480965414328414
34.375	0.3551781085243529
34.4	0.35554882732586746
34.425	0.35592183260269505
34.45	0.3562971467380444
34.475	0.35667479244991945
34.5	0.3570547927977462
34.525	0.35743717118914614
34.55	0.357821951386874
34.575	0.3582091575159316
34.6	0.3585988140708423
34.625	0.35899094592311864
34.65	0.35938557832889334
34.675	0.35978273693676033
34.7	0.36018244779579117
34.725	0.3605847373637609
34.75	0.3609896325155736
34.775	0.3613971605519048
34.8	0.3618073492080554
34.825	0.3622202266630352
34.85	0.36263582154886753
34.875	0.36305416296014525
34.9	0.3634752804638197
34.925	0.36389920410924564
34.95	0.36432596443848936
34.975	0.36475559249689815
35.0	0.3651881198439521
35.025	0.3656235785643959
35.05	0.36606200127967237
35.075	0.366503421159644
35.1	0.3669478719346435
35.125	0.3673953879078362
35.15	0.3678460039679221
35.175	0.36829975560217376
35.2	0.3687566789098387
35.225	0.3692168106158981
35.25	0.3696801880852158
35.275	0.37014684933706554
35.3	0.3706168330600726
35.325	0.37109017862756827
35.35	0.371566926113377
35.375	0.37204711630805193
35.4	0.3725307907355676
35.425	0.3730179916704968
35.45	0.3735087621556769
35.475	0.3740031460203917
35.5	0.37450118789907716
35.525	0.37500293325058265
35.55	0.3755084283779929
35.575	0.3760177204490518
35.6	0.3765308575171698
35.625	0.3770478885430967
35.65	0.37756886341722234
35.675	0.378093832982571
35.7	0.3786228490584938
35.725	0.3791559644650993
35.75	0.3796932330484315
35.775	0.3802347097064467
35.8	0.38078045041580066
35.825	0.38133051225948694
35.85	0.38188495345536216
35.875	0.38244383338557403
35.9	0.3830072126269627
35.925	0.3835751529824324
35.95	0.38414771751336624
35.975	0.38472497057310984
36.0	0.3853069778415672
36.025	0.3858938063609594
36.05	0.3864855245727945
36.075	0.3870822023560929
36.1	0.3876839110669259
36.125	0.3882907235793194
36.15	0.388902714327585
36.175	0.38951995935013817
36.2	0.3901425363348588
36.225	0.3907705246660815
36.25	0.3914040054732608
36.275	0.3920430616814119
36.3	0.39268777806337846
36.325	0.39333824129403644
36.35	0.39399454000650225
36.375	0.3946567648504427
36.4	0.39532500855258296
36.425	0.3959993659795167
36.45	0.39667993420291964
36.475	0.3973668125672843
36.5	0.39806010276029485
36.525	0.3987599088859647
36.55	0.3994663375406708
36.575	0.40017949789222407
36.6	0.4008995017621342
36.625	0.4016264637112058
36.65	0.4023605011286466
36.675	0.4031017343248671
36.7	0.4038502866281314
36.725	0.40460628448529107
36.75	0.4053698575667853
36.775	0.406141138876128
36.8	0.40692026486414
36.825	0.4077073755481285
36.85	0.4085026146363426
36.875	0.4093061296579001
36.9	0.4101180720985757
36.925	0.4109385975426716
36.95	0.41176786582139424
36.975	0.4126060411680017
37.0	0.41345329238019796
37.025	0.4143097929900866
37.05	0.41517572144216397
37.075	0.4160512612798052
37.1	0.4169366013407149
37.125	0.4178319359618567
37.15	0.4187374651944371
37.175	0.4196533950295212
37.2	0.4205799376348953
37.225	0.4215173116038869
37.25	0.42246574221682004
37.275	0.42342546171590356
37.3	0.4243967095943607
37.325	0.425379732900691
37.35	0.4263747865589805
37.375	0.4273821337063283
37.4	0.4284020460483771
37.425	0.42943480423422115
37.45	0.43048069825183544
37.475	0.4315400278454225
37.5	0.43261310295609845
37.525	0.4337002441874371
37.55	0.4348017832975691
37.575	0.4359180637195681
37.6	0.43704944111210103
37.625	0.4381962839423528
37.65	0.43935897410347324
37.675	0.440537907568951
37.7	0.4417334950864883
37.725	0.4429461629141373
37.75	0.44417635360177754
37.775	0.44542452682110767
37.8	0.4466911602476992
37.825	0.44797675049891256
37.85	0.44928181413175805
37.875	0.45060688870515553
37.9	0.4519525339114088
37.925	0.4533193327820628
37.95	0.4547078929738632
37.975	0.45611884814084586
38.0	0.4575528593992627
38.025	0.4590106168925179
38.05	0.46049284146396
38.075	0.46200028644598523
38.1	0.4635337395747423
38.125	0.4650940250404669
38.15	0.46668200568434676
38.175	0.46829858535388175
38.2	0.4699447114296248
38.225	0.4716213775374853
38.25	0.4733296264619622
38.275	0.4750705532771064
38.3	0.4768453087135249
38.325	0.47865510278146167
38.35	0.4805012086717743
38.375	0.4823849669587194
38.4	0.4843077901306334
38.425	0.4862711674771171
38.45	0.48827667036393374
38.475	0.4903259579298804
38.5	0.49242078324319394
38.525	0.4945629999584991
38.55	0.496754569519483
38.575	0.49899756895669833
38.6	0.5012941993348353
38.625	0.5036467949091042
38.65	0.5060578330562497
38.675	0.5085299450522681
38.7	0.5110659277761211
38.725	0.5136687564266306
38.75	0.5163415983486781
38.775	0.5190878280745409
38.8	0.5219110436970421
38.825	0.5248150847032361
38.85	0.5278040514106604
38.875	0.5308823261630218
38.9	0.5340545964586071
38.925	0.5373258802030156
38.95	0.5407015532981692
38.975	0.5441873798021812
39.0	0.5477895449199474
39.025	0.5515146911123886
39.05	0.5553699576437435
39.075	0.5593630239212839
39.1	0.5635021570210124
39.125	0.5677962638367116
39.15	0.5722549483386381
39.175	0.5768885744830943
39.2	0.5817083353756192
39.225	0.5867263293595407
39.25	0.5919556437791387
39.275	0.5974104472537786
39.3	0.6031060913973766
39.325	0.6090592230278997
39.35	0.615287908035999
39.375	0.6218117682221788
39.4	0.6286521325704345
39.425	0.635832204605501
39.45	0.6433772476835885
39.475	0.6513147902963653
39.5	0.659674853728568
39.525	0.6684902047055213
39.55	0.6777966360033834
39.575	0.6876332783779442
39.6	0.6980429476039941
39.625	0.709072530915465
39.65	0.7207734177049355
39.675	0.7332019799918456
39.7	0.7464201089134582
39.725	0.7604958143469149
39.75	0.775503895751215
39.775	0.7915266934457055
39.8	0.808654930839219
39.825	0.8269886596207099
39.85	0.8466383216490716
39.875	0.8677259432767533
39.9	0.890386480153162
39.925	0.9147693332330807
39.95	0.9410400598266971
39.975	0.969382307144211
40.0	0.9999999999999931
