0.0	0.9999999999999987
0.00625	0.9769540323745586
0.0125	0.9545147738392047
0.01875	0.9326644674414967
0.025	0.9113859205387025
0.03125	0.8906624854755096
0.0375	0.8704780409836272
0.04375	0.8508169742729232
0.05	0.8316641637852763
0.056249999999999994	0.8130049625836478
0.0625	0.7948251823502652
0.06875	0.7771110779690099
0.075	0.7598493326682775
0.08125	0.743027043701697
0.0875	0.7266317085451542
0.09375	0.7106512115895218
0.1	0.6950738113094732
0.10624999999999998	0.679888127889627
0.11249999999999999	0.6650831312901152
0.11875	0.6506481297344473
0.125	0.6365727586033383
0.13125	0.6228469697188563
0.1375	0.6094610210039102
0.14375	0.5964054665027925
0.15	0.5836711467490724
0.15625	0.5712491794677069
0.1625	0.5591309505988373
0.16875	0.5473081056311984
0.175	0.5357725412336679
0.18125	0.5245163971738281
0.1875	0.513532048513012
0.19375	0.5028120980676151
0.2	0.49234936912694865
0.20625	0.48213689841826557
0.21249999999999997	0.47216792930998835
0.21875	0.46243590524449313
0.22499999999999998	0.45293446339218757
0.23125	0.44365742851891593
0.2375	0.43459880705905846
0.24375000000000002	0.42575278138697453
0.25	0.4171137042797252
0.25625	0.40867609356430434
0.2625	0.4004346269428344
0.26875	0.3923841369894702
0.275	0.3845196063129563
0.28125	0.3768361628790447
0.2875	0.36932907548717697
0.29375	0.36199374939604917
0.3	0.3548257220928957
0.30625	0.34782065920149424
0.3125	0.3409743505240973
0.31875	0.33428270621266964
0.325	0.3277417530649836
0.33125000000000004	0.32134763094127494
0.3375	0.31509658929733486
0.34375	0.30898498383005557
0.35	0.3030092732315938
0.35625000000000007	0.2971660160484553
0.3625	0.29145186764192854
0.36875	0.28586357724644684
0.375	0.280397985122554
0.38125	0.2750520198012784
0.3875	0.2698226954168462
0.39375	0.2647071091247487
0.4	0.2597024386023143
0.40625	0.25480593962899767
0.4125	0.2500149437437466
0.41875	0.24532685597684897
0.42499999999999993	0.24073915265379203
0.43125	0.2362493792687321
0.4375	0.23185514842526037
0.44375	0.2275541378422383
0.44999999999999996	0.2233440884225453
0.45625	0.21922280238265368
0.4625	0.21518814144103385
0.46875	0.2112380250634428
0.475	0.207370428763226
0.48125	0.20358338245482757
0.48750000000000004	0.19987496885876074
0.49375	0.19624332195635366
0.5	0.19268662549264498
0.50625	0.18920311152585118
0.5125	0.185791059021894
0.51875	0.182448792492514
0.525	0.17917468067555778
0.53125	0.17596713525606542
0.5375	0.17282460962683927
0.54375	0.16974559768721265
0.55	0.16672863267878177
0.55625	0.1637722860569138
0.5625	0.16087516639686794
0.56875	0.15803591833342504
0.575	0.15525322153293758
0.58125	0.1525257896967683
0.5875	0.149852369595104
0.59375	0.14723174013017465
0.6	0.14466271142793666
0.60625	0.1421441239573108
0.6125	0.13967484767609448
0.61875	0.13725378120270146
0.625	0.13487985101290392
0.63125	0.13255201066078506
0.6375	0.13026924002313073
0.64375	0.12803054456652133
0.65	0.12583495463640265
0.65625	0.12368152476743924
0.6625000000000001	0.12156933301448461
0.66875	0.11949748030351168
0.675	0.11746508980187817
0.68125	0.11547130630731943
0.6875	0.11351529565507919
0.6937499999999999	0.11159624414261007
0.7	0.10971335797129335
0.70625	0.10786586270464661
0.7125000000000001	0.10605300274250325
0.71875	0.10427404081066546
0.725	0.1025282574655504
0.73125	0.1008149506133609
0.7375	0.09913343504333133
0.7437499999999999	0.09748304197461112
0.75	0.09586311861636304
0.75625	0.09427302774066863
0.7625	0.09271214726784387
0.76875	0.0911798698637836
0.775	0.08967560254896198
0.78125	0.0881987663187325
0.7875	0.08674879577457917
0.79375	0.08532513876598379
0.8	0.08392725604258272
0.80625	0.0825546209163001
0.8125	0.08120671893315089
0.8187500000000001	0.07988304755442055
0.825	0.0785831158469346
0.83125	0.0773064441821417
0.8375	0.07605256394374325
0.84375	0.07482101724360932
0.8499999999999999	0.07361135664573082
0.85625	0.0724231448979652
0.8625	0.07125595467133816
0.8687500000000001	0.07010936830667756
0.875	0.06898297756835431
0.88125	0.06787638340492023
0.8875	0.06678919571643444
0.89375	0.06572103312827735
0.8999999999999999	0.06467152277125957
0.90625	0.06364030006783611
0.9125	0.06262700852424614
0.91875	0.06163129952839858
0.925	0.060652832153336146
0.93125	0.05969127296610983
0.9375	0.05874629584190484
0.94375	0.05781758178326171
0.95	0.0569048187442432
0.95625	0.05600770145940021
0.9625	0.05512593127739578
0.96875	0.054259215999150186
0.9750000000000001	0.05340726972037529
0.98125	0.05256981267836755
0.9875	0.05174657110293822
0.99375	0.05093727707135681
1.0	0.050141668367192964
1.00625	0.049359488342943195
1.0125	0.048590485786330975
1.01875	0.04783441479017585
1.025	0.047091034625726766
1.03125	0.046360109619360365
1.0375	0.045641409032546466
1.04375	0.04493470694498793
1.05	0.04423978214084215
1.05625	0.043556417997937205
1.0625	0.042884402379895846
1.06875	0.04222352753108528
1.075	0.04157358997431124
1.08125	0.04093439041117848
1.0875	0.040305733625042695
1.09375	0.039687428386478936
1.1	0.039079287361196716
1.10625	0.038481127020331886
1.1125	0.03789276755304827
1.11875	0.03731403278138434
1.125	0.03674475007728207
1.13125	0.03618475028173591
1.1375	0.03563386762600369
1.14375	0.03509193965482109
1.15	0.03455880715156406
1.15625	0.03403431406530508
1.1625	0.0335183074397109
1.16875	0.033010637343730026
1.175	0.03251115680402167
1.18125	0.032019721739076606
1.1875	0.0315361908949849
1.19375	0.031060425782803956
1.2	0.030592290617484197
1.20625	0.03013165225830859
1.2125	0.029678380150805476
1.21875	0.029232346270094522
1.225	0.02879342506562634
1.23125	0.028361493407278556
1.2375	0.027936430532771134
1.24375	0.02751811799636559
1.25	0.02710643961881352
1.25625	0.026701281438520536
1.2625	0.02630253166389336
1.2687500000000003	0.025910080626838167
1.275	0.025523820737379542
1.28125	0.025143646439369994
1.2875	0.024769454167261142
1.29375	0.024401142303908743
1.3	0.02403861113938316
1.30625	0.02368176283075997
1.3125	0.02333050136286407
1.31875	0.022984732509942263
1.3250000000000002	0.022644363798240336
1.3312499999999998	0.02230930446946052
1.3375	0.021979465445076795
1.34375	0.021654759291484908
1.35	0.021335100185966585
1.35625	0.021020403883445535
1.3625	0.020710587684015645
1.36875	0.020405570401221176
1.375	0.02010527233106931
1.38125	0.01980961522175665
1.3874999999999997	0.019518522244091185
1.39375	0.019231917962591796
1.4	0.018949728307248302
1.40625	0.018671880545924814
1.4125	0.01839830325739064
1.41875	0.018128926304962382
1.4250000000000003	0.017863680810741765
1.43125	0.017602499130434508
1.4375	0.017345314828735484
1.44375	0.0170920626552657
1.45	0.01684267852104765
1.45625	0.016597099475505504
1.4625	0.01635526368397683
1.46875	0.01611711040572349
1.475	0.015882579972429055
1.4812500000000002	0.015651613767170836
1.4874999999999998	0.015424154203854876
1.49375	0.015200144707102382
1.5	0.014979529692576555
1.50625	0.014762254547739155
1.5125	0.014548265613026174
1.51875	0.014337510163432396
1.525	0.014129936390495045
1.53125	0.013925493384666707
1.5375	0.013724131118068266
1.5437499999999997	0.013525800427612446
1.55	0.013330452998489352
1.55625	0.013138041348005095
1.5625	0.012948518809765094
1.56875	0.012761839518193981
1.575	0.012577958393383824
1.5812500000000003	0.0123968311262631
1.5875	0.012218414164078751
1.59375	0.012042664696183841
1.6	0.011869540640123749
1.60625	0.011699000628013762
1.6125	0.011531003993201344
1.61875	0.011365510757206234
1.625	0.011202481616932177
1.63125	0.011041877932143675
1.6375000000000002	0.010883661713201868
1.6437499999999998	0.010727795609053204
1.65	0.010574242895465557
1.65625	0.010422967463505538
1.6625	0.01027393380825188
1.66875	0.010127107017739322
1.675	0.009982452762127642
1.68125	0.009839937283090933
1.6875	0.009699527383421816
1.69375	0.009561190416846034
1.6999999999999997	0.009424894278042393
1.70625	0.009290607392863557
1.7125	0.009158298708753216
1.71875	0.009027937685355071
1.725	0.008899494285309402
1.73125	0.008772938965233155
1.7375000000000003	0.00864824266687923
1.74375	0.008525376808471187
1.75	0.008404313276209333
1.75625	0.008285024415944609
1.7625	0.00816748302501617
1.76875	0.008051662344249602
1.775	0.007937536050111813
1.78125	0.00782507824701939
1.7875	0.007714263459796909
1.7937500000000002	0.007605066626282156
1.7999999999999998	0.00749746309007487
1.80625	0.0073914285934259735
1.8125	0.007286939270264262
1.81875	0.0071839716393575495
1.825	0.007082502597605481
1.83125	0.00698250941346097
1.8375	0.006883969720477797
1.84375	0.006786861510981445
1.85	0.006691163129860638
1.8562499999999997	0.006596853268477015
1.8625	0.006503910958690472
1.86875	0.006412315566997628
1.875	0.006322046788781103
1.88125	0.006233084642667315
1.8875	0.006145409464990391
1.8937500000000003	0.006059001904360109
1.9	0.005973842916331605
1.90625	0.005889913758174788
1.9125	0.0058071959837413065
1.91875	0.005725671438427167
1.925	0.005645322254228918
1.93125	0.0055661308448915385
1.9375	0.005488079901146066
1.94375	0.005411152386035237
1.9500000000000002	0.005335331530325245
1.9562499999999998	0.005260600828001873
1.9625	0.005186944031849295
1.96875	0.0051143451491099
1.975	0.005042788437223397
1.98125	0.00497225839964373
1.9875	0.004902739781732071
1.99375	0.004834217566724559
2.0	0.004766676971773037
2.00625	0.0047001034440576
2.0125	0.004634482656969261
2.01875	0.004569800506361509
2.025	0.004506043106869298
2.03125	0.00444319678829421
2.0375	0.004381248092054345
2.04375	0.004320183767697812
2.05	0.00425999076947848
2.05625	0.004200656252992708
2.0625	0.004142167571876082
2.06875	0.004084512274558639
2.075	0.004027678101077777
2.08125	0.003971652979947469
2.0875	0.003916425025082847
2.09375	0.003861982532779006
2.1	0.0038083139787429762
2.10625	0.0037554080151778525
2.1125	0.0037032534679181
2.11875	0.003651839333614972
2.125	0.0036011547769711923
2.13125	0.0035511891280238512
2.1375	0.003501931879474614
2.14375	0.003453372684066422
2.15	0.003405501352005681
2.15625	0.0033583078484291633
2.1625	0.003311782290914713
2.16875	0.003265914947034979
2.175	0.003220696231953317
2.18125	0.003176116706061086
2.1875	0.0031321670726555725
2.19375	0.003088838175657747
2.2	0.0030461209973691446
2.20625	0.0030040066562671062
2.2125	0.002962486404837662
2.21875	0.0029215516274454217
2.225	0.002881193838239656
2.23125	0.0028414046790960555
2.2375	0.0028021759175933638
2.24375	0.002763499445024323
2.25	0.0027253672744402906
2.25625	0.002687771538728878
2.2625	0.002650704488724017
2.26875	0.0026141584913478844
2.275	0.002578126027784051
2.28125	0.0025425996916813545
2.2875	0.0025075721873878383
2.29375	0.002473036328214325
2.3	0.0024389850347270063
2.30625	0.00240541133306851
2.3125	0.0023723083533070104
2.31875	0.002339669327812822
2.325	0.002307487589661955
2.33125	0.0022757565710662168
2.3375	0.002244469801829308
2.34375	0.0022136209078285267
2.35	0.0021832036095215503
2.35625	0.002153211720477872
2.3625	0.0021236391459344816
2.36875	0.002094479881375306
2.375	0.0020657280111340396
2.38125	0.002037377707019911
2.3875	0.0020094232269659844
2.39375	0.001981858913699634
2.4	0.0019546791934347317
2.40625	0.0019278785745852488
2.4125	0.0019014516464998148
2.41875	0.0018753930782169266
2.425	0.0018496976172404135
2.43125	0.0018243600883348034
2.4375	0.001799375392340263
2.44375	0.0017747385050067483
2.45	0.0017504444758470448
2.45625	0.001726488427008362
2.4625	0.0017028655521621591
2.46875	0.0016795711154118994
2.475	0.0016566004502183993
2.48125	0.0016339489583424868
2.4875	0.0016116121088046661
2.49375	0.0015895854368614868
2.5	0.0015678645429983546
2.5062499999999996	0.0015464450919384612
2.5125	0.0015253228116675938
2.51875	0.0015044934924745405
2.525	0.0014839529860068079
2.53125	0.001463697204341423
2.5375000000000005	0.0014437221190705318
2.54375	0.0014240237604015498
2.55	0.0014045982162716407
2.55625	0.001385441631476237
2.5625	0.001366550206811409
2.56875	0.0013479201982298146
2.575	0.0013295479160100197
2.58125	0.001311429723938955
2.5875	0.0012935620385072831
2.59375	0.0012759413281174838
2.6	0.0012585641123044038
2.60625	0.0012414269609681012
2.6125	0.0012245264936187458
2.6187499999999995	0.0012078593786333984
2.625	0.001191422332524458
2.63125	0.0011752121192195922
2.6375	0.0011592255493529323
2.64375	0.001143459479567389
2.6500000000000004	0.0011279108118278597
2.65625	0.0011125764927451887
2.6624999999999996	0.0010974535129106586
2.66875	0.0010825389062408756
2.675	0.0010678297493328572
2.68125	0.0010533231608291544
2.6875	0.0010390163007928494
2.6937500000000005	0.001024906370092273
2.7	0.0010109906097952527
2.70625	0.000997266300572773
2.7125	0.000983730762111861
2.71875	0.0009703813525375746
2.725	0.0009572154678439118
2.73125	0.0009442305413335316
2.7375	0.0009314240430661105
2.74375	0.0009187934793152113
2.75	0.0009063363920335281
2.75625	0.0008940503583263546
2.7625	0.0008819329899331587
2.76875	0.0008699819327171246
2.7749999999999995	0.0008581948661625287
2.78125	0.0008465695028798384
2.7875	0.0008351035881183852
2.79375	0.0008237948992865134
2.8	0.0008126412454790678
2.8062500000000004	0.0008016404670121036
2.8125	0.0007907904349647173
2.8187499999999996	0.0007800890507278607
2.825	0.0007695342455600441
2.83125	0.0007591239801498101
2.8375	0.0007488562441848706
2.84375	0.0007387290559278009
2.8500000000000005	0.0007287404617981897
2.85625	0.0007188885359611316
2.8625	0.0007091713799219684
2.86875	0.000699587122127185
2.875	0.0006901339175713466
2.88125	0.0006808099474099963
2.8875	0.000671613418578408
2.89375	0.0006625425634161073
2.9	0.0006535956392970617
2.90625	0.0006447709282654683
2.9125	0.0006360667366770221
2.91875	0.0006274813948456053
2.925	0.0006190132566952939
2.9312499999999995	0.0006106606994176077
2.9375	0.0006024221231339147
2.94375	0.0005942959505629154
2.95	0.0005862806266931182
2.95625	0.0005783746184602385
2.9625000000000004	0.0005705764144294292
2.96875	0.0005628845244822859
2.9749999999999996	0.0005552974795085347
2.98125	0.0005478138311023383
2.9875	0.0005404321512631462
2.99375	0.0005331510321010189
3.0	0.0005259690855463503
3.0062500000000005	0.0005188849430639345
3.0125	0.0005118972553712863
3.01875	0.0005050046921611748
3.025	0.0004982059418282818
3.03125	0.000491499711199938
3.0375	0.0004848847252708622
3.04375	0.00047835972694184903
3.05	0.0004719234767623384
3.05625	0.00046557475267680956
3.0625	0.00045931234977494124
3.06875	0.00045313508004547656
3.075	0.00044704177213373804
3.08125	0.0004410312711027366
3.0874999999999995	0.00043510243819781395
3.09375	0.0004292541506147758
3.1	0.0004234853012714457
3.10625	0.0004177947985826002
3.1125	0.0004121815662382305
3.1187500000000004	0.0004066445429850712
3.125	0.00040118268241136075
3.1312499999999996	0.000395794952734769
3.1375	0.00039048033659345305
3.14375	0.00038523783084019143
3.15	0.00038006644633954603
3.15625	0.0003749652077680115
3.1625000000000005	0.00036993315341709963
3.16875	0.0003649693349993207
3.175	0.00036007281745701263
3.18125	0.00035524267877397455
3.1875	0.00035047800978986937
3.19375	0.00034577791401734127
3.2	0.00034114150746181795
3.20625	0.000336567918443949
3.2125	0.0003320562874246456
3.21875	0.0003276057668326803
3.225	0.00032321552089480604
3.23125	0.0003188847254683589
3.2375	0.00031461256787630693
3.2437499999999995	0.0003103982467447058
3.25	0.0003062409718425291
3.25625	0.0003021399639238309
3.2625	0.00029809445457221206
3.26875	0.00029410368604755404
3.2750000000000004	0.00029016691113497884
3.28125	0.0002862833929960151
3.2874999999999996	0.000282452405021924
3.29375	0.0002786732306891598
3.3	0.00027494516341693284
3.30625	0.00027126750642683873
3.3125	0.00026763957260452783
3.3187500000000005	0.00026406068436338355
3.325	0.00026053017351017387
3.33125	0.00025704738111265727
3.3375	0.00025361165736910007
3.34375	0.0002502223614796921
3.35	0.0002468788615198177
3.35625	0.00024358053431516402
3.3625	0.00024032676531863628
3.36875	0.000237116948489051
3.375	0.0002339504861715855
3.38125	0.00023082678897995204
3.3875	0.00022774527568027498
3.39375	0.0002247053730766439
3.3999999999999995	0.00022170651589831743
3.40625	0.00021874814668855586
3.4125	0.0002158297156950547
3.41875	0.00021295068076195744
3.425	0.00021011050722342494
3.4312500000000004	0.00020730866779873608
3.4375	0.00020454464248889965
3.4437499999999996	0.00020181791847475282
3.45	0.00019912799001652485
3.45625	0.00019647435835484653
3.4625	0.00019385653161317954
3.46875	0.00019127402470165108
3.4750000000000005	0.00018872635922226506
3.48125	0.00018621306337547792
3.4875	0.00018373367186811293
3.49375	0.00018128772582259498
3.5	0.00017887477268748955
3.50625	0.00017649436614932038
3.5125	0.0001741460660456538
3.51875	0.0001718294382794262
3.525	0.0001695440547344984
3.53125	0.00016728949319241978
3.5375	0.00016506533725038289
3.54375	0.00016287117624035107
3.55	0.00016070660514934382
3.5562499999999995	0.0001585712245408598
3.5625	0.00015646464047742545
3.56875	0.00015438646444424707
3.575	0.00015233631327395602
3.58125	0.00015031380907242655
3.5875000000000004	0.00014831857914565286
3.59375	0.00014635025592766985
3.5999999999999996	0.000144408476909503
3.60625	0.00014249288456912834
3.6125	0.0001406031263024352
3.61875	0.0001387388543551693
3.625	0.00013689972575584795
3.6312500000000005	0.00013508540224962988
3.6375	0.00013329555023312717
3.64375	0.00013152984069014512
3.65	0.00012978794912833668
3.65625	0.0001280695555167594
3.6625	0.00012637434422431957
3.66875	0.0001247020039590927
3.675	0.00012305222770850666
3.68125	0.00012142471268037544
3.6875	0.00011981916024477131
3.69375	0.00011823527587672276
3.7	0.00011667276909972687
3.70625	0.00011513135343006454
3.7124999999999995	0.0001136107463219058
3.71875	0.00011211066911319604
3.725	0.00011063084697230936
3.73125	0.00010917100884546019
3.7375	0.00010773088740486086
3.7437500000000004	0.00010631021899761483
3.75	0.00010490874359533652
3.7562499999999996	0.00010352620474448414
3.7625	0.00010216234951739818
3.76875	0.0001008169284640344
3.775	9.948969556438111e-5
3.78125	9.818040818155195e-5
3.7875000000000005	9.688882701554284e-5
3.79375	9.561471605764571e-5
3.8	9.435784254550787e-5
3.80625	9.311797691882876e-5
3.8125	9.189489277568531e-5
3.81875	9.068836682947539e-5
3.825	8.949817886647277e-5
3.83125	8.832411170398289e-5
3.8375	8.716595114909191e-5
3.84375	8.602348595800169e-5
3.85	8.489650779593918e-5
3.85625	8.378481119763559e-5
3.8625	8.268819352836554e-5
3.8687499999999995	8.16064549455378e-5
3.875	8.053939836083184e-5
3.88125	7.948682940287002e-5
3.8875	7.84485563804194e-5
3.89375	7.742439024611588e-5
3.9000000000000004	7.641414456070172e-5
3.90625	7.541763545777145e-5
3.9124999999999996	7.443468160901669e-5
3.91875	7.346510418996498e-5
3.925	7.250872684620412e-5
3.93125	7.156537566008625e-5
3.9375	7.063487911790365e-5
3.9437500000000005	6.971706807753181e-5
3.95	6.881177573653088e-5
3.95625	6.791883760070033e-5
3.9625	6.703809145308064e-5
3.96875	6.61693773233951e-5
3.975	6.531253745792651e-5
3.98125	6.446741628982103e-5
3.9875	6.363386040981526e-5
3.99375	6.281171853737975e-5
4.0	6.200084149227228e-5
4.00625	6.120108216649716e-5
4.0125	6.041229549666336e-5
4.01875	5.963433843673608e-5
4.025	5.8867069931177464e-5
4.03125	5.811035088846971e-5
4.0375	5.7364044155016044e-5
4.04375	5.6628014489413996e-5
4.05	5.5902128537097044e-5
4.05625	5.518625480533636e-5
4.0625	5.448026363860297e-5
4.06875	5.378402719427898e-5
4.075	5.309741941871923e-5
4.08125	5.242031602365414e-5
4.0875	5.175259446293106e-5
4.09375	5.109413390958969e-5
4.1	5.04448152332653e-5
4.10625	4.980452097791772e-5
4.1125	4.9173135339879676e-5
4.11875	4.85505441462209e-5
4.125	4.79366348334239e-5
4.13125	4.733129642636679e-5
4.1375	4.6734419517608874e-5
4.14375	4.614589624697646e-5
4.15	4.5565620281441426e-5
4.15625	4.499348679529324e-5
4.1625	4.4429392450595666e-5
4.16875	4.3873235377928545e-5
4.175	4.3324915157408094e-5
4.18125	4.27843327999824e-5
4.1875	4.2251390729000376e-5
4.19375	4.172599276204713e-5
4.2	4.1208044093045834e-5
4.20625	4.069745127461989e-5
4.2125	4.0194122200712936e-5
4.21875	3.9697966089463524e-5
4.225	3.920889346633076e-5
4.23125	3.8726816147467156e-5
4.2375	3.825164722333694e-5
4.24375	3.778330104257411e-5
4.25	3.732169319608029e-5
4.25625	3.686674050135594e-5
4.2625	3.641836098706434e-5
4.26875	3.597647387782447e-5
4.275	3.554099957922908e-5
4.28125	3.511185966308672e-5
4.2875	3.468897685288275e-5
4.29375	3.427227500945851e-5
4.3	3.3861679116904374e-5
4.30625	3.345711526866482e-5
4.3125	3.305851065385221e-5
4.31875	3.266579354376698e-5
4.325	3.2278893278621616e-5
4.33125	3.1897740254465856e-5
4.3375	3.152226591030969e-5
4.34375	3.1152402715443644e-5
4.35	3.078808415695154e-5
4.35625	3.0429244727414836e-5
4.3625	3.0075819912806194e-5
4.36875	2.972774618056836e-5
4.375	2.9384960967878512e-5
4.38125	2.9047402670093126e-5
4.3875	2.8715010629373462e-5
4.39375	2.8387725123487782e-5
4.4	2.8065487354789073e-5
4.40625	2.7748239439365785e-5
4.4125	2.7435924396363543e-5
4.41875	2.712848613747555e-5
4.425	2.6825869456600515e-5
4.43125	2.652802001966454e-5
4.4375	2.623488435460664e-5
4.44375	2.5946409841524954e-5
4.45	2.5662544702981785e-5
4.45625	2.5383237994466637e-5
4.4625	2.5108439595013407e-5
4.46875	2.4838100197972337e-5
4.475	2.4572171301932723e-5
4.48125	2.431060520179636e-5
4.4875	2.4053354979998885e-5
4.49375	2.3800374497877854e-5
4.5	2.35516183871857e-5
4.50625	2.3307042041746053e-5
4.5125	2.306660160925173e-5
4.51875	2.2830253983202806e-5
4.525	2.2597956794983354e-5
4.53125	2.236966840607512e-5
4.5375	2.214534790040676e-5
4.54375	2.1924955076837152e-5
4.55	2.1708450441771627e-5
4.55625	2.1495795201908722e-5
4.5625	2.1286951257117675e-5
4.56875	2.1081881193443453e-5
4.575	2.0880548276239615e-5
4.58125	2.0682916443426598e-5
4.5875	2.0488950298874565e-5
4.59375	2.0298615105909652e-5
4.6	2.0111876780941813e-5
4.60625	1.9928701887213995e-5
4.6125	1.9749057628670333e-5
4.61875	1.957291184394317e-5
4.625	1.940023300045702e-5
4.63125	1.9230990188648893e-5
4.6375	1.906515311630331e-5
4.64375	1.890269210300178e-5
4.65	1.8743578074684458e-5
4.65625	1.8587782558324297e-5
4.6625	1.8435277676711413e-5
4.66875	1.8286036143347786e-5
4.675	1.814003125745052e-5
4.68125	1.799723689906284e-5
4.6875	1.7857627524272537e-5
4.69375	1.772117816053587e-5
4.7	1.758786440210702e-5
4.70625	1.7457662405571705e-5
4.7125	1.7330548885484107e-5
4.71875	1.720650111010649e-5
4.725	1.7085496897250654e-5
4.73125	1.696751461022015e-5
4.7375	1.685253315385303e-5
4.74375	1.6740531970663676e-5
4.75	1.6631491037083753e-5
4.75625	1.6525390859800704e-5
4.7625	1.6422212472194013e-5
4.76875	1.632193743086786e-5
4.775	1.6224547812279604e-5
4.78125	1.6130026209463968e-5
4.7875	1.603835572885154e-5
4.79375	1.5949519987181686e-5
4.8	1.5863503108508735e-5
4.80625	1.5780289721301208e-5
4.8125	1.5699864955633467e-5
4.81875	1.5622214440469173e-5
4.825	1.5547324301036006e-5
4.83125	1.5475181156291438e-5
4.8375	1.5405772116478547e-5
4.84375	1.5339084780772074e-5
4.85	1.5275107235013643e-5
4.85625	1.5213828049536096e-5
4.8625	1.5155236277076514e-5
4.86875	1.5099321450777254e-5
4.875	1.5046073582275008e-5
4.88125	1.4995483159877166e-5
4.8875	1.4947541146825366e-5
4.89375	1.4902238979645867e-5
4.9	1.4859568566586256e-5
4.90625	1.4819522286138505e-5
4.9125	1.4782092985647783e-5
4.91875	1.4747273980006945e-5
4.925	1.4715059050436435e-5
4.93125	1.4685442443349294e-5
4.9375	1.4658418869301121e-5
4.94375	1.463398350202476e-5
4.95	1.4612131977549535e-5
4.95625	1.4592860393404918e-5
4.9625	1.4576165307908349e-5
4.96875	1.456204373953723e-5
4.975	1.4550493166384837e-5
4.98125	1.4541511525700172e-5
4.9875	1.4535097213511527e-5
4.99375	1.4531249084333848e-5
5.0	1.45299664509597e-5
5.00625	1.4531249084333851e-5
5.012499999999999	1.4535097213511528e-5
5.01875	1.454151152570017e-5
5.025	1.4550493166384838e-5
5.03125	1.456204373953723e-5
5.0375	1.457616530790835e-5
5.04375	1.4592860393404921e-5
5.05	1.4612131977549539e-5
5.05625	1.463398350202476e-5
5.0625	1.4658418869301121e-5
5.06875	1.4685442443349298e-5
5.075000000000001	1.4715059050436438e-5
5.081249999999999	1.4747273980006945e-5
5.0875	1.4782092985647785e-5
5.09375	1.4819522286138507e-5
5.1	1.4859568566586257e-5
5.10625	1.4902238979645867e-5
5.1125	1.4947541146825366e-5
5.11875	1.4995483159877166e-5
5.125	1.5046073582275006e-5
5.13125	1.5099321450777252e-5
5.1375	1.5155236277076515e-5
5.143750000000001	1.5213828049536098e-5
5.15	1.527510723501365e-5
5.15625	1.5339084780772067e-5
5.1625	1.5405772116478537e-5
5.168749999999999	1.547518115629143e-5
5.175	1.5547324301036002e-5
5.18125	1.5622214440469163e-5
5.1875	1.5699864955633464e-5
5.19375	1.5780289721301188e-5
5.2	1.586350310850874e-5
5.20625	1.5949519987181686e-5
5.2125	1.6038355728851545e-5
5.21875	1.613002620946397e-5
5.225	1.62245478122796e-5
5.231250000000001	1.6321937430867864e-5
5.237499999999999	1.642221247219402e-5
5.24375	1.65253908598007e-5
5.25	1.6631491037083757e-5
5.25625	1.674053197066368e-5
5.2625	1.6852533153853037e-5
5.26875	1.6967514610220148e-5
5.275	1.7085496897250654e-5
5.28125	1.7206501110106495e-5
5.2875	1.7330548885484107e-5
5.29375	1.7457662405571715e-5
5.300000000000001	1.7587864402107024e-5
5.30625	1.7721178160535866e-5
5.3125	1.7857627524272544e-5
5.31875	1.799723689906284e-5
5.324999999999999	1.8140031257450522e-5
5.33125	1.828603614334779e-5
5.3375	1.843527767671141e-5
5.34375	1.8587782558324294e-5
5.35	1.8743578074684458e-5
5.35625	1.8902692103001784e-5
5.3625	1.906515311630331e-5
5.36875	1.9230990188648896e-5
5.375	1.940023300045702e-5
5.38125	1.957291184394317e-5
5.387500000000001	1.974905762867034e-5
5.393749999999999	1.9928701887213995e-5
5.4	2.0111876780941816e-5
5.40625	2.029861510590966e-5
5.4125	2.0488950298874565e-5
5.41875	2.06829164434266e-5
5.425	2.088054827623962e-5
5.43125	2.1081881193443457e-5
5.4375	2.1286951257117675e-5
5.44375	2.1495795201908722e-5
5.45	2.170845044177163e-5
5.456250000000001	2.1924955076837152e-5
5.4625	2.214534790040676e-5
5.46875	2.2369668406075116e-5
5.475	2.259795679498336e-5
5.481249999999999	2.2830253983202806e-5
5.4875	2.3066601609251734e-5
5.49375	2.3307042041746057e-5
5.5	2.3551618387185705e-5
5.50625	2.380037449787786e-5
5.5125	2.405335497999889e-5
5.51875	2.4310605201796365e-5
5.525	2.4572171301932723e-5
5.53125	2.4838100197972344e-5
5.5375	2.5108439595013407e-5
5.543750000000001	2.538323799446664e-5
5.549999999999999	2.566254470298179e-5
5.55625	2.5946409841524954e-5
5.5625	2.6234884354606645e-5
5.56875	2.652802001966454e-5
5.575	2.682586945660052e-5
5.58125	2.712848613747555e-5
5.5875	2.7435924396363543e-5
5.59375	2.7748239439365788e-5
5.6	2.8065487354789073e-5
5.60625	2.8387725123487786e-5
5.612500000000001	2.8715010629373462e-5
5.61875	2.904740267009313e-5
5.625	2.9384960967878516e-5
5.63125	2.972774618056836e-5
5.637499999999999	3.0075819912806197e-5
5.64375	3.0429244727414836e-5
5.65	3.078808415695155e-5
5.65625	3.1152402715443644e-5
5.6625	3.15222659103097e-5
5.66875	3.189774025446586e-5
5.675	3.2278893278621616e-5
5.68125	3.2665793543766986e-5
5.6875	3.30585106538522e-5
5.69375	3.345711526866482e-5
5.700000000000001	3.386167911690438e-5
5.706249999999999	3.4272275009458504e-5
5.7125	3.468897685288274e-5
5.71875	3.5111859663086725e-5
5.725	3.5540999579229076e-5
5.73125	3.5976473877824475e-5
5.7375	3.641836098706434e-5
5.74375	3.686674050135594e-5
5.75	3.732169319608028e-5
5.75625	3.77833010425741e-5
5.7625	3.825164722333695e-5
5.768750000000001	3.872681614746715e-5
5.775	3.920889346633076e-5
5.78125	3.9697966089463524e-5
5.7875	4.0194122200712936e-5
5.793749999999999	4.069745127461989e-5
5.8	4.1208044093045834e-5
5.80625	4.172599276204712e-5
5.8125	4.225139072900037e-5
5.81875	4.27843327999824e-5
5.825	4.332491515740809e-5
5.83125	4.3873235377928545e-5
5.8375	4.4429392450595666e-5
5.84375	4.499348679529324e-5
5.85	4.556562028144142e-5
5.856250000000001	4.6145896246976454e-5
5.862499999999999	4.6734419517608874e-5
5.86875	4.733129642636678e-5
5.875	4.793663483342389e-5
5.88125	4.85505441462209e-5
5.8875	4.9173135339879676e-5
5.89375	4.980452097791772e-5
5.9	5.04448152332653e-5
5.90625	5.1094133909589684e-5
5.9125	5.1752594462931065e-5
5.91875	5.2420316023654134e-5
5.925000000000001	5.309741941871923e-5
5.93125	5.3784027194278986e-5
5.9375	5.4480263638602974e-5
5.94375	5.5186254805336366e-5
5.949999999999999	5.5902128537097044e-5
5.95625	5.662801448941399e-5
5.9625	5.7364044155016044e-5
5.96875	5.81103508884697e-5
5.975	5.8867069931177464e-5
5.98125	5.9634338436736086e-5
5.9875	6.041229549666336e-5
5.99375	6.12010821664972e-5
6.0	6.200084149227228e-5
6.00625	6.281171853737973e-5
6.012500000000001	6.363386040981526e-5
6.018749999999999	6.446741628982105e-5
6.025	6.531253745792653e-5
6.03125	6.616937732339511e-5
6.0375	6.703809145308053e-5
6.04375	6.791883760070033e-5
6.05	6.881177573653088e-5
6.05625	6.971706807753197e-5
6.0625	7.063487911790365e-5
6.06875	7.156537566008623e-5
6.075	7.250872684620413e-5
6.081250000000001	7.346510418996498e-5
6.0875	7.443468160901684e-5
6.09375	7.541763545777143e-5
6.1	7.641414456070172e-5
6.106249999999999	7.742439024611588e-5
6.1125	7.84485563804194e-5
6.11875	7.948682940287004e-5
6.125	8.053939836083185e-5
6.13125	8.160645494553765e-5
6.1375	8.268819352836554e-5
6.14375	8.378481119763558e-5
6.15	8.489650779593933e-5
6.15625	8.602348595800169e-5
6.1625	8.71659511490919e-5
6.168750000000001	8.83241117039829e-5
6.174999999999999	8.949817886647277e-5
6.18125	9.068836682947555e-5
6.1875	9.189489277568531e-5
6.19375	9.311797691882875e-5
6.2	9.435784254550788e-5
6.20625	9.561471605764571e-5
6.2125	9.688882701554287e-5
6.21875	9.818040818155195e-5
6.225	9.948969556438092e-5
6.23125	0.00010081692846403442
6.237500000000001	0.00010216234951739809
6.24375	0.00010352620474448421
6.25	0.00010490874359533662
6.25625	0.00010631021899761475
6.262499999999999	0.00010773088740486093
6.26875	0.0001091710088454602
6.275	0.00011063084697230955
6.28125	0.00011211066911319604
6.2875	0.00011361074632190578
6.29375	0.00011513135343006445
6.3	0.00011667276909972687
6.30625	0.00011823527587672279
6.3125	0.00011981916024477132
6.31875	0.00012142471268037521
6.325000000000001	0.00012305222770850663
6.331249999999999	0.00012470200395909257
6.3375	0.00012637434422431966
6.34375	0.00012806955551675952
6.35	0.00012978794912833658
6.35625	0.00013152984069014526
6.3625	0.00013329555023312717
6.36875	0.0001350854022496301
6.375	0.00013689972575584792
6.38125	0.00013873885435516917
6.3875	0.00014060312630243514
6.393750000000001	0.00014249288456912832
6.4	0.00014440847690950297
6.40625	0.00014635025592766985
6.4125	0.00014831857914565262
6.418749999999999	0.00015031380907242652
6.425	0.00015233631327395613
6.43125	0.00015438646444424723
6.4375	0.00015646464047742558
6.44375	0.00015857122454085963
6.45	0.00016070660514934393
6.45625	0.00016287117624035107
6.4625	0.000165065337250383
6.46875	0.0001672894931924196
6.475	0.00016954405473449828
6.481250000000001	0.0001718294382794261
6.487499999999999	0.00017414606604565383
6.49375	0.00017649436614932038
6.5	0.00017887477268748952
6.50625	0.00018128772582259495
6.5125	0.00018373367186811287
6.51875	0.00018621306337547803
6.525	0.00018872635922226517
6.53125	0.00019127402470165122
6.5375	0.00019385653161317932
6.54375	0.00019647435835484653
6.550000000000001	0.00019912799001652466
6.55625	0.00020181791847475298
6.5625	0.0002045446424888995
6.56875	0.00020730866779873587
6.574999999999999	0.00021011050722342478
6.58125	0.00021295068076195744
6.5875	0.00021582971569505502
6.59375	0.00021874814668855586
6.6	0.0002217065158983174
6.60625	0.0002247053730766439
6.6125	0.00022774527568027517
6.61875	0.00023082678897995226
6.625	0.00023395048617158551
6.63125	0.0002371169484890506
6.637500000000001	0.0002403267653186363
6.643749999999999	0.00024358053431516372
6.65	0.00024687886151981796
6.65625	0.0002502223614796919
6.6625	0.00025361165736909985
6.66875	0.0002570473811126574
6.675	0.00026053017351017387
6.68125	0.0002640606843633841
6.6875	0.0002676395726045279
6.69375	0.00027126750642683873
6.7	0.00027494516341693284
6.706250000000001	0.00027867323068916006
6.7125	0.0002824524050219241
6.71875	0.0002862833929960151
6.725	0.0002901669111349782
6.731249999999999	0.00029410368604755404
6.7375	0.00029809445457221184
6.74375	0.0003021399639238311
6.75	0.00030624097184252876
6.75625	0.00031039824674470554
6.7625	0.00031461256787630726
6.76875	0.0003188847254683589
6.775	0.00032321552089480663
6.78125	0.0003276057668326803
6.7875	0.0003320562874246455
6.793750000000001	0.00033656791844394873
6.799999999999999	0.00034114150746181784
6.80625	0.0003457779140173414
6.8125	0.00035047800978986937
6.81875	0.00035524267877397396
6.825	0.0003600728174570126
6.83125	0.0003649693349993203
6.8375	0.0003699331534171
6.84375	0.0003749652077680118
6.85	0.0003800664463395458
6.85625	0.00038523783084019176
6.862500000000001	0.0003904803365934531
6.86875	0.0003957949527347696
6.875	0.0004011826824113607
6.88125	0.00040664454298507076
6.887499999999999	0.00041218156623823015
6.89375	0.0004177947985826002
6.9	0.0004234853012714457
6.90625	0.00042925415061477587
6.9125	0.00043510243819781314
6.91875	0.00044103127110273655
6.925	0.0004470417721337385
6.93125	0.0004531350800454769
6.9375	0.0004593123497749417
6.94375	0.0004655747526768091
6.950000000000001	0.0004719234767623386
6.956249999999999	0.000478359726941849
6.9625	0.00048488472527086256
6.96875	0.0004914997111999375
6.975	0.0004982059418282813
6.98125	0.0005050046921611744
6.9875	0.0005118972553712861
6.99375	0.0005188849430639345
7.0	0.0005259690855463503
7.00625	0.0005331510321010189
7.0125	0.0005404321512631463
7.018750000000001	0.0005478138311023386
7.025	0.0005552974795085352
7.03125	0.0005628845244822864
7.0375	0.0005705764144294286
7.043749999999999	0.0005783746184602384
7.05	0.000586280626693118
7.05625	0.000594295950562916
7.0625	0.0006024221231339139
7.06875	0.000610660699417607
7.075	0.0006190132566952936
7.08125	0.0006274813948456052
7.0875	0.0006360667366770233
7.09375	0.0006447709282654684
7.1	0.0006535956392970617
7.106250000000001	0.0006625425634161072
7.112499999999999	0.0006716134185784087
7.11875	0.0006808099474099967
7.125	0.0006901339175713467
7.13125	0.0006995871221271836
7.1375	0.0007091713799219685
7.14375	0.0007188885359611309
7.15	0.0007287404617981905
7.15625	0.0007387290559278001
7.1625	0.0007488562441848698
7.16875	0.000759123980149811
7.175000000000001	0.0007695342455600442
7.18125	0.0007800890507278619
7.1875	0.0007907904349647173
7.19375	0.0008016404670121035
7.199999999999999	0.0008126412454790679
7.20625	0.0008237948992865137
7.2125	0.0008351035881183855
7.21875	0.0008465695028798384
7.225	0.0008581948661625274
7.23125	0.0008699819327171246
7.2375	0.0008819329899331578
7.24375	0.0008940503583263554
7.25	0.0009063363920335289
7.25625	0.0009187934793152106
7.262500000000001	0.0009314240430661111
7.268749999999999	0.0009442305413335317
7.275	0.0009572154678439139
7.28125	0.0009703813525375745
7.2875	0.000983730762111861
7.29375	0.0009972663005727717
7.3	0.001010990609795253
7.30625	0.0010249063700922731
7.3125	0.0010390163007928496
7.31875	0.0010533231608291524
7.325	0.0010678297493328572
7.331250000000001	0.001082538906240875
7.3375	0.0010974535129106597
7.34375	0.0011125764927451898
7.35	0.0011279108118278586
7.356249999999999	0.0011434594795673902
7.3625	0.0011592255493529321
7.36875	0.0011752121192195937
7.375	0.001191422332524458
7.38125	0.0012078593786333974
7.3875	0.001224526493618745
7.39375	0.0012414269609681012
7.4	0.0012585641123044038
7.40625	0.0012759413281174838
7.4125	0.0012935620385072812
7.418750000000001	0.001311429723938955
7.424999999999999	0.0013295479160100204
7.43125	0.0013479201982298163
7.4375	0.00136655020681141
7.44375	0.001385441631476236
7.45	0.0014045982162716416
7.45625	0.00142402376040155
7.4625	0.001443722119070533
7.46875	0.0014636972043414213
7.475	0.0014839529860068066
7.48125	0.001504493492474539
7.487500000000001	0.001525322811667594
7.49375	0.0015464450919384614
7.5	0.0015678645429983548
7.50625	0.0015895854368614866
7.512499999999999	0.001611612108804666
7.51875	0.0016339489583424886
7.525	0.001656600450218401
7.53125	0.0016795711154119007
7.5375	0.0017028655521621574
7.54375	0.001726488427008362
7.55	0.0017504444758470428
7.55625	0.0017747385050067496
7.5625	0.0017993753923402616
7.56875	0.0018243600883348012
7.575000000000001	0.0018496976172404126
7.581249999999999	0.0018753930782169264
7.5875	0.0019014516464998146
7.59375	0.0019278785745852488
7.6	0.0019546791934347317
7.60625	0.001981858913699634
7.6125	0.0020094232269659853
7.61875	0.002037377707019913
7.625	0.0020657280111340396
7.63125	0.002094479881375306
7.6375	0.002123639145934482
7.643750000000001	0.0021532117204778735
7.65	0.0021832036095215525
7.65625	0.002213620907828528
7.6625	0.0022444698018293024
7.668749999999999	0.002275756571066218
7.675	0.002307487589661959
7.68125	0.0023396693278128254
7.6875	0.0023723083533070135
7.69375	0.002405411333068505
7.7	0.00243898503472701
7.70625	0.002473036328214324
7.7125	0.0025075721873878422
7.71875	0.0025425996916813506
7.725	0.0025781260277840472
7.731250000000001	0.0026141584913478805
7.737499999999999	0.002650704488724014
7.74375	0.0026877715387288756
7.75	0.002725367274440289
7.75625	0.0027634994450243203
7.7625	0.002802175917593363
7.76875	0.0028414046790960555
7.775	0.0028811938382396563
7.78125	0.0029215516274454217
7.7875	0.002962486404837661
7.79375	0.003004006656267105
7.800000000000001	0.0030461209973691446
7.80625	0.0030888381756577488
7.8125	0.003132167072655572
7.81875	0.003176116706061086
7.824999999999999	0.003220696231953317
7.83125	0.0032659149470349812
7.8375	0.003311782290914717
7.84375	0.003358307848429165
7.85	0.003405501352005684
7.85625	0.0034533726840664247
7.8625	0.003501931879474621
7.86875	0.0035511891280238577
7.875	0.0036011547769711975
7.88125	0.0036518393336149634
7.887500000000001	0.0037032534679181024
7.893749999999999	0.003755408015177847
7.9	0.0038083139787429823
7.90625	0.0038619825327790014
7.9125	0.003916425025082841
7.91875	0.003971652979947474
7.925	0.004027678101077773
7.93125	0.00408451227455865
7.9375	0.00414216757187608
7.94375	0.004200656252992705
7.95	0.004259990769478476
7.956250000000001	0.004320183767697812
7.9625	0.004381248092054341
7.96875	0.0044431967882942085
7.975	0.0045060431068692924
7.981249999999999	0.004569800506361507
7.9875	0.004634482656969261
7.99375	0.004700103444057601
8.0	0.004766676971773037
8.00625	0.004834217566724559
8.0125	0.004902739781732069
8.01875	0.004972258399643731
8.025	0.005042788437223403
8.03125	0.005114345149109903
8.0375	0.005186944031849299
8.04375	0.0052606008280018605
8.05	0.00533533153032525
8.05625	0.005411152386035243
8.0625	0.005488079901146069
8.06875	0.0055661308448915255
8.075	0.0056453222542289065
8.08125	0.005725671438427177
8.0875	0.005807195983741317
8.09375	0.005889913758174796
8.1	0.005973842916331597
8.10625	0.006059001904360101
8.1125	0.006145409464990404
8.11875	0.006233084642667328
8.125	0.006322046788781099
8.13125	0.006412315566997618
8.1375	0.006503910958690466
8.14375	0.006596853268477031
8.15	0.006691163129860635
8.15625	0.006786861510981443
8.1625	0.006883969720477791
8.16875	0.006982509413460965
8.175	0.007082502597605503
8.18125	0.007183971639357551
8.1875	0.0072869392702642624
8.19375	0.007391428593425968
8.2	0.007497463090074869
8.20625	0.0076050666262821595
8.2125	0.007714263459796915
8.21875	0.007825078247019395
8.225	0.007937536050111816
8.23125	0.008051662344249578
8.2375	0.008167483025016175
8.24375	0.00828502441594462
8.25	0.008404313276209337
8.25625	0.008525376808471192
8.2625	0.008648242666879209
8.26875	0.008772938965233167
8.275	0.008899494285309416
8.28125	0.009027937685355076
8.2875	0.0091582987087532
8.29375	0.009290607392863538
8.3	0.009424894278042406
8.30625	0.009561190416846053
8.3125	0.009699527383421806
8.31875	0.009839937283090915
8.325	0.00998245276212763
8.33125	0.010127107017739346
8.3375	0.010273933808251902
8.34375	0.010422967463505533
8.35	0.010574242895465545
8.35625	0.010727795609053195
8.3625	0.0108836617132019
8.36875	0.011041877932143672
8.375	0.011202481616932172
8.38125	0.011365510757206224
8.3875	0.01153100399320134
8.39375	0.011699000628013765
8.4	0.011869540640123749
8.40625	0.012042664696183843
8.4125	0.012218414164078751
8.41875	0.01239683112626306
8.425	0.012577958393383834
8.43125	0.012761839518193999
8.4375	0.0129485188097651
8.44375	0.0131380413480051
8.45	0.01333045299848932
8.45625	0.013525800427612459
8.4625	0.013724131118068292
8.46875	0.013925493384666721
8.475	0.014129936390495017
8.48125	0.014337510163432361
8.4875	0.014548265613026192
8.49375	0.014762254547739183
8.5	0.014979529692576569
8.50625	0.015200144707102356
8.5125	0.015424154203854856
8.51875	0.015651613767170877
8.525	0.015882579972429083
8.53125	0.016117110405723476
8.5375	0.016355263683976804
8.54375	0.016597099475505483
8.55	0.016842678521047698
8.55625	0.017092062655265694
8.5625	0.017345314828735477
8.56875	0.017602499130434487
8.575	0.01786368081074175
8.58125	0.018128926304962437
8.5875	0.01839830325739064
8.59375	0.018671880545924814
8.6	0.018949728307248302
8.60625	0.019231917962591792
8.6125	0.019518522244091202
8.61875	0.01980961522175667
8.625	0.020105272331069315
8.63125	0.020405570401221183
8.6375	0.020710587684015593
8.64375	0.02102040388344556
8.65	0.021335100185966613
8.65625	0.02165475929148492
8.6625	0.02197946544507675
8.66875	0.02230930446946047
8.675	0.02264436379824036
8.68125	0.022984732509942308
8.6875	0.023330501362864096
8.69375	0.023681762830759928
8.7	0.024038611139383124
8.70625	0.0244011423039088
8.7125	0.024769454167261194
8.71875	0.025143646439369973
8.725	0.025523820737379507
8.73125	0.02591008062683812
8.7375	0.026302531663893423
8.74375	0.026701281438520533
8.75	0.027106439618813503
8.75625	0.02751811799636556
8.7625	0.027936430532771114
8.76875	0.028361493407278643
8.775	0.028793425065626335
8.78125	0.029232346270094512
8.7875	0.029678380150805445
8.79375	0.03013165225830858
8.8	0.030592290617484214
8.80625	0.031060425782803984
8.8125	0.03153619089498491
8.81875	0.032019721739076606
8.825	0.03251115680402158
8.83125	0.03301063734373005
8.8375	0.033518307439710945
8.84375	0.0340343140653051
8.85	0.03455880715156408
8.85625	0.035091939654821006
8.8625	0.03563386762600373
8.86875	0.03618475028173596
8.875	0.03674475007728209
8.88125	0.03731403278138427
8.8875	0.037892767553048184
8.89375	0.03848112702033195
8.9	0.03907928736119679
8.90625	0.0396874283864789
8.9125	0.040305733625042646
8.91875	0.04093439041117844
8.925	0.041573589974311334
8.93125	0.04222352753108538
8.9375	0.04288440237989583
8.94375	0.04355641799793714
8.95	0.04423978214084209
8.95625	0.04493470694498806
8.9625	0.04564140903254647
8.96875	0.04636010961936035
8.975	0.047091034625726697
8.98125	0.04783441479017579
8.9875	0.048590485786331
8.99375	0.04935948834294319
9.0	0.05014166836719295
9.00625	0.050937277071356805
9.0125	0.0517465711029382
9.01875	0.05256981267836761
9.025	0.053407269720375336
9.03125	0.05425921599915019
9.0375	0.055125931277395804
9.04375	0.05600770145940005
9.05	0.056904818744243295
9.05625	0.057817581783261796
9.0625	0.05874629584190488
9.06875	0.05969127296610973
9.075	0.060652832153335993
9.08125	0.061631299528398666
9.0875	0.06262700852424624
9.09375	0.06364030006783616
9.1	0.06467152277125948
9.10625	0.06572103312827725
9.1125	0.0667891957164346
9.11875	0.06787638340492037
9.125	0.0689829775683543
9.13125	0.07010936830667745
9.1375	0.07125595467133809
9.14375	0.07242314489796543
9.15	0.0736113566457308
9.15625	0.07482101724360928
9.1625	0.07605256394374321
9.16875	0.07730644418214166
9.175	0.07858311584693484
9.18125	0.07988304755442054
9.1875	0.0812067189331509
9.19375	0.08255462091630004
9.2	0.08392725604258264
9.20625	0.08532513876598385
9.2125	0.08674879577457927
9.21875	0.08819876631873254
9.225	0.08967560254896205
9.23125	0.09117986986378332
9.2375	0.09271214726784396
9.24375	0.09427302774066874
9.25	0.09586311861636311
9.25625	0.09748304197461115
9.2625	0.09913343504333105
9.26875	0.10081495061336106
9.275	0.10252825746555055
9.28125	0.1042740408106655
9.2875	0.10605300274250308
9.29375	0.10786586270464636
9.3	0.10971335797129356
9.30625	0.11159624414261024
9.3125	0.11351529565507917
9.31875	0.11547130630731926
9.325	0.117465089801878
9.33125	0.11949748030351197
9.3375	0.12156933301448478
9.34375	0.12368152476743924
9.35	0.12583495463640254
9.35625	0.1280305445665212
9.3625	0.13026924002313112
9.36875	0.13255201066078504
9.375	0.13487985101290395
9.38125	0.13725378120270132
9.3875	0.13967484767609434
9.39375	0.14214412395731094
9.4	0.14466271142793674
9.40625	0.14723174013017465
9.4125	0.14985236959510403
9.41875	0.15252578969676786
9.425	0.15525322153293783
9.43125	0.1580359183334252
9.4375	0.16087516639686789
9.44375	0.1637722860569138
9.45	0.16672863267878135
9.45625	0.16974559768721298
9.4625	0.1728246096268395
9.46875	0.1759671352560655
9.475	0.17917468067555756
9.48125	0.18244879249251345
9.4875	0.18579105902189424
9.49375	0.18920311152585143
9.5	0.19268662549264495
9.50625	0.19624332195635338
9.5125	0.19987496885876035
9.51875	0.20358338245482818
9.525	0.20737042876322645
9.53125	0.21123802506344294
9.5375	0.2151881414410335
9.54375	0.21922280238265324
9.55	0.22334408842254613
9.55625	0.22755413784223844
9.5625	0.23185514842526037
9.56875	0.23624937926873182
9.575	0.24073915265379167
9.58125	0.2453268559768499
9.5875	0.2500149437437466
9.59375	0.25480593962899767
9.6	0.2597024386023143
9.60625	0.26470710912474843
9.6125	0.26982269541684667
9.61875	0.27505201980127886
9.625	0.28039798512255404
9.63125	0.285863577246447
9.6375	0.29145186764192765
9.64375	0.2971660160484558
9.65	0.30300927323159443
9.65625	0.308984983830056
9.6625	0.31509658929733425
9.66875	0.32134763094127394
9.675	0.32774175306498426
9.68125	0.3342827062126703
9.6875	0.34097435052409714
9.69375	0.3478206592014937
9.7	0.3548257220928951
9.70625	0.3619937493960506
9.7125	0.36932907548717736
9.71875	0.3768361628790446
9.725	0.38451960631295584
9.73125	0.39238413698946983
9.7375	0.40043462694283555
9.74375	0.40867609356430445
9.75	0.41711370427972544
9.75625	0.42575278138697426
9.7625	0.4345988070590575
9.76875	0.4436574285189174
9.775	0.4529344633921881
9.78125	0.46243590524449346
9.7875	0.47216792930998763
9.79375	0.48213689841826457
9.8	0.49234936912694977
9.80625	0.5028120980676163
9.8125	0.513532048513012
9.81875	0.5245163971738278
9.825	0.5357725412336665
9.83125	0.5473081056311999
9.8375	0.559130950598838
9.84375	0.5712491794677069
9.85	0.5836711467490726
9.85625	0.5964054665027914
9.8625	0.6094610210039111
9.86875	0.6228469697188576
9.875	0.6365727586033388
9.88125	0.6506481297344465
9.8875	0.6650831312901131
9.89375	0.6798881278896287
9.9	0.6950738113094744
9.90625	0.7106512115895222
9.9125	0.7266317085451532
9.91875	0.7430270437016951
9.925	0.7598493326682801
9.93125	0.7771110779690119
9.9375	0.7948251823502646
9.94375	0.8130049625836465
9.95	0.8316641637852747
9.95625	0.8508169742729269
9.9625	0.8704780409836274
9.96875	0.8906624854755096
9.975	0.9113859205387016
9.98125	0.9326644674414959
9.9875	0.954514773839208
9.99375	0.9769540323745595
10.0	0.9999999999999996
