0.0	1.0
0.01875	0.9326644674259605
0.0375	0.8704780409525464
0.05625	0.8130049625370044
0.075	0.7598493326060396
0.09375	0.7106512115116405
0.1125	0.6650831311965244
0.13125	0.6228469696094673
0.15	0.5836711466237757
0.16875	0.5473081054898616
0.1875	0.5135320483554779
0.20625	0.4821368982443488
0.225	0.4529344632016795
0.24375000000000002	0.4257527811796377
0.2625	0.4004346267184033
0.28125	0.3768361626372252
0.3	0.35482572183336303
0.31875	0.3342827059350699
0.3375	0.3150965890012828
0.35625	0.2971660157335341
0.375	0.28039798478831485
0.39375	0.26470710877070996
0.4125	0.2500149433693926
0.43125	0.23624937887351297
0.45	0.22334408800587646
0.46875	0.2112380246247034
0.48750000000000004	0.19987496839729296
0.50625	0.1892031110409598
0.525	0.17917468016650842
0.54375	0.16974559715323134
0.5625	0.1608751658371395
0.58125	0.1525257891104357
0.6	0.1446627108140995
0.61875	0.13725378056041437
0.6375	0.13026923935140253
0.65625	0.12368152406523132
0.675	0.11746508906810255
0.69375	0.11159624337612827
0.7125	0.10605300194212428
0.73125	0.10081494977783952
0.75	0.09586311774439786
0.76875	0.09117986895401535
0.7875	0.0867487948255881
0.80625	0.0825546199266044
0.825	0.0785831148149878
0.84375	0.07482101616779781
0.8625	0.07125595354997913
0.88125	0.06787638223625851
0.9	0.06467152155346526
0.91875	0.0616312982595644
0.9375	0.05874629452004266
0.95625	0.05600770008243836
0.9750000000000001	0.05340726828615515
0.99375	0.05093727557762948
1.0125	0.048590484230753864
1.03125	0.046360107999493395
1.05	0.044239780454144034
1.06875	0.04222352577490955
1.0875	0.04030573179663346
1.10625	0.038481125116819656
1.125	0.036744748095679215
1.14375	0.03509193759201717
1.1625	0.03351830529246767
1.18125	0.03201971950402318
1.2	0.030592288291111564
1.21875	0.02923234384875012
1.2375	0.027936428012653107
1.25625	0.026701278815671792
1.275	0.025523818007681505
1.29375	0.02440113946307493
1.3125	0.023330498406433323
1.33125	0.022309301392790037
1.35	0.02133509698422458
1.36875	0.020405567069379373
1.3875	0.019518518776916856
1.40625	0.018671876937972554
1.425	0.01786367705634501
1.44375	0.01709205874852777
1.4625	0.01635525961876167
1.48125	0.015651609537093356
1.5	0.01497952529099266
1.51875	0.014337505583428488
1.5375	0.013724126352450416
1.55625	0.013138036389287714
1.575	0.012577953233777915
1.59375	0.012042659327584755
1.6125	0.011530998407176035
1.63125	0.011041872119917457
1.65	0.010574236847908303
1.66875	0.010127100725351137
1.6875	0.009699520836318058
1.70625	0.009290600580759341
1.725	0.008899487197503412
1.74375	0.00852536943382887
1.7625	0.00816747535195222
1.78125	0.007825070263479532
1.8	0.007497454783516903
1.81875	0.007183962996731664
1.8375	0.006883960728206014
1.85625	0.00659684391243186
1.875	0.006322037054263391
1.89375	0.0060589917760758265
1.9125	0.005807185445777565
1.9312500000000001	0.005566119880691561
1.9500000000000002	0.005335320122662317
1.96875	0.0051143332800602775
1.9875	0.004902727432646811
2.00625	0.004700090595533214
2.025	0.004506029738717247
2.04375	0.004320169858912747
2.0625	0.004142153100602816
2.08125	0.0039716379234465875
2.1	0.0038082983133550913
2.11875	0.0036518230347234834
2.1375	0.003501914921467003
2.15625	0.0033582902046566956
2.175	0.0032206778746891236
2.19375	0.0030888190760532007
2.2125	0.002962466532876999
2.23125	0.0028413840035491447
2.25	0.0027253457628135017
2.26875	0.0026141361098329582
2.2875	0.002507548900808699
2.30625	0.0024053871048259037
2.325	0.0023074623816758664
2.34375	0.0022135946804782464
2.3625	0.0021236118579962614
2.38125	0.002037349315602082
2.4	0.0019546496539102065
2.41875	0.0018753623441529488
2.4375	0.0017993434154253347
2.45625	0.0017264551569761927
2.475	0.0016565658347687826
2.49375	0.0015895494215779726
2.5125	0.0015252853399318185
2.53125	0.001463658217243977
2.55	0.0014045576525193197
2.56875	0.0013478779940491168
2.5875	0.0012935181275439927
2.60625	0.0012413812741828062
2.625	0.0011913747980838326
2.64375	0.0011434100227310715
2.6625	0.0010974020559135465
2.68125	0.0010532696227589255
2.7	0.0010109349064649298
2.71875	0.0009703233963529159
2.7375	0.0009313637428876357
2.75625	0.0008939876193257701
2.775	0.0008581295896733383
2.79375	0.000823726982648572
2.8125	0.0007907197713624839
2.83125	0.0007590504584440426
2.85	0.0007286639663508173
2.86875	0.0006995075326190807
2.8875	0.0006715306098197726
2.90625	0.0006446847699985247
2.925	0.0006189236133889831
2.94375	0.0005942026811992653
2.9625	0.0005704793722812625
2.98125	0.0005477128635019618
3.0	0.0005258640336448659
3.01875	0.0005048953906780252
3.0375	0.00048477100223322104
3.05625	0.0004654564291483972
3.075	0.0004469186619326374
3.09375	0.0004291260600198009
3.1125	0.00041204829368337925
3.13125	0.00039565628849128195
3.15	0.00037992217218506144
3.16875	0.0003648192238736049
3.1875	0.00035032182543657663
3.20625	0.0003364054150378411
3.225	0.00032304644265384263
3.24375	0.00031022232752638836
3.2625	0.0002979114174535429
3.28125	0.00028609294983640424
3.3	0.00027474701440335914
3.31875	0.00026385451753708887
3.3375	0.000253397148133065
3.35625	0.00024335734492158235
3.375	0.00023371826518852587
3.39375	0.00022446375483304925
3.4125	0.00021557831970320007
3.43125	0.00020704709815322554
3.45	0.0001988558347688736
3.46875	0.00019099085520945928
3.4875	0.00018343904211779504
3.50625	0.00017618781205131536
3.525	0.00016922509338983813
3.54375	0.00016253930517742222
3.5625	0.00015611933685770918
3.58125	0.0001499545288639533
3.6	0.00014403465402670632
3.61875	0.00013834989976377004
3.6375	0.00013289085101862242
3.65625	0.00012764847391503293
3.675	0.00012261410009701702
3.69375	0.00011777941172466123
3.7125	0.00011313642709765166
3.73125	0.00010867748687959146
3.75	0.00010439524089738358
3.76875	0.00010028263549108942
3.7875	9.633290139076109e-5
3.8062499999999995	9.253954209777656e-5
3.825	8.889632274919412e-5
3.8437499999999996	8.539725944458783e-5
3.8625000000000003	8.203660901572067e-5
3.8812499999999996	7.880885922027263e-5
3.9000000000000004	7.570871934166208e-5
3.9187500000000006	7.273111117777656e-5
3.9375	6.987116040218022e-5
3.95625	6.712418828207881e-5
3.975	6.448570373800013e-5
3.99375	6.195139573080563e-5
4.0125	5.951712596226334e-5
4.03125	5.717892187601194e-5
4.05	5.493296994631075e-5
4.06875	5.2775609242512385e-5
4.0875	5.070332525771535e-5
4.10625	4.871274399054636e-5
4.125	4.680062626949604e-5
4.14375	4.496386230968758e-5
4.1625	4.3199466492384066e-5
4.18125	4.150457235796028e-5
4.2	3.987642780345506e-5
4.21875	3.8312390476200244e-5
4.2375	3.680992335538558e-5
4.25625	3.536659051375992e-5
4.275	3.398005305200451e-5
4.29375	3.264806519862685e-5
4.3125	3.136847056852699e-5
4.33125	3.0139198573679256e-5
4.35	2.8958260979645405e-5
4.36875	2.782374860190353e-5
4.3875	2.6733828136228043e-5
4.40625	2.5686739117598865e-5
4.425	2.468079100235132e-5
4.44375	2.3714360368497664e-5
4.4625	2.2785888229365333e-5
4.48125	2.189387745590043e-5
4.5	2.103689030317722e-5
4.51875	2.0213546036844193e-5
4.5375	1.942251865541218e-5
4.55625	1.8662534704462258e-5
4.575	1.7932371179015333e-5
4.59375	1.7230853510458808e-5
4.6125	1.6556853634579437e-5
4.63125	1.5909288137391303e-5
4.65	1.5287116475587165e-5
4.66875	1.4689339268572911e-5
4.6875	1.4114996659169168e-5
4.70625	1.3563166740186823e-5
4.725	1.3032964044197429e-5
4.74375	1.2523538093929954e-5
4.7625	1.203407201083263e-5
4.78125	1.1563781179438294e-5
4.8	1.1111911965270562e-5
4.81875	1.0677740484120572e-5
4.8375	1.0260571420612826e-5
4.85625	9.859736894065509e-6
4.875	9.474595369730922e-6
4.89375	9.104530613581725e-6
4.9125	8.748950688882941e-6
4.93125	8.40728699286195e-6
4.95	8.07899333185822e-6
4.96875	7.763545033399943e-6
4.9875	7.460438093719043e-6
5.00625	7.169188359276285e-6
5.025	6.8893307409265824e-6
5.04375	6.6204184594106665e-6
5.0625	6.362022320912649e-6
5.08125	6.113730021474399e-6
5.1	5.875145479106967e-6
5.11875	5.645888192486229e-6
5.1375	5.425592625165418e-6
5.15625	5.213907614280377e-6
5.175	5.010495802765034e-6
5.19375	4.8150330941344974e-6
5.2125	4.627208128931219e-6
5.23125	4.446721781966491e-6
5.25	4.273286679524652e-6
5.26875	4.106626735730993e-6
5.2875	3.9464767073167155e-6
5.30625	3.792581766045375e-6
5.325	3.6446970880947593e-6
5.34375	3.5025874597168517e-6
5.3625	3.366026898525759e-6
5.38125	3.234798289789714e-6
5.4	3.108693037128489e-6
5.41875	2.9875107270415163e-6
5.4375	2.8710588067153284e-6
5.45625	2.7591522745810134e-6
5.475	2.6516133831136774e-6
5.49375	2.548271353386421e-6
5.5125	2.4489621009107768e-6
5.53125	2.3535279723144816e-6
5.55	2.261817492425441e-6
5.56875	2.1736851213480066e-6
5.5875	2.0889910211343853e-6
5.60625	2.0076008316698e-6
5.625	1.9293854554053514e-6
5.64375	1.8542208505872816e-6
5.6625	1.7819878326452245e-6
5.68125	1.712571883415701e-6
5.7	1.64586296788995e-6
5.71875	1.581755358187645e-6
5.7375	1.5201474644700631e-6
5.75625	1.4609416725175325e-6
5.775	1.4040441877071689e-6
5.79375	1.3493648851373116e-6
5.8125	1.2968171656552087e-6
5.83125	1.2463178175543218e-6
5.85	1.1977868837167406e-6
5.86875	1.1511475339853422e-6
5.8875	1.10632594255876e-6
5.90625	1.063251170210535e-6
5.925	1.0218550511417578e-6
5.94375	9.820720842840123e-7
5.9625	9.438393288767805e-7
5.98125	9.070963041504809e-7
6.0	8.717848929529143e-7
6.01875	8.378492491634943e-7
6.0375	8.052357087456798e-7
6.05625	7.738927042940425e-7
6.075	7.437706829381089e-7
6.09375	7.148220274705079e-7
6.1125	6.870009805723283e-7
6.13125	6.602635720135221e-7
6.15	6.345675487110879e-7
6.16875	6.098723075324356e-7
6.1875	5.86138830735715e-7
6.20625	5.63329623943272e-7
6.225	5.414086565484534e-7
6.24375	5.203413044599222e-7
6.2625	5.000942950914961e-7
6.28125	4.806356545090813e-7
6.3	4.619346566498446e-7
6.31875	4.439617745320879e-7
6.3375	4.2668863337749467e-7
6.35625	4.100879655705677e-7
6.375	3.941335673829834e-7
6.39375	3.788002573934968e-7
6.4125	3.640638365367457e-7
6.43125	3.499010497169238e-7
6.45	3.3628954892485643e-7
6.46875	3.232078577993885e-7
6.4875	3.1063533757637385e-7
6.50625	2.985521543707634e-7
6.525	2.869392477394403e-7
6.54375	2.7577830047452763e-7
6.5625	2.650517095788653e-7
6.58125	2.547425583772559e-7
6.6	2.4483458971891903e-7
6.61875	2.3531218022833062e-7
6.6375	2.2616031556332698e-7
6.65625	2.1736456664096362e-7
6.675	2.0891106679317408e-7
6.69375	2.0078648981577614e-7
6.7125	1.9297802887579296e-7
6.73125	1.8547337624344904e-7
6.75	1.7826070381651638e-7
6.76875	1.713286444059574e-7
6.7875	1.646662737530392e-7
6.80625	1.582630932492543e-7
6.825	1.5210901333152173e-7
6.84375	1.461943375262167e-7
6.8625	1.4050974711661922e-7
6.88125	1.3504628640936817e-7
6.9	1.2979534857647132e-7
6.91875	1.247486620503341e-7
6.9375	1.1989827745016324e-7
6.95625	1.1523655501894682e-7
6.975	1.1075615255102852e-7
6.99375	1.0645001379108098e-7
7.0125	1.0231135728603198e-7
7.03125	9.8333665672225e-8
7.05	9.451067538078877e-8
7.06875	9.083636674485733e-8
7.0875	8.730495449292716e-8
7.10625	8.391087861324952e-8
7.125	8.064879557474953e-8
7.14375	7.751356989053742e-8
7.1625	7.450026601061344e-8
7.18125	7.160414053090345e-8
7.2	6.882063470625886e-8
7.21875	6.614536725554092e-8
7.2375	6.35741274473792e-8
7.25625	6.110286845563263e-8
7.275	5.8727700974019404e-8
7.29375	5.644488707978899e-8
7.3125	5.4250834336707303e-8
7.33125	5.214209012801045e-8
7.35	5.0115336210341386e-8
7.36875	4.816738348004288e-8
7.3875	4.629516694351223e-8
7.40625	4.449574088364951e-8
7.425	4.276627421474579e-8
7.44375	4.110404601845151e-8
7.4625	3.950644125375755e-8
7.48125	3.7970946634197495e-8
7.5	3.649514666574142e-8
7.51875	3.5076719839113126e-8
7.5375	3.371343497050169e-8
7.55625	3.240314768487765e-8
7.575	3.1143797036350176e-8
7.59375	2.993340226021606e-8
7.612499999999999	2.877005965156546e-8
7.631249999999999	2.7651939565504966e-8
7.65	2.657728353425493e-8
7.668749999999999	2.5544401496561927e-8
7.687499999999999	2.455166913504562e-8
7.706250000000001	2.359752531727052e-8
7.7250000000000005	2.2680469636496965e-8
7.7437499999999995	2.1799060048225528e-8
7.762499999999999	2.0951910598797653e-8
7.781250000000001	2.013768924246446e-8
7.800000000000001	1.9355115743473853e-8
7.81875	1.8602959659861418e-8
7.837500000000001	1.788003840575983e-8
7.856250000000001	1.718521538916599e-8
7.875	1.6517398222224483e-8
7.89375	1.5875537001200865e-8
7.9125	1.525862265342812e-8
7.93125	1.4665685348616992e-8
7.95	1.4095792972020913e-8
7.96875	1.354804965704488e-8
7.9875	1.30215943749833e-8
8.00625	1.2515599579658973e-8
8.025	1.2029269904825134e-8
8.04375	1.1561840912274442e-8
8.0625	1.1112577888679096e-8
8.08125	1.0680774689264517e-8
8.1	1.0265752626490649e-8
8.11875	9.866859401988787e-9
8.1375	9.483468080068977e-9
8.15625	9.114976101177515e-9
8.175	8.760804333750253e-9
8.19375	8.420396162964944e-9
8.2125	8.093216614955822e-9
8.23125	7.778751515110024e-9
8.25	7.476506679117491e-9
8.26875	7.186007135500064e-9
8.2875	6.906796378392785e-9
8.30625	6.638435649400272e-9
8.325	6.3805032473960435e-9
8.34375	6.132593865175983e-9
8.3625	5.894317951921565e-9
8.38125	5.665301100467186e-9
8.4	5.445183458406e-9
8.41875	5.233619162106818e-9
8.4375	5.030275792749358e-9
8.45625	4.834833853521518e-9
8.475	4.646986267154211e-9
8.49375	4.466437893002611e-9
8.5125	4.2929050629130134e-9
8.53125	4.1261151351435925e-9
8.55	3.965806065637156e-9
8.56875	3.8117259959699934e-9
8.5875	3.663632857327889e-9
8.60625	3.521293989885937e-9
8.625	3.3844857769922182e-9
8.64375	3.2529932935795678e-9
8.6625	3.12660996825165e-9
8.68125	3.0051372585112056e-9
8.7	2.8883843386192956e-9
8.71875	2.776167799593654e-9
8.7375	2.6683113608743226e-9
8.75625	2.564645593202263e-9
8.775	2.465007652274707e-9
8.79375	2.3692410227582155e-9
8.8125	2.277195272256163e-9
8.83125	2.1887258148435696e-9
8.85	2.1036936837970275e-9
8.86875	2.021965313161993e-9
8.8875	1.943412327813691e-9
8.90625	1.867911341681181e-9
8.925	1.7953437638171173e-9
8.94375	1.7255956120079512e-9
8.9625	1.6585573336312176e-9
8.98125	1.5941236334782044e-9
9.0	1.5321933082708698e-9
9.01875	1.4726690876127534e-9
9.0375	1.4154574811236018e-9
9.05625	1.3604686315171984e-9
9.075	1.3076161733912635e-9
9.09375	1.2568170975072318e-9
9.1125	1.2079916203464975e-9
9.13125	1.1610630587377672e-9
9.15	1.115957709358442e-9
9.16875	1.0726047329204478e-9
9.1875	1.0309360428582919e-9
9.20625	9.908861983443278e-10
9.225	9.523923014629262e-10
9.24375	9.153938983818371e-10
9.2625	8.798328843653099e-10
9.28125	8.456534124795661e-10
9.3	8.128018058471169e-10
9.31875	7.812264733118251e-10
9.3375	7.508778283821854e-10
9.35625	7.217082113253507e-10
9.375	6.936718142893096e-10
9.39375	6.667246093356117e-10
9.4125	6.408242792693647e-10
9.43125	6.159301511578066e-10
9.45	5.920031324329071e-10
9.46875	5.690056494775207e-10
9.4875	5.469015885985834e-10
9.50625	5.256562392944777e-10
9.525	5.052362397274331e-10
9.54375	4.856095243152411e-10
9.5625	4.667452733598304e-10
9.58125	4.4861386463360404e-10
9.6	4.311868268473737e-10
9.61875	4.1443679492674645e-10
9.6375	3.983374670267095e-10
9.65625	3.8286356321677967e-10
9.675	3.6799078577184023e-10
9.69375	3.5369578100618994e-10
9.7125	3.3995610259085885e-10
9.73125	3.2675017629653094e-10
9.75	3.1405726610662023e-10
9.76875	3.018574416472987e-10
9.7875	2.901315468832443e-10
9.80625	2.78861170029916e-10
9.825	2.680286146350992e-10
9.84375	2.5761687178423086e-10
9.8625	2.4760959338586844e-10
9.88125	2.379910664952781e-10
9.9	2.287461886358226e-10
9.91875	2.1986044407936496e-10
9.9375	2.1131988104838805e-10
9.95625	2.031110898040442e-10
9.975	1.9522118158567464e-10
9.99375	1.8763776836870903e-10
10.0125	1.8034894340915684e-10
10.03125	1.7334326254409728e-10
10.05	1.6660972621879903e-10
10.06875	1.601377622122276e-10
10.0875	1.5391720903379357e-10
10.10625	1.479382999652682e-10
10.125	1.4219164772276943e-10
10.14375	1.3666822971474917e-10
10.1625	1.3135937387279869e-10
10.18125	1.2625674503301468e-10
10.2	1.2135233184654254e-10
10.21875	1.1663843419871588e-10
10.2375	1.1210765111703764e-10
10.25625	1.0775286914900298e-10
10.275	1.035672511915054e-10
10.29375	9.954422575427849e-11
10.3125	9.567747664050377e-11
10.33125	9.19609330283792e-11
10.35	8.838875993806201e-11
10.36875	8.495534906900918e-11
10.3875	8.165530999333135e-11
10.40625	7.848346169131519e-11
10.425	7.543482441582453e-11
10.44375	7.250461187279858e-11
10.4625	6.968822370556468e-11
10.48125	6.698123827115987e-11
10.5	6.43794056973137e-11
10.51875	6.187864120919044e-11
10.5375	5.947501871540172e-11
10.55625	5.716476464322111e-11
10.575	5.494425201331652e-11
10.59375	5.280999474469073e-11
10.6125	5.075864218088785e-11
10.63125	4.878697382886735e-11
10.65	4.689189430228202e-11
10.66875	4.5070428461218384e-11
10.6875	4.33197167407642e-11
10.70625	4.163701066107015e-11
10.725	4.001966851184781e-11
10.74375	3.8465151204531305e-11
10.7625	3.6971018285586875e-11
10.78125	3.55349241047071e-11
10.8	3.41546141318742e-11
10.81875	3.282792141750732e-11
10.8375	3.155276319013432e-11
10.85625	3.0327137586245216e-11
10.875	2.914912050719065e-11
10.89375	2.8016862598191537e-11
10.9125	2.6928586344711867e-11
10.93125	2.588258328163784e-11
10.95	2.4877211310880364e-11
10.96875	2.3910892123185222e-11
10.9875	2.2982108720106893e-11
11.00625	2.2089403032250392e-11
11.025	2.123137363004327e-11
11.04375	2.0406673523441952e-11
11.0625	1.9614008047116945e-11
11.08125	1.885213282779722e-11
11.1	1.8119851830579616e-11
11.11875	1.7416015481137096e-11
11.1375	1.6739518860877264e-11
11.15625	1.6089299972214718e-11
11.175	1.546433807123627e-11
11.19375	1.486365206513867e-11
11.2125	1.428629897192253e-11
11.23125	1.3731372439925303e-11
11.25	1.3198001324866393e-11
11.26875	1.2685348322172168e-11
11.2875	1.219260865243121e-11
11.30625	1.171900879791717e-11
11.325	1.126380528819516e-11
11.34375	1.0826283532903387e-11
11.3625	1.0405756699879344e-11
11.38125	1.0001564636867456e-11
11.4	9.613072835115219e-12
11.41875	9.239671433231535e-12
11.4375	8.880774259741618e-12
11.45625	8.53581791283655e-12
11.475	8.204260875871239e-12
11.49375	7.88558266722288e-12
11.5125	7.579283023175057e-12
11.53125	7.284881112543535e-12
11.55	7.001914781811954e-12
11.56875	6.729939829591221e-12
11.5875	6.46852930926351e-12
11.60625	6.2172728587165795e-12
11.625	5.975776056115233e-12
11.64375	5.74365980069888e-12
11.6625	5.5205597176328725e-12
11.68125	5.30612558597906e-12
11.7	5.10002078888784e-12
11.71875	4.901921785147698e-12
11.7375	4.711517601263451e-12
11.75625	4.528509343265065e-12
11.775	4.352609727480637e-12
11.79375	4.183542629537254e-12
11.8125	4.0210426508811084e-12
11.83125	3.864854702136607e-12
11.85	3.714733602650222e-12
11.86875	3.570443695590397e-12
11.8875	3.4317584779991677e-12
11.90625	3.298460245214651e-12
11.925	3.170339749106271e-12
11.94375	3.0471958695860038e-12
11.9625	2.928835298879845e-12
11.98125	2.815072238064142e-12
12.0	2.705728105389954e-12
12.01875	2.6006312559377612e-12
12.0375	2.4996167121623055e-12
12.05625	2.4025259049045218e-12
12.075	2.3092064244639736e-12
12.09375	2.2195117813409278e-12
12.1125	2.1333011762726025e-12
12.13125	2.0504392792022793e-12
12.15	1.9707960168345207e-12
12.16875	1.8942463684428794e-12
12.1875	1.8206701696094686e-12
12.20625	1.749951923588348e-12
12.225	1.6819806199965513e-12
12.24375	1.6166495605481075e-12
12.2625	1.5538561915574823e-12
12.28125	1.4935019429494394e-12
12.3	1.4354920735226923e-12
12.31875	1.3797355222242407e-12
12.3375	1.3261447652010518e-12
12.35625	1.2746356784046748e-12
12.375	1.2251274055329174e-12
12.39375	1.1775422311015055e-12
12.4125	1.1318054584462643e-12
12.43125	1.0878452924643973e-12
12.45	1.045592726910753e-12
12.46875	1.0049814360721252e-12
12.4875	9.659476706495977e-13
12.50625	9.284301576853623e-13
12.525	8.923700043770101e-13
12.54375	8.577106056282873e-13
12.5625	8.24397555191076e-13
12.58125	7.923785602592599e-13
12.6	7.616033593802821e-13
12.61875	7.320236435555416e-13
12.6375	7.035929804058438e-13
12.65625	6.762667412827407e-13
12.675	6.500020312114477e-13
12.69375	6.247576215552543e-13
12.7125	6.004938852957929e-13
12.73125	5.771727348275625e-13
12.75	5.547575621689816e-13
12.76875	5.332131814962147e-13
12.7875	5.125057739094836e-13
12.80625	4.926028343451623e-13
12.825	4.734731205503707e-13
12.84375	4.55086604039886e-13
12.8625	4.374144229584608e-13
12.88125	4.204288367744754e-13
12.9	4.041031827338532e-13
12.91875	3.884118340058776e-13
12.9375	3.7333015945515304e-13
12.95625	3.5883448497663567e-13
12.975	3.449020563329798e-13
12.99375	3.315110034358704e-13
13.0125	3.1864030601530297e-13
13.03125	3.062697606228728e-13
13.05	2.943799489173054e-13
13.06875	2.829522071824302e-13
13.0875	2.7196859702974326e-13
13.10625	2.6141187723958855e-13
13.125	2.512654766967141e-13
13.14375	2.415134683777632e-13
13.1625	2.321405443498342e-13
13.18125	2.2313199174086467e-13
13.2	2.1447366964413924e-13
13.21875	2.0615198692063992e-13
13.2375	1.9815388086440856e-13
13.25625	1.9046679669742515e-13
13.275	1.8307866786181482e-13
13.29375	1.7597789707844536e-13
13.3125	1.6915333814217895e-13
13.33125	1.6259427842520824e-13
13.35	1.5629042206100242e-13
13.36875	1.5023187378246363e-13
13.3875	1.444091233889383e-13
13.40625	1.3881303081768148e-13
13.425	1.3343481179635083e-13
13.44375	1.2826602405400446e-13
13.4625	1.232985540689572e-13
13.48125	1.1852460433269252e-13
13.5	1.1393668110983524e-13
13.51875	1.0952758267497667e-13
13.5375	1.052903880078804e-13
13.55625	1.0121844592932182e-13
13.575	9.730536466051771e-14
13.59375	9.354500178974309e-14
13.6125	8.99314546303941e-14
13.63125	8.645905095535815e-14
13.65	8.312234009314646e-14
13.66875	7.991608437181336e-14
13.6875	7.683525089722814e-14
13.70625	7.387500365280003e-14
13.725	7.103069590824471e-14
13.74375	6.82978629254843e-14
13.7625	6.567221495022903e-14
13.78125	6.31496304782355e-14
13.8	6.072614978567506e-14
13.81875	5.839796871345471e-14
13.8375	5.616143269573424e-14
13.85625	5.401303102326507e-14
13.875	5.194939133254542e-14
13.89375	4.996727431214422e-14
13.9125	4.806356861787799e-14
13.93125	4.623528598886418e-14
13.95	4.4479556556784e-14
13.96875	4.279362434098594e-14
13.9875	4.11748429223666e-14
14.00625	3.962067128923117e-14
14.025	3.812866984861602e-14
14.04375	3.669649659681147e-14
14.0625	3.5321903443072404e-14
14.08125	3.4002732680748794e-14
14.1	3.2736913600292246e-14
14.11875	3.1522459238825544e-14
14.1375	3.0357463261172634e-14
14.15625	2.9240096967449465e-14
14.175	2.816860642252354e-14
14.19375	2.714130970283255e-14
14.2125	2.615659425624043e-14
14.23125	2.5212914370789455e-14
14.25	2.4308788748370953e-14
14.26875	2.3442798179509736e-14
14.2875	2.2613583315608856e-14
14.30625	2.1819842535160063e-14
14.325	2.1060329900570344e-14
14.34375	2.033385320239513e-14
14.3625	1.9639272087911174e-14
14.38125	1.8975496271089373e-14
14.4	1.834148382115774e-14
14.41875	1.7736239527069668e-14
14.4375	1.7158813335307876e-14
14.45625	1.660829885857404e-14
14.475	1.6083831953021036e-14
14.49375	1.5584589361795954e-14
14.5125	1.5109787422764464e-14
14.53125	1.465868083838672e-14
14.55	1.4230561505815687e-14
14.56875	1.3824757405380139e-14
14.5875	1.3440631545707758e-14
14.60625	1.3077580963833147e-14
14.625	1.2735035778720353e-14
14.64375	1.2412458296714664e-14
14.6625	1.2109342167519394e-14
14.68125	1.1825211589372519e-14
14.7	1.1559620562176323e-14
14.71875	1.1312152187406144e-14
14.7375	1.1082418013701116e-14
14.75625	1.0870057427108304e-14
14.775	1.0674737085023341e-14
14.79375	1.0496150392939726e-14
14.8125	1.033401702318446e-14
14.83125	1.0188082474885182e-14
14.85	1.0058117674477841e-14
14.86875	9.943918616127896e-15
14.8875	9.845306041500527e-15
14.90625	9.762125158377258e-15
14.925	9.694245397677269e-15
14.94375	9.641560208501987e-15
14.9625	9.603986890881173e-15
14.98125	9.58146646595811e-15
15.0	9.573963583409971e-15
15.018749999999999	9.58146646595811e-15
15.0375	9.603986890881172e-15
15.056249999999999	9.641560208501987e-15
15.075	9.694245397677269e-15
15.093750000000002	9.762125158377258e-15
15.1125	9.845306041500527e-15
15.131250000000001	9.943918616127895e-15
15.15	1.0058117674477843e-14
15.16875	1.018808247488518e-14
15.1875	1.033401702318446e-14
15.206250000000002	1.0496150392939726e-14
15.224999999999998	1.0674737085023341e-14
15.243750000000002	1.0870057427108304e-14
15.262499999999998	1.1082418013701145e-14
15.28125	1.1312152187406145e-14
15.3	1.1559620562176323e-14
15.31875	1.1825211589372553e-14
15.337499999999999	1.2109342167519394e-14
15.35625	1.2412458296714645e-14
15.374999999999998	1.2735035778720394e-14
15.39375	1.3077580963833185e-14
15.412500000000001	1.3440631545707731e-14
15.43125	1.3824757405380183e-14
15.450000000000001	1.4230561505815684e-14
15.46875	1.465868083838669e-14
15.487499999999999	1.5109787422764432e-14
15.50625	1.5584589361795954e-14
15.524999999999999	1.6083831953020995e-14
15.54375	1.660829885857404e-14
15.562500000000002	1.7158813335307873e-14
15.58125	1.773623952706962e-14
15.600000000000001	1.834148382115774e-14
15.61875	1.8975496271089373e-14
15.6375	1.963927208791123e-14
15.65625	2.033385320239513e-14
15.675000000000002	2.1060329900570344e-14
15.693749999999998	2.1819842535160123e-14
15.712500000000002	2.2613583315608856e-14
15.731249999999998	2.3442798179509654e-14
15.75	2.430878874837103e-14
15.76875	2.5212914370789455e-14
15.7875	2.615659425624034e-14
15.806249999999999	2.714130970283264e-14
15.825	2.816860642252354e-14
15.843749999999998	2.9240096967449364e-14
15.8625	3.035746326117273e-14
15.881250000000001	3.1522459238825544e-14
15.9	3.273691360029214e-14
15.918750000000001	3.4002732680748794e-14
15.9375	3.5321903443072404e-14
15.956249999999999	3.6696496596811346e-14
15.975	3.8128669848616024e-14
15.993749999999999	3.962067128923117e-14
16.0125	4.1174842922366603e-14
16.03125	4.279362434098594e-14
16.05	4.4479556556784005e-14
16.06875	4.623528598886434e-14
16.0875	4.8063568617877646e-14
16.10625	4.9967274312144396e-14
16.125	5.194939133254562e-14
16.14375	5.401303102326507e-14
16.1625	5.616143269573443e-14
16.18125	5.839796871345451e-14
16.2	6.072614978567483e-14
16.21875	6.314963047823528e-14
16.2375	6.567221495022927e-14
16.25625	6.829786292548455e-14
16.275	7.103069590824446e-14
16.29375	7.387500365280003e-14
16.3125	7.683525089722814e-14
16.33125	7.991608437181308e-14
16.35	8.312234009314704e-14
16.36875	8.645905095535815e-14
16.3875	8.99314546303941e-14
16.40625	9.354500178974309e-14
16.425	9.730536466051771e-14
16.44375	1.0121844592932182e-13
16.4625	1.0529038800787964e-13
16.48125	1.0952758267497705e-13
16.5	1.1393668110983526e-13
16.51875	1.185246043326925e-13
16.5375	1.2329855406895766e-13
16.55625	1.28266024054004e-13
16.575	1.3343481179635035e-13
16.59375	1.3881303081768198e-13
16.6125	1.4440912338893882e-13
16.63125	1.5023187378246413e-13
16.65	1.5629042206100186e-13
16.66875	1.6259427842520824e-13
16.6875	1.6915333814217837e-13
16.70625	1.7597789707844477e-13
16.725	1.8307866786181608e-13
16.74375	1.9046679669742515e-13
16.7625	1.9815388086440856e-13
16.78125	2.0615198692063992e-13
16.8	2.1447366964413927e-13
16.81875	2.231319917408647e-13
16.8375	2.321405443498326e-13
16.85625	2.4151346837776406e-13
16.875	2.512654766967141e-13
16.89375	2.6141187723958855e-13
16.9125	2.719685970297442e-13
16.93125	2.829522071824282e-13
16.95	2.9437994891730436e-13
16.96875	3.0626976062287393e-13
16.9875	3.186403060153041e-13
17.00625	3.3151100343587157e-13
17.025	3.449020563329786e-13
17.04375	3.5883448497663567e-13
17.0625	3.733301594551518e-13
17.08125	3.884118340058789e-13
17.1	4.0410318273385613e-13
17.11875	4.204288367744739e-13
17.1375	4.374144229584609e-13
17.15625	4.550866040398859e-13
17.175	4.73473120550369e-13
17.19375	4.926028343451623e-13
17.2125	5.125057739094835e-13
17.23125	5.332131814962165e-13
17.25	5.547575621689815e-13
17.26875	5.771727348275625e-13
17.2875	6.004938852957949e-13
17.30625	6.247576215552497e-13
17.325	6.500020312114452e-13
17.34375	6.762667412827429e-13
17.3625	7.035929804058437e-13
17.38125	7.320236435555442e-13
17.4	7.616033593802793e-13
17.41875	7.923785602592599e-13
17.4375	8.243975551910731e-13
17.45625	8.577106056282903e-13
17.475	8.923700043770165e-13
17.49375	9.284301576853591e-13
17.5125	9.659476706495977e-13
17.53125	1.0049814360721254e-12
17.55	1.0455927269107496e-12
17.56875	1.087845292464405e-12
17.5875	1.1318054584462643e-12
17.60625	1.1775422311015055e-12
17.625	1.2251274055329176e-12
17.64375	1.2746356784046748e-12
17.6625	1.3261447652010567e-12
17.68125	1.3797355222242306e-12
17.7	1.4354920735226976e-12
17.71875	1.4935019429494446e-12
17.7375	1.5538561915574823e-12
17.75625	1.616649560548113e-12
17.775	1.6819806199965453e-12
17.79375	1.7499519235883419e-12
17.8125	1.820670169609462e-12
17.83125	1.894246368442886e-12
17.85	1.970796016834527e-12
17.86875	2.050439279202272e-12
17.8875	2.1333011762726025e-12
17.90625	2.2195117813409278e-12
17.925	2.3092064244639655e-12
17.94375	2.4025259049045388e-12
17.9625	2.4996167121623055e-12
17.98125	2.600631255937761e-12
18.0	2.705728105389954e-12
18.01875	2.815072238064142e-12
18.0375	2.9288352988798448e-12
18.05625	3.0471958695859824e-12
18.075	3.170339749106282e-12
18.09375	3.298460245214651e-12
18.1125	3.4317584779991673e-12
18.13125	3.5704436955904092e-12
18.15	3.714733602650209e-12
18.16875	3.864854702136593e-12
18.1875	4.021042650881123e-12
18.20625	4.183542629537268e-12
18.225	4.352609727480652e-12
18.24375	4.5285093432650495e-12
18.2625	4.711517601263452e-12
18.28125	4.901921785147682e-12
18.3	5.100020788887821e-12
18.31875	5.306125585979098e-12
18.3375	5.520559717632853e-12
18.35625	5.74365980069888e-12
18.375	5.975776056115233e-12
18.39375	6.2172728587165795e-12
18.4125	6.4685293092635106e-12
18.43125	6.7299398295911745e-12
18.45	7.001914781811979e-12
18.46875	7.284881112543535e-12
18.4875	7.579283023175057e-12
18.50625	7.885582667222906e-12
18.525	8.20426087587118e-12
18.54375	8.535817912836521e-12
18.5625	8.88077425974165e-12
18.58125	9.239671433231535e-12
18.6	9.613072835115253e-12
18.61875	1.000156463686742e-11
18.6375	1.0405756699879344e-11
18.65625	1.0826283532903348e-11
18.675	1.1263805288195202e-11
18.69375	1.1719008797917252e-11
18.7125	1.2192608652431164e-11
18.73125	1.2685348322172168e-11
18.75	1.3198001324866393e-11
18.76875	1.3731372439925255e-11
18.7875	1.428629897192253e-11
18.80625	1.4863652065138673e-11
18.825	1.5464338071236327e-11
18.84375	1.6089299972214718e-11
18.8625	1.6739518860877264e-11
18.88125	1.7416015481137158e-11
18.9	1.8119851830579487e-11
18.91875	1.8852132827797154e-11
18.9375	1.9614008047117013e-11
18.95625	2.0406673523441956e-11
18.975	2.1231373630043344e-11
18.99375	2.2089403032250314e-11
19.0125	2.2982108720106806e-11
19.03125	2.3910892123185142e-11
19.05	2.4877211310880448e-11
19.06875	2.5882583281638022e-11
19.0875	2.692858634471177e-11
19.10625	2.8016862598191537e-11
19.125	2.914912050719065e-11
19.14375	3.03271375862451e-11
19.1625	3.155276319013455e-11
19.18125	3.282792141750732e-11
19.2	3.4154614131874194e-11
19.21875	3.553492410470709e-11
19.2375	3.6971018285586875e-11
19.25625	3.8465151204531305e-11
19.275	4.0019668511847514e-11
19.29375	4.163701066107029e-11
19.3125	4.331971674076435e-11
19.33125	4.507042846121838e-11
19.35	4.689189430228218e-11
19.36875	4.8786973828867154e-11
19.3875	5.075864218088767e-11
19.40625	5.280999474469052e-11
19.425	5.494425201331671e-11
19.44375	5.71647646432213e-11
19.4625	5.94750187154015e-11
19.48125	6.187864120919044e-11
19.5	6.43794056973137e-11
19.51875	6.698123827115963e-11
19.5375	6.968822370556515e-11
19.55625	7.250461187279859e-11
19.575	7.543482441582453e-11
19.59375	7.84834616913152e-11
19.6125	8.165530999333135e-11
19.63125	8.495534906900919e-11
19.65	8.838875993806141e-11
19.66875	9.196093302837955e-11
19.6875	9.567747664050377e-11
19.70625	9.954422575427849e-11
19.725	1.0356725119150577e-10
19.74375	1.0775286914900259e-10
19.7625	1.1210765111703725e-10
19.78125	1.166384341987163e-10
19.8	1.2135233184654298e-10
19.81875	1.2625674503301512e-10
19.8375	1.3135937387279822e-10
19.85625	1.3666822971474917e-10
19.875	1.4219164772276892e-10
19.89375	1.4793829996526765e-10
19.9125	1.5391720903379468e-10
19.93125	1.6013776221222703e-10
19.95	1.6660972621879903e-10
19.96875	1.7334326254409728e-10
19.9875	1.8034894340915684e-10
20.00625	1.8763776836870903e-10
20.025	1.9522118158567464e-10
20.04375	2.0311108980404493e-10
20.0625	2.1131988104838805e-10
20.08125	2.198604440793649e-10
20.1	2.287461886358234e-10
20.11875	2.379910664952764e-10
20.1375	2.476095933858676e-10
20.15625	2.576168717842318e-10
20.175	2.680286146350992e-10
20.19375	2.788611700299171e-10
20.2125	2.9013154688324325e-10
20.23125	3.018574416472987e-10
20.25	3.1405726610661915e-10
20.26875	3.267501762965322e-10
20.2875	3.3995610259086133e-10
20.30625	3.536957810061887e-10
20.325	3.6799078577184023e-10
20.34375	3.828635632167797e-10
20.3625	3.9833746702670817e-10
20.38125	4.1443679492674645e-10
20.4	4.311868268473737e-10
20.41875	4.4861386463360564e-10
20.4375	4.667452733598304e-10
20.45625	4.856095243152412e-10
20.475	5.05236239727435e-10
20.49375	5.256562392944741e-10
20.5125	5.469015885985854e-10
20.53125	5.690056494775228e-10
20.55	5.920031324329071e-10
20.56875	6.159301511578087e-10
20.5875	6.408242792693623e-10
20.60625	6.667246093356094e-10
20.625	6.936718142893073e-10
20.64375	7.217082113253533e-10
20.6625	7.508778283821908e-10
20.68125	7.812264733118223e-10
20.7	8.128018058471169e-10
20.71875	8.456534124795661e-10
20.7375	8.798328843653066e-10
20.75625	9.153938983818436e-10
20.775	9.523923014629262e-10
20.79375	9.908861983443278e-10
20.8125	1.030936042858292e-9
20.83125	1.0726047329204478e-9
20.85	1.115957709358442e-9
20.86875	1.161063058737759e-9
20.8875	1.2079916203465019e-9
20.90625	1.2568170975072361e-9
20.925	1.3076161733912635e-9
20.94375	1.3604686315172032e-9
20.9625	1.4154574811235968e-9
20.98125	1.472669087612748e-9
21.0	1.5321933082708752e-9
21.01875	1.59412363347821e-9
21.0375	1.6585573336312232e-9
21.05625	1.7255956120079452e-9
21.075	1.7953437638171173e-9
21.09375	1.8679113416811745e-9
21.1125	1.943412327813684e-9
21.13125	2.021965313162007e-9
21.15	2.103693683797027e-9
21.16875	2.1887258148435696e-9
21.1875	2.2771952722561626e-9
21.20625	2.369241022758215e-9
21.225	2.4650076522747066e-9
21.24375	2.5646455932022447e-9
21.2625	2.6683113608743317e-9
21.28125	2.776167799593654e-9
21.3	2.888384338619295e-9
21.31875	3.0051372585112155e-9
21.3375	3.126609968251628e-9
21.35625	3.2529932935795554e-9
21.375	3.3844857769922302e-9
21.39375	3.5212939898859493e-9
21.4125	3.663632857327902e-9
21.43125	3.8117259959699785e-9
21.45	3.965806065637156e-9
21.46875	4.126115135143578e-9
21.4875	4.292905062912998e-9
21.50625	4.466437893002643e-9
21.525	4.646986267154195e-9
21.54375	4.834833853521518e-9
21.5625	5.030275792749357e-9
21.58125	5.2336191621068e-9
21.6	5.445183458406e-9
21.61875	5.665301100467186e-9
21.6375	5.894317951921585e-9
21.65625	6.132593865175983e-9
21.675	6.3805032473960435e-9
21.69375	6.638435649400295e-9
21.7125	6.906796378392735e-9
21.73125	7.18600713550004e-9
21.75	7.476506679117517e-9
21.76875	7.778751515110022e-9
21.7875	8.09321661495585e-9
21.80625	8.420396162964913e-9
21.825	8.760804333750253e-9
21.84375	9.114976101177482e-9
21.8625	9.483468080069009e-9
21.88125	9.866859401988856e-9
21.9	1.0265752626490611e-8
21.91875	1.0680774689264517e-8
21.9375	1.1112577888679095e-8
21.95625	1.1561840912274401e-8
21.975	1.2029269904825134e-8
21.99375	1.2515599579658971e-8
22.0125	1.30215943749833e-8
22.03125	1.354804965704488e-8
22.05	1.4095792972020913e-8
22.06875	1.4665685348617044e-8
22.0875	1.525862265342801e-8
22.10625	1.5875537001200865e-8
22.125	1.651739822222454e-8
22.14375	1.7185215389166052e-8
22.1625	1.7880038405759894e-8
22.18125	1.8602959659861352e-8
22.2	1.9355115743473786e-8
22.21875	2.0137689242464387e-8
22.2375	2.0951910598797725e-8
22.25625	2.179906004822561e-8
22.275	2.2680469636496886e-8
22.29375	2.3597525317270436e-8
22.3125	2.455166913504562e-8
22.33125	2.5544401496561927e-8
22.35	2.6577283534255114e-8
22.36875	2.7651939565504966e-8
22.3875	2.877005965156546e-8
22.40625	2.993340226021606e-8
22.425	3.1143797036350176e-8
22.44375	3.24031476848777e-8
22.4625	3.3713434970501444e-8
22.48125	3.5076719839113186e-8
22.5	3.649514666574148e-8
22.51875	3.797094663419758e-8
22.5375	3.950644125375769e-8
22.55625	4.11040460184513e-8
22.575	4.276627421474564e-8
22.59375	4.4495740883649665e-8
22.6125	4.629516694351239e-8
22.63125	4.816738348004314e-8
22.65	5.011533621034121e-8
22.66875	5.214209012801027e-8
22.6875	5.425083433670721e-8
22.70625	5.644488707978889e-8
22.725	5.872770097401983e-8
22.74375	6.110286845563255e-8
22.7625	6.35741274473791e-8
22.78125	6.61453672555409e-8
22.8	6.882063470625886e-8
22.81875	7.160414053090359e-8
22.8375	7.450026601061291e-8
22.85625	7.751356989053743e-8
22.875	8.064879557474969e-8
22.89375	8.391087861324967e-8
22.9125	8.730495449292747e-8
22.93125	9.083636674485683e-8
22.95	9.451067538078828e-8
22.96875	9.833366567222535e-8
22.9875	1.0231135728603234e-7
23.00625	1.0645001379108136e-7
23.025	1.1075615255102814e-7
23.04375	1.1523655501894641e-7
23.0625	1.19898277450163e-7
23.08125	1.2474866205033477e-7
23.1	1.2979534857647196e-7
23.11875	1.350462864093679e-7
23.1375	1.4050974711661893e-7
23.15625	1.461943375262167e-7
23.175	1.521090133315217e-7
23.19375	1.582630932492543e-7
23.2125	1.646662737530392e-7
23.23125	1.713286444059574e-7
23.25	1.7826070381651635e-7
23.26875	1.8547337624344934e-7
23.2875	1.9297802887579333e-7
23.30625	2.0078648981577508e-7
23.325	2.0891106679317297e-7
23.34375	2.1736456664096402e-7
23.3625	2.2616031556332774e-7
23.38125	2.3531218022833144e-7
23.4	2.448345897189182e-7
23.41875	2.54742558377255e-7
23.4375	2.6505170957886434e-7
23.45625	2.75778300474529e-7
23.475	2.8693924773944173e-7
23.49375	2.985521543707628e-7
23.5125	3.1063533757637326e-7
23.53125	3.2320785779938793e-7
23.55	3.3628954892485643e-7
23.56875	3.4990104971692633e-7
23.5875	3.64063836536745e-7
23.60625	3.788002573934968e-7
23.625	3.941335673829834e-7
23.64375	4.1008796557056845e-7
23.6625	4.2668863337749536e-7
23.68125	4.4396177453208475e-7
23.7	4.6193465664984543e-7
23.71875	4.806356545090821e-7
23.7375	5.000942950914979e-7
23.75625	5.203413044599241e-7
23.775	5.414086565484505e-7
23.79375	5.6332962394327e-7
23.8125	5.861388307357129e-7
23.83125	6.098723075324388e-7
23.85	6.345675487110913e-7
23.86875	6.602635720135196e-7
23.8875	6.870009805723271e-7
23.90625	7.148220274705067e-7
23.925	7.437706829381078e-7
23.94375	7.738927042940481e-7
23.9625	8.052357087456782e-7
23.98125	8.378492491634943e-7
24.0	8.717848929529143e-7
24.01875	9.070963041504809e-7
24.0375	9.438393288767821e-7
24.05625	9.820720842840055e-7
24.075	1.0218550511417599e-6
24.09375	1.063251170210537e-6
24.1125	1.1063259425587622e-6
24.13125	1.1511475339853465e-6
24.15	1.1977868837167347e-6
24.16875	1.2463178175543153e-6
24.1875	1.2968171656552136e-6
24.20625	1.3493648851373165e-6
24.225	1.4040441877071765e-6
24.24375	1.4609416725175274e-6
24.2625	1.5201474644700578e-6
24.28125	1.5817553581876429e-6
24.3	1.645862967889947e-6
24.31875	1.7125718834157133e-6
24.3375	1.7819878326452218e-6
24.35625	1.8542208505872786e-6
24.375	1.929385455405351e-6
24.39375	2.0076008316698e-6
24.4125	2.0889910211343887e-6
24.43125	2.173685121347991e-6
24.45	2.261817492425441e-6
24.46875	2.353527972314486e-6
24.4875	2.4489621009107806e-6
24.50625	2.548271353386425e-6
24.525	2.6516133831136626e-6
24.54375	2.759152274580999e-6
24.5625	2.8710588067153386e-6
24.58125	2.9875107270415265e-6
24.6	3.1086930371285004e-6
24.61875	3.2347982897897028e-6
24.6375	3.3660268985257466e-6
24.65625	3.5025874597168453e-6
24.675	3.644697088094778e-6
24.69375	3.7925817660453947e-6
24.7125	3.946476707316707e-6
24.73125	4.106626735730986e-6
24.75	4.273286679524652e-6
24.76875	4.446721781966491e-6
24.7875	4.627208128931218e-6
24.80625	4.8150330941344974e-6
24.825	5.010495802765033e-6
24.84375	5.2139076142803764e-6
24.8625	5.425592625165426e-6
24.88125	5.645888192486239e-6
24.9	5.875145479106935e-6
24.91875	6.1137300214743655e-6
24.9375	6.36202232091266e-6
24.95625	6.620418459410689e-6
24.975	6.889330740926608e-6
24.99375	7.1691883592762595e-6
25.0125	7.460438093719017e-6
25.03125	7.763545033399916e-6
25.05	8.07899333185826e-6
25.06875	8.407286992861992e-6
25.0875	8.74895068888291e-6
25.10625	9.104530613581706e-6
25.125	9.474595369730905e-6
25.14375	9.859736894065507e-6
25.1625	1.0260571420612898e-5
25.18125	1.0677740484120552e-5
25.2	1.1111911965270562e-5
25.21875	1.1563781179438294e-5
25.2375	1.203407201083265e-5
25.25625	1.2523538093929976e-5
25.275	1.3032964044197336e-5
25.29375	1.3563166740186845e-5
25.3125	1.411499665916919e-5
25.33125	1.4689339268572958e-5
25.35	1.5287116475587216e-5
25.36875	1.5909288137391215e-5
25.3875	1.6556853634579376e-5
25.40625	1.723085351045875e-5
25.425	1.7932371179015394e-5
25.44375	1.8662534704462353e-5
25.4625	1.9422518655412104e-5
25.48125	2.0213546036844152e-5
25.5	2.103689030317718e-5
25.51875	2.1893877455900394e-5
25.5375	2.278588822936549e-5
25.55625	2.371436036849761e-5
25.575	2.4680791002351314e-5
25.59375	2.5686739117598862e-5
25.6125	2.6733828136228043e-5
25.63125	2.7823748601903578e-5
25.65	2.8958260979645206e-5
25.66875	3.0139198573679246e-5
25.6875	3.136847056852704e-5
25.70625	3.264806519862691e-5
25.725	3.398005305200464e-5
25.74375	3.536659051375974e-5
25.7625	3.680992335538538e-5
25.78125	3.831239047620037e-5
25.8	3.9876427803455186e-5
25.81875	4.150457235796051e-5
25.8375	4.3199466492383904e-5
25.85625	4.496386230968742e-5
25.875	4.680062626949596e-5
25.89375	4.871274399054627e-5
25.9125	5.070332525771569e-5
25.93125	5.2775609242512277e-5
25.95	5.4932969946310656e-5
25.96875	5.717892187601192e-5
25.9875	5.9517125962263324e-5
26.00625	6.195139573080562e-5
26.025	6.44857037380001e-5
26.04375	6.71241882820788e-5
26.0625	6.987116040218033e-5
26.08125	7.273111117777665e-5
26.1	7.57087193416622e-5
26.11875	7.880885922027217e-5
26.1375	8.203660901572022e-5
26.15625	8.53972594445881e-5
26.175	8.88963227491944e-5
26.19375	9.253954209777687e-5
26.2125	9.633290139076071e-5
26.23125	0.00010028263549108905
26.25	0.00010439524089738329
26.26875	0.00010867748687959203
26.2875	0.00011313642709765222
26.30625	0.00011777941172466094
26.325	0.00012261410009701675
26.34375	0.00012764847391503277
26.3625	0.00013289085101862242
26.38125	0.00013834989976376985
26.4	0.0001440346540267063
26.41875	0.00014995452886395322
26.4375	0.0001561193368577093
26.45625	0.00016253930517742251
26.475	0.00016922509338983832
26.49375	0.00017618781205131441
26.5125	0.0001834390421177952
26.53125	0.00019099085520945963
26.55	0.0001988558347688741
26.56875	0.0002070470981532261
26.5875	0.00021557831970319926
26.60625	0.00022446375483304847
26.625	0.000233718265188525
26.64375	0.0002433573449215833
26.6625	0.000253397148133066
26.68125	0.0002638545175370883
26.7	0.0002747470144033586
26.71875	0.0002860929498364036
26.7375	0.0002979114174535425
26.75625	0.0003102223275263902
26.775	0.0003230464426538424
26.79375	0.00033640541503784065
26.8125	0.00035032182543657663
26.83125	0.00036481922387360504
26.85	0.0003799221721850618
26.86875	0.0003956562884912797
26.8875	0.0004120482936833794
26.90625	0.0004291260600198015
26.925	0.00044691866193263824
26.94375	0.0004654564291483982
26.9625	0.00048477100223321854
26.98125	0.0005048953906780228
27.0	0.000525864033644864
27.01875	0.0005477128635019641
27.0375	0.0005704793722812646
27.05625	0.0005942026811992632
27.075	0.0006189236133889813
27.09375	0.0006446847699985232
27.1125	0.0006715306098197721
27.13125	0.0006995075326190836
27.15	0.0007286639663508158
27.16875	0.0007590504584440415
27.1875	0.0007907197713624835
27.20625	0.0008237269826485723
27.225	0.0008581295896733385
27.24375	0.0008939876193257645
27.2625	0.0009313637428876352
27.28125	0.0009703233963529168
27.3	0.001010934906464931
27.31875	0.0010532696227589274
27.3375	0.0010974020559135415
27.35625	0.0011434100227310652
27.375	0.0011913747980838354
27.39375	0.0012413812741828099
27.4125	0.0012935181275439969
27.43125	0.001347877994049113
27.45	0.0014045576525193158
27.46875	0.0014636582172439714
27.4875	0.0015252853399318153
27.50625	0.00158954942157798
27.525	0.00165656583476878
27.54375	0.0017264551569761892
27.5625	0.0017993434154253308
27.58125	0.0018753623441529472
27.6	0.001954649653910206
27.61875	0.0020373493156020813
27.6375	0.00212361185799626
27.65625	0.0022135946804782473
27.675	0.0023074623816758677
27.69375	0.002405387104825906
27.7125	0.0025075489008086834
27.73125	0.002614136109832944
27.75	0.002725345762813508
27.76875	0.00284138400354915
27.7875	0.0029624665328770064
27.80625	0.003088819076053185
27.825	0.0032206778746891097
27.84375	0.003358290204656686
27.8625	0.0035019149214670204
27.88125	0.0036518230347234947
27.9	0.003808298313355076
27.91875	0.003971637923446575
27.9375	0.004142153100602809
27.95625	0.004320169858912748
27.975	0.004506029738717238
27.99375	0.004700090595533202
28.0125	0.004902727432646801
28.03125	0.005114333280060275
28.05	0.005335320122662319
28.06875	0.005566119880691567
28.0875	0.005807185445777534
28.10625	0.006058991776075822
28.125	0.006322037054263393
28.14375	0.006596843912431869
28.1625	0.006883960728206032
28.18125	0.007183962996731632
28.2	0.007497454783516878
28.21875	0.007825070263479497
28.2375	0.008167475351952239
28.25625	0.0085253694338289
28.275	0.008899487197503381
28.29375	0.00929060058075932
28.3125	0.009699520836318023
28.33125	0.010127100725351112
28.35	0.010574236847908354
28.36875	0.01104187211991743
28.3875	0.011530998407176021
28.40625	0.012042659327584753
28.425	0.0125779532337779
28.44375	0.013138036389287714
28.4625	0.01372412635245032
28.48125	0.01433750558342848
28.5	0.01497952529099267
28.51875	0.015651609537093346
28.5375	0.016355259618761685
28.55625	0.017092058748527667
28.575	0.01786367705634492
28.59375	0.018671876937972592
28.6125	0.019518518776916915
28.63125	0.020405567069379404
28.65	0.02133509698422446
28.66875	0.022309301392789943
28.6875	0.023330498406433264
28.70625	0.024401139463074904
28.725	0.025523818007681574
28.74375	0.02670127881567167
28.7625	0.027936428012653013
28.78125	0.029232343848750054
28.8	0.030592288291111554
28.81875	0.03201971950402321
28.8375	0.03351830529246746
28.85625	0.035091937592017085
28.875	0.036744748095679174
28.89375	0.038481125116819684
28.9125	0.040305731796633534
28.93125	0.042223525774909336
28.95	0.04423978045414371
28.96875	0.046360107999493354
28.9875	0.04859048423075393
29.00625	0.050937275577629636
29.025	0.05340726828615488
29.04375	0.0560077000824382
29.0625	0.058746294520042375
29.08125	0.061631298259564475
29.1	0.06467152155346548
29.11875	0.06787638223625818
29.1375	0.07125595354997899
29.15625	0.07482101616779746
29.175	0.07858311481498761
29.19375	0.08255461992660437
29.2125	0.08674879482558776
29.23125	0.09117986895401516
29.25	0.09586311774439787
29.26875	0.10081494977783927
29.2875	0.10605300194212433
29.30625	0.1115962433761274
29.325	0.11746508906810185
29.34375	0.12368152406523145
29.3625	0.1302692393514024
29.38125	0.13725378056041446
29.4	0.1446627108140984
29.41875	0.15252578911043482
29.4375	0.16087516583713904
29.45625	0.16974559715323181
29.475	0.17917468016650875
29.49375	0.18920311104095822
29.5125	0.19987496839729163
29.53125	0.21123802462470273
29.55	0.22334408800587618
29.56875	0.2362493788735134
29.5875	0.2500149433693911
29.60625	0.26470710877070885
29.625	0.28039798478831424
29.64375	0.29716601573353396
29.6625	0.315096589001284
29.68125	0.33428270593506737
29.7	0.3548257218333606
29.71875	0.37683616263722497
29.7375	0.400434626718404
29.75625	0.42575278117963905
29.775	0.4529344632016767
29.79375	0.4821368982443448
29.8125	0.5135320483554745
29.83125	0.5473081054898619
29.85	0.5836711466237771
29.86875	0.6228469696094642
29.8875	0.6650831311965242
29.90625	0.7106512115116389
29.925	0.7598493326060396
29.94375	0.8130049625370078
29.9625	0.8704780409525411
29.98125	0.9326644674259564
30.0	1.0
