-12.550662651091224  1.3508126531558418e-05
-12.534954687823275  1.3497340634271993e-05
-12.519246724555325  1.3486975141030477e-05
-12.503538761287377  1.3477025521346775e-05
-12.487830798019427  1.3467487458007632e-05
-12.47212283475148  1.3458356875495348e-05
-12.456414871483531  1.3449629897022142e-05
-12.440706908215581  1.3441302732730698e-05
-12.424998944947632  1.343337155040869e-05
-12.409290981679684  1.3425832652957936e-05
-12.393583018411734  1.341868254328693e-05
-12.377875055143784  1.3411917826333664e-05
-12.362167091875836  1.3405535221389098e-05
-12.346459128607888  1.3399531574642687e-05
-12.330751165339938  1.3393903851799394e-05
-12.315043202071989  1.3388649141854447e-05
-12.29933523880404  1.3383764658425612e-05
-12.283627275536091  1.337924762856435e-05
-12.267919312268143  1.3375095410661508e-05
-12.252211349000193  1.3371305462750449e-05
-12.236503385732243  1.336787529326866e-05
-12.220795422464295  1.3364802493365247e-05
-12.205087459196347  1.3362084715806688e-05
-12.189379495928398  1.3359719687966454e-05
-12.173671532660448  1.3357705297034617e-05
-12.1579635693925  1.335603947022479e-05
-12.142255606124552  1.3354720188041291e-05
-12.1265476428566  1.3353745490995994e-05
-12.110839679588652  1.3353113423986152e-05
-12.095131716320704  1.3352822103962492e-05
-12.079423753052755  1.335286976544836e-05
-12.063715789784805  1.3353254721681918e-05
-12.048007826516857  1.3353975311658495e-05
-12.032299863248907  1.3355029924888573e-05
-12.01659189998096  1.3356417052579062e-05
-12.000883936713011  1.3358135230401302e-05
-11.985175973445061  1.3360182963162437e-05
-11.969468010177112  1.3362558870966268e-05
-11.953760046909164  1.3365261579467713e-05
-11.938052083641214  1.3368289736304106e-05
-11.922344120373264  1.3371642072268486e-05
-11.906636157105316  1.3375317388264474e-05
-11.890928193837368  1.3379314497852235e-05
-11.875220230569418  1.3383632332664153e-05
-11.859512267301469  1.3388269812120157e-05
-11.84380430403352  1.3393225881563886e-05
-11.82809634076557  1.3398499492112137e-05
-11.812388377497623  1.3404089633906047e-05
-11.796680414229673  1.3409995351154613e-05
-11.780972450961723  1.3416215737083181e-05
-11.765264487693775  1.3422749961189417e-05
-11.749556524425827  1.3429597215675049e-05
-11.733848561157878  1.3436756662654759e-05
-11.718140597889928  1.3444227475067905e-05
-11.70243263462198  1.345200880775721e-05
-11.686724671354032  1.3460099972106843e-05
-11.67101670808608  1.346850034444902e-05
-11.655308744818132  1.347720924349538e-05
-11.639600781550184  1.3486226081438346e-05
-11.623892818282235  1.3495550241215959e-05
-11.608184855014287  1.3505181090556206e-05
-11.592476891746337  1.3515118051921071e-05
-11.576768928478387  1.3525360563648725e-05
-11.561060965210439  1.3535908120920759e-05
-11.545353001942491  1.3546760261051727e-05
-11.529645038674541  1.3557916534567838e-05
-11.513937075406592  1.3569376541233691e-05
-11.498229112138644  1.358113986121845e-05
-11.482521148870694  1.3593206036444094e-05
-11.466813185602744  1.3605574666675224e-05
-11.451105222334796  1.3618245442936772e-05
-11.435397259066848  1.363121806208234e-05
-11.419689295798898  1.3644492206699166e-05
-11.403981332530948  1.365806757880339e-05
-11.388273369263  1.3671943939308484e-05
-11.37256540599505  1.3686120997391527e-05
-11.356857442727103  1.3700598503252337e-05
-11.341149479459153  1.37153762522213e-05
-11.325441516191205  1.3730454032301331e-05
-11.309733552923255  1.374583164825971e-05
-11.294025589655307  1.3761509013110462e-05
-11.278317626387357  1.3777486009891593e-05
-11.262609663119408  1.3793762441816071e-05
-11.24690169985146  1.3810338172381975e-05
-11.231193736583512  1.3827213101891278e-05
-11.215485773315562  1.384438720669623e-05
-11.199777810047612  1.3861860440167462e-05
-11.184069846779664  1.3879632725588564e-05
-11.168361883511714  1.3897704070953143e-05
-11.152653920243766  1.3916074495856634e-05
-11.136945956975817  1.393474393096561e-05
-11.121237993707867  1.3953712354353165e-05
-11.105530030439919  1.3972979846954559e-05
-11.089822067171971  1.3992546500307679e-05
-11.074114103904021  1.4012412381747552e-05
-11.058406140636071  1.4032577585254558e-05
-11.042698177368123  1.4053042186490394e-05
-11.026990214100175  1.407380627072019e-05
-11.011282250832224  1.4094869972280932e-05
-10.995574287564276  1.4116233423955293e-05
-10.979866324296328  1.4137896758859014e-05
-10.964158361028378  1.4159860129203672e-05
-10.948450397760428  1.418212373333061e-05
-10.93274243449248  1.4204687760366319e-05
-10.91703447122453  1.4227552426415713e-05
-10.901326507956583  1.4250717930819334e-05
-10.885618544688633  1.4274184528151324e-05
-10.869910581420685  1.4297952477426712e-05
-10.854202618152735  1.4322022004908952e-05
-10.838494654884787  1.4346393359843113e-05
-10.822786691616837  1.4371066846208258e-05
-10.807078728348888  1.4396042805286946e-05
-10.79137076508094  1.4421321574364931e-05
-10.775662801812992  1.444690348018085e-05
-10.759954838545042  1.4472788810560022e-05
-10.744246875277092  1.449897785354981e-05
-10.728538912009144  1.4525470988790978e-05
-10.712830948741194  1.4552268639222987e-05
-10.697122985473246  1.4579371244938244e-05
-10.681415022205297  1.4606779183856666e-05
-10.665707058937347  1.463449283767293e-05
-10.649999095669399  1.4662512628604851e-05
-10.63429113240145  1.4690838986641808e-05
-10.618583169133501  1.4719472371471642e-05
-10.602875205865551  1.4748413238785396e-05
-10.587167242597603  1.477766211954723e-05
-10.571459279329655  1.4807219511192571e-05
-10.555751316061704  1.4837085845598175e-05
-10.540043352793756  1.4867261631301698e-05
-10.524335389525808  1.4897747422526475e-05
-10.508627426257858  1.4928543790260207e-05
-10.492919462989908  1.4959651277957065e-05
-10.47721149972196  1.4991070441283671e-05
-10.46150353645401  1.5022801830466559e-05
-10.445795573186063  1.5054846034812108e-05
-10.430087609918115  1.5087203634189805e-05
-10.414379646650165  1.5119875242830538e-05
-10.398671683382215  1.515286152287132e-05
-10.382963720114267  1.5186163125180396e-05
-10.367255756846317  1.521978069690677e-05
-10.351547793578368  1.5253714899743365e-05
-10.33583983031042  1.5287966421584365e-05
-10.320131867042472  1.5322535961315165e-05
-10.304423903774522  1.5357424230311167e-05
-10.288715940506572  1.539263193195417e-05
-10.273007977238624  1.5428159750530135e-05
-10.257300013970674  1.546400841306861e-05
-10.241592050702726  1.550017869245135e-05
-10.225884087434777  1.5536671395310897e-05
-10.210176124166829  1.5573487274100906e-05
-10.194468160898879  1.5610627110973496e-05
-10.17876019763093  1.5648091690190213e-05
-10.163052234362981  1.5685881821880798e-05
-10.147344271095031  1.5723998345762435e-05
-10.131636307827083  1.5762442139966026e-05
-10.115928344559135  1.58012140608621e-05
-10.100220381291184  1.584031492818383e-05
-10.084512418023236  1.5879745624503006e-05
-10.068804454755288  1.59195070621454e-05
-10.053096491487338  1.5959600183579337e-05
-10.03738852821939  1.6000025912177307e-05
-10.02168056495144  1.604078515349272e-05
-10.00597260168349  1.6081878868590138e-05
-9.990264638415542  1.612330802380768e-05
-9.974556675147594  1.6165073565055366e-05
-9.958848711879645  1.6207176506632948e-05
-9.943140748611695  1.624961787616286e-05
-9.927432785343747  1.629239866751675e-05
-9.911724822075797  1.6335519890997574e-05
-9.896016858807847  1.6378982629738914e-05
-9.8803088955399  1.6422787938674688e-05
-9.864600932271951  1.646693684609346e-05
-9.848892969004002  1.651143042336045e-05
-9.833185005736052  1.655626978913638e-05
-9.817477042468104  1.6601456049647467e-05
-9.801769079200154  1.6646990307567222e-05
-9.786061115932206  1.6692873715307144e-05
-9.770353152664256  1.6739107435936873e-05
-9.754645189396308  1.6785692642962147e-05
-9.738937226128359  1.6832630547636285e-05
-9.72322926286041  1.6879922374091194e-05
-9.707521299592461  1.6927569334468373e-05
-9.691813336324511  1.6975572680655304e-05
-9.676105373056563  1.702393364666488e-05
-9.660397409788615  1.7072653425209694e-05
-9.644689446520665  1.7121733310254683e-05
-9.628981483252716  1.7171174590657756e-05
-9.613273519984768  1.7220978578591506e-05
-9.597565556716818  1.7271146636965717e-05
-9.58185759344887  1.7321680119364302e-05
-9.56614963018092  1.7372580341401545e-05
-9.55044166691297  1.7423848669650965e-05
-9.534733703645022  1.7475486464801904e-05
-9.519025740377074  1.7527495147495742e-05
-9.503317777109125  1.7579876115281223e-05
-9.487609813841175  1.763263077148025e-05
-9.471901850573227  1.768576061156324e-05
-9.456193887305279  1.7739267142657944e-05
-9.440485924037327  1.7793151842804278e-05
-9.42477796076938  1.7847416135197136e-05
-9.409069997501431  1.790206153540197e-05
-9.393362034233482  1.7957089629594414e-05
-9.377654070965532  1.8012501958764027e-05
-9.361946107697584  1.8068300061013787e-05
-9.346238144429634  1.8124485511639143e-05
-9.330530181161686  1.8181059906696717e-05
-9.314822217893736  1.8238024887873294e-05
-9.299114254625788  1.8295382095967483e-05
-9.283406291357839  1.8353133182547055e-05
-9.26769832808989  1.8411279830710114e-05
-9.25199036482194  1.8469823727329526e-05
-9.236282401553991  1.8528766559500198e-05
-9.220574438286043  1.8588110048400885e-05
-9.204866475018095  1.8647855964504245e-05
-9.189158511750145  1.8708006021994628e-05
-9.173450548482196  1.8768561989124244e-05
-9.157742585214248  1.8829525735286623e-05
-9.142034621946298  1.889089908202468e-05
-9.12632665867835  1.8952683824347005e-05
-9.1106186954104  1.9014881833312458e-05
-9.09491073214245  1.9077495000296985e-05
-9.079202768874502  1.9140525182592683e-05
-9.063494805606554  1.9203974327974827e-05
-9.047786842338605  1.926784437411566e-05
-9.032078879070655  1.9332137248639913e-05
-9.016370915802707  1.9396854917530515e-05
-9.000662952534759  1.946199938829274e-05
-8.984954989266807  1.952757268924854e-05
-8.96924702599886  1.9593576906673515e-05
-8.953539062730911  1.966001410608209e-05
-8.937831099462962  1.9726886324566983e-05
-8.922123136195012  1.9794195612987675e-05
-8.906415172927064  1.986194412595399e-05
-8.890707209659114  1.99301340531588e-05
-8.874999246391166  1.999876754943397e-05
-8.859291283123216  2.0067846766780306e-05
-8.843583319855268  2.0137373865802832e-05
-8.827875356587318  2.0207351123791017e-05
-8.81216739331937  2.0277780826472025e-05
-8.79645943005142  2.03486652505247e-05
-8.780751466783471  2.042000669683075e-05
-8.765043503515523  2.0491807496136882e-05
-8.749335540247575  2.0564069965200993e-05
-8.733627576979625  2.063679645658567e-05
-8.717919613711675  2.0709989378808746e-05
-8.702211650443727  2.0783651182298968e-05
-8.686503687175778  2.085778432409091e-05
-8.67079572390783  2.0932391268990713e-05
-8.65508776063988  2.1007474492074074e-05
-8.63937979737193  2.108303651893184e-05
-8.623671834103982  2.1159079913513068e-05
-8.607963870836034  2.123560723260587e-05
-8.592255907568084  2.1312621031444046e-05
-8.576547944300135  2.1390123903564096e-05
-8.560839981032187  2.1468118521550394e-05
-8.545132017764239  2.154660761694016e-05
-8.529424054496287  2.1625593898677575e-05
-8.51371609122834  2.170508006238414e-05
-8.498008127960391  2.1785068850255218e-05
-8.482300164692441  2.186556305483478e-05
-8.466592201424492  2.1946565451513855e-05
-8.450884238156544  2.202807887302649e-05
-8.435176274888594  2.2110106215333936e-05
-8.419468311620646  2.2192650392716118e-05
-8.403760348352698  2.227571431329123e-05
-8.388052385084748  2.2359300914431834e-05
-8.372344421816798  2.244341316470777e-05
-8.35663645854885  2.2528054106185635e-05
-8.3409284952809  2.2613226776546647e-05
-8.32522053201295  2.2698934223130962e-05
-8.309512568745003  2.2785179559114965e-05
-8.293804605477055  2.2871965915938208e-05
-8.278096642209105  2.29592964407499e-05
-8.262388678941155  2.304717435608339e-05
-8.246680715673207  2.3135602869817085e-05
-8.230972752405258  2.3224585265158026e-05
-8.21526478913731  2.331412480344186e-05
-8.19955682586936  2.3404224801071294e-05
-8.183848862601412  2.349488869285432e-05
-8.168140899333462  2.3586119888618917e-05
-8.152432936065514  2.3677921745346442e-05
-8.136724972797564  2.3770297668368467e-05
-8.121017009529615  2.3863251153666276e-05
-8.105309046261667  2.3956785754952747e-05
-8.089601082993719  2.4050905086281382e-05
-8.073893119725767  2.4145612745551936e-05
-8.058185156457819  2.4240912335882214e-05
-8.042477193189871  2.433680748975542e-05
-8.026769229921921  2.443330191759241e-05
-8.011061266653973  2.4530399395372715e-05
-7.995353303386024  2.4628103721169303e-05
-7.979645340118075  2.4726418710152576e-05
-7.963937376850126  2.4825348215740117e-05
-7.948229413582177  2.4924896133426966e-05
-7.932521450314227  2.502506638046853e-05
-7.916813487046278  2.512586294400876e-05
-7.90110552377833  2.5227289842333356e-05
-7.885397560510381  2.5329351104219633e-05
-7.869689597242432  2.5432050805962447e-05
-7.853981633974483  2.5535393121722816e-05
-7.838273670706534  2.563938227562179e-05
-7.822565707438586  2.574402246063867e-05
-7.806857744170635  2.584931793092604e-05
-7.791149780902687  2.5955272994926393e-05
-7.775441817634738  2.6061892010265097e-05
-7.7597338543667895  2.6169179377422136e-05
-7.74402589109884  2.6277139536845517e-05
-7.728317927830891  2.6385776949855444e-05
-7.712609964562942  2.6495096118239747e-05
-7.696902001294994  2.6605101632215522e-05
-7.681194038027043  2.671579813484648e-05
-7.665486074759095  2.6827190314215876e-05
-7.6497781114911465  2.6939282891547123e-05
-7.634070148223198  2.705208059372577e-05
-7.618362184955249  2.7165588258659668e-05
-7.602654221687299  2.727981076044994e-05
-7.58694625841935  2.739475301838379e-05
-7.571238295151402  2.7510419989218438e-05
-7.555530331883453  2.76268166380933e-05
-7.5398223686155035  2.7743948018466025e-05
-7.524114405347555  2.786181928621234e-05
-7.508406442079606  2.7980435620966748e-05
-7.492698478811658  2.809980228274389e-05
-7.476990515543707  2.8219924515515693e-05
-7.461282552275758  2.834080762897928e-05
-7.44557458900781  2.8462457028144428e-05
-7.429866625739861  2.8584878154047644e-05
-7.414158662471912  2.870807648630569e-05
-7.398450699203963  2.883205758874574e-05
-7.382742735936014  2.8956827091253245e-05
-7.367034772668066  2.9082390678003556e-05
-7.351326809400115  2.920875409173629e-05
-7.335618846132167  2.9335923130868746e-05
-7.319910882864218  2.946390359531703e-05
-7.304202919596269  2.9592701382641362e-05
-7.28849495632832  2.9722322504754928e-05
-7.272786993060371  2.985277305134204e-05
-7.257079029792422  2.9984059115584216e-05
-7.241371066524474  3.011618682297046e-05
-7.225663103256525  3.0249162415896258e-05
-7.209955139988575  3.0382992252553365e-05
-7.194247176720626  3.05176826496667e-05
-7.1785392134526775  3.065323998885372e-05
-7.162831250184729  3.078967080305528e-05
-7.147123286916779  3.0926981631984596e-05
-7.13141532364883  3.1065179151523736e-05
-7.115707360380882  3.120427009256632e-05
-7.099999397112933  3.134426121242928e-05
-7.084291433844983  3.148515935474938e-05
-7.0685834705770345  3.162697151970484e-05
-7.052875507309086  3.176970472679175e-05
-7.037167544041138  3.1913366035141166e-05
-7.021459580773187  3.205796256888771e-05
-7.005751617505239  3.220350153693152e-05
-6.99004365423729  3.2349990268187856e-05
-6.974335690969341  3.249743620564738e-05
-6.9586277277013915  3.264584680262583e-05
-6.942919764433443  3.279522959370729e-05
-6.927211801165494  3.294559218636195e-05
-6.911503837897546  3.3096942317567546e-05
-6.895795874629595  3.324928779802061e-05
-6.880087911361647  3.3402636521351337e-05
-6.864379948093698  3.355699646556687e-05
-6.848671984825749  3.371237567034724e-05
-6.8329640215578005  3.38687822760142e-05
-6.817256058289851  3.402622457421289e-05
-6.801548095021902  3.418471088401098e-05
-6.785840131753954  3.434424961684668e-05
-6.770132168486005  3.4504849317384956e-05
-6.754424205218055  3.4666518631210064e-05
-6.738716241950106  3.482926622128124e-05
-6.7230082786821574  3.499310088156404e-05
-6.7073003154142095  3.5158031550075464e-05
-6.691592352146259  3.532406720985204e-05
-6.675884388878311  3.5491216982708185e-05
-6.660176425610362  3.5659490093098434e-05
-6.644468462342413  3.582889585046489e-05
-6.628760499074463  3.599944363819052e-05
-6.613052535806514  3.6171142998142614e-05
-6.5973445725385655  3.6344003580546236e-05
-6.5816366092706176  3.651803514082008e-05
-6.565928646002667  3.6693247560670716e-05
-6.550220682734719  3.68696507969668e-05
-6.53451271946677  3.704725492614802e-05
-6.518804756198821  3.722607013201262e-05
-6.503096792930871  3.740610672187117e-05
-6.4873888296629225  3.758737511072585e-05
-6.471680866394974  3.776988590220576e-05
-6.455972903127026  3.7953649776711895e-05
-6.440264939859075  3.813867753010847e-05
-6.424556976591127  3.832498008959906e-05
-6.408849013323178  3.85125684732035e-05
-6.393141050055229  3.8701453876410774e-05
-6.37743308678728  3.8891647656136286e-05
-6.361725123519331  3.908316128536926e-05
-6.346017160251382  3.927600632791517e-05
-6.330309196983434  3.947019447103628e-05
-6.314601233715485  3.966573756430947e-05
-6.298893270447535  3.98626476180719e-05
-6.283185307179586  4.006093678099454e-05
-6.267477343911637  4.0260617310550195e-05
-6.2517693806436885  4.0461701633909275e-05
-6.23606141737574  4.0664202358209334e-05
-6.220353454107791  4.0868132213378594e-05
-6.204645490839842  4.107350408122379e-05
-6.188937527571892  4.1280331011583904e-05
-6.173229564303944  4.148862617453508e-05
-6.157521601035994  4.169840292145288e-05
-6.1418136377680455  4.1909674808660036e-05
-6.126105674500097  4.212245552492888e-05
-6.110397711232148  4.233675888987154e-05
-6.094689747964199  4.255259888064078e-05
-6.07898178469625  4.276998968855139e-05
-6.0632738214283  4.298894568122158e-05
-6.047565858160352  4.320948144120873e-05
-6.031857894892402  4.3431611692290595e-05
-6.0161499316244536  4.365535130967935e-05
-6.000441968356506  4.388071534072724e-05
-5.984734005088556  4.4107719056663e-05
-5.969026041820607  4.433637793410661e-05
-5.953318078552658  4.456670764291237e-05
-5.937610115284709  4.479872404250518e-05
-5.92190215201676  4.5032443160009095e-05
-5.906194188748811  4.5267881233268525e-05
-5.890486225480862  4.550505473244204e-05
-5.874778262212914  4.574398034462579e-05
-5.859070298944964  4.598467493233116e-05
-5.843362335677016  4.622715557189849e-05
-5.827654372409066  4.647143956099109e-05
-5.811946409141117  4.6717544438967806e-05
-5.796238445873168  4.696548792482158e-05
-5.7805304826052195  4.7215288001334343e-05
-5.764822519337271  4.7466962917908084e-05
-5.749114556069322  4.772053109447505e-05
-5.733406592801372  4.797601117451089e-05
-5.717698629533424  4.8233422107357704e-05
-5.701990666265474  4.849278303686866e-05
-5.686282702997525  4.8754113364413154e-05
-5.6705747397295765  4.90174328139914e-05
-5.654866776461628  4.928276137949883e-05
-5.639158813193679  4.955011926233155e-05
-5.62345084992573  4.9819526839134376e-05
-5.607742886657781  5.009100481573325e-05
-5.592034923389832  5.036457420914964e-05
-5.576326960121883  5.064025633655378e-05
-5.5606189968539335  5.091807271279114e-05
-5.5449110335859855  5.11980452131966e-05
-5.529203070318036  5.1480195992326117e-05
-5.513495107050088  5.1764547470856126e-05
-5.497787143782138  5.205112240391774e-05
-5.482079180514189  5.233994386705243e-05
-5.46637121724624  5.2631035196926135e-05
-5.450663253978291  5.292442007048814e-05
-5.4349552907103424  5.322012248382135e-05
-5.419247327442394  5.3518166792887456e-05
-5.403539364174444  5.3818577640529774e-05
-5.387831400906496  5.412138002358624e-05
-5.372123437638546  5.4426599302326295e-05
-5.356415474370597  5.473426117530433e-05
-5.340707511102648  5.5044391679803795e-05
-5.324999547834699  5.53570172378004e-05
-5.3092915845667505  5.567216465385272e-05
-5.293583621298802  5.598986107802073e-05
-5.277875658030852  5.631013405071883e-05
-5.262167694762904  5.6633011479567674e-05
-5.246459731494954  5.695852166587301e-05
-5.230751768227005  5.7286693344038575e-05
-5.215043804959057  5.761755563793436e-05
-5.1993358416911075  5.795113806977836e-05
-5.183627878423159  5.8287470621087856e-05
-5.16791991515521  5.86265836446942e-05
-5.152211951887261  5.8968507974099804e-05
-5.136503988619312  5.9313274892169865e-05
-5.120796025351363  5.966091608794466e-05
-5.105088062083414  6.001146373602051e-05
-5.089380098815465  6.036495049455137e-05
-5.073672135547516  6.072140948470972e-05
-5.057964172279568  6.10808742949609e-05
-5.042256209011618  6.14433790457336e-05
-5.026548245743669  6.180895832480493e-05
-5.01084028247572  6.217764722826757e-05
-4.995132319207771  6.254948136685812e-05
-4.979424355939822  6.292449689881963e-05
-4.9637163926718735  6.330273053345437e-05
-4.948008429403924  6.368421951830072e-05
-4.932300466135976  6.406900165312202e-05
-4.916592502868026  6.445711530878029e-05
-4.900884539600077  6.484859941147114e-05
-4.885176576332128  6.52434934813595e-05
-4.869468613064179  6.564183762458597e-05
-4.8537606497962305  6.604367258233879e-05
-4.838052686528282  6.644903973440641e-05
-4.822344723260333  6.685798108008179e-05
-4.806636759992384  6.727053927890747e-05
-4.790928796724435  6.768675761026355e-05
-4.775220833456485  6.810668002776854e-05
-4.759512870188537  6.853035120280015e-05
-4.743804906920587  6.895781649829402e-05
-4.728096943652639  6.938912194409674e-05
-4.71238898038469  6.982431428936842e-05
-4.696681017116741  7.026344106453308e-05
-4.680973053848792  7.070655056207187e-05
-4.665265090580843  7.115369177546071e-05
-4.649557127312894  7.160491449520467e-05
-4.633849164044945  7.20602693162764e-05
-4.6181412007769955  7.251980765143884e-05
-4.6024332375090475  7.298358174390174e-05
-4.586725274241098  7.345164464922505e-05
-4.571017310973149  7.392405028239235e-05
-4.5553093477052  7.440085345533642e-05
-4.539601384437251  7.48821099042507e-05
-4.523893421169302  7.536787622475227e-05
-4.508185457901353  7.585820989308711e-05
-4.492477494633404  7.635316936516201e-05
-4.476769531365456  7.685281408159605e-05
-4.461061568097506  7.735720448109884e-05
-4.445353604829557  7.786640199691774e-05
-4.429645641561608  7.838046907870933e-05
-4.413937678293659  7.889946923467228e-05
-4.39822971502571  7.942346702355385e-05
-4.3825217517577615  7.995252809661624e-05
-4.366813788489813  8.048671918492456e-05
-4.351105825221864  8.102610815158284e-05
-4.335397861953915  8.157076406101194e-05
-4.319689898685965  8.21207571325977e-05
-4.303981935418017  8.267615879908874e-05
-4.288273972150067  8.32370417334638e-05
-4.272566008882119  8.380347983905079e-05
-4.25685804561417  8.437554833362615e-05
-4.241150082346221  8.495332371416531e-05
-4.225442119078272  8.553688380624758e-05
-4.209734155810323  8.612630781679176e-05
-4.194026192542374  8.672167633549943e-05
-4.178318229274425  8.732307139319717e-05
-4.162610266006475  8.793057648837088e-05
-4.1469023027385274  8.854427660892616e-05
-4.131194339470578  8.916425822924623e-05
-4.115486376202629  8.9790609365481e-05
-4.09977841293468  9.042341966286616e-05
-4.084070449666731  9.106278034620718e-05
-4.068362486398782  9.170878431197238e-05
-4.052654523130833  9.236152615299531e-05
-4.0369465598628835  9.30211021962224e-05
-4.0212385965949355  9.368761049499685e-05
-4.005530633326987  9.436115101202347e-05
-3.9898226700590373  9.504182549913143e-05
-3.9741147067910885  9.572973757576708e-05
-3.958406743523139  9.642499279632899e-05
-3.9426987802551907  9.712769871605964e-05
-3.9269908169872414  9.783796495244079e-05
-3.911282853719293  9.855590312191076e-05
-3.8955748904513436  9.928162699635035e-05
-3.8798669271833948  0.00010001525248271026
-3.8641589639154454  0.0001007568976961748
-3.848451000647497  0.00010150668308062105
-3.8327430373795477  0.00010226473137658898
-3.817035074111599  0.00010303116766952058
-3.8013271108436495  0.00010380611949878382
-3.785619147575701  0.00010458971688837027
-3.7699111843077517  0.00010538209241583996
-3.754203221039803  0.00010618338126472393
-3.7384952577718535  0.00010699372130745788
-3.722787294503905  0.0001078132531270315
-3.707079331235956  0.0001086421200997556
-3.691371367968007  0.00010948046850117743
-3.6756634047000576  0.00011032844752545401
-3.659955441432109  0.00011118620936023671
-3.64424747816416  0.0001120539093303341
-3.628539514896211  0.00011293170588888568
-3.6128315516282625  0.00011381976071822564
-3.597123588360313  0.00011471823885145227
-3.5814156250923643  0.00011562730874248306
-3.565707661824415  0.00011654714232306462
-3.5499996985564666  0.00011747791506822036
-3.5342917352885173  0.00011841980612492531
-3.518583772020569  0.00011937299847786242
-3.5028758087526195  0.00012033767892161151
-3.4871678454846706  0.00012131403819759523
-3.4714598822167213  0.00012230227110698877
-3.455751918948773  0.0001233025766214091
-3.4400439556808236  0.00012431515800659376
-3.4243359924128747  0.00012534022291099678
-3.4086280291449254  0.0001263779834820289
-3.392920065876977  0.00012742865647386026
-3.3772121026090276  0.00012849246342588883
-3.3615041393410787  0.0001295696307528349
-3.3457961760731294  0.00013066038986586648
-3.330088212805181  0.00013176497727690473
-3.3143802495372316  0.0001328836348103435
-3.2986722862692828  0.0001340166097001938
-3.2829643230013335  0.00013516415472702992
-3.267256359733385  0.00013632652841927273
-3.2515483964654357  0.00013750399517004075
-3.235840433197487  0.000138696825415896
-3.2201324699295375  0.00013990529580498734
-3.204424506661589  0.00014112968938922998
-3.18871654339364  0.00014237029577801597
-3.173008580125691  0.00014362741134754664
-3.1573006168577424  0.00014490133939171201
-3.141592653589793  0.00014619239037744203
-3.1258846903218442  0.00014750088208687062
-3.1101767270538954  0.00014882713989511354
-3.094468763785946  0.00015017149694562804
-3.078760800517997  0.0001515342943502196
-3.0630528372500483  0.00015291588150156965
-3.0473448739820994  0.00015431661626985615
-3.03163691071415  0.0001557368652620461
-3.015928947446201  0.0001571770040862397
-3.000220984178253  0.00015863741760413497
-2.9845130209103035  0.00016011850023633922
-2.9688050576423546  0.00016162065624758526
-2.9530970943744057  0.00016314430001845848
-2.937389131106457  0.00016468985634404687
-2.921681167838508  0.0001662577608206317
-2.9059732045705586  0.00016784846018880195
-2.8902652413026098  0.00016946241250898053
-2.874557278034661  0.00017110008769605223
-2.858849314766712  0.00017276196782445297
-2.8431413514987627  0.00017444854757836525
-2.827433388230814  0.0001761603345828422
-2.811725424962865  0.00017789784982913392
-2.796017461694916  0.00017966162808946695
-2.7803094984269667  0.00018145221837595482
-2.764601535159018  0.0001832701844352025
-2.748893571891069  0.00018511610520455246
-2.73318560862312  0.0001869905752998613
-2.7174776453551712  0.00018889420555889824
-2.701769682087222  0.00019082762356897875
-2.686061718819273  0.0001927914741847725
-2.670353755551324  0.00019478642020903658
-2.6546457922833753  0.00019681314293812369
-2.638937829015426  0.00019887234275406396
-2.623229865747477  0.00020096473987341046
-2.6075219024795286  0.00020309107496635503
-2.5918139392115793  0.00020525210990379739
-2.5761059759436304  0.00020744862845506473
-2.5603980126756816  0.00020968143707200682
-2.5446900494077327  0.00021195136569956974
-2.528982086139784  0.00021425926867135736
-2.5132741228718345  0.00021660602547562968
-2.4975661596038856  0.00021899254167867532
-2.4818581963359367  0.00022141974991568558
-2.466150233067988  0.00022388861090255618
-2.4504422698000385  0.00022640011441088514
-2.4347343065320897  0.00022895528038080482
-2.419026343264141  0.0002315551600032828
-2.403318379996192  0.0002342008368826365
-2.3876104167282426  0.00023689342832056148
-2.3719024534602937  0.0002396340866322455
-2.356194490192345  0.00024242400033464007
-2.340486526924396  0.0002452643955606071
-2.324778563656447  0.00024815653760718037
-2.3090706003884978  0.0002511017325014242
-2.293362637120549  0.00025410132854986056
-2.2776546738526  0.0002571567179516787
-2.261946710584651  0.00026026933856221346
-2.246238747316702  0.00026344067574685104
-2.230530784048753  0.0002666722643143715
-2.214822820780804  0.0002699656905439385
-2.199114857512855  0.0002733225942050388
-2.1834068942449063  0.000276744670814455
-2.1676989309769574  0.0002802336740110878
-2.1519909677090086  0.0002837914179856238
-2.1362830044410597  0.0002874197799613287
-2.1205750411731104  0.0002911207028808982
-2.1048670779051615  0.00029489619824801805
-2.0891591146372126  0.00029874834911680637
-2.0734511513692637  0.0003026793131258865
-2.0577431881013144  0.000306691325841546
-2.0420352248333655  0.0003107867041678425
-2.0263272615654166  0.0003149678499813624
-2.0106192982974678  0.0003192372539175814
-1.9949113350295187  0.000323597499349626
-1.9792033717615696  0.00032805126667079243
-1.9634954084936207  0.00033260133772405887
-1.9477874452256718  0.0003372506005410725
-1.9320794819577227  0.00034200205428158714
-1.9163715186897738  0.00034685881441792743
-1.9006635554218247  0.0003518241183407822
-1.8849555921538759  0.0003569013311450764
-1.8692476288859268  0.00036209395178649073
-1.853539665617978  0.00036740561959736073
-1.8378317023500288  0.00037284012122773547
-1.82212373908208  0.00037840139789308
-1.8064157758141313  0.00038409355308721693
-1.7907078125461822  0.00038992086083206035
-1.7749998492782333  0.0003958877742504252
-1.7592918860102844  0.00040199893481573934
-1.7435839227423353  0.00040825918216214063
-1.7278759594743864  0.00041467356437063785
-1.7121679962064373  0.00042124734897375227
-1.6964600329384885  0.00042798603464933027
-1.6807520696705394  0.0004348953636469366
-1.6650441064025905  0.0004419813349849644
-1.6493361431346414  0.0004492502184836322
-1.6336281798666925  0.0004567085698096718
-1.6179202165987434  0.00046436324637344484
-1.6022122533307945  0.0004722214243720879
-1.5865042900628454  0.0004802906170568999
-1.5707963267948966  0.0004885786939878289
-1.5550883635269477  0.0004970939017462372
-1.5393804002589986  0.0005058448861346432
-1.5236724369910497  0.0005148407158561685
-1.5079644737231006  0.0005240909078906841
-1.4922565104551517  0.0005336054546430935
-1.4765485471872029  0.0005433948530789712
-1.460840583919254  0.0005534701359136696
-1.4451326206513049  0.0005638429051479377
-1.429424657383356  0.0005745253681204154
-1.413716694115407  0.0005855303763013797
-1.398008730847458  0.0005968714669473685
-1.382300767579509  0.0006085629079347621
-1.36659280431156  0.0006206197462698126
-1.350884841043611  0.0006330578602454784
-1.335176877775662  0.0006458940157955118
-1.319468914507713  0.0006591459274626343
-1.3037609512397643  0.0006728323242192746
-1.2880529879718152  0.0006869730208080016
-1.2723450247038663  0.0007015889951081378
-1.2566370614359172  0.0007167024718959802
-1.2409290981679684  0.0007323370139934449
-1.2252211349000193  0.0007485176211996514
-1.2095131716320704  0.000765270837978782
-1.1938052083641213  0.0007826248707412664
-1.1780972450961724  0.0008006097157231551
-1.1623892818282235  0.0008192572986869262
-1.1466813185602744  0.000838601627533242
-1.1309733552923256  0.0008586789593355015
-1.1152653920243765  0.0008795279832271574
-1.0995574287564276  0.0009011900211300383
-1.0838494654884787  0.0009237092483235232
-1.0681415022205298  0.0009471329359200809
-1.0524335389525807  0.000971511717986151
-1.0367255756846319  0.00099689988622087
-1.0210176124166828  0.0010233557152600214
-1.0053096491487339  0.001050941822741902
-0.9896016858807848  0.0010797255681465057
-0.9738937226128359  0.0011097794954186835
-0.9581857593448869  0.0011411818250138817
-0.9424777960769379  0.0011740170016331097
-0.926769832808989  0.0012083763053157837
-0.91106186954104  0.0012443585341715413
-0.8953539062730911  0.0012820707688356303
-0.8796459430051422  0.0013216292297831833
-0.8639379797371932  0.0013631602409182597
-0.8482300164692442  0.0014068013150850822
-0.8325220532012952  0.0014527023790805171
-0.8168140899333463  0.0015010271594373958
-0.8011061266653973  0.0015519547537894973
-0.7853981633974483  0.0016056814169199685
-0.7696902001294993  0.0016624225958105088
-0.7539822368615503  0.0017224152545911586
-0.7382742735936014  0.001785920537834107
-0.7225663103256524  0.0018532268301139077
-0.7068583470577035  0.001924653281119737
-0.6911503837897545  0.002000553879811018
-0.6754424205218055  0.0020813221781271762
-0.6597344572538565  0.002167396786400211
-0.6440264939859076  0.0022592677893194524
-0.6283185307179586  0.0023574842641566063
-0.6126105674500096  0.0024626631250814768
-0.5969026041820606  0.0025754995703880512
-0.5811946409141118  0.002696779476707989
-0.5654866776461628  0.002827394170223929
-0.5497787143782138  0.002968358116964054
-0.5340707511102649  0.00312083021905879
-0.5183627878423159  0.0032861395955269823
-0.5026548245743669  0.0034658169797933125
-0.48694686130641796  0.0036616332091370385
-0.47123889803846897  0.003875646749807393
-0.45553093477052  0.004110262853256497
-0.4398229715025711  0.004368307865027177
-0.4241150082346221  0.004653123552742333
-0.4084070449666731  0.004968688326685566
-0.39269908169872414  0.0053197753074948895
-0.37699111843077515  0.005712162073524818
-0.3612831551628262  0.006152914890948047
-0.34557519189487723  0.006650783663854909
-0.32986722862692824  0.007216767166046911
-0.3141592653589793  0.00786494973980173
-0.2984513020910303  0.008613786791922706
-0.2827433388230814  0.009488158847484607
-0.26703537555513246  0.010522785735675055
-0.25132741228718347  0.011768120850839503
-0.23561944901923448  0.013300890685765121
-0.21991148575128555  0.015243549200201989
-0.20420352248333656  0.017801232502542452
-0.18849555921538758  0.02133383653091997
-0.17278759594743862  0.026500231589508982
-0.15707963267948966  0.034554500104784114
-0.1413716694115407  0.04797251696712046
-0.12566370614359174  0.07182434803554838
-0.10995574287564278  0.11691562637386121
-0.09424777960769379  0.2074042523733649
-0.07853981633974483  0.40073278589731953
-0.06283185307179587  0.8452910573869445
-0.047123889803846894  1.969440546504876
-0.031415926535897934  5.180713969613562
-0.015707963267948967  15.092371953861283
-0.0  32.45974340504681
0.015707963267948967  27.382378003279214
0.031415926535897934  16.968422892246863
0.047123889803846894  11.518421496281945
0.06283185307179587  8.665413819689439
0.07853981633974483  6.997684114413416
0.09424777960769379  5.922473646058038
0.10995574287564278  5.174151659812208
0.12566370614359174  4.621814565947787
0.1413716694115407  4.1952863845080515
0.15707963267948966  3.854191837762559
0.17278759594743862  3.573873416857909
0.18849555921538758  3.3384841897358184
0.20420352248333656  3.137381356037339
0.21991148575128555  2.9631401968322884
0.23561944901923448  2.810408458090362
0.25132741228718347  2.675217699423663
0.26703537555513246  2.554553632901003
0.2827433388230814  2.4460788280414434
0.2984513020910303  2.3479481659149206
0.3141592653589793  2.2586825563852497
0.32986722862692824  2.1770803344560794
0.34557519189487723  2.102153685034126
0.3612831551628262  2.0330821056307045
0.37699111843077515  1.9691777294579964
0.39269908169872414  1.9098590734686383
0.4084070449666731  1.8546308812703427
0.4241150082346221  1.8030684484096313
0.4398229715025711  1.754805293371136
0.45553093477052  1.7095233595145625
0.47123889803846897  1.666945154932211
0.48694686130641796  1.6268273925750347
0.5026548245743669  1.5889558035642444
0.5183627878423159  1.5531408763963663
0.5340707511102649  1.5192143330949952
0.5497787143782138  1.4870261965351421
0.5654866776461628  1.4564423354620297
0.5811946409141118  1.4273423981310618
0.5969026041820606  1.3996180641090792
0.6126105674500096  1.3731715581050843
0.6283185307179586  1.3479143808010146
0.6440264939859076  1.3237662203440141
0.6597344572538565  1.300654014985513
0.6754424205218055  1.2785111427745313
0.6911503837897545  1.2572767185219877
0.7068583470577035  1.236894981719487
0.7225663103256524  1.2173147618830438
0.7382742735936014  1.198489010062899
0.7539822368615503  1.1803743870903163
0.7696902001294993  1.1629309006637327
0.7853981633974483  1.1461215845941217
0.8011061266653973  1.129912214573217
0.8168140899333463  1.1142710556764797
0.8325220532012952  1.0991686375084706
0.8482300164692442  1.084577553509692
0.8639379797371932  1.0704722814274343
0.8796459430051422  1.0568290223744357
0.8953539062730911  1.0436255562573447
0.91106186954104  1.0308411116532872
0.926769832808989  1.0184562484639805
0.9424777960769379  1.006452751902336
0.9581857593448869  0.9948135365454878
0.9738937226128359  0.9835225593512589
0.9896016858807848  0.9725647406679006
1.0053096491487339  0.9619258923902558
1.0210176124166828  0.9515926525162917
1.0367255756846319  0.9415524254402967
1.0524335389525807  0.9317933274051737
1.0681415022205298  0.9223041365981357
1.0838494654884787  0.9130742474283744
1.0995574287564276  0.9040936285859897
1.1152653920243765  0.8953527845205271
1.1309733552923256  0.8868427200117954
1.1466813185602744  0.8785549075511554
1.1623892818282235  0.870481257269921
1.1780972450961724  0.862614089191335
1.1938052083641213  0.854946107591918
1.2095131716320704  0.8474703772906564
1.2252211349000193  0.8401803016969778
1.2409290981679684  0.833069602466036
1.2566370614359172  0.8261323006263208
1.2723450247038663  0.8193626990573251
1.2880529879718152  0.8127553662014266
1.3037609512397643  0.8063051209132159
1.319468914507713  0.8000070183552075
1.335176877775662  0.7938563368521068
1.350884841043611  0.7878485656322989
1.36659280431156  0.7819793933869073
1.382300767579509  0.7762446975805481
1.398008730847458  0.7706405344605787
1.413716694115407  0.7651631297113504
1.429424657383356  0.7598088697029701
1.4451326206513049  0.7545742932947799
1.460840583919254  0.7494560841497518
1.4765485471872029  0.7444510635260911
1.4922565104551517  0.7395561835101772
1.5079644737231006  0.7347685206610111
1.5236724369910497  0.7300852700368639
1.5393804002589986  0.7255037395787893
1.5550883635269477  0.7210213448250213
1.5707963267948966  0.7166356039363118
1.5865042900628454  0.7123441330094417
1.6022122533307945  0.7081446416625703
1.6179202165987434  0.7040349288709576
1.6336281798666925  0.7000128790405487
1.6493361431346414  0.6960764583034988
1.6650441064025905  0.6922237110208765
1.6807520696705394  0.6884527564774926
1.6964600329384885  0.6847617857639212
1.7121679962064373  0.6811490588264272
1.7278759594743864  0.6776129016808039
1.7435839227423353  0.6741517037752365
1.7592918860102844  0.6707639154995813
1.7749998492782333  0.6674480458259819
1.7907078125461822  0.6642026600783404
1.8064157758141313  0.6610263778228832
1.82212373908208  0.6579178708692082
1.8378317023500288  0.6548758613790988
1.853539665617978  0.651899120079686
1.8692476288859268  0.6489864645682724
1.8849555921538759  0.6461367577111911
1.9006635554218247  0.643348906128135
1.9163715186897738  0.6406218587587353
1.9320794819577227  0.6379546055066551
1.9477874452256718  0.6353461759587462
1.9634954084936207  0.6327956381740875
1.9792033717615696  0.6303020975432442
1.9949113350295187  0.6278646957087775
2.0106192982974678  0.6254826095477479
2.0263272615654166  0.623155050218616
2.0420352248333655  0.6208812622578557
2.0577431881013144  0.6186605227357852
2.0734511513692637  0.6164921404637671
2.0891591146372126  0.6143754552524481
2.1048670779051615  0.6123098372184475
2.1205750411731104  0.6102946861393939
2.1362830044410597  0.6083294308541694
2.1519909677090086  0.6064135287087723
2.1676989309769574  0.6045464650453302
2.1834068942449063  0.6027277527337092
2.199114857512855  0.6009569317445489
2.214822820780804  0.5992335687649845
2.230530784048753  0.5975572568527017
2.246238747316702  0.5959276151301595
2.261946710584651  0.5943442885189718
2.2776546738526  0.592806947512555
2.293362637120549  0.5913152879897876
2.3090706003884978  0.5898690310644373
2.324778563656447  0.5884679229746459
2.340486526924396  0.5871117350132644
2.356194490192345  0.5858002634955206
2.3719024534602937  0.584533329767924
2.3876104167282426  0.5833107802568159
2.403318379996192  0.5821324865582891
2.419026343264141  0.5809983455704103
2.4347343065320897  0.5799082796688575
2.4504422698000385  0.5788622369261046
2.466150233067988  0.5778601913762965
2.4818581963359367  0.5769021433277108
2.4975661596038856  0.5759881197235124
2.5132741228718345  0.5751181745531242
2.528982086139784  0.5742923893166278
2.5446900494077327  0.5735108735453298
2.5603980126756816  0.5727737653776401
2.5761059759436304  0.5720812321986225
2.5918139392115793  0.5714334713400613
2.6075219024795286  0.5708307108504125
2.623229865747477  0.5702732103341452
2.638937829015426  0.5697612618668031
2.6546457922833753  0.5692951909902118
2.670353755551324  0.5688753577922743
2.686061718819273  0.568502158076318
2.701769682087222  0.5681760246258961
2.7174776453551712  0.5678974285754157
2.73318560862312  0.5676668808883436
2.748893571891069  0.5674849339539074
2.764601535159018  0.5673521833101969
2.7803094984269667  0.5672692695042865
2.796017461694916  0.5672368800978833
2.811725424962865  0.5672557518318768
2.827433388230814  0.5673266729612666
2.8431413514987627  0.567450485775655
2.858849314766712  0.5676280893184888
2.874557278034661  0.5678604423247428
2.8902652413026098  0.5681485663936005
2.9059732045705586  0.5684935494171129
2.921681167838508  0.5688965492910991
2.937389131106457  0.5693587979274763
2.9530970943744057  0.5698816056018329
2.9688050576423546  0.5704663656662055
2.9845130209103035  0.5711145596587146
3.000220984178253  0.5718277628549804
3.015928947446201  0.572607650298973
3.03163691071415  0.5734560033668846
3.0473448739820994  0.5743747169160032
3.0630528372500483  0.5753658070787859
3.078760800517997  0.5764314197733187
3.094468763785946  0.5775738400080003
3.1101767270538954  0.5787955020658895
3.1258846903218442  0.5800990006686515
3.141592653589793  0.5814871032342742
3.1573006168577424  0.5829627633531073
3.173008580125691  0.584529135629329
3.18871654339364  0.5861895920539575
3.204424506661589  0.5879477400978881
3.2201324699295375  0.5898074427416842
3.235840433197487  0.5917728406947909
3.2515483964654357  0.5938483770910425
3.267256359733385  0.5960388249928874
3.2829643230013335  0.5983493180918835
3.2986722862692828  0.600785385056176
3.3143802495372316  0.6033529880474466
3.330088212805181  0.6060585660229172
3.3457961760731294  0.6089090835483715
3.3615041393410787  0.6119120859679011
3.3772121026090276  0.6150757619424156
3.392920065876977  0.6184090145580817
3.4086280291449254  0.6219215424338431
3.4243359924128747  0.6256239325474852
3.4400439556808236  0.6295277668516466
3.455751918948773  0.6336457451834464
3.4714598822167213  0.6379918275256907
3.4871678454846706  0.6425813993541478
3.5028758087526195  0.647431464679333
3.518583772020569  0.6525608724874411
3.5342917352885173  0.6579905837101139
3.5499996985564666  0.6637439876745028
3.565707661824415  0.6698472793823035
3.5814156250923643  0.676329912112138
3.597123588360313  0.6832251440302384
3.6128315516282625  0.6905707031161461
3.628539514896211  0.698409602394057
3.64424747816416  0.7067911479931848
3.659955441432109  0.7157721973262859
3.6756634047000576  0.7254187455406398
3.691371367968007  0.7358079484675584
3.707079331235956  0.7470307342617424
3.722787294503905  0.7591952213928204
3.7384952577718535  0.7724312600180654
3.754203221039803  0.7868965675303095
3.7699111843077517  0.8027851721271531
3.785619147575701  0.8203392710718074
3.8013271108436495  0.8398662604413902
3.817035074111599  0.8617637970644021
3.8327430373795477  0.8865576810212068
3.848451000647497  0.9149608196414067
3.8641589639154454  0.9479680114841273
3.8798669271833948  0.9870138493904093
3.8955748904513436  1.0342464199294996
3.911282853719293  1.0930226725842607
3.9269908169872414  1.1688438163249906
3.9426987802551907  1.271158645032557
3.958406743523139  1.416471690511778
3.9741147067910885  1.6279270228061251
3.9898226700590373  1.8620551586876735
4.005530633326987  1.7073024500558613
4.0212385965949355  1.2507906896462182
4.0369465598628835  0.9653278917265757
4.052654523130833  0.8052872951349976
4.068362486398782  0.7050303684538217
4.084070449666731  0.6354177800817629
4.09977841293468  0.5832780967487907
4.115486376202629  0.542044641884507
4.131194339470578  0.5081304718305613
4.1469023027385274  0.4794203159219852
4.162610266006475  0.4545844966668092
4.178318229274425  0.4327410784066472
4.194026192542374  0.41327799253055697
4.209734155810323  0.3957539101029659
4.225442119078272  0.3798402049709477
4.241150082346221  0.36528545814015556
4.25685804561417  0.35189288344312264
4.272566008882119  0.3395054579815705
4.288273972150067  0.327995814602293
4.303981935418017  0.31725917580655705
4.319689898685965  0.30720828935231737
4.335397861953915  0.29776971773891503
4.351105825221864  0.2888810663383031
4.366813788489813  0.2804888769321423
4.3825217517577615  0.2725470024578276
4.39822971502571  0.26501533602095406
4.413937678293659  0.25785880491531277
4.429645641561608  0.25104656573715856
4.445353604829557  0.24455135407050238
4.461061568097506  0.23834895437116055
4.476769531365456  0.23241776431094113
4.492477494633404  0.22673843407148359
4.508185457901353  0.22129356563271446
4.523893421169302  0.21606746047573488
4.539601384437251  0.21104590664860973
4.5553093477052  0.20621599805905455
4.571017310973149  0.20156598032289857
4.586725274241098  0.19708511862787936
4.6024332375090475  0.19276358395247745
4.6181412007769955  0.18859235466938934
4.633849164044945  0.1845631311088537
4.649557127312894  0.1806682610908088
4.665265090580843  0.17690067478247473
4.680973053848792  0.17325382751769924
4.696681017116741  0.1697216494410252
4.71238898038469  0.16629850102432553
4.728096943652639  0.16297913365483363
4.743804906920587  0.159758654618128
4.759512870188537  0.15663249590228612
4.775220833456485  0.15359638633459538
4.790928796724435  0.15064632663370253
4.806636759992384  0.14777856701957803
4.822344723260333  0.14498958707372578
4.838052686528282  0.14227607758419658
4.8537606497962305  0.1396349241457246
4.869468613064179  0.13706319231586528
4.885176576332128  0.13455811415357916
4.900884539600077  0.13211707598903005
4.916592502868026  0.12973760729216566
4.932300466135976  0.12741737052390106
4.948008429403924  0.12515415186797985
4.9637163926718735  0.12294585275352354
4.979424355939822  0.12079048208882354
4.995132319207771  0.11868614913616232
5.01084028247572  0.11663105696527892
5.026548245743669  0.11462349643017339
5.042256209011618  0.11266184061988938
5.057964172279568  0.1107445397392941
5.073672135547516  0.10887011638059385
5.089380098815465  0.10703716115032791
5.105088062083414  0.10524432862048538
5.120796025351363  0.10349033357520454
5.136503988619312  0.10177394752761937
5.152211951887261  0.10009399548402331
5.16791991515521  0.09844935293450074
5.183627878423159  0.09683894305127039
5.1993358416911075  0.09526173407784572
5.215043804959057  0.09371673689380089
5.230751768227005  0.09220300274085991
5.246459731494954  0.09071962109800602
5.262167694762904  0.08926571769385455
5.277875658030852  0.08784045264584478
5.293583621298802  0.08644301871680515
5.3092915845667505  0.08507263967996936
5.324999547834699  0.08372856878450557
5.340707511102648  0.08241008731431465
5.356415474370597  0.08111650323329272
5.372123437638546  0.07984714991102898
5.387831400906496  0.0786013849232366
5.403539364174444  0.0773785889216288
5.419247327442394  0.07617816456862936
5.4349552907103424  0.07499953553248034
5.450663253978291  0.07384214553864232
5.46637121724624  0.07270545747368401
5.482079180514189  0.07158895253844605
5.497787143782138  0.07049212944707745
5.513495107050088  0.06941450366908919
5.529203070318036  0.06835560671158708
5.5449110335859855  0.0673149854392589
5.5606189968539335  0.06629220142982728
5.576326960121883  0.0652868303625676
5.592034923389832  0.06429846143799467
5.607742886657781  0.06332669682701314
5.62345084992573  0.06237115114732367
5.639158813193679  0.06143145096589364
5.654866776461628  0.060507234325855974
5.6705747397295765  0.05959815029636928
5.686282702997525  0.05870385854395849
5.701990666265474  0.057824028924293946
5.717698629533424  0.05695834109337056
5.733406592801372  0.05610648413686492
5.749114556069322  0.0552681562166516
5.764822519337271  0.054443064233368754
5.7805304826052195  0.05363092350458876
5.796238445873168  0.05283145745737916
5.811946409141117  0.05204439733452537
5.827654372409066  0.051269481913914006
5.843362335677016  0.05050645724025882
5.859070298944964  0.04975507636838128
5.874778262212914  0.04901509911769153
5.890486225480862  0.048286291837149
5.906194188748811  0.0475684271802167
5.92190215201676  0.04686128388922983
5.937610115284709  0.04616464658886116
5.953318078552658  0.045478305588166956
5.969026041820607  0.044802056690723346
5.984734005088556  0.044135701012456396
6.000441968356506  0.043479044806921996
6.0161499316244536  0.042831899297582465
6.031857894892402  0.04219408051676221
6.047565858160352  0.04156540915103768
6.0632738214283  0.04094571039257833
6.07898178469625  0.04033481379632997
6.094689747964199  0.039732553142669436
6.110397711232148  0.03913876630546648
6.126105674500097  0.038553295125046794
6.1418136377680455  0.037975985286015645
6.157521601035994  0.037406686199671135
6.173229564303944  0.03684525089072699
6.188937527571892  0.03629153588823786
6.204645490839842  0.03574540112064084
6.220353454107791  0.03520670981458385
6.23606141737574  0.034675328397340444
6.2517693806436885  0.034151126402775456
6.267477343911637  0.03363397638071153
6.283185307179586  0.03312375380946575
6.298893270447535  0.03262033701149797
6.314601233715485  0.03212360707206974
6.330309196983434  0.031633447760563094
6.346017160251382  0.031149745454645772
6.361725123519331  0.030672389067036843
6.37743308678728  0.03020126997479311
6.393141050055229  0.02973628195091338
6.408849013323178  0.029277321098250764
6.424556976591127  0.02882428578565077
6.440264939859075  0.02837707658626376
6.455972903127026  0.0279355962179067
6.471680866394974  0.02749974948529932
6.4873888296629225  0.027069443224209067
6.503096792930871  0.026644586247458635
6.518804756198821  0.026225089292541692
6.53451271946677  0.02581086497113294
6.550220682734719  0.025401827720057335
6.565928646002667  0.02499789375382222
6.5816366092706176  0.024598981018660204
6.5973445725385655  0.024205009148057677
6.613052535806514  0.023815899419552422
6.628760499074463  0.02343157471298052
6.644468462342413  0.023051959469964856
6.660176425610362  0.022676979654614016
6.675884388878311  0.022306562715531886
6.691592352146259  0.021940637548838793
6.7073003154142095  0.021579134462330007
6.7230082786821574  0.021221985140727206
6.738716241950106  0.020869122612066415
6.754424205218055  0.020520481214879815
6.770132168486005  0.02017599656647706
6.785840131753954  0.019835605532215028
6.801548095021902  0.019499246195444075
6.817256058289851  0.01916685782847427
6.8329640215578005  0.018838380864428683
6.848671984825749  0.018513756869831588
6.864379948093698  0.018192928517882012
6.880087911361647  0.017875839562652762
6.895795874629595  0.017562434814008154
6.911503837897546  0.01725266011308829
6.927211801165494  0.01694646230857999
6.942919764433443  0.016643789233626527
6.9586277277013915  0.016344589683350175
6.974335690969341  0.016048813393095718
6.99004365423729  0.01575641101716735
7.005751617505239  0.015467334108210995
7.021459580773187  0.01518153509700887
7.037167544041138  0.014898967273004271
7.052875507309086  0.014619584765345417
7.0685834705770345  0.014343342524361424
7.084291433844983  0.014070196303532512
7.099999397112933  0.013800102641948753
7.115707360380882  0.013533018847172507
7.13141532364883  0.013268902978744668
7.147123286916779  0.013007713832042356
7.162831250184729  0.01274941092246934
7.1785392134526775  0.012493954470065738
7.194247176720626  0.012241305384725454
7.209955139988575  0.011991425251552223
7.225663103256525  0.011744276316756785
7.241371066524474  0.011499821473951455
7.257079029792422  0.011258024250532017
7.272786993060371  0.011018848794711822
7.28849495632832  0.010782259862856192
7.304202919596269  0.010548222807049035
7.319910882864218  0.010316703562970597
7.335618846132167  0.010087668638180225
7.351326809400115  0.009861085100761391
7.367034772668066  0.009636920568237006
7.382742735936014  0.009415143196699116
7.398450699203963  0.009195721670287815
7.414158662471912  0.00897862519103082
7.429866625739861  0.00876382346893495
7.44557458900781  0.008551286712419226
7.461282552275758  0.00834098561904334
7.476990515543707  0.008132891366500306
7.492698478811658  0.007926975603932795
7.508406442079606  0.0077232104436428806
7.524114405347555  0.0075215684531298455
7.5398223686155035  0.007322022647358095
7.555530331883453  0.00712454648156291
7.571238295151402  0.006929113844425627
7.58694625841935  0.006735699051740651
7.602654221687299  0.006544276840641738
7.618362184955249  0.006354822364338708
7.634070148223198  0.006167311187596836
7.6497781114911465  0.0059817192831557175
7.665486074759095  0.005798023029185528
7.681194038027043  0.005616199208252237
7.696902001294994  0.00543622500803953
7.712609964562942  0.005258078024685753
7.728317927830891  0.00508173626999342
7.74402589109884  0.004907178184371752
7.7597338543667895  0.004734382658991065
7.775441817634738  0.004563329073161593
7.791149780902687  0.004393997358102697
7.806857744170635  0.004226368108235401
7.822565707438586  0.00406042278047114
7.838273670706534  0.003896144061872442
7.853981633974483  0.003733516568247941
7.869689597242432  0.003572528212876347
7.885397560510381  0.0034131729768506203
7.90110552377833  0.0032554567287808034
7.916813487046278  0.00309941002121239
7.932521450314227  0.0029451179575734066
7.948229413582177  0.002792795785410751
7.963937376850126  0.002643002293005181
7.979645340118075  0.002497322503516919
7.995353303386024  0.0023604880503801384
8.011061266653973  0.002241434883912874
8.026769229921921  0.0021415087980941605
8.042477193189871  0.0020543640646410455
8.058185156457819  0.00197563829837899
8.073893119725767  0.0019030679177372556
8.089601082993719  0.0018353707990059753
8.105309046261667  0.001771736687113834
8.121017009529615  0.0017116068347469149
8.136724972797564  0.0016545696836608448
8.152432936065514  0.0016003067013967698
8.168140899333462  0.0015485619557658037
8.183848862601412  0.0014991238550440267
8.19955682586936  0.0014518135567491153
8.21526478913731  0.001406477247589244
8.230972752405258  0.0013629807858329124
8.246680715673207  0.0013212058501261836
8.262388678941155  0.0012810470867781198
8.278096642209105  0.0012424099417935874
8.293804605477055  0.0012052089774330366
8.309512568745003  0.0011693665401627529
8.32522053201295  0.0011348116898327043
8.3409284952809  0.0011014793267455358
8.35663645854885  0.0010693094713236095
8.372344421816798  0.0010382466634456522
8.388052385084748  0.0010082394566396369
8.403760348352698  0.0009792399885437675
8.419468311620646  0.000951203613439866
8.435176274888594  0.0009240885855664738
8.450884238156544  0.0008978557844628865
8.466592201424492  0.0008724684754166656
8.482300164692441  0.0008478920993773009
8.498008127960391  0.0008240940878736502
8.51371609122834  0.0008010436991581216
8.529424054496287  0.0007787118724079667
8.545132017764239  0.0007570710976589901
8.560839981032187  0.0007360952993096803
8.576547944300135  0.0007157597312821284
8.592255907568084  0.0006960408824568387
8.607963870836034  0.0006769163911961029
8.623671834103982  0.0006583649678113535
8.63937979737193  0.0006403663239724633
8.65508776063988  0.0006229011082577451
8.67079572390783  0.0006059508472440189
8.686503687175778  0.0005894978915464422
8.702211650443727  0.0005735253663242679
8.717919613711675  0.0005580171256177602
8.733627576979625  0.0005429577102644689
8.749335540247575  0.0005283323090284897
8.765043503515523  0.0005141267226405621
8.780751466783471  0.0005003273305038691
8.79645943005142  0.0004869210596998297
8.81216739331937  0.0004738953561611581
8.827875356587318  0.00046123815784976374
8.843583319855268  0.00044893786976485384
8.859291283123216  0.0004369833405573065
8.874999246391166  0.0004253638406123694
8.890707209659114  0.0004140690417502868
8.906415172927064  0.0004030889980067842
8.922123136195012  0.0003924141275863935
8.937831099462962  0.0003820351959242241
8.953539062730911  0.000371943299773525
8.96924702599886  0.00036212985234262973
8.984954989266807  0.00035258656918080167
9.000662952534759  0.00034330545480565355
9.016370915802707  0.0003342787900764699
9.032078879070655  0.0003254991204206803
9.047786842338605  0.0003169592445991798
9.063494805606554  0.0003086522040695039
9.079202768874502  0.0003005712729475807
9.09491073214245  0.000292709948448433
9.1106186954104  0.0002850619417720246
9.12632665867835  0.0002776211696280395
9.142034621946298  0.00027038174601445863
9.157742585214248  0.00026333797442484874
9.173450548482196  0.00025648434057723435
9.189158511750145  0.00024981550533298424
9.204866475018095  0.00024332629791390392
9.220574438286043  0.0002370117096185398
9.236282401553991  0.00023086688785334264
9.25199036482194  0.00022488713018387063
9.26769832808989  0.00021906787885583867
9.283406291357839  0.00021340471553454865
9.299114254625788  0.00020789335624227245
9.314822217893736  0.00020252964651246153
9.330530181161686  0.0001973095568120753
9.346238144429634  0.00019222917812905527
9.361946107697584  0.00018728471768525434
9.377654070965532  0.0001824724949733847
9.393362034233482  0.00017778893786557504
9.409069997501431  0.0001732305789134969
9.42477796076938  0.00016879405176939422
9.440485924037327  0.00016447608771363864
9.456193887305279  0.00016027351240921472
9.471901850573227  0.00015618324288524388
9.487609813841175  0.0001522022844093196
9.503317777109125  0.00014832772753758938
9.519025740377074  0.0001445567453502994
9.534733703645022  0.00014088659083144606
9.55044166691297  0.0001373145943334153
9.56614963018092  0.0001338381609688466
9.58185759344887  0.0001304547683469992
9.597565556716818  0.00012716196419892967
9.613273519984768  0.000123957364247973
9.628981483252716  0.00012083865001649707
9.644689446520665  0.00011780356676044379
9.660397409788615  0.00011484992153854012
9.676105373056563  0.00011197558135134233
9.691813336324511  0.00010917847120361923
9.707521299592461  0.00010645657248431473
9.72322926286041  0.00010380792118330762
9.738937226128359  0.00010123060619388058
9.754645189396308  9.872276778566391e-05
9.770353152664256  9.62825960533209e-05
9.786061115932206  9.390832943140248e-05
9.801769079200154  9.15982532898596e-05
9.817477042468104  8.935069854598687e-05
9.833185005736052  8.716404032449443e-05
9.848892969004002  8.503669670928415e-05
9.864600932271951  8.296712748590007e-05
9.8803088955399  8.095383288042601e-05
9.896016858807847  7.899535244715317e-05
9.911724822075797  7.709026399227437e-05
9.927432785343747  7.523718242563593e-05
9.943140748611695  7.343475864329818e-05
9.958848711879645  7.168167861232311e-05
9.974556675147594  6.99766623988296e-05
9.990264638415542  6.831846312849166e-05
10.00597260168349  6.670586605816986e-05
10.02168056495144  6.513768779464746e-05
10.03738852821939  6.36127753474991e-05
10.053096491487338  6.213000528815238e-05
10.068804454755288  6.068828297856044e-05
10.084512418023236  5.928654177944637e-05
10.100220381291184  5.79237422198009e-05
10.115928344559135  5.6598871299162745e-05
10.131636307827083  5.531094177513296e-05
10.147344271095031  5.4058991533323386e-05
10.163052234362981  5.284208284428438e-05
10.17876019763093  5.1659301669837454e-05
10.194468160898879  5.050975707643346e-05
10.210176124166829  4.93925806375195e-05
10.225884087434777  4.830692583396301e-05
10.241592050702726  4.725196746491189e-05
10.257300013970674  4.6226901120216546e-05
10.273007977238624  4.523094253461313e-05
10.288715940506572  4.426332710522063e-05
10.304423903774522  4.3323309408427324e-05
10.320131867042472  4.241016273975884e-05
10.33583983031042  4.152317858008292e-05
10.351547793578368  4.0661666079133685e-05
10.367255756846317  3.982495163012967e-05
10.382963720114267  3.90123784345664e-05
10.398671683382215  3.822330611341629e-05
10.414379646650165  3.745711027286491e-05
10.430087609918115  3.671318205328289e-05
10.445795573186063  3.5990927696238906e-05
10.46150353645401  3.5289768214818995e-05
10.47721149972196  3.460913905561913e-05
10.492919462989908  3.394848969168196e-05
10.508627426257858  3.3307283315686664e-05
10.524335389525808  3.26849964378817e-05
10.540043352793756  3.2081118586324564e-05
10.555751316061704  3.1495151940952315e-05
10.571459279329655  3.0926611019277406e-05
10.587167242597603  3.0375022394335538e-05
10.602875205865551  2.983992448485351e-05
10.618583169133501  2.9320867171223064e-05
10.63429113240145  2.8817411411419247e-05
10.649999095669399  2.8329129112825147e-05
10.665707058937347  2.7855602828252835e-05
10.681415022205297  2.7396425493042553e-05
10.697122985473246  2.6951200158387145e-05
10.712830948741194  2.651953977134136e-05
10.728538912009144  2.6101066953776453e-05
10.744246875277092  2.5695413664539313e-05
10.759954838545042  2.5302221010159442e-05
10.775662801812992  2.4921139037403783e-05
10.79137076508094  2.455182659022448e-05
10.807078728348888  2.4193951087547738e-05
10.822786691616837  2.3847188236558736e-05
10.838494654884787  2.3511221835526008e-05
10.854202618152735  2.318574357274006e-05
10.869910581420685  2.2870452869638846e-05
10.885618544688633  2.256505673137177e-05
10.901326507956583  2.2269269561836502e-05
10.91703447122453  2.1982812947130004e-05
10.93274243449248  2.17054154548757e-05
10.948450397760428  2.1436812556507867e-05
10.964158361028378  2.1176746394291346e-05
10.979866324296328  2.0924965669910645e-05
10.995574287564276  2.0681225441410156e-05
11.011282250832224  2.0445286991577216e-05
11.026990214100175  2.021691773568257e-05
11.042698177368123  1.999589102730237e-05
11.058406140636071  1.9781986007272323e-05
11.074114103904021  1.9574987489612283e-05
11.089822067171971  1.937468586454827e-05
11.105530030439919  1.9180876901003785e-05
11.121237993707867  1.8993361657004826e-05
11.136945956975817  1.881194632519234e-05
11.152653920243766  1.8636442094988048e-05
11.168361883511714  1.846666512650419e-05
11.184069846779664  1.8302436485595486e-05
11.199777810047612  1.8143581883900417e-05
11.215485773315562  1.7989931562323314e-05
11.231193736583512  1.7841320321787535e-05
11.24690169985146  1.769758735636895e-05
11.262609663119408  1.755857607288469e-05
11.278317626387357  1.7424134089949472e-05
11.294025589655307  1.729411314865814e-05
11.309733552923255  1.7168369050191146e-05
11.325441516191205  1.7046761491779083e-05
11.341149479459153  1.6929153877520697e-05
11.356857442727103  1.6815413412252234e-05
11.37256540599505  1.6705410984640956e-05
11.388273369263  1.6599021042673634e-05
11.403981332530948  1.6496121511777595e-05
11.419689295798898  1.639659379759628e-05
11.435397259066848  1.630032258814751e-05
11.451105222334796  1.620719584294328e-05
11.466813185602744  1.6117104750024147e-05
11.482521148870694  1.6029943602891006e-05
11.498229112138644  1.5945609719403286e-05
11.513937075406592  1.5864003411192318e-05
11.529645038674541  1.578502800986259e-05
11.545353001942491  1.5708589709617637e-05
11.561060965210439  1.563459743925133e-05
11.576768928478387  1.5562962898119093e-05
11.592476891746337  1.5493600450833256e-05
11.608184855014287  1.542642709906339e-05
11.623892818282235  1.5361362469157314e-05
11.639600781550184  1.529832870728054e-05
11.655308744818132  1.523725046859159e-05
11.67101670808608  1.5178054857734047e-05
11.686724671354032  1.512067126863137e-05
11.70243263462198  1.50650315015044e-05
11.718140597889928  1.5011069590675774e-05
11.733848561157878  1.4958721767210914e-05
11.749556524425827  1.4907926598473065e-05
11.765264487693775  1.4858624849956037e-05
11.780972450961723  1.4810759427108522e-05
11.796680414229673  1.4764275309331332e-05
11.812388377497623  1.4719119497630384e-05
11.82809634076557  1.4675241061579136e-05
11.84380430403352  1.4632591097463177e-05
11.859512267301469  1.4591122733831341e-05
11.875220230569418  1.4550791110345962e-05
11.890928193837368  1.4511553320883941e-05
11.906636157105316  1.4473368425471644e-05
11.922344120373264  1.4436197377343252e-05
11.938052083641214  1.4400003162828856e-05
11.953760046909164  1.4364750796524994e-05
11.969468010177112  1.4330407355322983e-05
11.985175973445061  1.4296942144054192e-05
12.000883936713011  1.4264326836599395e-05
12.01659189998096  1.4232535553715397e-05
12.032299863248907  1.4201544879188788e-05
12.048007826516857  1.4171333293677701e-05
12.063715789784805  1.4141880700868636e-05
12.079423753052755  1.4113168252727348e-05
12.095131716320704  1.4085178170808454e-05
12.110839679588652  1.4057893580388114e-05
12.1265476428566  1.4031298426031569e-05
12.142255606124552  1.4005377471426605e-05
12.1579635693925  1.3980116243150764e-05
12.173671532660448  1.3955500902551599e-05
12.189379495928398  1.3931518220877681e-05
12.205087459196347  1.3908155539699152e-05
12.220795422464295  1.3885400689361838e-05
12.236503385732243  1.3863242043610224e-05
12.252211349000193  1.3841668500824689e-05
12.267919312268143  1.3820669413133757e-05
12.283627275536091  1.380023457597801e-05
12.29933523880404  1.3780354180648047e-05
12.315043202071989  1.37610187710413e-05
12.330751165339938  1.374221934224984e-05
12.346459128607888  1.3723947172084028e-05
12.362167091875836  1.3706193843332493e-05
12.377875055143784  1.368895129166825e-05
12.393583018411734  1.3672211769122367e-05
12.409290981679684  1.3655967836090355e-05
12.424998944947632  1.3640212348065006e-05
12.440706908215581  1.3624938397238662e-05
12.456414871483531  1.3610139383224418e-05
12.47212283475148  1.3595809044919527e-05
12.487830798019427  1.3581941263829389e-05
12.503538761287377  1.3568530003116308e-05
12.519246724555325  1.355556943288816e-05
12.534954687823275  1.3543053980269448e-05
12.550662651091224  1.3530978357267909e-05
12.566370614359172  1.3519337515421892e-05
