-12.550662651091224  -0.001973351208546109
-12.534954687823275  -0.001977434603456424
-12.519246724555325  -0.001981487135251897
-12.503538761287377  -0.0019855097215618622
-12.487830798019427  -0.0019895032581204453
-12.47212283475148  -0.00199346861905228
-12.456414871483531  -0.001997406657723577
-12.440706908215581  -0.0020013182071522972
-12.424998944947632  -0.002005204080436279
-12.409290981679684  -0.00200906507168247
-12.393583018411734  -0.002012901956078783
-12.377875055143784  -0.002016715490596205
-12.362167091875836  -0.002020506414434159
-12.346459128607888  -0.0020242754495586046
-12.330751165339938  -0.0020280233010152304
-12.315043202071989  -0.0020317506573507005
-12.29933523880404  -0.0020354581913155922
-12.283627275536091  -0.002039146559908306
-12.267919312268143  -0.002042816404975001
-12.252211349000193  -0.0020464683536295103
-12.236503385732243  -0.0020501030184844893
-12.220795422464295  -0.0020537209981019433
-12.205087459196347  -0.0020573228773669294
-12.189379495928398  -0.002060909227745794
-12.173671532660448  -0.00206448060775416
-12.1579635693925  -0.0020680375630342807
-12.142255606124552  -0.0020715806271606463
-12.1265476428566  -0.00207511032114871
-12.110839679588652  -0.0020786271546828494
-12.095131716320704  -0.002082131625736783
-12.079423753052755  -0.0020856242209416342
-12.063715789784805  -0.0020891054162460176
-12.048007826516857  -0.002092575676727021
-12.032299863248907  -0.0020960354571036566
-12.01659189998096  -0.002099485201970508
-12.000883936713011  -0.0021029253459614317
-11.985175973445061  -0.0021063563139508135
-11.969468010177112  -0.002109778521457606
-11.953760046909164  -0.002113192374687739
-11.938052083641214  -0.0021165982709175635
-11.922344120373264  -0.0021199965986112845
-11.906636157105316  -0.002123387737577198
-11.890928193837368  -0.002126772059299148
-11.875220230569418  -0.0021301499270630075
-11.859512267301469  -0.0021335216960381986
-11.84380430403352  -0.002136887713894642
-11.82809634076557  -0.0021402483203155076
-11.812388377497623  -0.002143603847778175
-11.796680414229673  -0.0021469546214084034
-11.780972450961723  -0.002150300959166185
-11.765264487693775  -0.0021536431721916327
-11.749556524425827  -0.002156981564760574
-11.733848561157878  -0.0021603164345367354
-11.718140597889928  -0.002163648072723623
-11.70243263462198  -0.0021669767642334137
-11.686724671354032  -0.002170302787758399
-11.67101670808608  -0.0021736264159713248
-11.655308744818132  -0.0021769479156441562
-11.639600781550184  -0.0021802675477964606
-11.623892818282235  -0.0021835855678374316
-11.608184855014287  -0.0021869022256369997
-11.592476891746337  -0.002190217765741298
-11.576768928478387  -0.0021935324273756607
-11.561060965210439  -0.002196846444704359
-11.545353001942491  -0.002200160046785693
-11.529645038674541  -0.002203473457874111
-11.513937075406592  -0.0022067868973965343
-11.498229112138644  -0.002210100580115587
-11.482521148870694  -0.002213414716054851
-11.466813185602744  -0.0022167295110140928
-11.451105222334796  -0.0022200451662685305
-11.435397259066848  -0.0022233618788300713
-11.419689295798898  -0.0022266798416432643
-11.403981332530948  -0.0022299992433799376
-11.388273369263  -0.0022333202688617215
-11.37256540599505  -0.00223664309895677
-11.356857442727103  -0.0022399679107618087
-11.341149479459153  -0.0022432948775594763
-11.325441516191205  -0.0022466241690581312
-11.309733552923255  -0.002249955951313415
-11.294025589655307  -0.002253290387103757
-11.278317626387357  -0.002256627635557118
-11.262609663119408  -0.002259967852565825
-11.24690169985146  -0.0022633111908038073
-11.231193736583512  -0.002266657799781857
-11.215485773315562  -0.0022700078257712197
-11.199777810047612  -0.0022733614121041024
-11.184069846779664  -0.0022767186990706734
-11.168361883511714  -0.0022800798241430498
-11.152653920243766  -0.00228344492194707
-11.136945956975817  -0.0022868141241420836
-11.121237993707867  -0.0022901875599440347
-11.105530030439919  -0.0022935653557428493
-11.089822067171971  -0.002296947635314156
-11.074114103904021  -0.002300334520008107
-11.058406140636071  -0.002303726128548844
-11.042698177368123  -0.00230712257744084
-11.026990214100175  -0.0023105239805706335
-11.011282250832224  -0.002313930449648005
-10.995574287564276  -0.002317342094110414
-10.979866324296328  -0.0023207590211277995
-10.964158361028378  -0.002324181335706582
-10.948450397760428  -0.002327609140757636
-10.93274243449248  -0.0023310425371038945
-10.91703447122453  -0.0023344816235812693
-10.901326507956583  -0.0023379264969447533
-10.885618544688633  -0.002341377252119886
-10.869910581420685  -0.0023448339820236475
-10.854202618152735  -0.0023482967778335195
-10.838494654884787  -0.002351765728821037
-10.822786691616837  -0.0023552409225522652
-10.807078728348888  -0.002358722444748551
-10.79137076508094  -0.002362210379636659
-10.775662801812992  -0.002365704809590169
-10.759954838545042  -0.002369205815401204
-10.744246875277092  -0.0023727134763897872
-10.728538912009144  -0.0023762278702116058
-10.712830948741194  -0.0023797490729827453
-10.697122985473246  -0.0023832771593707003
-10.681415022205297  -0.002386812202728572
-10.665707058937347  -0.002390354274733414
-10.649999095669399  -0.0023939034458279607
-10.63429113240145  -0.0023974597850854318
-10.618583169133501  -0.0024010233601430286
-10.602875205865551  -0.002404594237472746
-10.587167242597603  -0.0024081724821789774
-10.571459279329655  -0.0024117581580965775
-10.555751316061704  -0.0024153513279167593
-10.540043352793756  -0.0024189520530417674
-10.524335389525808  -0.0024225603938001217
-10.508627426257858  -0.002426176409178804
-10.492919462989908  -0.002429800157178641
-10.47721149972196  -0.002433431694675081
-10.46150353645401  -0.00243707107736299
-10.445795573186063  -0.0024407183598870452
-10.430087609918115  -0.002444373595952981
-10.414379646650165  -0.002448036838049672
-10.398671683382215  -0.0024517081376642935
-10.382963720114267  -0.0024553875453794116
-10.367255756846317  -0.002459075110650688
-10.351547793578368  -0.0024627708820122163
-10.33583983031042  -0.0024664749070017478
-10.320131867042472  -0.0024701872320845586
-10.304423903774522  -0.0024739079029227895
-10.288715940506572  -0.0024776369640550078
-10.273007977238624  -0.002481374459003094
-10.257300013970674  -0.002485120430431198
-10.241592050702726  -0.0024888749199549753
-10.225884087434777  -0.002492637968093153
-10.210176124166829  -0.0024964096143934578
-10.194468160898879  -0.002500189897271632
-10.17876019763093  -0.002503978853834604
-10.163052234362981  -0.0025077765201359514
-10.147344271095031  -0.002511582930598444
-10.131636307827083  -0.002515398117841572
-10.115928344559135  -0.002519222111786512
-10.100220381291184  -0.002523054939885472
-10.084512418023236  -0.0025268966296407847
-10.068804454755288  -0.002530747208806
-10.053096491487338  -0.002534606705245912
-10.03738852821939  -0.0025384751473169764
-10.02168056495144  -0.002542352563552508
-10.00597260168349  -0.0025462389828837806
-9.990264638415542  -0.002550134434385648
-9.974556675147594  -0.002554038947584991
-9.958848711879645  -0.002557952552299153
-9.943140748611695  -0.002561875278498299
-9.927432785343747  -0.0025658071566272977
-9.911724822075797  -0.002569748217364165
-9.896016858807847  -0.002573698491647347
-9.8803088955399  -0.0025776580109066194
-9.864600932271951  -0.0025816268066161663
-9.848892969004002  -0.0025856049107641776
-9.833185005736052  -0.0025895923555988576
-9.817477042468104  -0.0025935891736997285
-9.801769079200154  -0.0025975953977996624
-9.786061115932206  -0.002601611061218756
-9.770353152664256  -0.002605636197393485
-9.754645189396308  -0.002609670840097472
-9.738937226128359  -0.0026137150235789885
-9.72322926286041  -0.0026177687821463402
-9.707521299592461  -0.0026218321506694953
-9.691813336324511  -0.002625905164286124
-9.676105373056563  -0.002629987858331323
-9.660397409788615  -0.0026340802686067866
-9.644689446520665  -0.002638182431232372
-9.628981483252716  -0.0026422943825499534
-9.613273519984768  -0.0026464161592707758
-9.597565556716818  -0.002650547798515701
-9.58185759344887  -0.0026546893377031033
-9.56614963018092  -0.0026588408145093445
-9.55044166691297  -0.002663002267074166
-9.534733703645022  -0.002667173733736594
-9.519025740377074  -0.002671355253298091
-9.503317777109125  -0.002675546864838174
-9.487609813841175  -0.002679748607746557
-9.471901850573227  -0.0026839605217863494
-9.456193887305279  -0.002688182647171522
-9.440485924037327  -0.0026924150242883527
-9.42477796076938  -0.0026966576940221088
-9.409069997501431  -0.002700910697449488
-9.393362034233482  -0.0027051740761251664
-9.377654070965532  -0.0027094478719169868
-9.361946107697584  -0.002713732127037738
-9.346238144429634  -0.002718026884093977
-9.330530181161686  -0.002722332186063381
-9.314822217893736  -0.0027266480761108935
-9.299114254625788  -0.002730974598018132
-9.283406291357839  -0.002735311795815515
-9.26769832808989  -0.0027396597138076295
-9.25199036482194  -0.0027440183968689413
-9.236282401553991  -0.0027483878900219083
-9.220574438286043  -0.0027527682388943653
-9.204866475018095  -0.002757159489276906
-9.189158511750145  -0.0027615616874433757
-9.173450548482196  -0.0027659748801016626
-9.157742585214248  -0.002770399114119665
-9.142034621946298  -0.0027748344370082945
-9.12632665867835  -0.002779280896579417
-9.1106186954104  -0.002783738540891617
-9.09491073214245  -0.0027882074185949235
-9.079202768874502  -0.0027926875786105365
-9.063494805606554  -0.002797179070328837
-9.047786842338605  -0.0028016819433922535
-9.032078879070655  -0.0028061962480778746
-9.016370915802707  -0.0028107220348108086
-9.000662952534759  -0.0028152593545396343
-8.984954989266807  -0.0028198082587329587
-8.96924702599886  -0.0028243687990054944
-8.953539062730911  -0.002828941027693155
-8.937831099462962  -0.0028335249972539778
-8.922123136195012  -0.0028381207607459658
-8.906415172927064  -0.0028427283715370955
-8.890707209659114  -0.002847347883560669
-8.874999246391166  -0.0028519793509711455
-8.859291283123216  -0.002856622828564248
-8.843583319855268  -0.0028612783714001555
-8.827875356587318  -0.0028659460350330956
-8.81216739331937  -0.002870625875512456
-8.79645943005142  -0.002875317949203371
-8.780751466783471  -0.0028800223130418523
-8.765043503515523  -0.0028847390242381366
-8.749335540247575  -0.0028894681406601563
-8.733627576979625  -0.0028942097204269768
-8.717919613711675  -0.0028989638222622904
-8.702211650443727  -0.0029037305052761475
-8.686503687175778  -0.0029085098290291267
-8.67079572390783  -0.0029133018535478783
-8.65508776063988  -0.0029181066393548782
-8.63937979737193  -0.002922924247363845
-8.623671834103982  -0.0029277547391566294
-8.607963870836034  -0.0029325981765158105
-8.592255907568084  -0.0029374546219167463
-8.576547944300135  -0.0029423241381754117
-8.560839981032187  -0.002947206788723511
-8.545132017764239  -0.002952102637368448
-8.529424054496287  -0.0029570117484722935
-8.51371609122834  -0.0029619341868758475
-8.498008127960391  -0.0029668700179148466
-8.482300164692441  -0.0029718193073937638
-8.466592201424492  -0.0029767821217112633
-8.450884238156544  -0.002981758527720202
-8.435176274888594  -0.002986748592766708
-8.419468311620646  -0.0029917523848030925
-8.403760348352698  -0.0029967699721791252
-8.388052385084748  -0.0030018014238123447
-8.372344421816798  -0.003006846809221253
-8.35663645854885  -0.0030119061983674422
-8.3409284952809  -0.003016979661838337
-8.32522053201295  -0.003022067270671114
-8.309512568745003  -0.0030271690965363307
-8.293804605477055  -0.003032285211552077
-8.278096642209105  -0.003037415688452505
-8.262388678941155  -0.0030425606005897166
-8.246680715673207  -0.0030477200217320366
-8.230972752405258  -0.0030528940263174764
-8.21526478913731  -0.0030580826893478186
-8.19955682586936  -0.003063286086333883
-8.183848862601412  -0.003068504293507357
-8.168140899333462  -0.0030737373875190377
-8.152432936065514  -0.0030789854456956256
-8.136724972797564  -0.0030842485459912083
-8.121017009529615  -0.0030895267668582527
-8.105309046261667  -0.0030948201874507753
-8.089601082993719  -0.0031001288874936694
-8.073893119725767  -0.003105452947270493
-8.058185156457819  -0.003110792447727162
-8.042477193189871  -0.003116147470532016
-8.026769229921921  -0.0031215180977803847
-8.011061266653973  -0.0031269044123939382
-7.995353303386024  -0.003132306497742099
-7.979645340118075  -0.003137724438075473
-7.963937376850126  -0.0031431583180884237
-7.948229413582177  -0.003148608223210614
-7.932521450314227  -0.003154074239474891
-7.916813487046278  -0.0031595564537335585
-7.90110552377833  -0.003165054953285118
-7.885397560510381  -0.0031705698262667337
-7.869689597242432  -0.0031761011615067947
-7.853981633974483  -0.003181649048415891
-7.838273670706534  -0.003187213577181658
-7.822565707438586  -0.003192794838602797
-7.806857744170635  -0.003198392924317117
-7.791149780902687  -0.003204007926542407
-7.775441817634738  -0.0032096399383277907
-7.7597338543667895  -0.0032152890533222456
-7.74402589109884  -0.0032209553659968693
-7.728317927830891  -0.0032266389715361887
-7.712609964562942  -0.0032323399658832352
-7.696902001294994  -0.00323805844565761
-7.681194038027043  -0.003243794508289377
-7.665486074759095  -0.0032495482520562557
-7.6497781114911465  -0.0032553197758153907
-7.634070148223198  -0.003261109179332089
-7.618362184955249  -0.0032669165630911934
-7.602654221687299  -0.0032727420285041386
-7.58694625841935  -0.003278585677590762
-7.571238295151402  -0.0032844476132440903
-7.555530331883453  -0.0032903279392588747
-7.5398223686155035  -0.00329622676010366
-7.524114405347555  -0.003302144181123845
-7.508406442079606  -0.0033080803085573374
-7.492698478811658  -0.0033140352494241965
-7.476990515543707  -0.00332000911154684
-7.461282552275758  -0.0033260020037428895
-7.44557458900781  -0.003332014035544728
-7.429866625739861  -0.003338045317489824
-7.414158662471912  -0.003344095960867044
-7.398450699203963  -0.0033501660779082787
-7.382742735936014  -0.003356255781778228
-7.367034772668066  -0.003362365186504679
-7.351326809400115  -0.0033684944069902745
-7.335618846132167  -0.0033746435591098245
-7.319910882864218  -0.0033808127596667847
-7.304202919596269  -0.0033870021263903705
-7.28849495632832  -0.003393211777962535
-7.272786993060371  -0.0033994418339577948
-7.257079029792422  -0.0034056924150607237
-7.241371066524474  -0.0034119636427492606
-7.225663103256525  -0.003418255639613066
-7.209955139988575  -0.0034245685291525163
-7.194247176720626  -0.003430902435965888
-7.1785392134526775  -0.0034372574855274785
-7.162831250184729  -0.0034436338044658843
-7.147123286916779  -0.0034500315203424003
-7.13141532364883  -0.0034564507617901308
-7.115707360380882  -0.003462891658468137
-7.099999397112933  -0.003469354341165354
-7.084291433844983  -0.0034758389416693625
-7.0685834705770345  -0.003482345592855096
-7.052875507309086  -0.0034888744287882023
-7.037167544041138  -0.0034954255844001914
-7.021459580773187  -0.0035019991960105745
-7.005751617505239  -0.003508595400850689
-6.99004365423729  -0.003515214337407091
-6.974335690969341  -0.003521856145219493
-6.9586277277013915  -0.003528520965154325
-6.942919764433443  -0.003535208938985457
-6.927211801165494  -0.0035419202098376235
-6.911503837897546  -0.0035486549220774544
-6.895795874629595  -0.003555413221037307
-6.880087911361647  -0.003562195253535849
-6.864379948093698  -0.0035690011673787936
-6.848671984825749  -0.003575831111839012
-6.8329640215578005  -0.0035826852372431994
-6.817256058289851  -0.003589563695262643
-6.801548095021902  -0.0035964666388547673
-6.785840131753954  -0.003603394222239542
-6.770132168486005  -0.0036103466010251606
-6.754424205218055  -0.003617323931904448
-6.738716241950106  -0.00362432637317478
-6.7230082786821574  -0.003631354084261962
-6.7073003154142095  -0.003638407226135343
-6.691592352146259  -0.003645485961002004
-6.675884388878311  -0.003652590452377702
-6.660176425610362  -0.0036597208653897373
-6.644468462342413  -0.003666877366400423
-6.628760499074463  -0.0036740601232807535
-6.613052535806514  -0.0036812693053145384
-6.5973445725385655  -0.003688505083294269
-6.5816366092706176  -0.0036957676293877806
-6.565928646002667  -0.003703057117288855
-6.550220682734719  -0.003710373722247695
-6.53451271946677  -0.0037177176208917917
-6.518804756198821  -0.003725088991548775
-6.503096792930871  -0.003732488014012658
-6.4873888296629225  -0.003739914869584249
-6.471680866394974  -0.0037473697412656604
-6.455972903127026  -0.0037548528135936676
-6.440264939859075  -0.0037623642726602458
-6.424556976591127  -0.003769904306381744
-6.408849013323178  -0.0037774731040859377
-6.393141050055229  -0.003785070856864692
-6.37743308678728  -0.0037926977575943877
-6.361725123519331  -0.0038003540006967262
-6.346017160251382  -0.003808039782448258
-6.330309196983434  -0.00381575530071937
-6.314601233715485  -0.0038235007552912537
-6.298893270447535  -0.0038312763476097134
-6.283185307179586  -0.0038390822809559744
-6.267477343911637  -0.0038469187604647237
-6.2517693806436885  -0.0038547859930334605
-6.23606141737574  -0.0038626841874622175
-6.220353454107791  -0.003870613554464608
-6.204645490839842  -0.003878574306468985
-6.188937527571892  -0.003886566658106938
-6.173229564303944  -0.003894590825754385
-6.157521601035994  -0.0039026470277412906
-6.1418136377680455  -0.003910735484473571
-6.126105674500097  -0.003918856418349825
-6.110397711232148  -0.003927010053669133
-6.094689747964199  -0.003935196616975722
-6.07898178469625  -0.0039434163366645625
-6.0632738214283  -0.003951669443412964
-6.047565858160352  -0.003959956169955647
-6.031857894892402  -0.0039682767510912376
-6.0161499316244536  -0.003976631423947108
-6.000441968356506  -0.003985020427700103
-5.984734005088556  -0.0039934440037576735
-5.969026041820607  -0.004001902395787127
-5.953318078552658  -0.004010395849822046
-5.937610115284709  -0.004018924614028141
-5.92190215201676  -0.00402748893902366
-5.906194188748811  -0.0040360890775553715
-5.890486225480862  -0.004044725285110573
-5.874778262212914  -0.004053397819167359
-5.859070298944964  -0.004062106939906496
-5.843362335677016  -0.004070852909926814
-5.827654372409066  -0.004079635994190589
-5.811946409141117  -0.00408845646023781
-5.796238445873168  -0.0040973145782224885
-5.7805304826052195  -0.004106210620707373
-5.764822519337271  -0.004115144862984477
-5.749114556069322  -0.004124117583054865
-5.733406592801372  -0.004133129061294483
-5.717698629533424  -0.0041421795810649975
-5.701990666265474  -0.004151269428286919
-5.686282702997525  -0.004160398891735473
-5.6705747397295765  -0.0041695682628755115
-5.654866776461628  -0.0041787778360804495
-5.639158813193679  -0.004188027908637815
-5.62345084992573  -0.004197318780462922
-5.607742886657781  -0.0042066507546991705
-5.592034923389832  -0.004216024137290164
-5.576326960121883  -0.004225439237219519
-5.5606189968539335  -0.004234896366550944
-5.5449110335859855  -0.004244395840308224
-5.529203070318036  -0.0042539379767243535
-5.513495107050088  -0.004263523097040256
-5.497787143782138  -0.004273151525934105
-5.482079180514189  -0.0042828235910106205
-5.46637121724624  -0.004292539623317881
-5.450663253978291  -0.004302299957224753
-5.4349552907103424  -0.004312104930320304
-5.419247327442394  -0.004321954883621637
-5.403539364174444  -0.004331850161670592
-5.387831400906496  -0.004341791112300264
-5.372123437638546  -0.004351778087041236
-5.356415474370597  -0.004361811440883212
-5.340707511102648  -0.00437189153233164
-5.324999547834699  -0.004382018723765091
-5.3092915845667505  -0.004392193380980958
-5.293583621298802  -0.004402415873755894
-5.277875658030852  -0.0044126865755175215
-5.262167694762904  -0.0044230058634795455
-5.246459731494954  -0.004433374118912647
-5.230751768227005  -0.004443791726886914
-5.215043804959057  -0.00445425907647734
-5.1993358416911075  -0.004464776560763606
-5.183627878423159  -0.004475344577043128
-5.16791991515521  -0.004485963526504211
-5.152211951887261  -0.00449663381475407
-5.136503988619312  -0.004507355851568473
-5.120796025351363  -0.0045181300509822275
-5.105088062083414  -0.004528956831412634
-5.089380098815465  -0.004539836615685466
-5.073672135547516  -0.004550769831134005
-5.057964172279568  -0.004561756909518877
-5.042256209011618  -0.0045727982872654505
-5.026548245743669  -0.004583894405478184
-5.01084028247572  -0.004595045709838541
-4.995132319207771  -0.004606252650959486
-4.979424355939822  -0.0046175156841557485
-4.9637163926718735  -0.00462883526963187
-4.948008429403924  -0.004640211872782185
-4.932300466135976  -0.004651645963731577
-4.916592502868026  -0.004663138017812235
-4.900884539600077  -0.004674688515658859
-4.885176576332128  -0.004686297942881751
-4.869468613064179  -0.004697966790665392
-4.8537606497962305  -0.00470969555536932
-4.838052686528282  -0.004721484738894416
-4.822344723260333  -0.004733334848634002
-4.806636759992384  -0.004745246397581837
-4.790928796724435  -0.004757219904450882
-4.775220833456485  -0.004769255893666752
-4.759512870188537  -0.004781354895457834
-4.743804906920587  -0.004793517446087442
-4.728096943652639  -0.004805744087666847
-4.71238898038469  -0.004818035368479412
-4.696681017116741  -0.004830391842887027
-4.680973053848792  -0.004842814071667478
-4.665265090580843  -0.004855302621678936
-4.649557127312894  -0.004867858066485209
-4.633849164044945  -0.004880480985997859
-4.6181412007769955  -0.004893171966776355
-4.6024332375090475  -0.004905931601991126
-4.586725274241098  -0.00491876049177753
-4.571017310973149  -0.004931659243057052
-4.5553093477052  -0.004944628469718909
-4.539601384437251  -0.004957668792883035
-4.523893421169302  -0.004970780840665018
-4.508185457901353  -0.004983965248618272
-4.492477494633404  -0.004997222659679917
-4.476769531365456  -0.005010553724249717
-4.461061568097506  -0.005023959100341202
-4.445353604829557  -0.005037439453743742
-4.429645641561608  -0.005050995458092761
-4.413937678293659  -0.005064627794939686
-4.39822971502571  -0.0050783371538763444
-4.3825217517577615  -0.005092124232776274
-4.366813788489813  -0.005105989737724886
-4.351105825221864  -0.0051199343833910615
-4.335397861953915  -0.005133958892817675
-4.319689898685965  -0.005148063997836377
-4.303981935418017  -0.005162250439105814
-4.288273972150067  -0.005176518966168719
-4.272566008882119  -0.0051908703377575305
-4.25685804561417  -0.005205305321709902
-4.241150082346221  -0.005219824695264552
-4.225442119078272  -0.005234429245177474
-4.209734155810323  -0.0052491197678841695
-4.194026192542374  -0.005263897069489237
-4.178318229274425  -0.005278761966199252
-4.162610266006475  -0.005293715284137329
-4.1469023027385274  -0.005308757859904284
-4.131194339470578  -0.005323890540249343
-4.115486376202629  -0.005339114182676241
-4.09977841293468  -0.005354429655367338
-4.084070449666731  -0.0053698378374071876
-4.068362486398782  -0.005385339618912577
-4.052654523130833  -0.00540093590130708
-4.0369465598628835  -0.005416627597317536
-4.0212385965949355  -0.005432415631432264
-4.005530633326987  -0.005448300939805417
-3.9898226700590373  -0.005464284470652725
-3.9741147067910885  -0.005480367184224733
-3.958406743523139  -0.00549655005315719
-3.9426987802551907  -0.00551283406278813
-3.9269908169872414  -0.005529220211005326
-3.911282853719293  -0.0055457095087658725
-3.8955748904513436  -0.0055623029802436275
-3.8798669271833948  -0.005579001662831651
-3.8641589639154454  -0.005595806607627596
-3.848451000647497  -0.005612718879509648
-3.8327430373795477  -0.005629739557514002
-3.817035074111599  -0.0056468697348006636
-3.8013271108436495  -0.005664110519102206
-3.785619147575701  -0.00568146303291539
-3.7699111843077517  -0.0056989284137438645
-3.754203221039803  -0.005716507814244154
-3.7384952577718535  -0.005734202402690958
-3.722787294503905  -0.0057520133630610815
-3.707079331235956  -0.005769941895337638
-3.691371367968007  -0.0057879892158627655
-3.6756634047000576  -0.005806156557481623
-3.659955441432109  -0.00582444516990388
-3.64424747816416  -0.005842856319982825
-3.628539514896211  -0.0058613912920281175
-3.6128315516282625  -0.005880051388016061
-3.597123588360313  -0.005898837927966749
-3.5814156250923643  -0.005917752250324204
-3.565707661824415  -0.0059367957120359804
-3.5499996985564666  -0.005955969689195095
-3.5342917352885173  -0.005975275577158934
-3.518583772020569  -0.0059947147908639975
-3.5028758087526195  -0.006014288765343712
-3.4871678454846706  -0.006033998955855102
-3.4714598822167213  -0.0060538468384752075
-3.455751918948773  -0.006073833910362758
-3.4400439556808236  -0.006093961690085692
-3.4243359924128747  -0.006114231717881058
-3.4086280291449254  -0.006134645556543417
-3.392920065876977  -0.006155204791330915
-3.3772121026090276  -0.006175911030380177
-3.3615041393410787  -0.006196765905464918
-3.3457961760731294  -0.006217771072177136
-3.330088212805181  -0.006238928210420935
-3.3143802495372316  -0.0062602390248662765
-3.2986722862692828  -0.006281705245285929
-3.2829643230013335  -0.006303328627255356
-3.267256359733385  -0.006325110952477564
-3.2515483964654357  -0.00634705402918101
-3.235840433197487  -0.006369159692860227
-3.2201324699295375  -0.00639142980659424
-3.204424506661589  -0.006413866261481382
-3.18871654339364  -0.0064364709775183715
-3.173008580125691  -0.006459245903802424
-3.1573006168577424  -0.006482193019256011
-3.141592653589793  -0.0065053143330563445
-3.1258846903218442  -0.006528611885398439
-3.1101767270538954  -0.006552087748030844
-3.094468763785946  -0.006575744024761576
-3.078760800517997  -0.0065995828520432065
-3.0630528372500483  -0.006623606399947024
-3.0473448739820994  -0.0066478168723719255
-3.03163691071415  -0.006672216508015472
-3.015928947446201  -0.006696807580940267
-3.000220984178253  -0.006721592401333076
-2.9845130209103035  -0.006746573316008919
-2.9688050576423546  -0.006771752709473722
-2.9530970943744057  -0.006797133004464939
-2.937389131106457  -0.006822716662679362
-2.921681167838508  -0.006848506185650416
-2.9059732045705586  -0.0068745041156771935
-2.8902652413026098  -0.006900713036291917
-2.874557278034661  -0.00692713557344915
-2.858849314766712  -0.006953774396201262
-2.8431413514987627  -0.00698063221766948
-2.827433388230814  -0.007007711795920746
-2.811725424962865  -0.0070350159347950525
-2.796017461694916  -0.0070625474851929715
-2.7803094984269667  -0.007090309345421819
-2.764601535159018  -0.007118304463008207
-2.748893571891069  -0.007146535835011125
-2.73318560862312  -0.007175006509468507
-2.7174776453551712  -0.007203719586451829
-2.701769682087222  -0.007232678218875077
-2.686061718819273  -0.007261885613986108
-2.670353755551324  -0.007291345034474539
-2.6546457922833753  -0.007321059799287766
-2.638937829015426  -0.007351033285475594
-2.623229865747477  -0.007381268928847218
-2.6075219024795286  -0.00741177022562145
-2.5918139392115793  -0.0074425407337216365
-2.5761059759436304  -0.007473584073905526
-2.5603980126756816  -0.00750490393142722
-2.5446900494077327  -0.007536504057274684
-2.528982086139784  -0.0075683882697697435
-2.5132741228718345  -0.007600560456031302
-2.4975661596038856  -0.007633024573378555
-2.4818581963359367  -0.007665784651211038
-2.466150233067988  -0.0076988447924373205
-2.4504422698000385  -0.007732209175046689
-2.4347343065320897  -0.007765882054184714
-2.419026343264141  -0.007799867763639001
-2.403318379996192  -0.007834170717719635
-2.3876104167282426  -0.007868795413107144
-2.3719024534602937  -0.007903746430842129
-2.356194490192345  -0.007939028438309848
-2.340486526924396  -0.007974646191254653
-2.324778563656447  -0.008010604535756638
-2.3090706003884978  -0.008046908410518916
-2.293362637120549  -0.008083562849064974
-2.2776546738526  -0.008120572981920149
-2.261946710584651  -0.008157944039047682
-2.246238747316702  -0.008195681352160422
-2.230530784048753  -0.008233790357324966
-2.214822820780804  -0.008272276597363404
-2.199114857512855  -0.008311145724641478
-2.1834068942449063  -0.008350403503533665
-2.1676989309769574  -0.00839005581358121
-2.1519909677090086  -0.008430108651898305
-2.1362830044410597  -0.008470568136500822
-2.1205750411731104  -0.008511440509159418
-2.1048670779051615  -0.00855273213850366
-2.0891591146372126  -0.008594449523464887
-2.0734511513692637  -0.008636599296366065
-2.0577431881013144  -0.00867918822635827
-2.0420352248333655  -0.00872222322318661
-2.0263272615654166  -0.00876571134066867
-2.0106192982974678  -0.008809659780318557
-1.9949113350295187  -0.008854075895599833
-1.9792033717615696  -0.008898967195543506
-1.9634954084936207  -0.00894434134907035
-1.9477874452256718  -0.00899020618922558
-1.9320794819577227  -0.009036569717511933
-1.9163715186897738  -0.0090834401085097
-1.9006635554218247  -0.009130825714613655
-1.8849555921538759  -0.009178735070536459
-1.8692476288859268  -0.009227176898768397
-1.853539665617978  -0.00927616011440352
-1.8378317023500288  -0.00932569383056675
-1.82212373908208  -0.009375787364022337
-1.8064157758141313  -0.009426450240727746
-1.7907078125461822  -0.00947769220163508
-1.7749998492782333  -0.009529523209060309
-1.7592918860102844  -0.009581953452850178
-1.7435839227423353  -0.0096349933566664
-1.7278759594743864  -0.009688653585017304
-1.7121679962064373  -0.009742945050163931
-1.6964600329384885  -0.009797878919173386
-1.6807520696705394  -0.009853466621440266
-1.6650441064025905  -0.009909719856559362
-1.6493361431346414  -0.009966650602118654
-1.6336281798666925  -0.010024271122038964
-1.6179202165987434  -0.010082593975321963
-1.6022122533307945  -0.010141632024603164
-1.5865042900628454  -0.0102013984455962
-1.5707963267948966  -0.0102619067368237
-1.5550883635269477  -0.010323170728920084
-1.5393804002589986  -0.01038520459556913
-1.5236724369910497  -0.01044802286360369
-1.5079644737231006  -0.01051164042454139
-1.4922565104551517  -0.010576072545675552
-1.4765485471872029  -0.010641334881974052
-1.460840583919254  -0.01070744348880237
-1.4451326206513049  -0.010774414834346602
-1.429424657383356  -0.010842265813137075
-1.413716694115407  -0.010911013759815735
-1.398008730847458  -0.010980676463556327
-1.382300767579509  -0.011051272182954597
-1.36659280431156  -0.011122819661641081
-1.350884841043611  -0.011195338144392941
-1.335176877775662  -0.01126884739388756
-1.319468914507713  -0.011343367708325391
-1.3037609512397643  -0.011418919939415906
-1.2880529879718152  -0.011495525511388105
-1.2723450247038663  -0.01157320644077009
-1.2566370614359172  -0.011651985356592953
-1.2409290981679684  -0.01173188552198201
-1.2252211349000193  -0.01181293085599322
-1.2095131716320704  -0.011895145956865527
-1.1938052083641213  -0.011978556125625817
-1.1780972450961724  -0.012063187390806418
-1.1623892818282235  -0.012149066533788444
-1.1466813185602744  -0.012236221114555523
-1.1309733552923256  -0.012324679497790814
-1.1152653920243765  -0.012414470877930683
-1.0995574287564276  -0.012505625301876933
-1.0838494654884787  -0.01259817368517313
-1.0681415022205298  -0.01269214781005873
-1.0524335389525807  -0.01278758027494864
-1.0367255756846319  -0.012884504265100516
-1.0210176124166828  -0.012982952403459702
-1.0053096491487339  -0.013082942650209928
-0.9896016858807848  -0.013184613721657967
-0.9738937226128359  -0.01328787228765016
-0.9581857593448869  -0.01339281177880669
-0.9424777960769379  -0.01349947194960105
-0.926769832808989  -0.013607894841462465
-0.91106186954104  -0.013718124028066048
-0.8953539062730911  -0.013830204566056603
-0.8796459430051422  -0.013944183030284552
-0.8639379797371932  -0.014060107568462432
-0.8482300164692442  -0.014178027964709128
-0.8325220532012952  -0.014297995707681865
-0.8168140899333463  -0.014420064063100813
-0.8011061266653973  -0.014544288150733942
-0.7853981633974483  -0.014670725025227926
-0.7696902001294993  -0.014799433761477743
-0.7539822368615503  -0.014930475544802202
-0.7382742735936014  -0.015063913765461345
-0.7225663103256524  -0.01519981411922916
-0.7068583470577035  -0.015338244712487903
-0.6911503837897545  -0.0154792761739318
-0.6754424205218055  -0.015622981772282607
-0.6597344572538565  -0.015769437540510856
-0.6440264939859076  -0.015918722407342933
-0.6283185307179586  -0.016070918336315576
-0.6126105674500096  -0.016226110472839284
-0.5969026041820606  -0.016384387300043435
-0.5811946409141118  -0.01654584080357313
-0.5654866776461628  -0.016710566646626013
-0.5497787143782138  -0.01687866435550056
-0.5340707511102649  -0.017050237516101796
-0.5183627878423159  -0.01722539398316103
-0.5026548245743669  -0.017404246102152965
-0.48694686130641796  -0.01758691094531506
-0.47123889803846897  -0.01777351056263976
-0.45553093477052  -0.017964172249079147
-0.4398229715025711  -0.01815902882933551
-0.4241150082346221  -0.018358218960910222
-0.4084070449666731  -0.018561887458009407
-0.39269908169872414  -0.0187701856366409
-0.37699111843077515  -0.01898327168354752
-0.3612831551628262  -0.019201311050414394
-0.34557519189487723  -0.019424476875769037
-0.32986722862692824  -0.01965295043610621
-0.3141592653589793  -0.019886921629831633
-0.2984513020910303  -0.020126589495786606
-0.2827433388230814  -0.020372162769570656
-0.26703537555513246  -0.02062386048116943
-0.25132741228718347  -0.020881912597679797
-0.23561944901923448  -0.02114656071392651
-0.21991148575128555  -0.021418058797121886
-0.20420352248333656  -0.02169667398859021
-0.18849555921538758  -0.021982687469632722
-0.17278759594743862  -0.022276395395564808
-0.15707963267948966  -0.022578109906219
-0.1413716694115407  -0.022888160218914377
-0.12566370614359174  -0.023206893812817264
-0.10995574287564278  -0.02353467771266904
-0.09424777960769379  -0.023871899883026848
-0.07853981633974483  -0.024218970743403512
-0.06283185307179587  -0.02457632481658667
-0.047123889803846894  -0.02494442252518514
-0.031415926535897934  -0.025323752150531398
-0.015707963267948967  -0.025714831972650065
-0.0  -0.026118212610602543
0.015707963267948967  -0.026534479585493154
0.031415926535897934  -0.026964256131172037
0.047123889803846894  -0.027408206281302833
0.06283185307179587  -0.0278670382649078
0.07853981633974483  -0.02834150824649767
0.09424777960769379  -0.028832424453606426
0.10995574287564278  -0.029340651737620044
0.12566370614359174  -0.02986711662362085
0.1413716694115407  -0.03041281291030945
0.15707963267948966  -0.030978807892031113
0.17278759594743862  -0.03156624928461524
0.18849555921538758  -0.0321763729498078
0.20420352248333656  -0.03281051152863815
0.21991148575128555  -0.033470104109763976
0.23561944901923448  -0.034156707081387405
0.25132741228718347  -0.03487200633968948
0.26703537555513246  -0.03561783105492389
0.2827433388230814  -0.03639616923320668
0.2984513020910303  -0.037209185352957946
0.3141592653589793  -0.03805924040619968
0.32986722862692824  -0.038948914736975954
0.34557519189487723  -0.03988103414244862
0.3612831551628262  -0.04085869979522283
0.37699111843077515  -0.04188532265543912
0.39269908169872414  -0.04296466317939157
0.4084070449666731  -0.044100877302310104
0.4241150082346221  -0.04529856988210898
0.4398229715025711  -0.046562857058596335
0.45553093477052  -0.04789943931313956
0.47123889803846897  -0.049314687435101284
0.48694686130641796  -0.050815744138874186
0.5026548245743669  -0.052410644761066105
0.5183627878423159  -0.054108461356322524
0.5340707511102649  -0.055919475664199636
0.5497787143782138  -0.057855387933756885
0.5654866776461628  -0.059929570597205106
0.5811946409141118  -0.06215737845394828
0.5969026041820606  -0.0645565306322965
0.6126105674500096  -0.06714758449866853
0.6283185307179586  -0.06995452844021899
0.6440264939859076  -0.07300552985542896
0.6597344572538565  -0.07633388796997329
0.6754424205218055  -0.07997926010487247
0.6911503837897545  -0.0839892576417487
0.7068583470577035  -0.0884215487268041
0.7225663103256524  -0.09334666610322456
0.7382742735936014  -0.0988518125653865
0.7539822368615503  -0.10504610404427939
0.7696902001294993  -0.11206792724566875
0.7853981633974483  -0.12009547964830497
0.8011061266653973  -0.12936222444115247
0.8168140899333463  -0.14018016302403696
0.8325220532012952  -0.15297596939809882
0.8482300164692442  -0.1683491324535682
0.8639379797371932  -0.1871695338753748
0.8796459430051422  -0.21074969199464216
0.8953539062730911  -0.2411681758891707
0.91106186954104  -0.28192574083634314
0.926769832808989  -0.3394167437559431
0.9424777960769379  -0.42670739412906367
0.9581857593448869  -0.5753272683813704
0.9738937226128359  -0.8855045906396226
0.9896016858807848  -1.911114117046583
1.0053096491487339  24.238222871697534
1.0210176124166828  11.518010402002833
1.0367255756846319  8.477861178244213
1.0524335389525807  6.9795095009116555
1.0681415022205298  6.050916003219166
1.0838494654884787  5.404578172040486
1.0995574287564276  4.921782970129283
1.1152653920243765  4.543577850799402
1.1309733552923256  4.236983338721309
1.1466813185602744  3.9819366976385773
1.1623892818282235  3.765447136018569
1.1780972450961724  3.5786863718570063
1.1938052083641213  3.415418782669895
1.2095131716320704  3.271098819824317
1.2252211349000193  3.1423246849826842
1.2409290981679684  3.026493276866994
1.2566370614359172  2.9215743146516147
1.2723450247038663  2.825957885785066
1.2880529879718152  2.738348796233586
1.3037609512397643  2.6576916460277227
1.319468914507713  2.583116604559538
1.335176877775662  2.513899451935716
1.350884841043611  2.4494316547985817
1.36659280431156  2.389197629400085
1.382300767579509  2.3327572376221806
1.398008730847458  2.2797321500641394
1.413716694115407  2.229795105924043
1.429424657383356  2.1826613692379246
1.4451326206513049  2.1380818699961637
1.460840583919254  2.095837651133048
1.4765485471872029  2.0557353371700917
1.4922565104551517  2.0176034097962523
1.5079644737231006  1.9812891256631584
1.5236724369910497  1.9466559498023228
1.5393804002589986  1.913581405211104
1.5550883635269477  1.881955261935421
1.5707963267948966  1.8516780030662403
1.5865042900628454  1.8226595198716198
1.6022122533307945  1.794817995816532
1.6179202165987434  1.7680789491003304
1.6336281798666925  1.7423744063585391
1.6493361431346414  1.7176421879849892
1.6650441064025905  1.6938252871520478
1.6807520696705394  1.670871328201658
1.6964600329384885  1.648732093248484
1.7121679962064373  1.6273631063904244
1.7278759594743864  1.606723267977442
1.7435839227423353  1.586774531470418
1.7592918860102844  1.567481617640407
1.7749998492782333  1.5488117609471805
1.7907078125461822  1.5307344833525027
1.8064157758141313  1.5132213931450718
1.82212373908208  1.496246004725054
1.8378317023500288  1.479783577154564
1.853539665617978  1.463810969283903
1.8692476288859268  1.4483065092091838
1.8849555921538759  1.4332498767062063
1.9006635554218247  1.4186219968252263
1.9163715186897738  1.4044049438353539
1.9320794819577227  1.3905818538686097
1.9477874452256718  1.3771368457131414
1.9634954084936207  1.3640549487922142
1.9792033717615696  1.3513220374692048
1.9949113350295187  1.3389247709007794
2.0106192982974678  1.326850538450386
2.0263272615654166  1.3150874093789264
2.0420352248333655  1.3036240869429307
2.0577431881013144  1.2924498660705641
2.0734511513692637  1.2815545947297302
2.0891591146372126  1.270928638008884
2.1048670779051615  1.2605628453437352
2.1205750411731104  1.2504485201412279
2.1362830044410597  1.2405773917111214
2.1519909677090086  1.2309415894090001
2.1676989309769574  1.2215336185568877
2.1834068942449063  1.2123463382383168
2.199114857512855  1.203372940785071
2.214822820780804  1.1946069323317858
2.230530784048753  1.186042115420371
2.246238747316702  1.1776725721179517
2.261946710584651  1.1694926487607815
2.2776546738526  1.161496941535046
2.293362637120549  1.1536802831235171
2.3090706003884978  1.1460377302100038
2.324778563656447  1.1385645515895093
2.340486526924396  1.1312562176070338
2.356194490192345  1.1241083896542858
2.3719024534602937  1.1171169106995906
2.3876104167282426  1.1102777963428136
2.403318379996192  1.1035872263466486
2.419026343264141  1.09704153679805
2.4347343065320897  1.0906372127103272
2.4504422698000385  1.0843708810385537
2.466150233067988  1.0782393041855176
2.4818581963359367  1.0722393738031841
2.4975661596038856  1.0663681050685792
2.5132741228718345  1.0606226311963272
2.528982086139784  1.0550001983274377
2.5446900494077327  1.049498160755662
2.5603980126756816  1.0441139762616691
2.5761059759436304  1.0388452019312366
2.5918139392115793  1.0336894900897562
2.6075219024795286  1.0286445844302312
2.623229865747477  1.023708316469616
2.638937829015426  1.0188786021008784
2.6546457922833753  1.0141534384787738
2.670353755551324  1.009530900874838
2.686061718819273  1.0050091398428962
2.701769682087222  1.0005863786277465
2.7174776453551712  0.9962609104663207
2.73318560862312  0.9920310962417673
2.748893571891069  0.9878953623039999
2.764601535159018  0.9838521980702024
2.7803094984269667  0.9799001543569605
2.796017461694916  0.9760378411933273
2.811725424962865  0.9722639261177191
2.827433388230814  0.9685771325158705
2.8431413514987627  0.9649762379565818
2.858849314766712  0.9614600727656386
2.874557278034661  0.9580275186325804
2.8902652413026098  0.9546775071636884
2.9059732045705586  0.9514090187856961
2.921681167838508  0.9482210815277226
2.937389131106457  0.9451127699557169
2.9530970943744057  0.9420832042103475
2.9688050576423546  0.939131548958837
2.9845130209103035  0.9362570127219954
3.000220984178253  0.9334588469622029
3.015928947446201  0.9307363460715683
3.03163691071415  0.9280888495369084
3.0473448739820994  0.9255157413101136
3.0630528372500483  0.9230164474374432
3.078760800517997  0.9205904350328011
3.094468763785946  0.9182372113497066
3.1101767270538954  0.915956323207876
3.1258846903218442  0.9137473566558352
3.141592653589793  0.9116099363012449
3.1573006168577424  0.9095437252483323
3.173008580125691  0.9075484246949141
3.18871654339364  0.9056237739995041
3.204424506661589  0.9037695504948946
3.2201324699295375  0.9019855695009107
3.235840433197487  0.9002716845821142
3.2515483964654357  0.8986277873075086
3.267256359733385  0.8970538079499968
3.2829643230013335  0.895549715435761
3.2986722862692828  0.8941155178180726
3.3143802495372316  0.8927512627482153
3.330088212805181  0.8914570379001194
3.3457961760731294  0.890232971552346
3.3615041393410787  0.8890792332941706
3.3772121026090276  0.887996034742786
3.392920065876977  0.886983630261214
3.4086280291449254  0.8860423179281811
3.4243359924128747  0.885172440563452
3.4400439556808236  0.8843743867277849
3.455751918948773  0.8836485918741981
3.4714598822167213  0.882995539709927
3.4871678454846706  0.8824157634512182
3.5028758087526195  0.8819098474113316
3.518583772020569  0.8814784286022892
3.5342917352885173  0.8811221983766868
3.5499996985564666  0.880841904347816
3.565707661824415  0.8806383524259151
3.5814156250923643  0.8805124089372396
3.597123588360313  0.8804650029473287
3.6128315516282625  0.8804971286557732
3.628539514896211  0.8806098483316145
3.64424747816416  0.8808042948332995
3.659955441432109  0.881081674867229
3.6756634047000576  0.8814432723237831
3.691371367968007  0.8818904517163235
3.707079331235956  0.8824246620366663
3.722787294503905  0.8830474407777971
3.7384952577718535  0.8837604183712537
3.754203221039803  0.8845653228899963
3.7699111843077517  0.8854639850592678
3.785619147575701  0.8864583437682967
3.8013271108436495  0.8875504518362116
3.817035074111599  0.8887424824161811
3.8327430373795477  0.8900367357037786
3.848451000647497  0.8914356462244011
3.8641589639154454  0.8929417909533424
3.8798669271833948  0.894557897559636
3.8955748904513436  0.8962868537347097
3.911282853719293  0.8981317172646559
3.9269908169872414  0.9000957266704759
3.9426987802551907  0.9021823129994222
3.958406743523139  0.9043951124345098
3.9741147067910885  0.9067379801759718
3.9898226700590373  0.9092150053182935
4.005530633326987  0.9118305272609377
4.0212385965949355  0.9145891532953914
4.0369465598628835  0.9174957782351865
4.052654523130833  0.9205556053643622
4.068362486398782  0.9237741697911472
4.084070449666731  0.9271573636545183
4.09977841293468  0.9307114640949701
4.115486376202629  0.934443163756097
4.131194339470578  0.9383596045365945
4.1469023027385274  0.9424684146467444
4.162610266006475  0.946777749551273
4.178318229274425  0.9512963372991914
4.194026192542374  0.9560335288260924
4.209734155810323  0.9609993535352226
4.225442119078272  0.9662045814333697
4.241150082346221  0.9716607921533096
4.25685804561417  0.9773804522743972
4.272566008882119  0.9833770017137162
4.288273972150067  0.9896649505428758
4.303981935418017  0.9962599884684407
4.319689898685965  1.0031791075031191
4.335397861953915  1.0104407413127678
4.351105825221864  1.018064922857027
4.366813788489813  1.0260734638696447
4.3825217517577615  1.0344901593164524
4.39822971502571  1.043341021666866
4.413937678293659  1.0526545495921007
4.429645641561608  1.0624620375736469
4.445353604829557  1.0727979342052933
4.461061568097506  1.0837002577136847
4.476769531365456  1.09521108079459
4.492477494633404  1.1073770978677993
4.508185457901353  1.1202502927228484
4.523893421169302  1.133888727324489
4.539601384437251  1.1483574792657452
4.5553093477052  1.1637297619110094
4.571017310973149  1.1800882704535736
4.586725274241098  1.1975268102064738
4.6024332375090475  1.2161522792221642
4.6181412007769955  1.2360871004790657
4.633849164044945  1.257472228485078
4.649557127312894  1.2804708980835624
4.665265090580843  1.3052733411003241
4.680973053848792  1.3321027812894521
4.696681017116741  1.3612231360394347
4.71238898038469  1.3929490304527896
4.728096943652639  1.4276589900552514
4.743804906920587  1.4658130742856417
4.759512870188537  1.5079768309427186
4.775220833456485  1.5548544289774724
4.790928796724435  1.6073354296210054
4.806636759992384  1.6665623533530154
4.822344723260333  1.7340309074447995
4.838052686528282  1.8117432880944024
4.8537606497962305  1.902451232377243
4.869468613064179  2.0100581583130004
4.885176576332128  2.140319747071509
4.900884539600077  2.302144779778234
4.916592502868026  2.5102141906454327
4.932300466135976  2.790847667213934
4.948008429403924  3.1972405940386572
4.9637163926718735  3.858896607366619
4.979424355939822  5.217748730873479
4.995132319207771  11.09445560209428
5.01084028247572  -0.7953910905556094
5.026548245743669  -0.36344111173928123
5.042256209011618  -0.23405168283422897
5.057964172279568  -0.17206784149510668
5.073672135547516  -0.13564794262767368
5.089380098815465  -0.11165056864254275
5.105088062083414  -0.09463069299242297
5.120796025351363  -0.08192320249952151
5.136503988619312  -0.07206865598360923
5.152211951887261  -0.06420028797477634
5.16791991515521  -0.057770641038627446
5.183627878423159  -0.05241680011750549
5.1993358416911075  -0.047888605781478466
5.215043804959057  -0.04400797842954987
5.230751768227005  -0.04064467676638636
5.246459731494954  -0.03770122935125264
5.262167694762904  -0.035103228001180764
5.277875658030852  -0.03279288071421088
5.293583621298802  -0.030724614195607014
5.3092915845667505  -0.028862003675436704
5.324999547834699  -0.02717558478764981
5.340707511102648  -0.025641265220492926
5.356415474370597  -0.024239152623543453
5.372123437638546  -0.02295267676385887
5.387831400906496  -0.02176792316771664
5.403539364174444  -0.020673121070990924
5.419247327442394  -0.019658245517571282
5.4349552907103424  -0.01871470496740371
5.450663253978291  -0.01783509370500666
5.46637121724624  -0.017012993884414712
5.482079180514189  -0.016242815968259522
5.497787143782138  -0.015519669143515158
5.513495107050088  -0.014839255337355972
5.529203070318036  -0.014197781965926498
5.5449110335859855  -0.013591889660444945
5.5606189968539335  -0.013018592053458511
5.576326960121883  -0.01247522534007145
5.592034923389832  -0.011959405809937096
5.607742886657781  -0.011468993918154508
5.62345084992573  -0.011002063748626584
5.639158813193679  -0.010556876948463245
5.654866776461628  -0.010131860387486868
5.6705747397295765  -0.009725586935523223
5.686282702997525  -0.00933675886148283
5.701990666265474  -0.008964193445608282
5.717698629533424  -0.008606810467913673
5.733406592801372  -0.00826362129398489
5.749114556069322  -0.00793371932336262
5.764822519337271  -0.007616271607872427
5.7805304826052195  -0.0073105114741073285
5.796238445873168  -0.00701573201314476
5.811946409141117  -0.006731280320928401
5.827654372409066  -0.006456552389017989
5.843362335677016  -0.006190988562565891
5.859070298944964  -0.005934069492265576
5.874778262212914  -0.005685312519639746
5.890486225480862  -0.005444268440560063
5.906194188748811  -0.005210518603562808
5.92190215201676  -0.004983672301289072
5.937610115284709  -0.00476336442189218
5.953318078552658  -0.004549253329849845
5.969026041820607  -0.004341018951015685
5.984734005088556  -0.004138361037839572
6.000441968356506  -0.003940997596483337
6.0161499316244536  -0.003748663457303625
6.031857894892402  -0.0035611089735567703
6.047565858160352  -0.003378098834968979
6.0632738214283  -0.0031994109841693152
6.07898178469625  -0.003024835625737854
6.094689747964199  -0.00285417431761259
6.110397711232148  -0.002687239137483144
6.126105674500097  -0.0025238519164013096
6.1418136377680455  -0.002363843532539267
6.157521601035994  -0.0022070532602508353
6.173229564303944  -0.0020533281674826043
6.188937527571892  -0.001902522558793529
6.204645490839842  -0.001754497457652826
6.220353454107791  -0.0016091201255545307
6.23606141737574  -0.0014662636138934593
6.2517693806436885  -0.0013258063448175483
6.267477343911637  -0.0011876317197831998
6.283185307179586  -0.0010516277506558147
6.298893270447535  -0.0009176867133687261
6.314601233715485  -0.0007857048199469974
6.330309196983434  -0.0006555819075064195
6.346017160251382  -0.0005272211424702244
6.361725123519331  -0.0004005287372176869
6.37743308678728  -0.0002754136781215333
6.393141050055229  -0.00015178746241437113
6.408849013323178  -2.956384262089995e-05
6.424556976591127  9.134142342459572e-05
6.440264939859075  0.000211010818968127
6.455972903127026  0.000329525312748824
6.471680866394974  0.0004469646039401143
6.4873888296629225  0.0005634073690449215
6.503096792930871  0.0006789315136583873
6.518804756198821  0.0007936144316378346
6.53451271946677  0.000907533274165151
6.550220682734719  0.001020765232386367
6.565928646002667  0.001133387837450428
6.5816366092706176  0.0012454792821224858
6.5973445725385655  0.001357118769678034
6.613052535806514  0.0014683868959752822
6.628760499074463  0.0015793660726987069
6.644468462342413  0.001690141001421508
6.660176425610362  0.001800799209440096
6.675884388878311  0.0019114316625518102
6.691592352146259  0.0020221334739591867
6.7073003154142095  0.002133004731110999
6.7230082786821574  0.0022441514737529533
6.738716241950106  0.0023556868618676563
6.754424205218055  0.0024677325888676216
6.770132168486005  0.0025804206130413676
6.785840131753954  0.0026938953088576634
6.801548095021902  0.0028083161814122515
6.817256058289851  0.0029238613496044286
6.8329640215578005  0.003040732102849386
6.848671984825749  0.0031591589942967513
6.864379948093698  0.0032794101998651626
6.880087911361647  0.003401803340399745
6.895795874629595  0.0035267228281945506
6.911503837897546  0.0036546465132804573
6.927211801165494  0.0037861890928495567
6.942919764433443  0.003922178611492633
6.9586277277013915  0.0040638071789710906
6.974335690969341  0.004212984165414269
6.99004365423729  0.004373481145994784
7.005751617505239  0.004557716944752377
7.021459580773187  0.004748953161086977
7.037167544041138  0.0049319303952916616
7.052875507309086  0.005106662556638886
7.0685834705770345  0.005273360669666494
7.084291433844983  0.005432273282497457
7.099999397112933  0.005583656598366793
7.115707360380882  0.005727765109294791
7.13141532364883  0.005864847976765508
7.147123286916779  0.005995147499503972
7.162831250184729  0.006118898471157375
7.1785392134526775  0.00623632796201723
7.194247176720626  0.006347655316272405
7.209955139988575  0.006453092266211047
7.225663103256525  0.006552843109250972
7.241371066524474  0.0066471049199259835
7.257079029792422  0.0067360677790255785
7.272786993060371  0.006819915011474775
7.28849495632832  0.006898823424662193
7.304202919596269  0.0069729635455538785
7.319910882864218  0.007042499853306405
7.335618846132167  0.007107591005080238
7.351326809400115  0.007168390056262575
7.367034772668066  0.007225044672564018
7.382742735936014  0.007277697334824085
7.398450699203963  0.00732648553634474
7.414158662471912  0.007371541972722606
7.429866625739861  0.0074129947238694704
7.44557458900781  0.007450967429402766
7.461282552275758  0.007485579456629088
7.476990515543707  0.0075169460616787975
7.492698478811658  0.0075451785445230235
7.508406442079606  0.007570384397250884
7.524114405347555  0.007592667446389645
7.5398223686155035  0.007612127989605644
7.555530331883453  0.0076288629266771935
7.571238295151402  0.007642965885095165
7.58694625841935  0.007654527340689277
7.602654221687299  0.007663634733195868
7.618362184955249  0.007670372577379347
7.634070148223198  0.00767482256928298
7.6497781114911465  0.0076770636887874555
7.665486074759095  0.007677172297464452
7.681194038027043  0.007675222232669476
7.696902001294994  0.007671284898389141
7.712609964562942  0.0076654293517706695
7.728317927830891  0.007657722386436583
7.74402589109884  0.007648228613104435
7.7597338543667895  0.007637010536131084
7.775441817634738  0.007624128627697124
7.791149780902687  0.007609641398773959
7.806857744170635  0.007593605467812292
7.822565707438586  0.00757607562615914
7.838273670706534  0.0075571049012923
7.853981633974483  0.007536744617800184
7.869689597242432  0.007515044455539632
7.885397560510381  0.007492052506198332
7.90110552377833  0.007467815327408256
7.916813487046278  0.0074423779945052
7.932521450314227  0.007415784150937521
7.948229413582177  0.007388076056603854
7.963937376850126  0.007359294634195268
7.979645340118075  0.007329479513889958
7.995353303386024  0.007298669076631903
8.011061266653973  0.00726690049554457
8.026769229921921  0.007234209775924372
8.042477193189871  0.007200631794079426
8.058185156457819  0.007166200333969752
8.073893119725767  0.007130948123512337
8.089601082993719  0.007094906868766737
8.105309046261667  0.007058107287450932
8.121017009529615  0.007020579140911587
8.136724972797564  0.006982351265174047
8.152432936065514  0.006943451600656236
8.168140899333462  0.00690390722125811
8.183848862601412  0.006863744361842339
8.19955682586936  0.0068229884452807865
8.21526478913731  0.006781664108266416
8.230972752405258  0.006739795226172796
8.246680715673207  0.006697404937481277
8.262388678941155  0.006654515666934979
8.278096642209105  0.006611149147774553
8.293804605477055  0.006567326443880084
8.309512568745003  0.0065230679705763905
8.32522053201295  0.006478393514653791
8.3409284952809  0.006433322254444318
8.35663645854885  0.006387872778332138
8.372344421816798  0.006342063103247031
8.388052385084748  0.006295910692226903
8.403760348352698  0.006249432471512106
8.419468311620646  0.00620264484720745
8.435176274888594  0.006155563721008339
8.450884238156544  0.006108204505786974
8.466592201424492  0.006060582140511306
8.482300164692441  0.006012711104661339
8.498008127960391  0.005964605432155268
8.51371609122834  0.005916278724895363
8.529424054496287  0.005867744165887978
8.545132017764239  0.005819014531651068
8.560839981032187  0.005770102204933236
8.576547944300135  0.00572101918600143
8.592255907568084  0.005671777104479303
8.607963870836034  0.005622387230294179
8.623671834103982  0.005572860484339914
8.63937979737193  0.0055232074491801675
8.65508776063988  0.005473438378761686
8.67079572390783  0.005423563208379223
8.686503687175778  0.005373591563971436
8.702211650443727  0.005323532771410289
8.717919613711675  0.005273395865366681
8.733627576979625  0.005223189597774902
8.749335540247575  0.005172922446018358
8.765043503515523  0.005122602621514427
8.780751466783471  0.005072238076826385
8.79645943005142  0.005021836513820155
8.81216739331937  0.004971405390521655
8.827875356587318  0.004920951928691686
8.843583319855268  0.004870483120232583
8.859291283123216  0.004820005734330057
8.874999246391166  0.004769526323507689
8.890707209659114  0.004719051230077764
8.906415172927064  0.004668586592527335
8.922123136195012  0.004618138350743206
8.937831099462962  0.004567712252441569
8.953539062730911  0.004517313858182659
8.96924702599886  0.0044669485471866555
8.984954989266807  0.004416621522205899
9.000662952534759  0.004366337814779353
9.016370915802707  0.0043161022901303525
9.032078879070655  0.0042659196518535225
9.047786842338605  0.00421579444658432
9.063494805606554  0.004165731068597189
9.079202768874502  0.004115733764096907
9.09491073214245  0.004065806635323965
9.1106186954104  0.004015953644746384
9.12632665867835  0.003966178619260852
9.142034621946298  0.003916485253591895
9.157742585214248  0.003866877114598155
9.173450548482196  0.003817357644456787
9.189158511750145  0.003767930164414457
9.204866475018095  0.003718597878292984
9.220574438286043  0.0036693638756672975
9.236282401553991  0.0036202311351927197
9.25199036482194  0.0035712025277194748
9.26769832808989  0.0035222808194329547
9.283406291357839  0.003473468674702773
9.299114254625788  0.0034247686590750392
9.314822217893736  0.0033761832419801907
9.330530181161686  0.003327714799551851
9.346238144429634  0.0032793656171389296
9.361946107697584  0.0032311378920840683
9.377654070965532  0.003183033736067098
9.393362034233482  0.00313505517758228
9.409069997501431  0.003087204164077373
9.42477796076938  0.0030394825647478974
9.440485924037327  0.002991892172256483
9.456193887305279  0.0029444347051744146
9.471901850573227  0.0028971118100985516
9.487609813841175  0.002849925063439618
9.503317777109125  0.0028028759737411812
9.519025740377074  0.002755965983353148
9.534733703645022  0.002709196470467634
9.55044166691297  0.002662568750857186
9.56614963018092  0.002616084079690273
9.58185759344887  0.002569743653302259
9.597565556716818  0.0025235486108025618
9.613273519984768  0.0024775000355488075
9.628981483252716  0.002431598957267911
9.644689446520665  0.002385846352937371
9.660397409788615  0.002340243148700738
9.676105373056563  0.0022947902212258064
9.691813336324511  0.0022494883991356907
9.707521299592461  0.0022043384643253283
9.72322926286041  0.0021593411533906703
9.738937226128359  0.0021144971588804573
9.754645189396308  0.002069807130535728
9.770353152664256  0.002025271676707019
9.786061115932206  0.001980891365280235
9.801769079200154  0.001936666725105174
9.817477042468104  0.0018925982469101266
9.833185005736052  0.0018486863846275403
9.848892969004002  0.00180493155628908
9.864600932271951  0.0017613341451968578
9.8803088955399  0.0017178945008327062
9.896016858807847  0.001674612939975506
9.911724822075797  0.0016314897476769064
9.927432785343747  0.0015885251779474974
9.943140748611695  0.0015457194550272946
9.958848711879645  0.0015030727740689698
9.974556675147594  0.0014605853019218906
9.990264638415542  0.001418257178328275
10.00597260168349  0.001376088516382823
10.02168056495144  0.0013340794033998016
10.03738852821939  0.001292229901976305
10.053096491487338  0.0012505400503065034
10.068804454755288  0.001209009863358701
10.084512418023236  0.0011676393332653578
10.100220381291184  0.0011264284301135685
10.115928344559135  0.0010853771028364045
10.131636307827083  0.0010444852795792325
10.147344271095031  0.0010037528685237773
10.163052234362981  0.0009631797584884194
10.17876019763093  0.0009227658194983501
10.194468160898879  0.0008825109034984457
10.210176124166829  0.0008424148447123136
10.225884087434777  0.000802477460564166
10.241592050702726  0.0007626985519463836
10.257300013970674  0.000723077903881042
10.273007977238624  0.0006836152860192346
10.288715940506572  0.0006443104532899424
10.304423903774522  0.0006051631461130302
10.320131867042472  0.0005661730912870366
10.33583983031042  0.0005273400021534869
10.351547793578368  0.0004886635792999972
10.367255756846317  0.00045014351089117666
10.382963720114267  0.000411779473181495
10.398671683382215  0.0003735711310272616
10.414379646650165  0.00033551813816246057
10.430087609918115  0.00029762013802275833
10.445795573186063  0.0002598767636871613
10.46150353645401  0.000222287638715013
10.47721149972196  0.0001848523773927968
10.492919462989908  0.00014757058522407718
10.508627426257858  0.00011044185941472273
10.524335389525808  7.346578924538605e-05
10.540043352793756  3.664195663621861e-05
10.555751316061704  -3.006348273104642e-08
10.571459279329655  -3.655070265634608e-05
10.587167242597603  -7.29203983331761e-05
10.602875205865551  -0.00010913959342295776
10.618583169133501  -0.0001452087355506837
10.63429113240145  -0.00018112827658398056
10.649999095669399  -0.00021689867201016289
10.665707058937347  -0.0002525203798410258
10.681415022205297  -0.0002879938600954812
10.697122985473246  -0.0003233195735028449
10.712830948741194  -0.0003584979805011379
10.728538912009144  -0.00039352953979587824
10.744246875277092  -0.0004284147064992361
10.759954838545042  -0.0004631539300605225
10.775662801812992  -0.0004977476515712898
10.79137076508094  -0.0005321962999548235
10.807078728348888  -0.0005665002876726888
10.822786691616837  -0.0006006600039140664
10.838494654884787  -0.0006346758057655943
10.854202618152735  -0.0006685480052431303
10.869910581420685  -0.0007022768499396204
10.885618544688633  -0.0007358624927542856
10.901326507956583  -0.0007693049425313847
10.91703447122453  -0.0008026039776554139
10.93274243449248  -0.0008357589825983003
10.948450397760428  -0.0008687686025377339
10.964158361028378  -0.0009016298881990847
10.979866324296328  -0.0009343355433903411
10.995574287564276  -0.0009668558647169534
11.011282250832224  -0.0009975548875942597
11.026990214100175  -0.0010254421105322098
11.042698177368123  -0.0010516460838101427
11.058406140636071  -0.001076536707030229
11.074114103904021  -0.0011003188927325436
11.089822067171971  -0.001123129551507951
11.105530030439919  -0.0011450693355654629
11.121237993707867  -0.001166216718465063
11.136945956975817  -0.0011866353712252087
11.152653920243766  -0.001206378465020308
11.168361883511714  -0.0012254913806781786
11.184069846779664  -0.001244013514796749
11.199777810047612  -0.0012619795379309462
11.215485773315562  -0.0012794203042375552
11.231193736583512  -0.0012963635270676899
11.24690169985146  -0.0013128342946626126
11.262609663119408  -0.0013288554709965927
11.278317626387357  -0.0013444480135539894
11.294025589655307  -0.001359631229248759
11.309733552923255  -0.0013744229828176469
11.325441516191205  -0.0013888398692699089
11.341149479459153  -0.0014028973576002413
11.356857442727103  -0.0014166099121146192
11.37256540599505  -0.0014299910955130612
11.388273369263  -0.0014430536570319563
11.403981332530948  -0.0014558096089302974
11.419689295798898  -0.0014682702925747637
11.435397259066848  -0.0014804464364759629
11.451105222334796  -0.0014923482070920147
11.466813185602744  -0.0015039852538914211
11.482521148870694  -0.001515366749106517
11.498229112138644  -0.0015265014237011432
11.513937075406592  -0.0015373975988548783
11.529645038674541  -0.001548063214811185
11.545353001942491  -0.001558505856729675
11.561060965210439  -0.0015687327780463667
11.576768928478387  -0.0015787509216858286
11.592476891746337  -0.0015885669394830604
11.608184855014287  -0.001598187209655183
11.623892818282235  -0.0016076178531892193
11.639600781550184  -0.001616864748568675
11.655308744818132  -0.0016259335453863433
11.67101670808608  -0.0016348296770268833
11.686724671354032  -0.0016435583721969849
11.70243263462198  -0.001652124665827981
11.718140597889928  -0.0016605334088239943
11.733848561157878  -0.0016687892775638646
11.749556524425827  -0.0016768967824982162
11.765264487693775  -0.001684860276002842
11.780972450961723  -0.0016926839602768307
11.796680414229673  -0.0017003718938928825
11.812388377497623  -0.0017079279987395335
11.82809634076557  -0.0017153560661855027
11.84380430403352  -0.001722659762567802
11.859512267301469  -0.0017298426350385032
11.875220230569418  -0.0017369081164202438
11.890928193837368  -0.0017438595301497162
11.906636157105316  -0.0017507000947387663
11.922344120373264  -0.0017574329282848966
11.938052083641214  -0.0017640610523203537
11.953760046909164  -0.0017705873957715168
11.969468010177112  -0.0017770147986148621
11.985175973445061  -0.001783346015307108
12.000883936713011  -0.001789583718098453
12.01659189998096  -0.0017957305000517731
12.032299863248907  -0.0018017888781044489
12.048007826516857  -0.0018077612959406797
12.063715789784805  -0.0018136501265434979
12.079423753052755  -0.0018194576747190827
12.095131716320704  -0.0018251861796865776
12.110839679588652  -0.0018308378173418904
12.1265476428566  -0.0018364147023556265
12.142255606124552  -0.0018419188904396644
12.1579635693925  -0.001847352380384748
12.173671532660448  -0.0018527171157904365
12.189379495928398  -0.0018580149871244012
12.205087459196347  -0.0018632478333858726
12.220795422464295  -0.0018684174439224654
12.236503385732243  -0.0018735255598922862
12.252211349000193  -0.0018785738758871906
12.267919312268143  -0.001883564041453234
12.283627275536091  -0.0018884976625318517
12.29933523880404  -0.0018933763027814687
12.315043202071989  -0.001898201484955453
12.330751165339938  -0.0019029746921409574
12.346459128607888  -0.001907697369014083
12.362167091875836  -0.0019123709230136066
12.377875055143784  -0.0019169967253788167
12.393583018411734  -0.0019215761123295705
12.409290981679684  -0.0019261103861387685
12.424998944947632  -0.0019306008160850652
12.440706908215581  -0.001935048639384429
12.456414871483531  -0.001939455062314438
12.47212283475148  -0.00194382126083259
12.487830798019427  -0.0019481483816962408
12.503538761287377  -0.0019524375432102281
12.519246724555325  -0.00195668983597469
12.534954687823275  -0.0019609063237649993
12.550662651091224  -0.00196508804439674
12.566370614359172  -0.00196923601010765
