-12.566370614359172	6.147464734900597e-6
-12.550662651091223	6.140082157323065e-6
-12.534954687823275	6.16247989346296e-6
-12.519246724555325	6.1883949397580905e-6
-12.503538761287377	6.21382838078028e-6
-12.487830798019427	6.245252156202272e-6
-12.47212283475148	6.267413807752633e-6
-12.45641487148353	6.295000581907557e-6
-12.440706908215581	6.337596917006956e-6
-12.424998944947632	6.352687535724349e-6
-12.409290981679682	6.377601787572249e-6
-12.393583018411734	6.430986196452424e-6
-12.377875055143784	6.433395798095584e-6
-12.362167091875836	6.460454378661624e-6
-12.346459128607886	6.488593731694661e-6
-12.330751165339938	6.5182831468941834e-6
-12.315043202071989	6.546026517082342e-6
-12.29933523880404	6.575242979114026e-6
-12.283627275536091	6.6071863575999005e-6
-12.267919312268143	6.663741931509173e-6
-12.252211349000193	7.1949289893215874e-6
-12.236503385732243	6.721610640961805e-6
-12.220795422464295	6.7327600673022555e-6
-12.205087459196346	6.812059487900102e-6
-12.189379495928398	1.6029524669169112e-5
-12.173671532660448	6.862806327319838e-6
-12.1579635693925	6.8714294712509605e-6
-12.14225560612455	6.878768055038747e-6
-12.126547642856602	6.910710121522966e-6
-12.110839679588652	6.940697272588555e-6
-12.095131716320704	6.968323044837278e-6
-12.079423753052755	6.998531294836019e-6
-12.063715789784805	7.0352954291744494e-6
-12.048007826516857	7.0642873759634e-6
-12.032299863248907	7.115165928577135e-6
-12.01659189998096	7.147516882664178e-6
-12.00088393671301	7.162994020715911e-6
-11.985175973445061	7.192265017936567e-6
-11.969468010177112	7.226903001688635e-6
-11.953760046909164	7.258619680115355e-6
-11.938052083641214	7.2995226245296345e-6
-11.922344120373264	7.327859260672291e-6
-11.906636157105316	7.364967562905928e-6
-11.890928193837366	7.417181134170905e-6
-11.875220230569418	8.111367867457127e-6
-11.859512267301469	7.528141410077234e-6
-11.84380430403352	7.50717083244276e-6
-11.82809634076557	7.534584118515427e-6
-11.812388377497623	7.567942631326688e-6
-11.796680414229673	7.60819006430855e-6
-11.780972450961723	7.685218656978232e-6
-11.765264487693775	7.675565349077669e-6
-11.749556524425826	7.709340020200015e-6
-11.733848561157878	7.745124469131055e-6
-11.718140597889928	7.78178682117732e-6
-11.70243263462198	7.818941025525202e-6
-11.68672467135403	7.856781291686506e-6
-11.671016708086082	7.922000460242487e-6
-11.655308744818132	7.936143646250417e-6
-11.639600781550184	7.985079326793636e-6
-11.623892818282235	8.013737363222097e-6
-11.608184855014285	8.060279373493077e-6
-11.592476891746337	8.562961264179077e-6
-11.576768928478387	8.144085007376493e-6
-11.561060965210439	8.181879869019398e-6
-11.54535300194249	8.259973104064005e-6
-11.529645038674541	8.41826342015876e-6
-11.513937075406592	8.5203304316997e-6
-11.498229112138644	8.68169405462716e-6
-11.482521148870694	8.473786275577692e-6
-11.466813185602746	8.615481652245168e-6
-11.451105222334796	9.556988609676386e-6
-11.435397259066846	1.8583864905378587e-5
-11.419689295798898	8.940961415998143e-6
-11.403981332530948	8.708806552255372e-6
-11.388273369263	8.699369202475744e-6
-11.37256540599505	8.754865314820785e-6
-11.356857442727103	9.00851079633839e-6
-11.341149479459153	1.7622742069593882e-5
-11.325441516191205	3.0625815830660703e-5
-11.309733552923255	9.748526916955464e-6
-11.294025589655305	8.929203161683096e-6
-11.278317626387357	8.94932472136779e-6
-11.262609663119408	8.9866579619682e-6
-11.24690169985146	9.032996819669736e-6
-11.23119373658351	9.080237687208685e-6
-11.215485773315562	9.13825575804254e-6
-11.199777810047612	9.29051278440055e-6
-11.184069846779664	1.068178254960525e-5
-11.168361883511714	9.404757870643966e-6
-11.152653920243765	9.389765592453523e-6
-11.136945956975817	9.494080394452816e-6
-11.121237993707867	9.771343527741318e-6
-11.105530030439919	1.3056946114335976e-5
-11.08982206717197	3.363894727886433e-5
-11.074114103904021	1.0307238147391006e-5
-11.058406140636071	9.81707842957817e-6
-11.042698177368123	9.759186902263005e-6
-11.026990214100174	9.819865937565018e-6
-11.011282250832226	1.9334370040625103e-5
-10.995574287564276	9.946565671015598e-6
-10.979866324296326	1.0097895330271756e-5
-10.964158361028378	1.54609802910045e-5
-10.948450397760428	1.366247904141294e-5
-10.93274243449248	1.0264369793189433e-5
-10.91703447122453	1.0115012286225162e-5
-10.901326507956583	1.0132615998767137e-5
-10.885618544688633	1.0177035229682758e-5
-10.869910581420685	1.0244284931326667e-5
-10.854202618152735	1.0300351022519265e-5
-10.838494654884787	1.0455782921573805e-5
-10.822786691616837	1.2238110351912258e-5
-10.807078728348888	1.1347817017799023e-5
-10.79137076508094	1.0528787853060894e-5
-10.77566280181299	1.058448416088603e-5
-10.759954838545042	1.0654843690212421e-5
-10.744246875277092	1.0745590681250261e-5
-10.728538912009144	1.090306627557964e-5
-10.712830948741194	1.1662939240455574e-5
-10.697122985473246	1.7463905814814756e-5
-10.681415022205297	1.1511421573493053e-5
-10.665707058937347	1.96366788360117e-5
-10.649999095669399	1.1357678750000593e-5
-10.634291132401449	1.1537089980455725e-5
-10.618583169133501	1.1415943648338838e-5
-10.602875205865551	3.73590276241368e-5
-10.587167242597603	1.1687704836737064e-5
-10.571459279329654	1.2150464807854858e-5
-10.555751316061706	3.997353117200238e-5
-10.540043352793756	1.2423314237183166e-5
-10.524335389525806	1.2596872760803575e-5
-10.508627426257858	1.3325855744808326e-5
-10.492919462989908	1.6170212139566994e-5
-10.47721149972196	4.459804344309148e-5
-10.46150353645401	7.401300238151341e-5
-10.445795573186063	1.8585295632386e-5
-10.430087609918113	1.457413283606751e-5
-10.414379646650165	1.3139997349683268e-5
-10.398671683382215	1.3694978316001999e-5
-10.382963720114267	1.301479849587657e-5
-10.367255756846317	1.6079754664057153e-5
-10.351547793578368	2.0323948892579483e-5
-10.33583983031042	1.4591448840527973e-5
-10.32013186704247	1.3087126592628368e-5
-10.304423903774522	1.3780393823325464e-5
-10.288715940506572	2.2644410540409484e-5
-10.273007977238624	1.772450507481329e-5
-10.257300013970674	0.00034690850385019355
-10.241592050702726	0.00013972025846480137
-10.225884087434777	1.6406950339400834e-5
-10.210176124166829	1.3551309304704067e-5
-10.194468160898879	1.3376719247472006e-5
-10.178760197630929	1.3358326621903994e-5
-10.163052234362981	1.3402214865916204e-5
-10.147344271095031	1.3498117310128225e-5
-10.131636307827083	1.4290068801053412e-5
-10.115928344559133	1.3779541753861334e-5
-10.100220381291185	1.4210441156231272e-5
-10.084512418023236	4.323284240503885e-5
-10.068804454755288	1.6250145142837933e-5
-10.053096491487338	0.00011004885136050433
-10.037388528219388	1.7695187565351592e-5
-10.02168056495144	1.9832631223788468e-5
-10.00597260168349	4.312379507983334e-5
-9.990264638415542	2.1961762483010543e-5
-9.974556675147593	3.6191349425678984e-5
-9.958848711879645	1.6005769630438773e-5
-9.943140748611695	1.8068619348900213e-5
-9.927432785343747	2.6513367348670144e-5
-9.911724822075797	0.0007827435445940513
-9.896016858807847	2.122619050045192e-5
-9.8803088955399	1.7006888057618327e-5
-9.86460093227195	1.628536248742086e-5
-9.848892969004002	1.732698303736908e-5
-9.833185005736052	0.0002643574374276828
-9.817477042468104	1.7888970278765504e-5
-9.801769079200154	1.652251033735111e-5
-9.786061115932206	1.805738904015495e-5
-9.770353152664256	1.7213106179135975e-5
-9.754645189396308	1.980588554208779e-5
-9.738937226128359	7.00692510102547e-5
-9.723229262860409	4.1877303745004184e-5
-9.707521299592461	2.006169218594519e-5
-9.691813336324511	2.090149334545073e-5
-9.676105373056563	0.0004778602010566082
-9.660397409788613	2.0017983325649278e-5
-9.644689446520665	1.892591617981692e-5
-9.628981483252716	1.7921791408594515e-5
-9.613273519984768	1.9115756837372242e-5
-9.597565556716818	1.7766159352731713e-5
-9.58185759344887	1.8014136381559133e-5
-9.56614963018092	1.8571445711402897e-5
-9.55044166691297	1.9603619242124045e-5
-9.534733703645022	3.139341219910573e-5
-9.519025740377073	3.195771604146687e-5
-9.503317777109125	0.002809263285183703
-9.487609813841175	3.557997926218113e-5
-9.471901850573227	2.5403226213142924e-5
-9.456193887305277	3.1445885709875615e-5
-9.44048592403733	0.0001395860277265043
-9.42477796076938	3.990272099863467e-5
-9.40906999750143	0.0002471415581619542
-9.393362034233482	0.0001552758695002967
-9.377654070965532	0.00014617945245272405
-9.361946107697584	0.004432479720355857
-9.346238144429634	9.184454326047724e-5
-9.330530181161686	4.637982431213336e-5
-9.314822217893736	5.7479196271579626e-5
-9.299114254625788	6.477295954881442e-5
-9.283406291357839	5.0531281307785356e-5
-9.267698328089889	2.5322477017887842e-5
-9.25199036482194	2.3025754319878276e-5
-9.236282401553991	2.2816720622171598e-5
-9.220574438286043	2.2484100437080077e-5
-9.204866475018093	2.25500564146938e-5
-9.189158511750145	2.3913646205295443e-5
-9.173450548482196	3.993483344055896e-5
-9.157742585214248	7.976633662321331e-5
-9.142034621946298	2.845463138794315e-5
-9.12632665867835	9.495039131048531e-5
-9.1106186954104	0.00030119511953375034
-9.09491073214245	5.885553116726115e-5
-9.079202768874502	6.556706119975721e-5
-9.063494805606553	2.7431731295505284e-5
-9.047786842338605	2.4781866170855823e-5
-9.032078879070655	2.477632799577847e-5
-9.016370915802707	0.00015791375265283635
-9.000662952534757	2.5054827465029016e-5
-8.984954989266809	2.934431373858035e-5
-8.96924702599886	5.2252716272897345e-5
-8.953539062730911	2.6465882470831972e-5
-8.937831099462962	3.22508378698435e-5
-8.922123136195012	4.177858899802907e-5
-8.906415172927064	6.729036292647468e-5
-8.890707209659114	0.00011632013769492238
-8.874999246391166	7.443201926147064e-5
-8.859291283123216	3.5900921610729096e-5
-8.843583319855268	4.5665909370287674e-5
-8.827875356587318	4.92935085789941e-5
-8.81216739331937	0.00010929787544646991
-8.79645943005142	8.881323099525822e-5
-8.780751466783471	7.229097964722177e-5
-8.765043503515523	0.00018587495178343244
-8.749335540247573	0.0010758957938773095
-8.733627576979625	0.0010887973796238936
-8.717919613711675	0.00014001674573837513
-8.702211650443727	6.899940905715689e-5
-8.686503687175778	5.1612786066294175e-5
-8.67079572390783	5.2061367715221386e-5
-8.65508776063988	0.0001953819598164731
-8.63937979737193	9.704425307168653e-5
-8.623671834103982	4.241274504509478e-5
-8.607963870836032	3.656017887053477e-5
-8.592255907568084	3.689031030834029e-5
-8.576547944300135	6.0091903191588195e-5
-8.560839981032187	4.145861974694814e-5
-8.545132017764237	6.181697175930053e-5
-8.529424054496289	0.0015348825430932655
-8.51371609122834	7.810572206573794e-5
-8.498008127960391	4.490722675281186e-5
-8.482300164692441	0.0005023309523259281
-8.466592201424492	0.00013195704212995172
-8.450884238156544	4.5376547605246305e-5
-8.435176274888594	4.767456282313645e-5
-8.419468311620646	0.0011575513275543237
-8.403760348352696	5.472416236866526e-5
-8.388052385084748	6.794757792166506e-5
-8.372344421816798	0.00012283168346566482
-8.35663645854885	0.001802638315170882
-8.3409284952809	0.00029268450356870055
-8.325220532012953	9.500932269038118e-5
-8.309512568745003	7.978172740451603e-5
-8.293804605477053	9.092340520457222e-5
-8.278096642209105	0.0002945644227076822
-8.262388678941155	0.000415859695350751
-8.246680715673207	0.04075975153813208
-8.230972752405258	0.0005613415554322521
-8.21526478913731	0.00032531524519576296
-8.19955682586936	0.00010067778711939685
-8.183848862601412	7.803739327237228e-5
-8.168140899333462	6.235626022697041e-5
-8.152432936065512	0.00013560883131287935
-8.136724972797564	9.255746258269554e-5
-8.121017009529615	6.712424888500598e-5
-8.105309046261667	6.253778363041527e-5
-8.089601082993717	0.0001517261042383834
-8.073893119725769	0.00020835886197442788
-8.058185156457819	0.0012062481674069258
-8.042477193189871	0.0008624833667862201
-8.026769229921921	6.790029743257789e-5
-8.011061266653972	6.427314002804894e-5
-7.995353303386024	6.97065137398019e-5
-7.979645340118075	8.213585201907529e-5
-7.963937376850126	0.0001359424943536637
-7.948229413582177	0.008558986960990361
-7.932521450314228	0.000444164300183145
-7.916813487046278	0.014265926407751778
-7.901105523778329	0.00024355901782219195
-7.8853975605103805	0.00015085006185623347
-7.869689597242432	0.00026406859097019916
-7.853981633974483	0.0009894068970781405
-7.838273670706534	0.00025683796624442214
-7.822565707438585	0.0004384131954301093
-7.806857744170636	0.001777641562295206
-7.791149780902687	0.032232164132449816
-7.7754418176347375	0.0009160499039951262
-7.759733854366789	0.0003453517156431639
-7.74402589109884	0.00024315673271787258
-7.728317927830891	0.0007322555507974543
-7.712609964562942	0.0004606583612033479
-7.696902001294993	0.00033821780892452543
-7.681194038027044	0.0006590609568967087
-7.665486074759095	0.0018633641795150664
-7.6497781114911465	0.11475271611756054
-7.634070148223198	0.024494184667272868
-7.618362184955249	0.0011200930837747855
-7.602654221687299	0.009178882716341333
-7.58694625841935	0.0008812040779109416
-7.571238295151401	0.00035546716964316994
-7.555530331883452	0.00022661805297195497
-7.5398223686155035	0.0003198154967638195
-7.524114405347555	0.0002674078575638001
-7.508406442079606	0.00042954878785123366
-7.492698478811657	0.0013964770241499413
-7.476990515543708	0.25915515712546905
-7.461282552275758	0.0013049148591167319
-7.445574589007809	0.0005452799637713282
-7.4298666257398605	0.003021188688947514
-7.414158662471912	0.0006864836375810084
-7.398450699203963	0.0003032735244398
-7.382742735936014	0.00091749804906929
-7.367034772668065	0.0008244817073324545
-7.351326809400116	0.0010486064213646273
-7.335618846132167	0.0006867162485092011
-7.319910882864218	0.003065804370976403
-7.304202919596269	0.02016894426227667
-7.28849495632832	0.023169622938116242
-7.272786993060371	0.0009788252572407838
-7.257079029792422	0.006263692152858227
-7.241371066524473	0.0004237138978905887
-7.225663103256524	0.0003808725106427219
-7.209955139988575	0.003977014372071915
-7.194247176720626	0.0007503354258477667
-7.1785392134526775	0.0019432958261906606
-7.162831250184729	0.01966210750305767
-7.147123286916779	0.000887263321125646
-7.13141532364883	0.0003979300929461648
-7.115707360380881	0.0008683714658414738
-7.099999397112932	0.0006321581190397472
-7.084291433844983	0.0002586415583323458
-7.0685834705770345	0.0002029023972052948
-7.052875507309086	0.0003526839827899658
-7.037167544041137	0.0017771363365748165
-7.021459580773188	0.0004199133203521934
-7.005751617505239	0.00021107798060793272
-6.99004365423729	0.00026565035514404436
-6.97433569096934	0.0003312287876611651
-6.9586277277013915	0.0031448635404478244
-6.942919764433443	0.010948658127964892
-6.927211801165494	0.0019180564536683698
-6.911503837897545	0.0018286346574567284
-6.895795874629596	0.0004417372887092779
-6.880087911361647	0.00034989694517209075
-6.864379948093698	0.0003870977195333038
-6.848671984825749	0.0004905550465040396
-6.8329640215578	0.002316531381816851
-6.817256058289851	0.0014681703734776234
-6.801548095021902	0.005713974307540469
-6.785840131753953	0.45327238103246364
-6.770132168486004	0.004277331138699886
-6.754424205218055	0.0014320445376823554
-6.738716241950106	0.0021247761709428424
-6.7230082786821574	0.0019864424536643046
-6.707300315414209	0.003481425201477204
-6.69159235214626	0.004533004339356589
-6.675884388878311	0.046938356690406365
-6.660176425610361	0.0020765957486034085
-6.644468462342412	0.0013111346226184135
-6.628760499074463	0.0006930455691687743
-6.613052535806514	0.0006530208813456035
-6.5973445725385655	0.0007314698933532049
-6.581636609270617	0.0009349096931324342
-6.565928646002668	0.0013481803125931884
-6.550220682734719	0.0023646162490142584
-6.53451271946677	0.006210956733101712
-6.51880475619882	0.09101843373630397
-6.503096792930871	0.6838692353387174
-6.4873888296629225	0.0158200246534252
-6.471680866394974	0.03296553991547517
-6.455972903127025	0.04539538209986152
-6.440264939859076	0.0023631809098620866
-6.424556976591127	0.0017655120166870674
-6.408849013323178	0.0007761601443027229
-6.393141050055229	0.0006123196566220063
-6.37743308678728	0.0005528487886142572
-6.3617251235193315	0.0005213706109008144
-6.346017160251382	0.0005452496239403786
-6.330309196983433	0.0006965427088396709
-6.314601233715484	0.0008808873483969629
-6.298893270447535	0.0017426969038009557
-6.283185307179586	0.02565888547176919
-6.267477343911637	0.005078093965456133
-6.2517693806436885	0.003594267587297772
-6.23606141737574	0.012666490063248466
-6.220353454107791	0.053782224792041256
-6.204645490839841	0.006997887594997226
-6.188937527571892	0.8685145068128012
-6.173229564303943	0.004414988045977273
-6.157521601035994	0.0022355813812683176
-6.1418136377680455	0.0010274680770419045
-6.126105674500097	0.0007120797071191513
-6.110397711232148	0.0007486472777242956
-6.094689747964199	0.01787377169133958
-6.07898178469625	0.041525979112516105
-6.063273821428301	0.0042605670633983185
-6.047565858160352	0.0007783890143802769
-6.031857894892402	0.0013381430413660547
-6.0161499316244536	0.0005040830357513115
-6.000441968356505	0.0011835238276732749
-5.984734005088556	0.0010692898190484067
-5.969026041820607	0.0011741676943695153
-5.953318078552658	0.005081898761547969
-5.937610115284709	0.49102335507320694
-5.92190215201676	0.004185390723152963
-5.906194188748811	0.0010036603844983468
-5.890486225480862	0.000674844112284326
-5.874778262212913	0.0006265587994847519
-5.859070298944964	0.0032734206886150794
-5.843362335677015	0.0007202428371668267
-5.827654372409066	0.0007199917044398449
-5.811946409141117	0.001033164884102472
-5.796238445873168	0.011183053195539859
-5.7805304826052195	0.002695379681348239
-5.764822519337271	0.0022751132215654813
-5.749114556069322	0.004515159589271102
-5.733406592801373	0.06194986149219296
-5.717698629533423	0.015077402311375623
-5.701990666265474	0.0072193110546505965
-5.686282702997525	0.00508943318691957
-5.6705747397295765	0.008924037966147158
-5.654866776461628	0.05386969072308052
-5.639158813193679	0.05100558444952262
-5.62345084992573	0.008604281140146804
-5.607742886657781	0.006210446632742892
-5.592034923389832	0.02486865610624142
-5.576326960121882	0.07523813587465003
-5.5606189968539335	0.008330763704331485
-5.544911033585985	0.0034738231802338357
-5.529203070318036	0.0025711644833074387
-5.513495107050087	0.005142497753024695
-5.497787143782138	0.26810101994977853
-5.482079180514189	0.0043598230970897
-5.46637121724624	0.0020090702861639137
-5.450663253978291	0.0017287842917295105
-5.4349552907103424	0.0018809900821244352
-5.419247327442394	0.0028249562234900255
-5.403539364174444	0.0035982102101330066
-5.387831400906495	0.006787785752915905
-5.372123437638546	0.02027399349796222
-5.356415474370597	0.418231940836619
-5.340707511102648	0.23148280665803886
-5.324999547834699	0.015318529201631641
-5.3092915845667505	0.005372122639465785
-5.293583621298802	0.003137989974780217
-5.277875658030853	0.0022690968648966543
-5.262167694762903	0.016960832968888513
-5.246459731494954	0.001557285120896493
-5.230751768227005	0.0016102504463622856
-5.215043804959056	0.0015004301111857493
-5.1993358416911075	0.001453769452059298
-5.183627878423159	0.0015735626380829373
-5.16791991515521	0.001957942557563164
-5.152211951887261	0.0028204932119982678
-5.136503988619312	0.005246461392865669
-5.120796025351363	0.017642357556868587
-5.105088062083414	0.4248864876076995
-5.0893800988154645	0.02766505085428825
-5.073672135547516	0.007555773625998738
-5.057964172279567	0.006011491104323385
-5.042256209011618	0.0069493951634634656
-5.026548245743669	0.04586894695853842
-5.01084028247572	0.008641498749064615
-4.995132319207771	0.016819848655632887
-4.979424355939822	0.1451225336784355
-4.9637163926718735	0.11122118692371627
-4.948008429403924	0.01462215006990804
-4.932300466135975	0.017184931336479223
-4.916592502868026	0.010030432591703397
-4.900884539600077	0.003231995434302121
-4.885176576332128	0.00225172877447097
-4.869468613064179	0.0020455613796966647
-4.8537606497962305	0.0020128310095913747
-4.838052686528282	0.004501142291825477
-4.822344723260333	0.002919662184839116
-4.806636759992384	0.0034255182677092053
-4.790928796724435	0.0019495045398689283
-4.775220833456485	0.0024357237777595966
-4.759512870188536	0.0026947248911257512
-4.743804906920587	0.0038004593825935636
-4.7280969436526386	0.006802236563945914
-4.71238898038469	0.037329116330964425
-4.696681017116741	1.6313197500585328
-4.680973053848792	0.035449835791463304
-4.665265090580843	0.17261212370226345
-4.649557127312894	0.038344091431034864
-4.633849164044944	0.008721714666325629
-4.6181412007769955	0.004976522469845595
-4.602433237509047	0.004200493026674568
-4.586725274241098	0.007067770128878855
-4.571017310973149	0.0040899865846635245
-4.5553093477052	0.004902432982216352
-4.539601384437251	0.006818362459200668
-4.523893421169302	0.012403042477005483
-4.508185457901353	0.042895537460303966
-4.4924774946334045	3.4681120244444568
-4.476769531365456	0.047195113147771875
-4.461061568097506	0.8803494023284602
-4.445353604829557	0.037912926267891674
-4.429645641561608	0.03934067173909556
-4.413937678293659	0.059508989712058244
-4.39822971502571	1.4111316588567706
-4.3825217517577615	0.14047909293428526
-4.366813788489813	0.02903361874320585
-4.351105825221864	0.013855021270386124
-4.335397861953915	0.009041386395102486
-4.319689898685965	0.008631897358006865
-4.303981935418016	0.02149539134964923
-4.288273972150067	0.009581579179470666
-4.2725660088821185	0.006990007487941028
-4.25685804561417	0.00844628839183159
-4.241150082346221	0.011682623209829525
-4.225442119078272	0.02399304387669246
-4.209734155810323	0.32865109478246457
-4.194026192542374	0.07653989393536449
-4.178318229274425	0.1952852239254837
-4.162610266006476	3.6088282276838504
-4.146902302738527	0.08793152002691562
-4.131194339470578	0.028013822838063057
-4.115486376202629	0.014968236521308373
-4.09977841293468	0.010835492110058631
-4.084070449666731	0.044221726266777076
-4.068362486398782	0.007862889899198065
-4.052654523130833	0.007436149366692464
-4.036946559862884	0.007990020141320628
-4.0212385965949355	0.010232380328406935
-4.005530633326986	0.010027332324601047
-3.9898226700590373	0.012667821489247463
-3.9741147067910885	0.02209973309268424
-3.958406743523139	0.024537344567854873
-3.9426987802551903	0.0369144280816021
-3.9269908169872414	0.05998794144377428
-3.9112828537192925	0.13889296158040287
-3.8955748904513436	0.6400715184214313
-3.8798669271833943	19.515407796801238
-3.8641589639154454	0.36716321296353316
-3.8484510006474966	0.10855130817884084
-3.8327430373795477	0.05779407943916902
-3.817035074111599	0.05764253841922015
-3.8013271108436495	1.0574530839608232
-3.7856191475757006	0.07689125489531508
-3.7699111843077517	0.023459973297224067
-3.754203221039803	0.015586464639900783
-3.738495257771854	0.011146208565444325
-3.7227872945039047	0.009070425346108793
-3.707079331235956	0.008435706644939816
-3.691371367968007	0.009130337036294464
-3.675663404700058	0.034323774457135144
-3.659955441432109	0.016258787599787862
-3.64424747816416	0.03566796514133568
-3.628539514896211	1.1363793349525921
-3.612831551628262	0.07258739440810665
-3.597123588360313	0.11994764410158322
-3.5814156250923643	0.03365249956018382
-3.565707661824415	0.01357103108990554
-3.549999698556466	0.012604051815766518
-3.5342917352885173	0.022443606525569048
-3.5185837720205684	0.030214751669382305
-3.5028758087526195	0.4067400382004696
-3.48716784548467	3.392510968756976
-3.4714598822167213	1.8620954758888733
-3.4557519189487724	0.06536553810607466
-3.4400439556808236	0.02345172558474439
-3.4243359924128747	0.013298492379205266
-3.4086280291449254	0.009293665340229412
-3.3929200658769765	0.0075871099833535165
-3.3772121026090276	0.007650888106794693
-3.3615041393410787	0.033501332677390694
-3.34579617607313	0.009692611227146836
-3.3300882128051805	0.008207878043207259
-3.3143802495372316	0.011739421571794036
-3.2986722862692828	0.027187222678374753
-3.282964323001334	0.4712964209405631
-3.267256359733385	0.07350883823507913
-3.2515483964654357	0.022446152277588532
-3.235840433197487	0.024430913622294523
-3.220132469929538	0.07572121247116544
-3.204424506661589	3.1279215936221023
-3.18871654339364	0.05781472285891654
-3.173008580125691	0.03192376069907008
-3.157300616857742	0.017100083118589852
-3.141592653589793	0.016818886152949786
-3.1258846903218442	0.02005072221762407
-3.1101767270538954	0.027313885008722807
-3.094468763785946	0.042517545856381324
-3.078760800517997	0.07972158963691942
-3.0630528372500483	0.21124838151505435
-3.0473448739820994	1.642477017925318
-3.0316369107141505	2.417197040993488
-3.015928947446201	0.3238013684513387
-3.0002209841782523	0.152332403397447
-2.9845130209103035	0.05106156298752879
-2.9688050576423546	0.04310368139206245
-2.9530970943744057	0.02191329307986164
-2.9373891311064564	0.0387119571648678
-2.9216811678385075	0.01122339107854674
-2.9059732045705586	0.008755743964174844
-2.8902652413026098	0.0072499115727938076
-2.874557278034661	0.006293102630892652
-2.8588493147667116	0.005785967601431485
-2.8431413514987627	0.005987091453771857
-2.827433388230814	0.008839433637739775
-2.811725424962865	0.08036015409592857
-2.796017461694916	0.02289445325976323
-2.7803094984269667	0.006229959574475766
-2.764601535159018	0.005879153042464353
-2.748893571891069	0.0035745943085952778
-2.73318560862312	0.00310011920423656
-2.7174776453551712	0.005386993056997907
-2.701769682087222	0.002835943011778687
-2.686061718819273	0.0030427483721519907
-2.670353755551324	0.006156384546656357
-2.6546457922833753	0.0074872859368575306
-2.6389378290154264	0.0032629346450114127
-2.623229865747477	0.0031863648383485556
-2.607521902479528	0.003576702099200424
-2.5918139392115793	0.004798288585693321
-2.5761059759436304	0.01856990164797351
-2.5603980126756816	0.013963997174079874
-2.5446900494077322	0.012530524667110191
-2.5289820861397834	0.02207684212500679
-2.5132741228718345	0.019974506905278112
-2.4975661596038856	0.03304525790960348
-2.4818581963359367	0.10434606680947436
-2.4661502330679874	13.41437421540311
-2.4504422698000385	0.11160140453097195
-2.4347343065320897	0.02819154040755063
-2.419026343264141	0.013684206315673509
-2.403318379996192	0.008828567871498268
-2.3876104167282426	0.006753935578408054
-2.3719024534602937	0.005817888147617507
-2.356194490192345	0.0055302863841739745
-2.340486526924396	0.0076596085708303665
-2.324778563656447	0.006223456034711295
-2.3090706003884978	0.0070996261710140965
-2.293362637120549	0.00986056456387048
-2.2776546738526	0.2645351953234607
-2.261946710584651	0.017694119013937522
-2.2462387473167023	0.026725931840289298
-2.230530784048753	0.06145451265718188
-2.214822820780804	0.5084546602685762
-2.199114857512855	3.869650177045801
-2.1834068942449063	0.2606816564077602
-2.1676989309769574	0.05740311756738908
-2.151990967709008	0.026143716481611443
-2.1362830044410592	0.0158508157798753
-2.1205750411731104	0.01133323432678165
-2.1048670779051615	0.009078182734985018
-2.0891591146372126	0.00795925467149764
-2.0734511513692633	0.007442227039852556
-2.0577431881013144	0.007422227842249477
-2.0420352248333655	0.00786269674609166
-2.0263272615654166	0.008895767375432882
-2.0106192982974678	0.010988893177219662
-1.9949113350295187	0.01584854644052789
-1.9792033717615696	0.03406912986878372
-1.9634954084936207	0.5844147809750967
-1.9477874452256718	0.4934645121467437
-1.9320794819577227	0.03415453909848741
-1.9163715186897738	0.032629335876804944
-1.9006635554218247	0.044711619996321304
-1.8849555921538759	0.07596673917758914
-1.869247628885927	0.17070167466343006
-1.853539665617978	0.7235472858330494
-1.837831702350029	69.87492186854472
-1.82212373908208	0.5471595625825301
-1.806415775814131	0.14768409619230025
-1.7907078125461822	0.0679031395515183
-1.774999849278233	0.03935854659769044
-1.7592918860102842	0.02575221079424375
-1.743583922742335	0.018399413204604968
-1.7278759594743862	0.014001893245988706
-1.7121679962064373	0.011359684032934218
-1.6964600329384882	0.014650285098199463
-1.6807520696705394	0.009065875160466369
-1.6650441064025903	0.007117633653758901
-1.6493361431346414	0.006538760358744626
-1.6336281798666925	0.006653798708586245
-1.6179202165987434	0.008067438814362818
-1.6022122533307945	0.016331445198602555
-1.5865042900628454	0.34236635771214724
-1.5707963267948966	0.03223044558480951
-1.5550883635269477	0.008933373475022734
-1.5393804002589986	0.005691135116251741
-1.5236724369910497	0.020264849961716694
-1.5079644737231006	0.0040241319497819495
-1.4922565104551517	0.0037738034576465453
-1.4765485471872029	0.0037245902005910857
-1.4608405839192538	0.0038113607770808014
-1.4451326206513049	0.004036456088585262
-1.4294246573833558	0.00443871918780611
-1.413716694115407	0.0051117246254898645
-1.398008730847458	0.00626115629041846
-1.382300767579509	0.00825837371731839
-1.36659280431156	0.012400655677895615
-1.350884841043611	0.0230403445607538
-1.335176877775662	0.0672951856345618
-1.3194689145077132	1.2941294522371172
-1.303760951239764	0.2569368159978851
-1.2880529879718152	1.0106017957701587
-1.2723450247038661	0.022375646164083964
-1.2566370614359172	0.012298318838132368
-1.2409290981679684	0.009107100631934605
-1.2252211349000193	0.007842643725019475
-1.2095131716320704	0.007502809440889006
-1.1938052083641213	0.007804785102900587
-1.1780972450961724	0.008755466454685282
-1.1623892818282235	0.010617092340953125
-1.1466813185602744	0.014120765249318155
-1.1309733552923256	0.021308666271451147
-1.1152653920243765	0.03933567480804199
-1.0995574287564276	0.10886303643609432
-1.0838494654884787	1.274902601386434
-1.0681415022205296	0.5644237222850329
-1.0524335389525807	0.0844382993128176
-1.0367255756846316	0.035216242178615284
-1.0210176124166828	0.021249137742723724
-1.0053096491487339	0.015733602139401694
-0.9896016858807848	0.013375361605976457
-0.9738937226128359	0.012575110947285702
-0.9581857593448869	0.012767675873953529
-0.9424777960769379	0.013809685402461651
-0.926769832808989	0.020464104740791817
-0.91106186954104	0.018738996970639858
-0.8953539062730911	0.02349893892439438
-0.8796459430051421	0.031213234359181687
-0.8639379797371931	0.04448411538477632
-0.8482300164692441	0.06985992777669536
-0.8325220532012951	0.12767648808877355
-0.8168140899333463	0.31012142744831006
-0.8011061266653973	1.6686242711267412
-0.7853981633974483	17.38366845687246
-0.7696902001294993	0.6401600532601589
-0.7539822368615503	0.19605131110581225
-0.7382742735936014	0.09443726991816241
-0.7225663103256524	0.05591840439589494
-0.7068583470577035	0.037552711191765946
-0.6911503837897545	0.027062694698380768
-0.6754424205218055	0.02083382307982847
-0.6597344572538566	0.016858721035223557
-0.6440264939859076	0.014397331427681377
-0.6283185307179586	0.01294792230835605
-0.6126105674500096	0.019147536128541247
-0.5969026041820606	0.011225685918816
-0.5811946409141118	0.011335219889412839
-0.5654866776461628	0.012660578128675777
-0.5497787143782138	0.0165198273748402
-0.5340707511102648	0.0297211089956314
-0.5183627878423158	0.13925096816742258
-0.5026548245743669	0.5674795168589175
-0.48694686130641796	0.04619173160582956
-0.47123889803846897	0.026386576030713673
-0.45553093477052	0.027585521369949413
-0.43982297150257105	0.042362072489265434
-0.42411500823462206	0.10441710649422327
-0.4084070449666731	0.9930900102136906
-0.39269908169872414	0.6790027971400382
-0.37699111843077515	0.09291642202660982
-0.3612831551628262	0.04032616754269911
-0.34557519189487723	0.025337261277381465
-0.3298672286269283	0.02026316032479768
-0.3141592653589793	0.01901138326044126
-0.2984513020910303	0.020863533036307665
-0.2827433388230814	0.035686799103816065
-0.2670353755551324	0.1715634017402592
-0.25132741228718347	0.03237252881912672
-0.23561944901923448	0.03485318895929631
-0.21991148575128552	0.04436089599989752
-0.20420352248333656	0.06109514906150568
-0.18849555921538758	0.0909869187079735
-0.17278759594743862	0.15036071171984633
-0.15707963267948966	0.2932820045397858
-0.1413716694115407	0.7942558829789256
-0.12566370614359174	6.053932429948462
-0.10995574287564276	10.20743233230278
-0.09424777960769379	0.9439036888919445
-0.07853981633974483	0.31943409846549115
-0.06283185307179587	0.15203858525501823
-0.047123889803846894	0.08222647111168993
-0.031415926535897934	0.04468433040833485
-0.015707963267948967	0.019950814864713815
0.0	3.1445607148584235e-17
0.015707963267948967	-0.019950814864713742
0.031415926535897934	-0.0446843304083348
0.047123889803846894	-0.08222647111169006
0.06283185307179587	-0.1520385852550182
0.07853981633974483	-0.3194340984654912
0.09424777960769379	-0.9439036888919445
0.10995574287564276	-10.207432332302785
0.12566370614359174	-6.053932429948466
0.1413716694115407	-0.7942558829789261
0.15707963267948966	-0.29328200453978576
0.17278759594743862	-0.15036071171984647
0.18849555921538758	-0.09098691870797354
0.20420352248333656	-0.061095149061505684
0.21991148575128552	-0.044360895999897516
0.23561944901923448	-0.03485318895929631
0.25132741228718347	-0.03237252881912671
0.2670353755551324	-0.17156340174025947
0.2827433388230814	-0.03568679910381607
0.2984513020910303	-0.020863533036307655
0.3141592653589793	-0.019011383260441234
0.3298672286269283	-0.020263160324797674
0.34557519189487723	-0.025337261277381392
0.3612831551628262	-0.040326167542699076
0.37699111843077515	-0.09291642202660992
0.39269908169872414	-0.6790027971400394
0.4084070449666731	-0.9930900102136938
0.42411500823462206	-0.1044171064942239
0.43982297150257105	-0.04236207248926534
0.45553093477052	-0.027585521369949444
0.47123889803846897	-0.02638657603071361
0.48694686130641796	-0.046191731605829574
0.5026548245743669	-0.5674795168589204
0.5183627878423158	-0.1392509681674231
0.5340707511102648	-0.02972110899563144
0.5497787143782138	-0.016519827374840226
0.5654866776461628	-0.012660578128675777
0.5811946409141118	-0.011335219889412848
0.5969026041820606	-0.01122568591881602
0.6126105674500096	-0.019147536128540837
0.6283185307179586	-0.012947922308356058
0.6440264939859076	-0.014397331427681391
0.6597344572538566	-0.0168587210352236
0.6754424205218055	-0.020833823079828537
0.6911503837897545	-0.027062694698380785
0.7068583470577035	-0.03755271119176602
0.7225663103256524	-0.05591840439589518
0.7382742735936014	-0.09443726991816265
0.7539822368615503	-0.1960513111058131
0.7696902001294993	-0.6401600532601607
0.7853981633974483	-17.383668456872474
0.8011061266653973	-1.6686242711267427
0.8168140899333463	-0.3101214274483105
0.8325220532012951	-0.12767648808877385
0.8482300164692441	-0.06985992777669554
0.8639379797371931	-0.044484115384776354
0.8796459430051421	-0.03121323435918178
0.8953539062730911	-0.023498938924394475
0.91106186954104	-0.01873899697063989
0.926769832808989	-0.020464104740791304
0.9424777960769379	-0.013809685402461691
0.9581857593448869	-0.012767675873953546
0.9738937226128359	-0.012575110947285754
0.9896016858807848	-0.013375361605976474
1.0053096491487339	-0.01573360213940175
1.0210176124166828	-0.021249137742723783
1.0367255756846316	-0.0352162421786154
1.0524335389525807	-0.08443829931281786
1.0681415022205296	-0.5644237222850346
1.0838494654884787	-1.2749026013864395
1.0995574287564276	-0.1088630364360948
1.1152653920243765	-0.039335674808042065
1.1309733552923256	-0.021308666271451168
1.1466813185602744	-0.01412076524931824
1.1623892818282235	-0.01061709234095317
1.1780972450961724	-0.008755466454685293
1.1938052083641213	-0.007804785102900613
1.2095131716320704	-0.007502809440889035
1.2252211349000193	-0.007842643725019511
1.2409290981679684	-0.009107100631934635
1.2566370614359172	-0.012298318838132417
1.2723450247038661	-0.02237564616408403
1.2880529879718152	-1.0106017957701598
1.303760951239764	-0.2569368159978865
1.3194689145077132	-1.2941294522371192
1.335176877775662	-0.06729518563456204
1.350884841043611	-0.023040344560753805
1.36659280431156	-0.012400655677895693
1.382300767579509	-0.0082583737173184
1.398008730847458	-0.006261156290418501
1.413716694115407	-0.00511172462548988
1.4294246573833558	-0.004438719187806127
1.4451326206513049	-0.004036456088585282
1.4608405839192538	-0.003811360777080822
1.4765485471872029	-0.0037245902005911026
1.4922565104551517	-0.0037738034576465557
1.5079644737231006	-0.004024131949781973
1.5236724369910497	-0.02026484996171536
1.5393804002589986	-0.005691135116251783
1.5550883635269477	-0.008933373475022769
1.5707963267948966	-0.03223044558480975
1.5865042900628454	-0.3423663577121486
1.6022122533307945	-0.016331445198602444
1.6179202165987434	-0.00806743881436283
1.6336281798666925	-0.006653798708586314
1.6493361431346414	-0.0065387603587446635
1.6650441064025903	-0.007117633653758922
1.6807520696705394	-0.009065875160466356
1.6964600329384882	-0.014650285098200018
1.7121679962064373	-0.011359684032934235
1.7278759594743862	-0.014001893245988809
1.743583922742335	-0.018399413204605
1.7592918860102842	-0.02575221079424396
1.774999849278233	-0.039358546597690655
1.7907078125461822	-0.06790313955151853
1.806415775814131	-0.1476840961923006
1.82212373908208	-0.5471595625825338
1.837831702350029	-69.87492186854504
1.853539665617978	-0.7235472858330533
1.869247628885927	-0.17070167466343072
1.8849555921538759	-0.07596673917758945
1.9006635554218247	-0.04471161999632146
1.9163715186897738	-0.032629335876805145
1.9320794819577227	-0.03415453909848794
1.9477874452256718	-0.493464512146749
1.9634954084936207	-0.5844147809751018
1.9792033717615696	-0.03406912986878404
1.9949113350295187	-0.015848546440528046
2.0106192982974678	-0.010988893177219712
2.0263272615654166	-0.008895767375432921
2.0420352248333655	-0.007862696746091725
2.0577431881013144	-0.007422227842249505
2.0734511513692633	-0.0074422270398526
2.0891591146372126	-0.007959254671497693
2.1048670779051615	-0.00907818273498508
2.1205750411731104	-0.011333234326781749
2.1362830044410592	-0.015850815779875384
2.151990967709008	-0.026143716481611626
2.1676989309769574	-0.05740311756738945
2.1834068942449063	-0.2606816564077633
2.199114857512855	-3.869650177045831
2.214822820780804	-0.5084546602685793
2.230530784048753	-0.061454512657182485
2.2462387473167023	-0.026725931840289555
2.261946710584651	-0.017694119013937557
2.2776546738526	-0.2645351953234635
2.293362637120549	-0.00986056456387054
2.3090706003884978	-0.0070996261710141615
2.324778563656447	-0.006223456034711382
2.340486526924396	-0.0076596085708304585
2.356194490192345	-0.005530286384173987
2.3719024534602937	-0.00581788814761752
2.3876104167282426	-0.006753935578408101
2.403318379996192	-0.00882856787149833
2.419026343264141	-0.013684206315673596
2.4347343065320897	-0.028191540407550834
2.4504422698000385	-0.11160140453097261
2.4661502330679874	-13.414374215403216
2.4818581963359367	-0.10434606680947515
2.4975661596038856	-0.0330452579096037
2.5132741228718345	-0.019974506905278216
2.5289820861397834	-0.022076842125006865
2.5446900494077322	-0.012530524667110306
2.5603980126756816	-0.013963997174080017
2.5761059759436304	-0.018569901647973647
2.5918139392115793	-0.00479828858569336
2.607521902479528	-0.0035767020992004705
2.623229865747477	-0.003186364838348586
2.6389378290154264	-0.003262934645011453
2.6546457922833753	-0.007487285936857653
2.670353755551324	-0.006156384546656476
2.686061718819273	-0.0030427483721520224
2.701769682087222	-0.002835943011778709
2.7174776453551712	-0.005386993056997933
2.73318560862312	-0.0031001192042365926
2.748893571891069	-0.003574594308595312
2.764601535159018	-0.005879153042464454
2.7803094984269667	-0.006229959574475825
2.796017461694916	-0.02289445325976335
2.811725424962865	-0.08036015409592934
2.827433388230814	-0.008839433637739884
2.8431413514987627	-0.005987091453771927
2.8588493147667116	-0.005785967601431532
2.874557278034661	-0.006293102630892752
2.8902652413026098	-0.007249911572793897
2.9059732045705586	-0.008755743964174938
2.9216811678385075	-0.011223391078546838
2.9373891311064564	-0.038711957164868194
2.9530970943744057	-0.021913293079861767
2.9688050576423546	-0.04310368139206266
2.9845130209103035	-0.05106156298752958
3.0002209841782523	-0.1523324033974481
3.015928947446201	-0.32380136845134055
3.0316369107141505	-2.417197040993505
3.0473448739820994	-1.6424770179253307
3.0630528372500483	-0.21124838151505568
3.078760800517997	-0.07972158963692026
3.094468763785946	-0.042517545856381705
3.1101767270538954	-0.027313885008722984
3.1258846903218442	-0.02005072221762418
3.141592653589793	-0.01681888615294989
3.157300616857742	-0.017100083118590004
3.173008580125691	-0.031923760699070484
3.18871654339364	-0.05781472285891727
3.204424506661589	-3.1279215936221303
3.220132469929538	-0.07572121247116616
3.235840433197487	-0.02443091362229489
3.2515483964654357	-0.022446152277588713
3.267256359733385	-0.07350883823507982
3.282964323001334	-0.47129642094056634
3.2986722862692828	-0.027187222678375093
3.3143802495372316	-0.011739421571794188
3.3300882128051805	-0.008207878043207335
3.34579617607313	-0.00969261122714691
3.3615041393410787	-0.033501332677391076
3.3772121026090276	-0.0076508881067947855
3.3929200658769765	-0.0075871099833536145
3.4086280291449254	-0.009293665340229471
3.4243359924128747	-0.013298492379205386
3.4400439556808236	-0.023451725584744818
3.4557519189487724	-0.06536553810607516
3.4714598822167213	-1.862095475888895
3.48716784548467	-3.3925109687570245
3.5028758087526195	-0.4067400382004741
3.5185837720205684	-0.03021475166938267
3.5342917352885173	-0.02244360652557184
3.549999698556466	-0.0126040518157667
3.565707661824415	-0.013571031089905735
3.5814156250923643	-0.033652499560184165
3.597123588360313	-0.11994764410158432
3.612831551628262	-0.07258739440810741
3.628539514896211	-1.1363793349525977
3.64424747816416	-0.035667965141336015
3.659955441432109	-0.01625878759978802
3.675663404700058	-0.03432377445713539
3.691371367968007	-0.00913033703629454
3.707079331235956	-0.00843570664493991
3.7227872945039047	-0.009070425346108878
3.738495257771854	-0.011146208565444411
3.754203221039803	-0.015586464639900918
3.7699111843077517	-0.023459973297224407
3.7856191475757006	-0.07689125489531558
3.8013271108436495	-1.0574530839608338
3.817035074111599	-0.057642538419220554
3.8327430373795477	-0.05779407943916961
3.8484510006474966	-0.10855130817884226
3.8641589639154454	-0.3671632129635351
3.8798669271833943	-19.515407796801348
3.8955748904513436	-0.640071518421434
3.9112828537192925	-0.1388929615804041
3.9269908169872414	-0.05998794144377491
3.9426987802551903	-0.036914428081602446
3.958406743523139	-0.024537344567855092
3.9741147067910885	-0.02209973309268384
3.9898226700590373	-0.012667821489247688
4.005530633326986	-0.010027332324601138
4.0212385965949355	-0.010232380328407018
4.036946559862884	-0.007990020141320709
4.052654523130833	-0.00743614936669253
4.068362486398782	-0.007862889899198148
4.084070449666731	-0.04422172626677727
4.09977841293468	-0.010835492110058702
4.115486376202629	-0.01496823652130861
4.131194339470578	-0.028013822838063387
4.146902302738527	-0.08793152002691632
4.162610266006476	-3.608828227683885
4.178318229274425	-0.19528522392548503
4.194026192542374	-0.07653989393536513
4.209734155810323	-0.32865109478246607
4.225442119078272	-0.023993043876692686
4.241150082346221	-0.011682623209829601
4.25685804561417	-0.00844628839183164
4.2725660088821185	-0.00699000748794108
4.288273972150067	-0.00958157917947077
4.303981935418016	-0.021495391349649406
4.319689898685965	-0.008631897358006914
4.335397861953915	-0.0090413863951026
4.351105825221864	-0.013855021270386233
4.366813788489813	-0.029033618743206115
4.3825217517577615	-0.14047909293428598
4.39822971502571	-1.4111316588567797
4.413937678293659	-0.0595089897120588
4.429645641561608	-0.03934067173909581
4.445353604829557	-0.037912926267891923
4.461061568097506	-0.8803494023284656
4.476769531365456	-0.0471951131477726
4.4924774946334045	-3.468112024444475
4.508185457901353	-0.042895537460304264
4.523893421169302	-0.01240304247700563
4.539601384437251	-0.006818362459200778
4.5553093477052	-0.004902432982216403
4.571017310973149	-0.0040899865846635705
4.586725274241098	-0.007067770128878933
4.602433237509047	-0.004200493026674615
4.6181412007769955	-0.004976522469845642
4.633849164044944	-0.00872171466632574
4.649557127312894	-0.03834409143103522
4.665265090580843	-0.17261212370226459
4.680973053848792	-0.03544983579146366
4.696681017116741	-1.6313197500585468
4.71238898038469	-0.03732911633096488
4.7280969436526386	-0.006802236563946026
4.743804906920587	-0.003800459382593602
4.759512870188536	-0.002694724891125776
4.775220833456485	-0.00243572377775962
4.790928796724435	-0.0019495045398689472
4.806636759992384	-0.003425518267709242
4.822344723260333	-0.0029196621848391023
4.838052686528282	-0.004501142291825523
4.8537606497962305	-0.002012831009591394
4.869468613064179	-0.0020455613796966925
4.885176576332128	-0.0022517287744709923
4.900884539600077	-0.0032319954343021542
4.916592502868026	-0.010030432591703544
4.932300466135975	-0.01718493133647929
4.948008429403924	-0.01462215006990815
4.9637163926718735	-0.11122118692371713
4.979424355939822	-0.14512253367843625
4.995132319207771	-0.01681984865563299
5.01084028247572	-0.00864149874906472
5.026548245743669	-0.04586894695853871
5.042256209011618	-0.006949395163463534
5.057964172279567	-0.006011491104323458
5.073672135547516	-0.007555773625998834
5.0893800988154645	-0.027665050854288626
5.105088062083414	-0.4248864876077053
5.120796025351363	-0.0176423575568687
5.136503988619312	-0.005246461392865704
5.152211951887261	-0.0028204932119982873
5.16791991515521	-0.001957942557563184
5.183627878423159	-0.0015735626380829586
5.1993358416911075	-0.0014537694520593057
5.215043804959056	-0.0015004301111857716
5.230751768227005	-0.0016102504463622973
5.246459731494954	-0.001557285120896515
5.262167694762903	-0.016960832968888638
5.277875658030853	-0.002269096864896676
5.293583621298802	-0.0031379899747802516
5.3092915845667505	-0.0053721226394658145
5.324999547834699	-0.015318529201631714
5.340707511102648	-0.2314828066580417
5.356415474370597	-0.41823194083662224
5.372123437638546	-0.020273993497962384
5.387831400906495	-0.006787785752916009
5.403539364174444	-0.00359821021013306
5.419247327442394	-0.0028249562234900437
5.4349552907103424	-0.0018809900821244575
5.450663253978291	-0.0017287842917295187
5.46637121724624	-0.0020090702861639306
5.482079180514189	-0.004359823097089752
5.497787143782138	-0.26810101994978003
5.513495107050087	-0.005142497753024746
5.529203070318036	-0.00257116448330746
5.544911033585985	-0.0034738231802338925
5.5606189968539335	-0.008330763704331567
5.576326960121882	-0.07523813587465061
5.592034923389832	-0.024868656106241782
5.607742886657781	-0.006210446632742943
5.62345084992573	-0.00860428114014686
5.639158813193679	-0.05100558444952315
5.654866776461628	-0.05386969072308103
5.6705747397295765	-0.008924037966147208
5.686282702997525	-0.005089433186919612
5.701990666265474	-0.007219311054650625
5.717698629533423	-0.015077402311375773
5.733406592801373	-0.061949861492193344
5.749114556069322	-0.004515159589271148
5.764822519337271	-0.0022751132215655073
5.7805304826052195	-0.0026953796813482516
5.796238445873168	-0.011183053195539904
5.811946409141117	-0.0010331648841024879
5.827654372409066	-0.0007199917044398505
5.843362335677015	-0.000720242837166831
5.859070298944964	-0.0032734206886151154
5.874778262212913	-0.0006265587994847558
5.890486225480862	-0.000674844112284329
5.906194188748811	-0.0010036603844983591
5.92190215201676	-0.004185390723153012
5.937610115284709	-0.49102335507320993
5.953318078552658	-0.005081898761548001
5.969026041820607	-0.001174167694369528
5.984734005088556	-0.0010692898190484159
6.000441968356505	-0.0011835238276732916
6.0161499316244536	-0.0005040830357513167
6.031857894892402	-0.0013381430413660664
6.047565858160352	-0.0007783890143802889
6.063273821428301	-0.004260567063398339
6.07898178469625	-0.04152597911251635
6.094689747964199	-0.017873771691339663
6.110397711232148	-0.0007486472777243049
6.126105674500097	-0.0007120797071191565
6.1418136377680455	-0.0010274680770419138
6.157521601035994	-0.0022355813812683346
6.173229564303943	-0.004414988045977312
6.188937527571892	-0.8685145068128083
6.204645490839841	-0.006997887594997283
6.220353454107791	-0.053782224792041575
6.23606141737574	-0.012666490063248593
6.2517693806436885	-0.0035942675872978236
6.267477343911637	-0.005078093965456169
6.283185307179586	-0.02565888547176957
6.298893270447535	-0.0017426969038009763
6.314601233715484	-0.0008808873483969726
6.330309196983433	-0.0006965427088396779
6.346017160251382	-0.0005452496239403808
6.3617251235193315	-0.0005213706109008182
6.37743308678728	-0.0005528487886142613
6.393141050055229	-0.000612319656622011
6.408849013323178	-0.000776160144302733
6.424556976591127	-0.0017655120166870752
6.440264939859076	-0.002363180909862109
6.455972903127025	-0.04539538209986183
6.471680866394974	-0.03296553991547551
6.4873888296629225	-0.01582002465342528
6.503096792930871	-0.6838692353387184
6.51880475619882	-0.09101843373630444
6.53451271946677	-0.0062109567331017634
6.550220682734719	-0.002364616249014275
6.565928646002668	-0.0013481803125932003
6.581636609270617	-0.0009349096931324447
6.5973445725385655	-0.000731469893353216
6.613052535806514	-0.0006530208813456094
6.628760499074463	-0.0006930455691687808
6.644468462342412	-0.001311134622618425
6.660176425610361	-0.002076595748603421
6.675884388878311	-0.04693835669040669
6.69159235214626	-0.004533004339356617
6.707300315414209	-0.0034814252014772357
6.7230082786821574	-0.0019864424536643207
6.738716241950106	-0.002124776170942856
6.754424205218055	-0.0014320445376823604
6.770132168486004	-0.004277331138699905
6.785840131753953	-0.4532723810324668
6.801548095021902	-0.005713974307540499
6.817256058289851	-0.0014681703734776414
6.8329640215578	-0.002316531381816863
6.848671984825749	-0.0004905550465040425
6.864379948093698	-0.0003870977195333074
6.880087911361647	-0.00034989694517209287
6.895795874629596	-0.00044173728870927967
6.911503837897545	-0.001828634657456744
6.927211801165494	-0.0019180564536683865
6.942919764433443	-0.010948658127964988
6.9586277277013915	-0.003144863540447851
6.97433569096934	-0.0003312287876611684
6.99004365423729	-0.00026565035514404826
7.005751617505239	-0.00021107798060793673
7.021459580773188	-0.00041991332035219595
7.037167544041137	-0.0017771363365748347
7.052875507309086	-0.0003526839827899677
7.0685834705770345	-0.00020290239720529733
7.084291433844983	-0.00025864155833234704
7.099999397112932	-0.0006321581190397509
7.115707360380881	-0.0008683714658414809
7.13141532364883	-0.00039793009294616986
7.147123286916779	-0.0008872633211256516
7.162831250184729	-0.01966210750305778
7.1785392134526775	-0.0019432958261906815
7.194247176720626	-0.0007503354258477725
7.209955139988575	-0.003977014372071952
7.225663103256524	-0.0003808725106427243
7.241371066524473	-0.000423713897890568
7.257079029792422	-0.0062636921528582854
7.272786993060371	-0.0009788252572407873
7.28849495632832	-0.023169622938116283
7.304202919596269	-0.020168944262276757
7.319910882864218	-0.003065804370976434
7.335618846132167	-0.0006867162485092044
7.351326809400116	-0.0010486064213646312
7.367034772668065	-0.0008244817073324578
7.382742735936014	-0.0009174980490692955
7.398450699203963	-0.00030327352443980333
7.414158662471912	-0.0006864836375810125
7.4298666257398605	-0.0030211886889475368
7.445574589007809	-0.0005452799637713315
7.461282552275758	-0.0013049148591167343
7.476990515543708	-0.2591551571254705
7.492698478811657	-0.0013964770241499448
7.508406442079606	-0.00042954878785123735
7.524114405347555	-0.0002674078575638013
7.5398223686155035	-0.0003198154967638232
7.555530331883452	-0.00022661805297195787
7.571238295151401	-0.0003554671696431735
7.58694625841935	-0.0008812040779109458
7.602654221687299	-0.009178882716341395
7.618362184955249	-0.0011200930837747952
7.634070148223198	-0.024494184667273107
7.6497781114911465	-0.11475271611756074
7.665486074759095	-0.0018633641795150716
7.681194038027044	-0.0006590609568967119
7.696902001294993	-0.0003382178089245273
7.712609964562942	-0.00046065836120335067
7.728317927830891	-0.0007322555507978949
7.74402589109884	-0.00024315673271787359
7.759733854366789	-0.0003453517156431663
7.7754418176347375	-0.0009160499039951337
7.791149780902687	-0.03223216413245013
7.806857744170636	-0.001777641562295211
7.822565707438585	-0.0004384131954301104
7.838273670706534	-0.00025683796624442355
7.853981633974483	-0.0009894068970781483
7.869689597242432	-0.0002640685909702014
7.8853975605103805	-0.00015085006185623428
7.901105523778329	-0.0002435590178221862
7.916813487046278	-0.014265926407751858
7.932521450314228	-0.00044416430018314883
7.948229413582177	-0.008558986960990392
7.963937376850126	-0.0001359424943536636
7.979645340118075	-8.21358520190758e-5
7.995353303386024	-6.970651373980257e-5
8.011061266653972	-6.427314002804908e-5
8.026769229921921	-6.790029743257846e-5
8.042477193189871	-0.000862483366786223
8.058185156457819	-0.001206248167406932
8.073893119725769	-0.0002083588619744298
8.089601082993717	-0.0001517261042383837
8.105309046261667	-6.253778363041617e-5
8.121017009529615	-6.712424888500663e-5
8.136724972797564	-9.255746258269558e-5
8.152432936065512	-0.00013560883131288006
8.168140899333462	-6.235626022697096e-5
8.183848862601412	-7.803739327237286e-5
8.19955682586936	-0.00010067778711939727
8.21526478913731	-0.0003253152451957653
8.230972752405258	-0.0005613415554322558
8.246680715673207	-0.04075975153813213
8.262388678941155	-0.00041585969535075525
8.278096642209105	-0.00029456442270768383
8.293804605477053	-9.092340520457246e-5
8.309512568745003	-7.978172740451675e-5
8.325220532012953	-9.500932269038125e-5
8.3409284952809	-0.00029268450356870294
8.35663645854885	-0.0018026383151708843
8.372344421816798	-0.00012283168346566569
8.388052385084748	-6.794757792166555e-5
8.403760348352696	-5.4724162368666126e-5
8.419468311620646	-0.0011575513275543286
8.435176274888594	-4.7674562823137127e-5
8.450884238156544	-4.537654760524646e-5
8.466592201424492	-0.00013195704212995223
8.482300164692441	-0.0005023309523259317
8.498008127960391	-4.490722675281195e-5
8.51371609122834	-7.810572206573846e-5
8.529424054496289	-0.0015348825430932735
8.545132017764237	-6.18169717593011e-5
8.560839981032187	-4.1458619746948315e-5
8.576547944300135	-6.009190319158901e-5
8.592255907568084	-3.689031030834069e-5
8.607963870836032	-3.656017887053517e-5
8.623671834103982	-4.241274504509525e-5
8.63937979737193	-9.704425307168751e-5
8.65508776063988	-0.00019538195981647565
8.67079572390783	-5.206136771522204e-5
8.686503687175778	-5.161278606629512e-5
8.702211650443727	-6.899940905715758e-5
8.717919613711675	-0.00014001674573837586
8.733627576979625	-0.0010887973796239014
8.749335540247573	-0.0010758957938773123
8.765043503515523	-0.00018587495178343295
8.780751466783471	-7.229097964722211e-5
8.79645943005142	-8.881323099525738e-5
8.81216739331937	-0.00010929787544647052
8.827875356587318	-4.9293508578994555e-5
8.843583319855268	-4.566590937028709e-5
8.859291283123216	-3.5900921610729415e-5
8.874999246391166	-7.443201926147125e-5
8.890707209659114	-0.00011632013769492291
8.906415172927064	-6.729036292647532e-5
8.922123136195012	-4.177858899802946e-5
8.937831099462962	-3.225083786984381e-5
8.953539062730911	-2.646588247083233e-5
8.96924702599886	-5.2252716272897745e-5
8.984954989266809	-2.934431373858066e-5
9.000662952534757	-2.5054827465029294e-5
9.016370915802707	-0.00015791375265283703
9.032078879070655	-2.4776327995778684e-5
9.047786842338605	-2.4781866170856026e-5
9.063494805606553	-2.7431731295505528e-5
9.079202768874502	-6.556706119975776e-5
9.09491073214245	-5.885553116726189e-5
9.1106186954104	-0.000301195119533751
9.12632665867835	-9.495039131048536e-5
9.142034621946298	-2.8454631387943524e-5
9.157742585214248	-7.976633662321381e-5
9.173450548482196	-3.993483344055918e-5
9.189158511750145	-2.3913646205295636e-5
9.204866475018093	-2.2550056414693656e-5
9.220574438286043	-2.2484100437080016e-5
9.236282401553991	-2.28167206221715e-5
9.25199036482194	-2.3025754319878323e-5
9.267698328089889	-2.5322477017887974e-5
9.283406291357839	-5.053128130778553e-5
9.299114254625788	-6.477295954881514e-5
9.314822217893736	-5.747919627157983e-5
9.330530181161686	-4.637982431213341e-5
9.346238144429634	-9.184454326047789e-5
9.361946107697584	-0.004432479720355862
9.377654070965532	-0.00014617945245272443
9.393362034233482	-0.00015527586950029676
9.40906999750143	-0.0002471415581619557
9.42477796076938	-3.990272099863493e-5
9.44048592403733	-0.00013958602772650463
9.456193887305277	-3.144588570987605e-5
9.471901850573227	-2.5403226213143344e-5
9.487609813841175	-3.557997926218143e-5
9.503317777109125	-0.002809263285183709
9.519025740377073	-3.1957716041467004e-5
9.534733703645022	-3.139341219910584e-5
9.55044166691297	-1.960361924212411e-5
9.56614963018092	-1.8571445711402884e-5
9.58185759344887	-1.8014136381559333e-5
9.597565556716818	-1.7766159352731825e-5
9.613273519984768	-1.911575683737248e-5
9.628981483252716	-1.7921791408594793e-5
9.644689446520665	-1.8925916179817097e-5
9.660397409788613	-2.0017983325649468e-5
9.676105373056563	-0.0004778602010566135
9.691813336324511	-2.0901493345450828e-5
9.707521299592461	-2.0061692185945178e-5
9.723229262860409	-4.1877303745004306e-5
9.738937226128359	-7.0069251010255e-5
9.754645189396308	-1.9805885542087908e-5
9.770353152664256	-1.7213106179136158e-5
9.786061115932206	-1.8057389040155065e-5
9.801769079200154	-1.652251033735132e-5
9.817477042468104	-1.788897027876568e-5
9.833185005736052	-0.00026435743742768474
9.848892969004002	-1.732698303736932e-5
9.86460093227195	-1.6285362487421024e-5
9.8803088955399	-1.7006888057618493e-5
9.896016858807847	-2.1226190500451954e-5
9.911724822075797	-0.000782743544594051
9.927432785343747	-2.6513367348670226e-5
9.943140748611695	-1.8068619348900525e-5
9.958848711879645	-1.6005769630438993e-5
9.974556675147593	-3.619134942567904e-5
9.990264638415542	-2.1961762483010343e-5
10.00597260168349	-4.312379507983344e-5
10.02168056495144	-1.9832631223788573e-5
10.037388528219388	-1.7695187565351775e-5
10.053096491487338	-0.00011004885136050433
10.068804454755288	-1.625014514283815e-5
10.084512418023236	-4.3232842405039004e-5
10.100220381291185	-1.4210441156231494e-5
10.115928344559133	-1.3779541753861467e-5
10.131636307827083	-1.4290068801053627e-5
10.147344271095031	-1.349811731012841e-5
10.163052234362981	-1.3402214865916361e-5
10.178760197630929	-1.3358326621904165e-5
10.194468160898879	-1.3376719247472143e-5
10.210176124166829	-1.355130930470423e-5
10.225884087434777	-1.6406950339400942e-5
10.241592050702726	-0.00013972025846480145
10.257300013970674	-0.0003469085038501932
10.273007977238624	-1.7724505074813385e-5
10.288715940506572	-2.264441054040937e-5
10.304423903774522	-1.3780393823325571e-5
10.32013186704247	-1.3087126592628577e-5
10.33583983031042	-1.4591448840528082e-5
10.351547793578368	-2.0323948892579598e-5
10.367255756846317	-1.6079754664057265e-5
10.382963720114267	-1.3014798495876693e-5
10.398671683382215	-1.369497831600211e-5
10.414379646650165	-1.313999734968337e-5
10.430087609918113	-1.457413283606766e-5
10.445795573186063	-1.8585295632386124e-5
10.46150353645401	-7.40130023815134e-5
10.47721149972196	-4.459804344309099e-5
10.492919462989908	-1.6170212139567085e-5
10.508627426257858	-1.3325855744808548e-5
10.524335389525806	-1.2596872760803707e-5
10.540043352793756	-1.2423314237183286e-5
10.555751316061706	-3.9973531172002424e-5
10.571459279329654	-1.2150464807855042e-5
10.587167242597603	-1.168770483673717e-5
10.602875205865551	-3.7359027624136925e-5
10.618583169133501	-1.1415943648338733e-5
10.634291132401449	-1.153708998045578e-5
10.649999095669399	-1.135767875000051e-5
10.665707058937347	-1.963667883601186e-5
10.681415022205297	-1.1511421573493075e-5
10.697122985473246	-1.7463905814814783e-5
10.712830948741194	-1.1662939240455694e-5
10.728538912009144	-1.0903066275579567e-5
10.744246875277092	-1.0745590681250146e-5
10.759954838545042	-1.0654843690212291e-5
10.77566280181299	-1.0584484160886064e-5
10.79137076508094	-1.0528787853060765e-5
10.807078728348888	-1.1347817017798993e-5
10.822786691616837	-1.2238110351912294e-5
10.838494654884787	-1.0455782921573722e-5
10.854202618152735	-1.0300351022519155e-5
10.869910581420685	-1.0244284931326562e-5
10.885618544688633	-1.0177035229682687e-5
10.901326507956583	-1.0132615998767187e-5
10.91703447122453	-1.0115012286225077e-5
10.93274243449248	-1.0264369793189446e-5
10.948450397760428	-1.3662479041413105e-5
10.964158361028378	-1.54609802910046e-5
10.979866324296326	-1.00978953302718e-5
10.995574287564276	-9.946565671015616e-6
11.011282250832226	-1.9334370040625127e-5
11.026990214100174	-9.819865937565014e-6
11.042698177368123	-9.759186902262946e-6
11.058406140636071	-9.817078429578117e-6
11.074114103904021	-1.0307238147390928e-5
11.08982206717197	-3.363894727886456e-5
11.105530030439919	-1.3056946114336022e-5
11.121237993707867	-9.771343527741252e-6
11.136945956975817	-9.494080394452738e-6
11.152653920243765	-9.389765592453451e-6
11.168361883511714	-9.40475787064393e-6
11.184069846779664	-1.0681782549605226e-5
11.199777810047612	-9.290512784400546e-6
11.215485773315562	-9.138255758042506e-6
11.23119373658351	-9.0802376872087e-6
11.24690169985146	-9.032996819669731e-6
11.262609663119408	-8.986657961968222e-6
11.278317626387357	-8.94932472136784e-6
11.294025589655305	-8.929203161683191e-6
11.309733552923255	-9.748526916955505e-6
11.325441516191205	-3.062581583066099e-5
11.341149479459153	-1.7622742069594004e-5
11.356857442727103	-9.00851079633846e-6
11.37256540599505	-8.754865314820836e-6
11.388273369263	-8.699369202475791e-6
11.403981332530948	-8.708806552255392e-6
11.419689295798898	-8.940961415998166e-6
11.435397259066846	-1.858386490537867e-5
11.451105222334796	-9.556988609676373e-6
11.466813185602746	-8.615481652245162e-6
11.482521148870694	-8.473786275577787e-6
11.498229112138644	-8.681694054627124e-6
11.513937075406592	-8.520330431699775e-6
11.529645038674541	-8.41826342015893e-6
11.54535300194249	-8.259973104064123e-6
11.561060965210439	-8.18187986901944e-6
11.576768928478387	-8.144085007376591e-6
11.592476891746337	-8.562961264179128e-6
11.608184855014285	-8.060279373493095e-6
11.623892818282235	-8.013737363222212e-6
11.639600781550184	-7.985079326793697e-6
11.655308744818132	-7.936143646250434e-6
11.671016708086082	-7.922000460242546e-6
11.68672467135403	-7.856781291686563e-6
11.70243263462198	-7.818941025525302e-6
11.718140597889928	-7.781786821177403e-6
11.733848561157878	-7.745124469131145e-6
11.749556524425826	-7.709340020200066e-6
11.765264487693775	-7.675565349077718e-6
11.780972450961723	-7.685218656978339e-6
11.796680414229673	-7.608190064308592e-6
11.812388377497623	-7.567942631326736e-6
11.82809634076557	-7.534584118515509e-6
11.84380430403352	-7.507170832442827e-6
11.859512267301469	-7.528141410077342e-6
11.875220230569418	-8.11136786745724e-6
11.890928193837366	-7.4171811341710035e-6
11.906636157105316	-7.364967562905945e-6
11.922344120373264	-7.327859260672431e-6
11.938052083641214	-7.2995226245296786e-6
11.953760046909164	-7.25861968011541e-6
11.969468010177112	-7.226903001688747e-6
11.985175973445061	-7.192265017936636e-6
12.00088393671301	-7.162994020715996e-6
12.01659189998096	-7.147516882664292e-6
12.032299863248907	-7.115165928577247e-6
12.048007826516857	-7.064287375963489e-6
12.063715789784805	-7.035295429174559e-6
12.079423753052755	-6.9985312948360785e-6
12.095131716320704	-6.968323044837398e-6
12.110839679588652	-6.940697272588603e-6
12.126547642856602	-6.910710121523084e-6
12.14225560612455	-6.878768055038843e-6
12.1579635693925	-6.87142947125099e-6
12.173671532660448	-6.8628063273198925e-6
12.189379495928398	-1.602952466916934e-5
12.205087459196346	-6.812059487900199e-6
12.220795422464295	-6.732760067302358e-6
12.236503385732243	-6.721610640961919e-6
12.252211349000193	-7.194928989321673e-6
12.267919312268143	-6.663741931509258e-6
12.283627275536091	-6.607186357600036e-6
12.29933523880404	-6.575242979114094e-6
12.315043202071989	-6.546026517082435e-6
12.330751165339938	-6.518283146894246e-6
12.346459128607886	-6.488593731694726e-6
12.362167091875836	-6.460454378661736e-6
12.377875055143784	-6.433395798095643e-6
12.393583018411734	-6.430986196452521e-6
12.409290981679682	-6.377601787572362e-6
12.424998944947632	-6.3526875357244075e-6
12.440706908215581	-6.337596917007061e-6
12.45641487148353	-6.295000581907707e-6
12.47212283475148	-6.267413807752702e-6
12.487830798019427	-6.2452521562023585e-6
12.503538761287377	-6.213828380780366e-6
12.519246724555325	-6.188394939758186e-6
12.534954687823275	-6.162479893463042e-6
12.550662651091223	-6.140082157323116e-6
12.566370614359172	-6.1474647349006884e-6
