-12.566370614359172	-6.158375334859939e-6
-12.550662651091223	-6.17036703432145e-6
-12.534954687823275	-6.195785946766839e-6
-12.519246724555325	-6.253258643977457e-6
-12.503538761287377	-6.550390608902569e-6
-12.487830798019427	-7.294715268020812e-6
-12.47212283475148	-6.462254797454898e-6
-12.45641487148353	-1.4677436468582084e-5
-12.440706908215581	-6.524443495507376e-6
-12.424998944947632	-6.408175464326876e-6
-12.409290981679682	-6.413480966508397e-6
-12.393583018411734	-6.438590843745645e-6
-12.377875055143784	-6.482663258096853e-6
-12.362167091875836	-6.660603524942211e-6
-12.346459128607886	-7.869360454988569e-6
-12.330751165339938	-6.597167172751535e-6
-12.315043202071989	-6.588015784636226e-6
-12.29933523880404	-6.625970500550782e-6
-12.283627275536091	-7.302917614995236e-6
-12.267919312268143	-8.380862466149682e-6
-12.252211349000193	-6.7772650354907554e-6
-12.236503385732243	-6.736029669764249e-6
-12.220795422464295	-6.743138852976426e-6
-12.205087459196346	-6.7688952015132016e-6
-12.189379495928398	-6.8005653196857425e-6
-12.173671532660448	-6.9110518079727496e-6
-12.1579635693925	-6.877872593838258e-6
-12.14225560612455	-6.92767105699375e-6
-12.126547642856602	-7.2689275060803305e-6
-12.110839679588652	-7.1596586223844414e-6
-12.095131716320704	-6.982135139916014e-6
-12.079423753052755	-7.0108805158326374e-6
-12.063715789784805	-7.0423161527063955e-6
-12.048007826516857	-7.075322093927448e-6
-12.032299863248907	-7.110139570274259e-6
-12.01659189998096	-7.149269528755728e-6
-12.00088393671301	-7.2353201415669235e-6
-11.985175973445061	-7.36488661204539e-6
-11.969468010177112	-1.2835582038009269e-5
-11.953760046909164	-7.369550369950453e-6
-11.938052083641214	-7.32647568888014e-6
-11.922344120373264	-7.346476912574568e-6
-11.906636157105316	-7.37581224223483e-6
-11.890928193837366	-7.418099892842617e-6
-11.875220230569418	-8.084448481724638e-6
-11.859512267301469	-7.479681075258439e-6
-11.84380430403352	-7.543027077107446e-6
-11.82809634076557	-7.541213576120599e-6
-11.812388377497623	-7.575813064786876e-6
-11.796680414229673	-7.611230046821159e-6
-11.780972450961723	-7.647707752978018e-6
-11.765264487693775	-7.710124705111848e-6
-11.749556524425826	-7.722335371015575e-6
-11.733848561157878	-7.757744634886103e-6
-11.718140597889928	-7.796265049599095e-6
-11.70243263462198	-7.838740612391254e-6
-11.68672467135403	-7.933691812724203e-6
-11.671016708086082	-7.969093505488904e-6
-11.655308744818132	-8.042383892705627e-6
-11.639600781550184	-1.1181255609223322e-5
-11.623892818282235	-8.375641149124535e-6
-11.608184855014285	-8.154772776713624e-6
-11.592476891746337	-8.122530717982988e-6
-11.576768928478387	-8.161306465786271e-6
-11.561060965210439	-8.253463509644546e-6
-11.54535300194249	-1.0067327974329436e-5
-11.529645038674541	-8.321600991208563e-6
-11.513937075406592	-8.427972895529327e-6
-11.498229112138644	-1.6858943774627917e-5
-11.482521148870694	-8.515783561006908e-6
-11.466813185602746	-1.0479614375110215e-5
-11.451105222334796	-8.610016855165403e-6
-11.435397259066846	-8.860591329688078e-6
-11.419689295798898	-9.018171138916234e-6
-11.403981332530948	-8.651074256942366e-6
-11.388273369263	-8.653738914322104e-6
-11.37256540599505	-8.691451407402853e-6
-11.356857442727103	-8.801313015652348e-6
-11.341149479459153	-8.903528328718181e-6
-11.325441516191205	-8.843181692657647e-6
-11.309733552923255	-8.899038630781495e-6
-11.294025589655305	-8.999658795287913e-6
-11.278317626387357	-9.502499654892788e-6
-11.262609663119408	-9.843099591162003e-6
-11.24690169985146	-1.2790586961664675e-5
-11.23119373658351	-1.1217368973551697e-5
-11.215485773315562	-9.469836051243566e-6
-11.199777810047612	-9.273582326222977e-6
-11.184069846779664	-9.267731287852805e-6
-11.168361883511714	-9.29345059733766e-6
-11.152653920243765	-9.331888436673e-6
-11.136945956975817	-9.374536742940848e-6
-11.121237993707867	-9.423233366317298e-6
-11.105530030439919	-9.479095280717034e-6
-11.08982206717197	-9.613290418429813e-6
-11.074114103904021	-1.2277179206823632e-5
-11.058406140636071	-9.6661632239908e-6
-11.042698177368123	-9.717870980228406e-6
-11.026990214100174	-9.878954570321436e-6
-11.011282250832226	-1.4178947836012379e-5
-10.995574287564276	-1.023455253988027e-5
-10.979866324296326	-9.953692779815215e-6
-10.964158361028378	-9.964104038796399e-6
-10.948450397760428	-1.0008703905673939e-5
-10.93274243449248	-1.0069536775476345e-5
-10.91703447122453	-1.0558774370794385e-5
-10.901326507956583	-1.0232381867995071e-5
-10.885618544688633	-1.0668651696685523e-5
-10.869910581420685	-1.1058975622238735e-5
-10.854202618152735	-1.0493913189658126e-5
-10.838494654884787	-1.0706581412377036e-5
-10.822786691616837	-2.269582521653931e-5
-10.807078728348888	-4.8807846273697016e-5
-10.79137076508094	-1.335746270642781e-5
-10.77566280181299	-1.1447900223802048e-5
-10.759954838545042	-1.1177334570764395e-5
-10.744246875277092	-1.1546089197688206e-5
-10.728538912009144	-1.431823101374998e-5
-10.712830948741194	-1.5649161542365207e-5
-10.697122985473246	-1.3545349275766915e-5
-10.681415022205297	-2.7170220329213728e-5
-10.665707058937347	-3.7653748686587255e-5
-10.649999095669399	-1.3965991836039705e-5
-10.634291132401449	-1.2590446231394319e-5
-10.618583169133501	-1.2673301269634349e-5
-10.602875205865551	-3.531511312812615e-5
-10.587167242597603	-1.4642216381617952e-5
-10.571459279329654	-1.9768758075186508e-5
-10.555751316061706	-0.00011712940821554863
-10.540043352793756	-5.1485814875282986e-5
-10.524335389525806	-1.792856051345324e-5
-10.508627426257858	-2.0287302702380876e-5
-10.492919462989908	-1.4562982697684832e-5
-10.47721149972196	-1.3116405974520358e-5
-10.46150353645401	-1.401002263863921e-5
-10.445795573186063	-5.100012946628479e-5
-10.430087609918113	-1.4901679692629118e-5
-10.414379646650165	-1.2908909323506715e-5
-10.398671683382215	-1.2698237605706685e-5
-10.382963720114267	-1.2878909548032527e-5
-10.367255756846317	-1.2868004543089828e-5
-10.351547793578368	-1.3176938511838937e-5
-10.33583983031042	-1.3901070735060195e-5
-10.32013186704247	-1.6271099731796688e-5
-10.304423903774522	-4.748642849484225e-5
-10.288715940506572	-3.860094137480755e-5
-10.273007977238624	-7.57639901017135e-5
-10.257300013970674	-1.9976133995779458e-5
-10.241592050702726	-1.4721478740751322e-5
-10.225884087434777	-1.3995199738559447e-5
-10.210176124166829	-1.3783684220352883e-5
-10.194468160898879	-1.4117355916056134e-5
-10.178760197630929	-1.9801542946186263e-5
-10.163052234362981	-2.327050937579792e-5
-10.147344271095031	-1.7044338991550743e-5
-10.131636307827083	-1.449388526628587e-5
-10.115928344559133	-2.2865927426879626e-5
-10.100220381291185	-1.4802625463886033e-5
-10.084512418023236	-1.48028576111194e-5
-10.068804454755288	-1.6367175949667218e-5
-10.053096491487338	-0.00042082447011279205
-10.037388528219388	-1.8142399846891244e-5
-10.02168056495144	-2.079320823585671e-5
-10.00597260168349	-6.613816636142896e-5
-9.990264638415542	-0.0009695597936373182
-9.974556675147593	-2.053313547520717e-5
-9.958848711879645	-1.6373481920839156e-5
-9.943140748611695	-1.5634822439512062e-5
-9.927432785343747	-1.5508376900984582e-5
-9.911724822075797	-1.563040083208015e-5
-9.896016858807847	-1.6016868721901734e-5
-9.8803088955399	-2.0142325588433677e-5
-9.86460093227195	-1.7808258798990443e-5
-9.848892969004002	-1.951561465141131e-5
-9.833185005736052	-2.608969098862e-5
-9.817477042468104	-8.48483088032447e-5
-9.801769079200154	-0.00024135135808135748
-9.786061115932206	-3.299385194568917e-5
-9.770353152664256	-6.39662767761919e-5
-9.754645189396308	-1.939058267438493e-5
-9.738937226128359	-1.980943737889322e-5
-9.723229262860409	-2.296778022471667e-5
-9.707521299592461	-2.1179092198595392e-5
-9.691813336324511	-2.168912747915891e-5
-9.676105373056563	-1.7592370435355696e-5
-9.660397409788613	-1.7604215585828262e-5
-9.644689446520665	-1.8502705821650506e-5
-9.628981483252716	-2.601880922572068e-5
-9.613273519984768	-4.364188077983377e-5
-9.597565556716818	-0.00020128926985114076
-9.58185759344887	-2.0785524402773933e-5
-9.56614963018092	-2.0777709695958465e-5
-9.55044166691297	-2.8062402917287293e-5
-9.534733703645022	-0.0012123834499557786
-9.519025740377073	-3.2111463210119904e-5
-9.503317777109125	-2.1946632424224216e-5
-9.487609813841175	-0.00013759142114321322
-9.471901850573227	-2.014214237160407e-5
-9.456193887305277	-3.210641316968846e-5
-9.44048592403733	-1.956794108240057e-5
-9.42477796076938	-2.582933216279702e-5
-9.40906999750143	-2.0166208919798622e-5
-9.393362034233482	-2.108957830281711e-5
-9.377654070965532	-3.250048617768619e-5
-9.361946107697584	-2.1897385747058103e-5
-9.346238144429634	-2.395135571205657e-5
-9.330530181161686	-5.732252513805778e-5
-9.314822217893736	-3.983583515357469e-5
-9.299114254625788	-0.001272868646009889
-9.283406291357839	-4.019932368216153e-5
-9.267698328089889	-4.312639865725782e-5
-9.25199036482194	-0.0001039796088940818
-9.236282401553991	-0.00044161161843649143
-9.220574438286043	-0.000594258904221365
-9.204866475018093	-8.852958825887655e-5
-9.189158511750145	-0.00012647505030284403
-9.173450548482196	-0.000297819849263487
-9.157742585214248	-3.157513645027115e-5
-9.142034621946298	-2.663719220277836e-5
-9.12632665867835	-2.5325946442328283e-5
-9.1106186954104	-2.5605000841889407e-5
-9.09491073214245	-3.570473479579252e-5
-9.079202768874502	-0.0006007311688560981
-9.063494805606553	-2.7631132899816904e-5
-9.047786842338605	-2.474766269939843e-5
-9.032078879070655	-2.4608817952922163e-5
-9.016370915802707	-2.5861804268119678e-5
-9.000662952534757	-3.6083967108650283e-5
-8.984954989266809	-4.428653199281093e-5
-8.96924702599886	-6.489523472976397e-5
-8.953539062730911	-0.000128603219007542
-8.937831099462962	-6.763182745943581e-5
-8.922123136195012	-3.0138575445173637e-5
-8.906415172927064	-3.203138241032329e-5
-8.890707209659114	-9.566199871783272e-5
-8.874999246391166	-4.836056995360263e-5
-8.859291283123216	-0.00014652986514955015
-8.843583319855268	-5.792872599601641e-5
-8.827875356587318	-0.002416578462108435
-8.81216739331937	-7.739114766535925e-5
-8.79645943005142	-6.233952788953947e-5
-8.780751466783471	-0.00024108505810557435
-8.765043503515523	-0.0002688085058572222
-8.749335540247573	-6.459142523299115e-5
-8.733627576979625	-6.751419801194944e-5
-8.717919613711675	-0.0006835197306576911
-8.702211650443727	-0.0019398753577523267
-8.686503687175778	-9.925864679230532e-5
-8.67079572390783	-0.00011319041912471331
-8.65508776063988	-0.0003648804094234385
-8.63937979737193	-0.015526034919956131
-8.623671834103982	-0.002165005939895099
-8.607963870836032	-0.0001787688880212684
-8.592255907568084	-0.0007355729987065565
-8.576547944300135	-7.696818247212797e-5
-8.560839981032187	-8.239968630976132e-5
-8.545132017764237	-4.864903111748125e-5
-8.529424054496289	-5.482058517281043e-5
-8.51371609122834	-0.00011840216240058508
-8.498008127960391	-0.0010910003696871634
-8.482300164692441	-9.21108057305294e-5
-8.466592201424492	-5.202528446031936e-5
-8.450884238156544	-5.268724298269907e-5
-8.435176274888594	-0.00015628588142059077
-8.419468311620646	-0.00028800138166859725
-8.403760348352696	-5.434663684785721e-5
-8.388052385084748	-4.241760298555161e-5
-8.372344421816798	-4.087844093228763e-5
-8.35663645854885	-4.266553788696203e-5
-8.3409284952809	-0.00015282692557516995
-8.325220532012953	-6.302799120175353e-5
-8.309512568745003	-0.00035664353044326995
-8.293804605477053	-0.00036747007861524176
-8.278096642209105	-0.00018317704599283045
-8.262388678941155	-0.0002605340058749829
-8.246680715673207	-5.6411572423707575e-5
-8.230972752405258	-5.327845192245982e-5
-8.21526478913731	-5.7129354754380875e-5
-8.19955682586936	-6.853250950785503e-5
-8.183848862601412	-0.00010303619236584128
-8.168140899333462	-0.001235775832028875
-8.152432936065512	-0.05009351737376935
-8.136724972797564	-0.0003751537799678253
-8.121017009529615	-0.00012112817842682796
-8.105309046261667	-0.00011581442453725351
-8.089601082993717	-0.00020929659928292847
-8.073893119725769	-0.02465818179253302
-8.058185156457819	-0.00039107826393354407
-8.042477193189871	-0.001006352978829452
-8.026769229921921	-0.004604499359076393
-8.011061266653972	-0.0005678601015848205
-7.995353303386024	-0.0002451321548739649
-7.979645340118075	-0.02273819201948225
-7.963937376850126	-0.00028253584280645363
-7.948229413582177	-0.00015819752031090973
-7.932521450314228	-0.0001659185975723583
-7.916813487046278	-0.0011803463757690696
-7.901105523778329	-0.00011412661696803952
-7.8853975605103805	-0.000114674085332658
-7.869689597242432	-0.00036634007819753037
-7.853981633974483	-0.0016536386717317046
-7.838273670706534	-0.0003405041720179037
-7.822565707438585	-0.0003585603597275673
-7.806857744170636	-8.664403301758668e-5
-7.791149780902687	-7.011290858166953e-5
-7.7754418176347375	-6.582779134155342e-5
-7.759733854366789	-9.499733710748091e-5
-7.74402589109884	-6.661646795899226e-5
-7.728317927830891	-7.118377603806421e-5
-7.712609964562942	-0.00010369129447819913
-7.696902001294993	-0.0007346689899083257
-7.681194038027044	-0.00011427435060353318
-7.665486074759095	-0.002279622278776684
-7.6497781114911465	-0.00011673760897534283
-7.634070148223198	-0.0001824411586594203
-7.618362184955249	-0.0009733310480134177
-7.602654221687299	-0.0008588666670853093
-7.58694625841935	-0.0025032710151090937
-7.571238295151401	-0.0002900336496541484
-7.555530331883452	-0.00015812577620150854
-7.5398223686155035	-0.0001580753096293209
-7.524114405347555	-0.00021105054921538482
-7.508406442079606	-0.004068005733696297
-7.492698478811657	-0.009616751254904472
-7.476990515543708	-0.0006489241162109955
-7.461282552275758	-0.005095343103630678
-7.445574589007809	-0.1526795690396131
-7.4298666257398605	-0.0020624327684291154
-7.414158662471912	-0.0016845666727190918
-7.398450699203963	-0.00043535676459445277
-7.382742735936014	-0.000213104014583178
-7.367034772668065	-0.00018174680730658347
-7.351326809400116	-0.00018454082738261874
-7.335618846132167	-0.00025451765932434935
-7.319910882864218	-0.0012056187750882424
-7.304202919596269	-0.00128667959317069
-7.28849495632832	-0.0002602831202992756
-7.272786993060371	-0.00018650172295928377
-7.257079029792422	-0.0001815334638684283
-7.241371066524473	-0.0002454137859453223
-7.225663103256524	-0.008845901774365394
-7.209955139988575	-0.001983378814107846
-7.194247176720626	-0.0005447507764225599
-7.1785392134526775	-0.0002812601576743738
-7.162831250184729	-0.006983287548962863
-7.147123286916779	-0.0004015955561440452
-7.13141532364883	-0.0003243292630890283
-7.115707360380881	-0.00038341621219499853
-7.099999397112932	-0.0019277455903930782
-7.084291433844983	-0.0008702170072353355
-7.0685834705770345	-0.004941756761154564
-7.052875507309086	-0.003975244007710533
-7.037167544041137	-0.10344725284731533
-7.021459580773188	-0.005779585340846938
-7.005751617505239	-0.0022778756493223528
-6.99004365423729	-0.0033541989426356476
-6.97433569096934	-0.06235969753244905
-6.9586277277013915	-0.011596639219425876
-6.942919764433443	-0.45473578177744567
-6.927211801165494	-0.01331751092179888
-6.911503837897545	-0.0031768378551819206
-6.895795874629596	-0.008705484536455158
-6.880087911361647	-0.0037797273416887984
-6.864379948093698	-0.10273860795391884
-6.848671984825749	-0.006856223442187982
-6.8329640215578	-0.001887076493035899
-6.817256058289851	-0.0014717477902237474
-6.801548095021902	-0.004829689489046629
-6.785840131753953	-0.11855592187061625
-6.770132168486004	-0.18057652641201252
-6.754424205218055	-0.021467718353344253
-6.738716241950106	-0.007420993235359204
-6.7230082786821574	-0.29339412505241874
-6.707300315414209	-0.0036684415824735543
-6.69159235214626	-0.001263035575831755
-6.675884388878311	-0.0007569887835008907
-6.660176425610361	-0.0006414289197743165
-6.644468462342412	-0.0005766182348271778
-6.628760499074463	-0.0007002891320846775
-6.613052535806514	-0.0013765389468669593
-6.5973445725385655	-0.009209454445791597
-6.581636609270617	-0.01821052041918213
-6.565928646002668	-0.006287758144383454
-6.550220682734719	-0.0012607991017417031
-6.53451271946677	-0.0006596424672292936
-6.51880475619882	-0.000495815295262319
-6.503096792930871	-0.0003439900891285634
-6.4873888296629225	-0.0006503016315913823
-6.471680866394974	-0.000430874411312241
-6.455972903127025	-0.0004366440452101747
-6.440264939859076	-0.001564253545470002
-6.424556976591127	-0.0007095622729572865
-6.408849013323178	-0.0004407456337882908
-6.393141050055229	-0.0008459074998403512
-6.37743308678728	-0.04160416899130557
-6.3617251235193315	-0.0017924274055696578
-6.346017160251382	-0.05067895116036149
-6.330309196983433	-0.002144374655175426
-6.314601233715484	-0.0028972553639072945
-6.298893270447535	-0.0014662196560921179
-6.283185307179586	-0.0004261404902119961
-6.267477343911637	-0.0002979134771365433
-6.2517693806436885	-0.0002574096392249509
-6.23606141737574	-0.00024642587687408396
-6.220353454107791	-0.0002843602060895823
-6.204645490839841	-0.00036230827240987996
-6.188937527571892	-0.0008885620916331316
-6.173229564303943	-0.0006924312243972598
-6.157521601035994	-0.07977963491313851
-6.1418136377680455	-0.0006273797527793905
-6.126105674500097	-0.00036658362678305013
-6.110397711232148	-0.0003579595846896767
-6.094689747964199	-0.00048827103421091733
-6.07898178469625	-0.02346567861017138
-6.063273821428301	-0.03754225225800944
-6.047565858160352	-0.0008408847603083049
-6.031857894892402	-0.0012501101109041036
-6.0161499316244536	-0.005098375224335123
-6.000441968356505	-0.039693119562450814
-5.984734005088556	-0.05505271916836213
-5.969026041820607	-0.0025047382804239877
-5.953318078552658	-0.0013093669352716641
-5.937610115284709	-0.0006651156862669745
-5.92190215201676	-0.000582300121179499
-5.906194188748811	-0.0005914993466511337
-5.890486225480862	-0.0006515504052857753
-5.874778262212913	-0.0008170434500966693
-5.859070298944964	-0.0012384409161260192
-5.843362335677015	-0.002475953548481939
-5.827654372409066	-0.011866195814897005
-5.811946409141117	-0.43928998030440153
-5.796238445873168	-0.010160919167780648
-5.7805304826052195	-0.002773438150792565
-5.764822519337271	-0.0038599311195533417
-5.749114556069322	-0.006600153303465727
-5.733406592801373	-0.0010603788858453808
-5.717698629533423	-0.0008373305990197644
-5.701990666265474	-0.0008353919947437788
-5.686282702997525	-0.005397768954827758
-5.6705747397295765	-0.001281566519031045
-5.654866776461628	-0.035380545212455664
-5.639158813193679	-0.0014792807159272293
-5.62345084992573	-0.0020546601439590845
-5.607742886657781	-0.003068127444663099
-5.592034923389832	-0.029973449935849012
-5.576326960121882	-0.008711914504250679
-5.5606189968539335	-0.004439265791093931
-5.544911033585985	-0.024830448564457968
-5.529203070318036	-0.010108869176445687
-5.513495107050087	-0.017176928732076317
-5.497787143782138	-0.07905682578876845
-5.482079180514189	-1.731255741393313
-5.46637121724624	-0.04111815513502086
-5.450663253978291	-0.016642703476252536
-5.4349552907103424	-0.009072919200707682
-5.419247327442394	-0.004148495355266507
-5.403539364174444	-0.00290780877507464
-5.387831400906495	-0.002449967715262699
-5.372123437638546	-0.0031259107600358975
-5.356415474370597	-0.003191435933663309
-5.340707511102648	-0.004504173760608607
-5.324999547834699	-0.024601386966119902
-5.3092915845667505	-0.04254001170891354
-5.293583621298802	-0.00611142691801984
-5.277875658030853	-0.17803388536386255
-5.262167694762903	-0.004778205332638193
-5.246459731494954	-0.012128339032438406
-5.230751768227005	-0.11549109928547072
-5.215043804959056	-0.038304955654331306
-5.1993358416911075	-0.006182548520880653
-5.183627878423159	-0.0028769889310773676
-5.16791991515521	-0.0019337155189195247
-5.152211951887261	-0.0015665887466145873
-5.136503988619312	-0.0014343625268728108
-5.120796025351363	-0.0014232155765909141
-5.105088062083414	-0.00309069161119628
-5.0893800988154645	-0.0016830347828146722
-5.073672135547516	-0.002154363716698244
-5.057964172279567	-0.003119079974984421
-5.042256209011618	-0.0049847655734148125
-5.026548245743669	-0.004317269964807629
-5.01084028247572	-0.007204973982342129
-4.995132319207771	-0.016156723259361985
-4.979424355939822	-0.47443829360205264
-4.9637163926718735	-0.7627071594341146
-4.948008429403924	-1.5755869689526245
-4.932300466135975	-0.0616202532244049
-4.916592502868026	-0.019059131048297404
-4.900884539600077	-0.0064363961342221105
-4.885176576332128	-0.003963797656447032
-4.869468613064179	-0.0029576550560620266
-4.8537606497962305	-0.002511924423790574
-4.838052686528282	-0.002358902796891469
-4.822344723260333	-0.002528383487084481
-4.806636759992384	-0.0035415835242644162
-4.790928796724435	-0.0047021239360159625
-4.775220833456485	-0.016730333500669946
-4.759512870188536	-0.05309322868224617
-4.743804906920587	-0.05068166271116059
-4.7280969436526386	-0.19661446508984537
-4.71238898038469	-0.019998488964707066
-4.696681017116741	-0.005920635204998534
-4.680973053848792	-0.003753475505041528
-4.665265090580843	-0.003372301946686246
-4.649557127312894	-0.004319138726036512
-4.633849164044944	-0.05228485183485568
-4.6181412007769955	-0.20570982260518647
-4.602433237509047	-0.018952274185679303
-4.586725274241098	-0.021533345508262407
-4.571017310973149	-0.016766035461848558
-4.5553093477052	-0.004779384364709301
-4.539601384437251	-0.004469414941171775
-4.523893421169302	-0.03936361780675474
-4.508185457901353	-0.011110560952040873
-4.4924774946334045	-0.0041436568613540765
-4.476769531365456	-0.003981295189382357
-4.461061568097506	-0.004738033570927533
-4.445353604829557	-0.00642251818481542
-4.429645641561608	-0.010060008866036354
-4.413937678293659	-0.020351947939310014
-4.39822971502571	-0.0694306644636488
-4.3825217517577615	-8.157175863595688
-4.366813788489813	-0.09635189546770125
-4.351105825221864	-0.058021155211299025
-4.335397861953915	-0.14894630484000454
-4.319689898685965	-0.01756977284024888
-4.303981935418016	-0.012351017801617455
-4.288273972150067	-0.015764777851234674
-4.2725660088821185	-0.05048918937233002
-4.25685804561417	-1.006945329680922
-4.241150082346221	-0.03775564087961434
-4.225442119078272	-0.011432208073621459
-4.209734155810323	-0.008012359556107122
-4.194026192542374	-0.007541874630387123
-4.178318229274425	-0.011268076786674535
-4.162610266006476	-0.05361621889852002
-4.146902302738527	-0.06622553397384912
-4.131194339470578	-0.024532086801047903
-4.115486376202629	-0.020230605005757258
-4.09977841293468	-0.10514501009633186
-4.084070449666731	-0.07144672010309874
-4.068362486398782	-0.9305996304656828
-4.052654523130833	-0.09336939495657916
-4.036946559862884	-0.029757519477592233
-4.0212385965949355	-0.08831382748688571
-4.005530633326986	-0.01590536809534171
-3.9898226700590373	-0.013644733338809212
-3.9741147067910885	-0.016566329544168923
-3.958406743523139	-0.023767300095678144
-3.9426987802551903	-0.04973784086824374
-3.9269908169872414	-0.11492609682855609
-3.9112828537192925	-0.8518726107609988
-3.8955748904513436	-1.2684286001009921
-3.8798669271833943	-0.16621193491627445
-3.8641589639154454	-0.19144700833834308
-3.8484510006474966	-0.04236584056489424
-3.8327430373795477	-0.050885583766381866
-3.817035074111599	-0.12096178572266615
-3.8013271108436495	-4.6866581207673415
-3.7856191475757006	-0.2191973022786126
-3.7699111843077517	-0.08804165525366531
-3.754203221039803	-0.11106646433109733
-3.738495257771854	-0.29387886195187335
-3.7227872945039047	-4.923771328483896
-3.707079331235956	-0.9972798295048887
-3.691371367968007	-0.2943902828578034
-3.675663404700058	-0.7890893023756763
-3.659955441432109	-0.09838440986267238
-3.64424747816416	-0.03652438392076831
-3.628539514896211	-0.023367571818214524
-3.612831551628262	-0.023214622413544574
-3.597123588360313	-0.0737474711300855
-3.5814156250923643	-0.012648806585600393
-3.565707661824415	-0.013367823687182392
-3.549999698556466	-0.007194183277332485
-3.5342917352885173	-0.006162588166309525
-3.5185837720205684	-0.006509322201316691
-3.5028758087526195	-0.010215401629115986
-3.48716784548467	-0.013702889138795372
-3.4714598822167213	-0.00579135125181497
-3.4557519189487724	-0.006588829858604412
-3.4400439556808236	-0.00418385911840097
-3.4243359924128747	-0.004635108263125475
-3.4086280291449254	-0.12456555641786098
-3.3929200658769765	-0.006214894641632649
-3.3772121026090276	-0.009306246499157298
-3.3615041393410787	-0.025187940821736414
-3.34579617607313	-0.7471302865282244
-3.3300882128051805	-0.053965243418511145
-3.3143802495372316	-0.03422743458989333
-3.2986722862692828	-0.08476690962575421
-3.282964323001334	-0.007858484709512214
-3.267256359733385	-0.004571755241933089
-3.2515483964654357	-0.004406387932318937
-3.235840433197487	-0.009836738234610506
-3.220132469929538	-0.04060586598396582
-3.204424506661589	-0.004658833690465527
-3.18871654339364	-0.003291483617961636
-3.173008580125691	-0.003057078610345371
-3.157300616857742	-0.003116438348811478
-3.141592653589793	-0.003394129469285515
-3.1258846903218442	-0.0038661419664066765
-3.1101767270538954	-0.0045604514364485415
-3.094468763785946	-0.006099028971070396
-3.078760800517997	-0.010997462365972236
-3.0630528372500483	-0.23936117709750482
-3.0473448739820994	-0.022218792545339486
-3.0316369107141505	-0.025197749765564104
-3.015928947446201	-0.06718351255888841
-3.0002209841782523	-0.9524162465891024
-2.9845130209103035	-0.2703636943322307
-2.9688050576423546	-0.04549814873372682
-2.9530970943744057	-0.020190793888135727
-2.9373891311064564	-0.01342693334286955
-2.9216811678385075	-0.014533220600300567
-2.9059732045705586	-0.01799956363757383
-2.8902652413026098	-0.06537735404254813
-2.874557278034661	-0.023306462969509927
-2.8588493147667116	-0.060820737008236044
-2.8431413514987627	-7.866777472098746
-2.827433388230814	-0.08285586563296722
-2.811725424962865	-0.05118217238764805
-2.796017461694916	-0.14508718248851568
-2.7803094984269667	-20.322130761141047
-2.764601535159018	-0.13879042964517238
-2.748893571891069	-0.0368684325692666
-2.73318560862312	-0.018128712207177763
-2.7174776453551712	-0.011804437189098098
-2.701769682087222	-0.010746122158780643
-2.686061718819273	-0.12772527845003698
-2.670353755551324	-0.007374150211256285
-2.6546457922833753	-0.006053039287592252
-2.6389378290154264	-0.009382242050440475
-2.623229865747477	-0.06022534430194865
-2.607521902479528	-0.009111454165348833
-2.5918139392115793	-0.005237823847417046
-2.5761059759436304	-0.0048146640586887125
-2.5603980126756816	-0.004871211271158948
-2.5446900494077322	-0.005154172135614777
-2.5289820861397834	-0.005634736216844217
-2.5132741228718345	-0.006335942329470099
-2.4975661596038856	-0.007332890670156664
-2.4818581963359367	-0.008770066510924823
-2.4661502330679874	-0.010920435783943359
-2.4504422698000385	-0.014329829336573232
-2.4347343065320897	-0.02038065177775063
-2.419026343264141	-0.033152225228099914
-2.403318379996192	-0.0708321794259525
-2.3876104167282426	-0.3350966255247374
-2.3719024534602937	-2.817934539564153
-2.356194490192345	-0.14980835260530925
-2.340486526924396	-0.09289064134905808
-2.324778563656447	-0.1419613072565786
-2.3090706003884978	-0.49170268074493134
-2.293362637120549	-96.38204154241467
-2.2776546738526	-0.5515167454167851
-2.261946710584651	-0.13855190529700714
-2.2462387473167023	-0.06523043482101562
-2.230530784048753	-0.04276374322450746
-2.214822820780804	-0.03642567358242451
-2.199114857512855	-0.050366463399282774
-2.1834068942449063	-0.3209093313978715
-2.1676989309769574	-0.2746399553606993
-2.151990967709008	-0.08936050922257756
-2.1362830044410592	-0.23413668109843602
-2.1205750411731104	-0.04453417108179124
-2.1048670779051615	-0.014738542303282353
-2.0891591146372126	-0.011569281104464394
-2.0734511513692633	-0.008087065994823029
-2.0577431881013144	-0.005890505136027741
-2.0420352248333655	-0.005001592454321041
-2.0263272615654166	-0.004694797309439106
-2.0106192982974678	-0.004166956126974552
-1.9949113350295187	-0.003738798574875095
-1.9792033717615696	-0.0035582032880050354
-1.9634954084936207	-0.003498371875127638
-1.9477874452256718	-0.0035981112757323182
-1.9320794819577227	-0.00408433420509182
-1.9163715186897738	-0.007488474177165827
-1.9006635554218247	-0.02926470942756913
-1.8849555921538759	-0.007464369049853478
-1.869247628885927	-0.3893782807405905
-1.853539665617978	-0.013220558368033134
-1.837831702350029	-0.012950907768368254
-1.82212373908208	-0.02879271060331261
-1.806415775814131	-0.18313576274298932
-1.7907078125461822	-0.3937953151987782
-1.774999849278233	-0.03524851212160257
-1.7592918860102842	-0.013624054523531298
-1.743583922742335	-0.008135524950138518
-1.7278759594743862	-0.0063969840171046385
-1.7121679962064373	-0.007511059274958442
-1.6964600329384882	-0.25756958614758363
-1.6807520696705394	-0.00850521399490498
-1.6650441064025903	-0.005691760914722679
-1.6493361431346414	-0.006769521682362441
-1.6336281798666925	-0.013399888329398806
-1.6179202165987434	-0.16962214010458374
-1.6022122533307945	-0.04075125240521402
-1.5865042900628454	-0.013263553119741572
-1.5707963267948966	-0.006807373515192765
-1.5550883635269477	-0.006384574957050478
-1.5393804002589986	-0.007029004398115371
-1.5236724369910497	-0.008673543168077457
-1.5079644737231006	-0.01206080764150346
-1.4922565104551517	-0.019826845227431538
-1.4765485471872029	-0.04398080135466039
-1.4608405839192538	-0.2130873582934642
-1.4451326206513049	-2.566762470423973
-1.4294246573833558	-0.09204974453171771
-1.413716694115407	-0.031759821009688376
-1.398008730847458	-0.01916468149838631
-1.382300767579509	-0.016153078343086828
-1.36659280431156	-0.017244012532840792
-1.350884841043611	-0.02559716403069389
-1.335176877775662	-0.06112207448752212
-1.3194689145077132	-0.16442642913459632
-1.303760951239764	-6.507861619755873
-1.2880529879718152	-0.40859479698879786
-1.2723450247038661	-0.05309874467659121
-1.2566370614359172	-0.025436898205404103
-1.2409290981679684	-0.03864181677099212
-1.2252211349000193	-0.014798341000438316
-1.2095131716320704	-0.013315115743554108
-1.1938052083641213	-0.013684090760421293
-1.1780972450961724	-0.015293229444631967
-1.1623892818282235	-0.018367487718321734
-1.1466813185602744	-0.02386640657623027
-1.1309733552923256	-0.034382196517595734
-1.1152653920243765	-0.05920183097413329
-1.0995574287564276	-0.16276703765194483
-1.0838494654884787	-20.91314794641569
-1.0681415022205296	-0.29216569982118457
-1.0524335389525807	-0.5298333362645773
-1.0367255756846316	-27.044202179894
-1.0210176124166828	-0.8752523826654319
-1.0053096491487339	-0.20013553718152502
-0.9896016858807848	-0.10619011349543002
-0.9738937226128359	-0.24060276957490578
-0.9581857593448869	-1.0086803951489354
-0.9424777960769379	-0.04812776048136315
-0.926769832808989	-0.025568207401898576
-0.91106186954104	-0.017697939761068326
-0.8953539062730911	-0.013637454383643261
-0.8796459430051421	-0.011888136255448246
-0.8639379797371931	-0.00986391862142731
-0.8482300164692441	-0.008516012291913854
-0.8325220532012951	-0.010055608441828451
-0.8168140899333463	-0.009667343783497073
-0.8011061266653973	-0.006625468721668812
-0.7853981633974483	-0.0061591206759654795
-0.7696902001294993	-0.005978152635042742
-0.7539822368615503	-0.005959542202434095
-0.7382742735936014	-0.006090515036365363
-0.7225663103256524	-0.006400805409272806
-0.7068583470577035	-0.007028265578661369
-0.6911503837897545	-0.01055032130771373
-0.6754424205218055	-0.010148619183295574
-0.6597344572538566	-0.011779295829968062
-0.6440264939859076	-0.01348601763034449
-0.6283185307179586	-0.0188946395742437
-0.6126105674500096	-0.033050238079222236
-0.5969026041820606	-0.09254774634754144
-0.5811946409141118	-2.273364387042881
-0.5654866776461628	-0.2242312269392605
-0.5497787143782138	-0.057288735449941466
-0.5340707511102648	-0.041188934040671886
-0.5183627878423158	-0.051967498896574
-0.5026548245743669	-0.1177559248576834
-0.48694686130641796	-1.4433035017795828
-0.47123889803846897	-0.46116588025218364
-0.45553093477052	-0.09372399955360967
-0.43982297150257105	-0.060210933389900606
-0.42411500823462206	-0.0626976021892497
-0.4084070449666731	-0.08746827751757069
-0.39269908169872414	-0.15886145681955485
-0.37699111843077515	-0.43439002957193906
-0.3612831551628262	-4.102638814382167
-0.34557519189487723	-3.1727676414595485
-0.3298672286269283	-0.3931368028281926
-0.3141592653589793	-0.14869246191794197
-0.2984513020910303	-0.08084177960895511
-0.2827433388230814	-0.05433560606070778
-0.2670353755551324	-0.04510782729070479
-0.25132741228718347	-0.06716545028297
-0.23561944901923448	-0.4657649106383827
-0.21991148575128552	-0.047226395842104495
-0.20420352248333656	-0.04769259798876102
-0.18849555921538758	-0.08762512381273162
-0.17278759594743862	-0.6161317169821001
-0.15707963267948966	-0.5623088022358463
-0.1413716694115407	-0.1966004223055407
-0.12566370614359174	-0.08064332535158698
-0.10995574287564276	-0.10064383179519631
-0.09424777960769379	-0.1673637377419907
-0.07853981633974483	-0.36580350508598497
-0.06283185307179587	-1.3271534215231435
-0.047123889803846894	-71.82136650398961
-0.031415926535897934	-2.3532915982069147
-0.015707963267948967	-0.3990878167801198
0.0	-6.600687518661382e-17
0.015707963267948967	0.39908781678011995
0.031415926535897934	2.3532915982069165
0.047123889803846894	71.82136650398968
0.06283185307179587	1.3271534215231444
0.07853981633974483	0.36580350508598486
0.09424777960769379	0.16736373774199084
0.10995574287564276	0.1006438317951963
0.12566370614359174	0.08064332535158743
0.1413716694115407	0.19660042230553926
0.15707963267948966	0.5623088022358468
0.17278759594743862	0.6161317169821008
0.18849555921538758	0.08762512381273162
0.20420352248333656	0.04769259798876089
0.21991148575128552	0.04722639584210458
0.23561944901923448	0.46576491063838354
0.25132741228718347	0.06716545028297025
0.2670353755551324	0.045107827290704935
0.2827433388230814	0.05433560606070779
0.2984513020910303	0.08084177960895526
0.3141592653589793	0.14869246191794233
0.3298672286269283	0.3931368028281937
0.34557519189487723	3.1727676414595494
0.3612831551628262	4.1026388143821695
0.37699111843077515	0.4343900295719406
0.39269908169872414	0.15886145681955569
0.4084070449666731	0.08746827751757082
0.42411500823462206	0.06269760218924991
0.43982297150257105	0.06021093338990073
0.45553093477052	0.09372399955360967
0.47123889803846897	0.46116588025218486
0.48694686130641796	1.4433035017795894
0.5026548245743669	0.1177559248576839
0.5183627878423158	0.05196749889657396
0.5340707511102648	0.04118893404067195
0.5497787143782138	0.0572887354499415
0.5654866776461628	0.22423122693926117
0.5811946409141118	2.2733643870428875
0.5969026041820606	0.09254774634754186
0.6126105674500096	0.033050238079222305
0.6283185307179586	0.018894639574243716
0.6440264939859076	0.0134860176303445
0.6597344572538566	0.011779295829968093
0.6754424205218055	0.010148619183295635
0.6911503837897545	0.010550321307713804
0.7068583470577035	0.007028265578661357
0.7225663103256524	0.006400805409272843
0.7382742735936014	0.006090515036365365
0.7539822368615503	0.0059595422024341415
0.7696902001294993	0.005978152635042768
0.7853981633974483	0.006159120675965512
0.8011061266653973	0.006625468721668847
0.8168140899333463	0.00966734378349711
0.8325220532012951	0.010055608441828505
0.8482300164692441	0.00851601229191389
0.8639379797371931	0.009863918621427416
0.8796459430051421	0.011888136255448321
0.8953539062730911	0.013637454383643305
0.91106186954104	0.017697939761068364
0.926769832808989	0.025568207401898725
0.9424777960769379	0.048127760481363226
0.9581857593448869	1.0086803951488468
0.9738937226128359	0.24060276957490698
0.9896016858807848	0.10619011349543063
1.0053096491487339	0.20013553718152627
1.0210176124166828	0.8752523826654353
1.0367255756846316	27.04420217989415
1.0524335389525807	0.5298333362645791
1.0681415022205296	0.2921656998211855
1.0838494654884787	20.913147946415826
1.0995574287564276	0.16276703765194583
1.1152653920243765	0.059201830974133535
1.1309733552923256	0.034382196517595796
1.1466813185602744	0.023866406576230292
1.1623892818282235	0.018367487718321793
1.1780972450961724	0.015293229444632059
1.1938052083641213	0.013684090760421378
1.2095131716320704	0.013315115743554193
1.2252211349000193	0.014798341000438335
1.2409290981679684	0.038641816770992196
1.2566370614359172	0.02543689820540419
1.2723450247038661	0.05309874467659136
1.2880529879718152	0.4085947969888001
1.303760951239764	6.507861619755925
1.3194689145077132	0.1644264291345974
1.335176877775662	0.06112207448752238
1.350884841043611	0.025597164030694005
1.36659280431156	0.01724401253284082
1.382300767579509	0.01615307834308691
1.398008730847458	0.019164681498386345
1.413716694115407	0.03175982100968857
1.4294246573833558	0.09204974453171828
1.4451326206513049	2.5667624704239858
1.4608405839192538	0.2130873582934652
1.4765485471872029	0.0439808013546607
1.4922565104551517	0.019826845227431698
1.5079644737231006	0.012060807641503557
1.5236724369910497	0.008673543168077488
1.5393804002589986	0.007029004398115399
1.5550883635269477	0.006384574957050497
1.5707963267948966	0.00680737351519281
1.5865042900628454	0.013263553119741629
1.6022122533307945	0.04075125240521438
1.6179202165987434	0.16962214010458493
1.6336281798666925	0.013399888329398868
1.6493361431346414	0.006769521682362496
1.6650441064025903	0.005691760914722739
1.6807520696705394	0.008505213994905033
1.6964600329384882	0.2575695861475853
1.7121679962064373	0.007511059274958484
1.7278759594743862	0.006396984017104677
1.743583922742335	0.008135524950138548
1.7592918860102842	0.013624054523531349
1.774999849278233	0.03524851212160268
1.7907078125461822	0.39379531519878147
1.806415775814131	0.18313576274299032
1.82212373908208	0.02879271060331278
1.837831702350029	0.012950907768368377
1.853539665617978	0.013220558368032896
1.869247628885927	0.3893782807405934
1.8849555921538759	0.007464369049853544
1.9006635554218247	0.029264709427569178
1.9163715186897738	0.007488474177165868
1.9320794819577227	0.004084334205091835
1.9477874452256718	0.003598111275732339
1.9634954084936207	0.0034983718751276545
1.9792033717615696	0.003558203288005045
1.9949113350295187	0.003738798574875114
2.0106192982974678	0.004166956126974565
2.0263272615654166	0.00469479730943912
2.0420352248333655	0.005001592454321073
2.0577431881013144	0.005890505136027791
2.0734511513692633	0.008087065994823063
2.0891591146372126	0.011569281104464445
2.1048670779051615	0.01473854230328243
2.1205750411731104	0.044534171081791495
2.1362830044410592	0.23413668109843772
2.151990967709008	0.0893605092225777
2.1676989309769574	0.2746399553607003
2.1834068942449063	0.3209093313978742
2.199114857512855	0.05036646339928317
2.214822820780804	0.03642567358242459
2.230530784048753	0.04276374322450761
2.2462387473167023	0.06523043482101579
2.261946710584651	0.13855190529700767
2.2776546738526	0.5515167454167875
2.293362637120549	96.38204154241525
2.3090706003884978	0.49170268074493423
2.324778563656447	0.1419613072565788
2.340486526924396	0.09289064134905843
2.356194490192345	0.1498083526053098
2.3719024534602937	2.817934539564176
2.3876104167282426	0.3350966255247404
2.403318379996192	0.07083217942595287
2.419026343264141	0.03315222522810009
2.4347343065320897	0.0203806517777507
2.4504422698000385	0.014329829336573256
2.4661502330679874	0.010920435783943413
2.4818581963359367	0.008770066510924863
2.4975661596038856	0.0073328906701567
2.5132741228718345	0.006335942329470154
2.5289820861397834	0.005634736216844246
2.5446900494077322	0.005154172135614821
2.5603980126756816	0.0048712112711589515
2.5761059759436304	0.004814664058688705
2.5918139392115793	0.0052378238474170835
2.607521902479528	0.00911145416534887
2.623229865747477	0.060225344301949056
2.6389378290154264	0.009382242050440505
2.6546457922833753	0.006053039287592267
2.670353755551324	0.007374150211256345
2.686061718819273	0.12772527845003753
2.701769682087222	0.010746122158780689
2.7174776453551712	0.011804437189098115
2.73318560862312	0.018128712207177825
2.748893571891069	0.03686843256926671
2.764601535159018	0.138790429645173
2.7803094984269667	20.32213076114118
2.796017461694916	0.14508718248851596
2.811725424962865	0.051182172387648356
2.827433388230814	0.08285586563296748
2.8431413514987627	7.866777472098785
2.8588493147667116	0.06082073700823646
2.874557278034661	0.023306462969510038
2.8902652413026098	0.06537735404254856
2.9059732045705586	0.017999563637573872
2.9216811678385075	0.014533220600300668
2.9373891311064564	0.013426933342869617
2.9530970943744057	0.020190793888135834
2.9688050576423546	0.045498148733727185
2.9845130209103035	0.2703636943322316
3.0002209841782523	0.9524162465891095
3.015928947446201	0.06718351255888869
3.0316369107141505	0.025197749765564235
3.0473448739820994	0.02221879254533965
3.0630528372500483	0.23936117709750568
3.078760800517997	0.010997462365972308
3.094468763785946	0.006099028971070438
3.1101767270538954	0.004560451436448567
3.1258846903218442	0.0038661419664066956
3.141592653589793	0.0033941294692855398
3.157300616857742	0.0031164383488114867
3.173008580125691	0.003057078610345389
3.18871654339364	0.003291483617961665
3.204424506661589	0.004658833690465542
3.220132469929538	0.0406058659839661
3.235840433197487	0.009836738234610558
3.2515483964654357	0.004406387932318957
3.267256359733385	0.004571755241933108
3.282964323001334	0.007858484709512248
3.2986722862692828	0.08476690962575475
3.3143802495372316	0.03422743458989347
3.3300882128051805	0.05396524341851154
3.34579617607313	0.7471302865282299
3.3615041393410787	0.025187940821736525
3.3772121026090276	0.009306246499157357
3.3929200658769765	0.006214894641632689
3.4086280291449254	0.12456555641786109
3.4243359924128747	0.004635108263125481
3.4400439556808236	0.004183859118400988
3.4557519189487724	0.00658882985860445
3.4714598822167213	0.005791351251815005
3.48716784548467	0.013702889138795424
3.5028758087526195	0.01021540162911603
3.5185837720205684	0.0065093222013167225
3.5342917352885173	0.00616258816630956
3.549999698556466	0.007194183277332511
3.565707661824415	0.013367823687182444
3.5814156250923643	0.01264880658560046
3.597123588360313	0.07374747113008585
3.612831551628262	0.02321462241354466
3.628539514896211	0.023367571818214628
3.64424747816416	0.036524383920768434
3.659955441432109	0.09838440986267279
3.675663404700058	0.7890893023756796
3.691371367968007	0.2943902828578042
3.707079331235956	0.9972798295048939
3.7227872945039047	4.923771328483915
3.738495257771854	0.29387886195187446
3.754203221039803	0.11106646433109812
3.7699111843077517	0.08804165525366545
3.7856191475757006	0.21919730227861375
3.8013271108436495	4.68665812076736
3.817035074111599	0.12096178572266696
3.8327430373795477	0.05088558376638228
3.8484510006474966	0.04236584056489458
3.8641589639154454	0.19144700833834427
3.8798669271833943	0.16621193491627548
3.8955748904513436	1.2684286001009961
3.9112828537192925	0.851872610761002
3.9269908169872414	0.11492609682855663
3.9426987802551903	0.04973784086824404
3.958406743523139	0.023767300095678248
3.9741147067910885	0.016566329544168947
3.9898226700590373	0.013644733338809278
4.005530633326986	0.01590536809534175
4.0212385965949355	0.08831382748688586
4.036946559862884	0.02975751947759233
4.052654523130833	0.09336939495657941
4.068362486398782	0.930599630465687
4.084070449666731	0.07144672010309906
4.09977841293468	0.10514501009633226
4.115486376202629	0.020230605005757324
4.131194339470578	0.024532086801047844
4.146902302738527	0.06622553397384942
4.162610266006476	0.053616218898520425
4.178318229274425	0.011268076786674639
4.194026192542374	0.007541874630387163
4.209734155810323	0.00801235955610715
4.225442119078272	0.011432208073621525
4.241150082346221	0.037755640879614395
4.25685804561417	1.006945329680926
4.2725660088821185	0.050489189372330455
4.288273972150067	0.015764777851234747
4.303981935418016	0.01235101780161752
4.319689898685965	0.017569772840248975
4.335397861953915	0.14894630484000485
4.351105825221864	0.05802115521129908
4.366813788489813	0.09635189546770159
4.3825217517577615	8.157175863595727
4.39822971502571	0.06943066446364901
4.413937678293659	0.02035194793931007
4.429645641561608	0.010060008866036446
4.445353604829557	0.006422518184815464
4.461061568097506	0.004738033570927547
4.476769531365456	0.003981295189382379
4.4924774946334045	0.004143656861354087
4.508185457901353	0.01111056095204094
4.523893421169302	0.039363617806755194
4.539601384437251	0.004469414941171788
4.5553093477052	0.004779384364709325
4.571017310973149	0.016766035461848672
4.586725274241098	0.0215333455082625
4.602433237509047	0.018952274185679335
4.6181412007769955	0.20570982260518803
4.633849164044944	0.05228485183485593
4.649557127312894	0.004319138726036529
4.665265090580843	0.003372301946686266
4.680973053848792	0.003753475505041539
4.696681017116741	0.005920635204998563
4.71238898038469	0.01999848896470723
4.7280969436526386	0.1966144650898467
4.743804906920587	0.050681662711160834
4.759512870188536	0.05309322868224636
4.775220833456485	0.016730333500669995
4.790928796724435	0.0047021239360159695
4.806636759992384	0.003541583524264423
4.822344723260333	0.0025283834870845124
4.838052686528282	0.0023589027968914694
4.8537606497962305	0.0025119244237905916
4.869468613064179	0.002957655056062041
4.885176576332128	0.0039637976564470545
4.900884539600077	0.006436396134222143
4.916592502868026	0.01905913104829748
4.932300466135975	0.06162025322440518
4.948008429403924	1.5755869689526298
4.9637163926718735	0.7627071594341185
4.979424355939822	0.4744382936020544
4.995132319207771	0.016156723259362054
5.01084028247572	0.007204973982342157
5.026548245743669	0.004317269964807646
5.042256209011618	0.004984765573414827
5.057964172279567	0.003119079974984424
5.073672135547516	0.0021543637166982457
5.0893800988154645	0.0016830347828146782
5.105088062083414	0.003090691611196294
5.120796025351363	0.00142321557659092
5.136503988619312	0.001434362526872822
5.152211951887261	0.0015665887466145955
5.16791991515521	0.0019337155189195294
5.183627878423159	0.002876988931077377
5.1993358416911075	0.006182548520880689
5.215043804959056	0.03830495565433144
5.230751768227005	0.11549109928547074
5.246459731494954	0.012128339032438455
5.262167694762903	0.004778205332638203
5.277875658030853	0.17803388536386391
5.293583621298802	0.006111426918019856
5.3092915845667505	0.04254001170891374
5.324999547834699	0.02460138696612006
5.340707511102648	0.004504173760608624
5.356415474370597	0.003191435933663312
5.372123437638546	0.003125910760035924
5.387831400906495	0.00244996771526271
5.403539364174444	0.002907808775074649
5.419247327442394	0.004148495355266503
5.4349552907103424	0.009072919200707687
5.450663253978291	0.016642703476252543
5.46637121724624	0.041118155135021095
5.482079180514189	1.7312557413933196
5.497787143782138	0.07905682578876905
5.513495107050087	0.017176928732076352
5.529203070318036	0.010108869176445738
5.544911033585985	0.02483044856445808
5.5606189968539335	0.00443926579109394
5.576326960121882	0.008711914504250717
5.592034923389832	0.029973449935849144
5.607742886657781	0.0030681274446631122
5.62345084992573	0.0020546601439590854
5.639158813193679	0.0014792807159272334
5.654866776461628	0.035380545212455775
5.6705747397295765	0.001281566519031055
5.686282702997525	0.005397768954827771
5.701990666265474	0.0008353919947437835
5.717698629533423	0.0008373305990197653
5.733406592801373	0.0010603788858453852
5.749114556069322	0.006600153303465746
5.764822519337271	0.0038599311195533547
5.7805304826052195	0.002773438150792571
5.796238445873168	0.010160919167780667
5.811946409141117	0.4392899803044035
5.827654372409066	0.01186619581489701
5.843362335677015	0.0024759535484819508
5.859070298944964	0.0012384409161260237
5.874778262212913	0.0008170434500966723
5.890486225480862	0.0006515504052857817
5.906194188748811	0.0005914993466511351
5.92190215201676	0.0005823001211795001
5.937610115284709	0.0006651156862669787
5.953318078552658	0.0013093669352716765
5.969026041820607	0.002504738280423989
5.984734005088556	0.055052719168362414
6.000441968356505	0.03969311956245095
6.0161499316244536	0.005098375224335127
6.031857894892402	0.0012501101109041058
6.047565858160352	0.0008408847603083114
6.063273821428301	0.03754225225800959
6.07898178469625	0.02346567861017154
6.094689747964199	0.00048827103421091944
6.110397711232148	0.00035795958468967697
6.126105674500097	0.00036658362678305246
6.1418136377680455	0.0006273797527793913
6.157521601035994	0.07977963491313907
6.173229564303943	0.0006924312243972601
6.188937527571892	0.0008885620916331325
6.204645490839841	0.00036230827240988197
6.220353454107791	0.00028436020608958333
6.23606141737574	0.00024642587687408516
6.2517693806436885	0.0002574096392249519
6.267477343911637	0.00029791347713654145
6.283185307179586	0.00042614049021199766
6.298893270447535	0.001466219656092116
6.314601233715484	0.002897255363907293
6.330309196983433	0.002144374655175429
6.346017160251382	0.050678951160361606
6.3617251235193315	0.0017924274055696624
6.37743308678728	0.04160416899130565
6.393141050055229	0.0008459074998403538
6.408849013323178	0.00044074563378829516
6.424556976591127	0.0007095622729572883
6.440264939859076	0.0015642535454700082
6.455972903127025	0.00043664404521017564
6.471680866394974	0.00043087441131224217
6.4873888296629225	0.0006503016315913795
6.503096792930871	0.00034399008912856376
6.51880475619882	0.0004958152952623211
6.53451271946677	0.0006596424672292964
6.550220682734719	0.0012607991017417085
6.565928646002668	0.0062877581443834644
6.581636609270617	0.018210520419182183
6.5973445725385655	0.009209454445791592
6.613052535806514	0.0013765389468669675
6.628760499074463	0.0007002891320846817
6.644468462342412	0.0005766182348271787
6.660176425610361	0.0006414289197743221
6.675884388878311	0.0007569887835008933
6.69159235214626	0.001263035575831762
6.707300315414209	0.0036684415824735613
6.7230082786821574	0.29339412505241896
6.738716241950106	0.00742099323535922
6.754424205218055	0.02146771835334429
6.770132168486004	0.18057652641201363
6.785840131753953	0.11855592187061684
6.801548095021902	0.00482968948904661
6.817256058289851	0.0014717477902237547
6.8329640215578	0.0018870764930358983
6.848671984825749	0.006856223442188008
6.864379948093698	0.10273860795391919
6.880087911361647	0.0037797273416888127
6.895795874629596	0.008705484536455168
6.911503837897545	0.0031768378551819383
6.927211801165494	0.013317510921798927
6.942919764433443	0.45473578177744634
6.9586277277013915	0.011596639219425919
6.97433569096934	0.062359697532449195
6.99004365423729	0.0033541989426356645
7.005751617505239	0.0022778756493223576
7.021459580773188	0.00577958534084698
7.037167544041137	0.10344725284731625
7.052875507309086	0.003975244007710552
7.0685834705770345	0.00494175676115459
7.084291433844983	0.0008702170072353397
7.099999397112932	0.001927745590393082
7.115707360380881	0.0003834162121949991
7.13141532364883	0.00032432926308902874
7.147123286916779	0.0004015955561440467
7.162831250184729	0.006983287548962867
7.1785392134526775	0.00028126015767437434
7.194247176720626	0.0005447507764225602
7.209955139988575	0.0019833788141078498
7.225663103256524	0.008845901774365407
7.241371066524473	0.00024541378594532324
7.257079029792422	0.00018153346386842864
7.272786993060371	0.00018650172295928496
7.28849495632832	0.00026028312029927677
7.304202919596269	0.0012866795931707
7.319910882864218	0.0012056187750882387
7.335618846132167	0.00025451765932435054
7.351326809400116	0.00018454082738261933
7.367034772668065	0.00018174680730658458
7.382742735936014	0.0002131040145831788
7.398450699203963	0.00043535676459445266
7.414158662471912	0.0016845666727191013
7.4298666257398605	0.002062432768429119
7.445574589007809	0.15267956903961352
7.461282552275758	0.005095343103630703
7.476990515543708	0.000648924116210993
7.492698478811657	0.009616751254904478
7.508406442079606	0.004068005733696304
7.524114405347555	0.0002110505492153849
7.5398223686155035	0.00015807530962932056
7.555530331883452	0.00015812577620150865
7.571238295151401	0.0002900336496541477
7.58694625841935	0.002503271015109103
7.602654221687299	0.0008588666670853119
7.618362184955249	0.0009733310480134201
7.634070148223198	0.00018244115865942036
7.6497781114911465	0.00011673760897534277
7.665486074759095	0.0022796222787766856
7.681194038027044	0.00011427435060353343
7.696902001294993	0.0007346689899083302
7.712609964562942	0.00010369129447819913
7.728317927830891	7.118377603806387e-5
7.74402589109884	6.661646795899238e-5
7.759733854366789	9.499733710748152e-5
7.7754418176347375	6.58277913415542e-5
7.791149780902687	7.011290858166919e-5
7.806857744170636	8.664403301758715e-5
7.822565707438585	0.00035856035972745004
7.838273670706534	0.00034050417201790566
7.853981633974483	0.0016536386717317104
7.869689597242432	0.0003663400781975577
7.8853975605103805	0.00011467408533265844
7.901105523778329	0.00011412661696804014
7.916813487046278	0.0011803463757690722
7.932521450314228	0.00016591859757235868
7.948229413582177	0.0001581975203109051
7.963937376850126	0.0002825358428064383
7.979645340118075	0.02273819201948242
7.995353303386024	0.00024513215487397596
8.011061266653972	0.0005678601015848702
8.026769229921921	0.004604499359076386
8.042477193189871	0.0010063529788294512
8.058185156457819	0.0003910782639335517
8.073893119725769	0.02465818179253321
8.089601082993717	0.00020929659928292898
8.105309046261667	0.00011581442453725339
8.121017009529615	0.00012112817842682848
8.136724972797564	0.000375153779967826
8.152432936065512	0.05009351737376939
8.168140899333462	0.0012357758320288774
8.183848862601412	0.00010303619236584139
8.19955682586936	6.853250950785508e-5
8.21526478913731	5.712935475438089e-5
8.230972752405258	5.3278451922460026e-5
8.246680715673207	5.6411572423707555e-5
8.262388678941155	0.00026053400587496966
8.278096642209105	0.00018317704599282985
8.293804605477053	0.0003674700786152518
8.309512568745003	0.0003566435304431657
8.325220532012953	6.302799120175237e-5
8.3409284952809	0.0001528269255751707
8.35663645854885	4.266553788696229e-5
8.372344421816798	4.0878440932287966e-5
8.388052385084748	4.2417602985552146e-5
8.403760348352696	5.4346636847856674e-5
8.419468311620646	0.0002880013816685777
8.435176274888594	0.0001562858814205637
8.450884238156544	5.268724298269846e-5
8.466592201424492	5.2025284460319114e-5
8.482300164692441	9.211080573052761e-5
8.498008127960391	0.0010910003696867495
8.51371609122834	0.00011840216240057485
8.529424054496289	5.48205851728098e-5
8.545132017764237	4.86490311174814e-5
8.560839981032187	8.239968630973908e-5
8.576547944300135	7.696818247213117e-5
8.592255907568084	0.0007355729987068514
8.607963870836032	0.00017876888802128053
8.623671834103982	0.0021650059398951073
8.63937979737193	0.015526034919956144
8.65508776063988	0.00036488040942343725
8.67079572390783	0.00011319041912471393
8.686503687175778	9.92586467923012e-5
8.702211650443727	0.0019398753577538194
8.717919613711675	0.0006835197306576885
8.733627576979625	6.751419801194913e-5
8.749335540247573	6.459142523299135e-5
8.765043503515523	0.00026880850585722215
8.780751466783471	0.0002410850581055747
8.79645943005142	6.233952788953941e-5
8.81216739331937	7.73911476653594e-5
8.827875356587318	0.0024165784621084443
8.843583319855268	5.7928725996016246e-5
8.859291283123216	0.000146529865149632
8.874999246391166	4.836056995360259e-5
8.890707209659114	9.566199871783337e-5
8.906415172927064	3.2031382410323255e-5
8.922123136195012	3.013857544517379e-5
8.937831099462962	6.763182745943745e-5
8.953539062730911	0.00012860321900754238
8.96924702599886	6.48952347297543e-5
8.984954989266809	4.4286531992813445e-5
9.000662952534757	3.6083967108647024e-5
9.016370915802707	2.5861804268119797e-5
9.032078879070655	2.460881795292238e-5
9.047786842338605	2.4747662699398543e-5
9.063494805606553	2.7631132899816965e-5
9.079202768874502	0.0006007311688560925
9.09491073214245	3.570473479579255e-5
9.1106186954104	2.560500084188935e-5
9.12632665867835	2.532594644232832e-5
9.142034621946298	2.6637192202778527e-5
9.157742585214248	3.1575136450271345e-5
9.173450548482196	0.0002978198492634897
9.189158511750145	0.00012647505030280906
9.204866475018093	8.852958825887574e-5
9.220574438286043	0.0005942589042213668
9.236282401553991	0.0004416116184364904
9.25199036482194	0.00010397960889409205
9.267698328089889	4.3126398657257535e-5
9.283406291357839	4.0199323682159966e-5
9.299114254625788	0.0012728686460098937
9.314822217893736	3.983583515357475e-5
9.330530181161686	5.7322525138057704e-5
9.346238144429634	2.3951355712056535e-5
9.361946107697584	2.189738574705812e-5
9.377654070965532	3.250048617768596e-5
9.393362034233482	2.1089578302817123e-5
9.40906999750143	2.016620891979852e-5
9.42477796076938	2.5829332162796908e-5
9.44048592403733	1.9567941082400583e-5
9.456193887305277	3.210641316969957e-5
9.471901850573227	2.0142142371603955e-5
9.487609813841175	0.00013759142114310927
9.503317777109125	2.194663242422431e-5
9.519025740377073	3.211146321011807e-5
9.534733703645022	0.0012123834499568242
9.55044166691297	2.8062402917286236e-5
9.56614963018092	2.0777709695958445e-5
9.58185759344887	2.0785524402774167e-5
9.597565556716818	0.00020128926985098878
9.613273519984768	4.364188077983382e-5
9.628981483252716	2.60188092257206e-5
9.644689446520665	1.8502705821650496e-5
9.660397409788613	1.760421558582809e-5
9.676105373056563	1.7592370435355652e-5
9.691813336324511	2.1689127479160124e-5
9.707521299592461	2.1179092198594688e-5
9.723229262860409	2.2967780224716935e-5
9.738937226128359	1.9809437378893282e-5
9.754645189396308	1.9390582674384967e-5
9.770353152664256	6.396627677622179e-5
9.786061115932206	3.299385194568918e-5
9.801769079200154	0.00024135135808135905
9.817477042468104	8.484830880324485e-5
9.833185005736052	2.6089690988620215e-5
9.848892969004002	1.9515614651411357e-5
9.86460093227195	1.7808258798990396e-5
9.8803088955399	2.0142325588433687e-5
9.896016858807847	1.6016868721901693e-5
9.911724822075797	1.563040083208007e-5
9.927432785343747	1.550837690098453e-5
9.943140748611695	1.5634822439511988e-5
9.958848711879645	1.6373481920839234e-5
9.974556675147593	2.053313547520728e-5
9.990264638415542	0.0009695597936373198
10.00597260168349	6.613816636144533e-5
10.02168056495144	2.079320823585705e-5
10.037388528219388	1.814239984689119e-5
10.053096491487338	0.00042082447011279053
10.068804454755288	1.6367175949667265e-5
10.084512418023236	1.4802857611119405e-5
10.100220381291185	1.4802625463885926e-5
10.115928344559133	2.2865927426874916e-5
10.131636307827083	1.4493885266285907e-5
10.147344271095031	1.7044338991550167e-5
10.163052234362981	2.3270509375800114e-5
10.178760197630929	1.9801542946184752e-5
10.194468160898879	1.411735591605616e-5
10.210176124166829	1.3783684220352849e-5
10.225884087434777	1.3995199738559347e-5
10.241592050702726	1.4721478740751311e-5
10.257300013970674	1.9976133995779584e-5
10.273007977238624	7.576399010171418e-5
10.288715940506572	3.8600941374802745e-5
10.304423903774522	4.748642849485069e-5
10.32013186704247	1.6271099731796342e-5
10.33583983031042	1.3901070735060116e-5
10.351547793578368	1.317693851183903e-5
10.367255756846317	1.2868004543089742e-5
10.382963720114267	1.2878909548032688e-5
10.398671683382215	1.2698237605706717e-5
10.414379646650165	1.2908909323506696e-5
10.430087609918113	1.4901679692629086e-5
10.445795573186063	5.100012946628472e-5
10.46150353645401	1.4010022638639554e-5
10.47721149972196	1.3116405974520355e-5
10.492919462989908	1.4562982697684537e-5
10.508627426257858	2.0287302702381746e-5
10.524335389525806	1.7928560513453165e-5
10.540043352793756	5.1485814875283155e-5
10.555751316061706	0.00011712940821554913
10.571459279329654	1.9768758075186637e-5
10.587167242597603	1.464221638161783e-5
10.602875205865551	3.5315113128107064e-5
10.618583169133501	1.2673301269634338e-5
10.634291132401449	1.2590446231394332e-5
10.649999095669399	1.3965991836039635e-5
10.665707058937347	3.765374868658719e-5
10.681415022205297	2.7170220329213755e-5
10.697122985473246	1.3545349275766968e-5
10.712830948741194	1.5649161542365038e-5
10.728538912009144	1.4318231013749814e-5
10.744246875277092	1.1546089197688231e-5
10.759954838545042	1.1177334570764468e-5
10.77566280181299	1.1447900223802231e-5
10.79137076508094	1.3357462706427875e-5
10.807078728348888	4.88078462736969e-5
10.822786691616837	2.2695825216532916e-5
10.838494654884787	1.0706581412377057e-5
10.854202618152735	1.04939131896582e-5
10.869910581420685	1.1058975622238657e-5
10.885618544688633	1.066865169668548e-5
10.901326507956583	1.0232381867995129e-5
10.91703447122453	1.0558774370794434e-5
10.93274243449248	1.0069536775476379e-5
10.948450397760428	1.0008703905673964e-5
10.964158361028378	9.964104038796433e-6
10.979866324296326	9.953692779815234e-6
10.995574287564276	1.02345525398803e-5
11.011282250832226	1.4178947836012467e-5
11.026990214100174	9.878954570321489e-6
11.042698177368123	9.717870980228431e-6
11.058406140636071	9.666163223990835e-6
11.074114103904021	1.227717920682157e-5
11.08982206717197	9.613290418429813e-6
11.105530030439919	9.479095280717088e-6
11.121237993707867	9.423233366317293e-6
11.136945956975817	9.374536742940787e-6
11.152653920243765	9.331888436672967e-6
11.168361883511714	9.29345059733758e-6
11.184069846779664	9.267731287852801e-6
11.199777810047612	9.273582326222957e-6
11.215485773315562	9.469836051243513e-6
11.23119373658351	1.121736897355205e-5
11.24690169985146	1.2790586961663779e-5
11.262609663119408	9.843099591162102e-6
11.278317626387357	9.502499654892873e-6
11.294025589655305	8.999658795287882e-6
11.309733552923255	8.899038630781478e-6
11.325441516191205	8.84318169265762e-6
11.341149479459153	8.903528328718098e-6
11.356857442727103	8.801313015652275e-6
11.37256540599505	8.691451407402787e-6
11.388273369263	8.653738914322079e-6
11.403981332530948	8.651074256942272e-6
11.419689295798898	9.018171138916187e-6
11.435397259066846	8.860591329688069e-6
11.451105222334796	8.610016855165401e-6
11.466813185602746	1.0479614375109032e-5
11.482521148870694	8.515783561006935e-6
11.498229112138644	1.6858943774627253e-5
11.513937075406592	8.42797289552929e-6
11.529645038674541	8.321600991208572e-6
11.54535300194249	1.0067327974328264e-5
11.561060965210439	8.253463509644481e-6
11.576768928478387	8.161306465786219e-6
11.592476891746337	8.122530717982947e-6
11.608184855014285	8.154772776713561e-6
11.623892818282235	8.375641149124554e-6
11.639600781550184	1.1181255609222567e-5
11.655308744818132	8.042383892705595e-6
11.671016708086082	7.969093505488896e-6
11.68672467135403	7.933691812724117e-6
11.70243263462198	7.838740612391197e-6
11.718140597889928	7.796265049598993e-6
11.733848561157878	7.757744634886072e-6
11.749556524425826	7.722335371015501e-6
11.765264487693775	7.710124705111759e-6
11.780972450961723	7.647707752978074e-6
11.796680414229673	7.611230046821227e-6
11.812388377497623	7.575813064786795e-6
11.82809634076557	7.541213576120619e-6
11.84380430403352	7.543027077107435e-6
11.859512267301469	7.4796810752584024e-6
11.875220230569418	8.08444848172466e-6
11.890928193837366	7.418099892842614e-6
11.906636157105316	7.375812242234772e-6
11.922344120373264	7.346476912574538e-6
11.938052083641214	7.326475688880121e-6
11.953760046909164	7.3695503699504095e-6
11.969468010177112	1.2835582038009291e-5
11.985175973445061	7.364886612045333e-6
12.00088393671301	7.235320141566867e-6
12.01659189998096	7.149269528755712e-6
12.032299863248907	7.1101395702742575e-6
12.048007826516857	7.075322093927444e-6
12.063715789784805	7.042316152706358e-6
12.079423753052755	7.010880515832634e-6
12.095131716320704	6.982135139915996e-6
12.110839679588652	7.159658622384438e-6
12.126547642856602	7.268927506080149e-6
12.14225560612455	6.927671056993773e-6
12.1579635693925	6.877872593838278e-6
12.173671532660448	6.911051807972735e-6
12.189379495928398	6.800565319685682e-6
12.205087459196346	6.7688952015131905e-6
12.220795422464295	6.743138852976398e-6
12.236503385732243	6.736029669764193e-6
12.252211349000193	6.77726503549074e-6
12.267919312268143	8.380862466148895e-6
12.283627275536091	7.302917614994977e-6
12.29933523880404	6.625970500550798e-6
12.315043202071989	6.588015784636242e-6
12.330751165339938	6.597167172751572e-6
12.346459128607886	7.869360454989132e-6
12.362167091875836	6.660603524942179e-6
12.377875055143784	6.482663258096856e-6
12.393583018411734	6.43859084374568e-6
12.409290981679682	6.413480966508378e-6
12.424998944947632	6.408175464326887e-6
12.440706908215581	6.524443495507425e-6
12.45641487148353	1.4677436468582004e-5
12.47212283475148	6.462254797454902e-6
12.487830798019427	7.294715268020796e-6
12.503538761287377	6.550390608902512e-6
12.519246724555325	6.253258643977441e-6
12.534954687823275	6.195785946766827e-6
12.550662651091223	6.170367034321426e-6
12.566370614359172	6.158375334859939e-6
