-12.566370614359172	0.0004440187043280741
-12.550662651091223	0.0004449607328726687
-12.534954687823275	0.0004459057843085226
-12.519246724555325	0.0004468538716704782
-12.503538761287377	0.000447805008064147
-12.487830798019427	0.0004487592066663818
-12.47212283475148	0.00044971648072573636
-12.45641487148353	0.00045067684356294054
-12.440706908215581	0.00045164030857137484
-12.424998944947632	0.0004526068892175499
-12.409290981679682	0.0004535765990415839
-12.393583018411734	0.00045454945165769996
-12.377875055143784	0.0004555254607547029
-12.362167091875836	0.0004565046400964822
-12.346459128607886	0.0004574870035225051
-12.330751165339938	0.0004584725649483205
-12.315043202071989	0.0004594613383660631
-12.29933523880404	0.0004604533378449628
-12.283627275536091	0.00046144857753185615
-12.267919312268143	0.0004624470716517073
-12.252211349000193	0.00046344883450812914
-12.236503385732243	0.00046445388048390387
-12.220795422464295	0.00046546222404151476
-12.205087459196346	0.000466473879723686
-12.189379495928398	0.00046748886215391484
-12.173671532660448	0.00046850718603700785
-12.1579635693925	0.00046952886615964036
-12.14225560612455	0.0004705539173908989
-12.126547642856602	0.00047158235468283596
-12.110839679588652	0.0004726141930710356
-12.095131716320704	0.0004736494476751681
-12.079423753052755	0.00047468813369956717
-12.063715789784805	0.0004757302664337979
-12.048007826516857	0.0004767758612532357
-12.032299863248907	0.00047782493361964645
-12.01659189998096	0.0004788774990817769
-12.00088393671301	0.0004799335732759418
-11.985175973445061	0.0004809931719266239
-11.969468010177112	0.0004820563108470706
-11.953760046909164	0.00048312300593990294
-11.938052083641214	0.00048419327319772546
-11.922344120373264	0.0004852671287037389
-11.906636157105316	0.0004863445886323655
-11.890928193837366	0.0004874256692498668
-11.875220230569418	0.0004885103869149833
-11.859512267301469	0.0004895987580795625
-11.84380430403352	0.0004906907992892016
-11.82809634076557	0.0004917865271838979
-11.812388377497623	0.0004928859584986881
-11.796680414229673	0.0004939891100643177
-11.780972450961723	0.0004950959988078981
-11.765264487693775	0.0004962066417535634
-11.749556524425826	0.0004973210560231602
-11.733848561157878	0.0004984392588369129
-11.718140597889928	0.0004995612675141116
-11.70243263462198	0.0005006870994738001
-11.68672467135403	0.0005018167722354689
-11.671016708086082	0.0005029503034197593
-11.655308744818132	0.0005040877107491647
-11.639600781550184	0.0005052290120487451
-11.623892818282235	0.0005063742252468452
-11.608184855014285	0.0005075233683758179
-11.592476891746337	0.0005086764595727492
-11.576768928478387	0.0005098335170801981
-11.561060965210439	0.0005109945592469401
-11.54535300194249	0.0005121596045287058
-11.529645038674541	0.0005133286714889449
-11.513937075406592	0.0005145017787995828
-11.498229112138644	0.0005156789452417815
-11.482521148870694	0.0005168601897067203
-11.466813185602746	0.0005180455311963689
-11.451105222334796	0.0005192349888242778
-11.435397259066846	0.0005204285818163678
-11.419689295798898	0.0005216263295117235
-11.403981332530948	0.0005228282513634152
-11.388273369263	0.0005240343669392904
-11.37256540599505	0.0005252446959228064
-11.356857442727103	0.0005264592581138497
-11.341149479459153	0.000527678073429574
-11.325441516191205	0.0005289011619052354
-11.309733552923255	0.0005301285436950412
-11.294025589655305	0.0005313602390730018
-11.278317626387357	0.0005325962684337958
-11.262609663119408	0.0005338366522936345
-11.24690169985146	0.0005350814112911389
-11.23119373658351	0.000536330566188224
-11.215485773315562	0.0005375841378709896
-11.199777810047612	0.0005388421473506136
-11.184069846779664	0.0005401046157642664
-11.168361883511714	0.0005413715643760152
-11.152653920243765	0.000542643014577752
-11.136945956975817	0.0005439189878901201
-11.121237993707867	0.0005451995059634551
-11.105530030439919	0.0005464845905787174
-11.08982206717197	0.0005477742636484646
-11.074114103904021	0.000549068547217797
-11.058406140636071	0.0005503674634653366
-11.042698177368123	0.0005516710347041978
-11.026990214100174	0.0005529792833829799
-11.011282250832226	0.0005542922320867584
-10.995574287564276	0.0005556099035380922
-10.979866324296326	0.000556932320598032
-10.964158361028378	0.0005582595062671392
-10.948450397760428	0.0005595914836865246
-10.93274243449248	0.0005609282761388773
-10.91703447122453	0.0005622699070495176
-10.901326507956583	0.0005636163999874523
-10.885618544688633	0.0005649677786664457
-10.869910581420685	0.0005663240669460805
-10.854202618152735	0.0005676852888328625
-10.838494654884787	0.0005690514684812966
-10.822786691616837	0.000570422630195006
-10.807078728348888	0.0005717987984278306
-10.79137076508094	0.0005731799977849618
-10.77566280181299	0.0005745662530240724
-10.759954838545042	0.0005759575890564579
-10.744246875277092	0.0005773540309481855
-10.728538912009144	0.000578755603921272
-10.712830948741194	0.000580162333354839
-10.697122985473246	0.0005815742447863078
-10.681415022205297	0.0005829913639125945
-10.665707058937347	0.0005844137165913087
-10.649999095669399	0.000585841328841972
-10.634291132401449	0.0005872742268472478
-10.618583169133501	0.0005887124369541747
-10.602875205865551	0.0005901559856754137
-10.587167242597603	0.0005916048996905162
-10.571459279329654	0.0005930592058471817
-10.555751316061706	0.0005945189311625518
-10.540043352793756	0.0005959841028244992
-10.524335389525806	0.0005974547481929303
-10.508627426257858	0.0005989308948011088
-10.492919462989908	0.0006004125703569792
-10.47721149972196	0.0006018998027445099
-10.46150353645401	0.0006033926200250459
-10.445795573186063	0.0006048910504386714
-10.430087609918113	0.0006063951224055965
-10.414379646650165	0.0006079048645275328
-10.398671683382215	0.0006094203055891113
-10.382963720114267	0.0006109414745592838
-10.367255756846317	0.0006124684005927622
-10.351547793578368	0.0006140011130314535
-10.33583983031042	0.0006155396414059195
-10.32013186704247	0.0006170840154368369
-10.304423903774522	0.0006186342650364836
-10.288715940506572	0.0006201904203102352
-10.273007977238624	0.0006217525115580686
-10.257300013970674	0.0006233205692760886
-10.241592050702726	0.0006248946241580577
-10.225884087434777	0.0006264747070969561
-10.210176124166829	0.0006280608491865375
-10.194468160898879	0.0006296530817229148
-10.178760197630929	0.0006312514362061477
-10.163052234362981	0.0006328559443418578
-10.147344271095031	0.0006344666380428478
-10.131636307827083	0.0006360835494307398
-10.115928344559133	0.0006377067108376334
-10.100220381291185	0.0006393361548077674
-10.084512418023236	0.000640971914099212
-10.068804454755288	0.0006426140216855658
-10.053096491487338	0.0006442625107576724
-10.037388528219388	0.0006459174147253512
-10.02168056495144	0.0006475787672191505
-10.00597260168349	0.0006492466020921074
-9.990264638415542	0.0006509209534215344
-9.974556675147593	0.0006526018555108107
-9.958848711879645	0.0006542893428912093
-9.943140748611695	0.0006559834503237175
-9.927432785343747	0.000657684212800895
-9.911724822075797	0.000659391665548733
-9.896016858807847	0.0006611058440285496
-9.8803088955399	0.0006628267839388874
-9.86460093227195	0.0006645545212174308
-9.848892969004002	0.0006662890920429548
-9.833185005736052	0.0006680305328372729
-9.817477042468104	0.0006697788802672217
-9.801769079200154	0.0006715341712466512
-9.786061115932206	0.0006732964429384434
-9.770353152664256	0.0006750657327565399
-9.754645189396308	0.0006768420783680056
-9.738937226128359	0.0006786255176950926
-9.723229262860409	0.0006804160889173368
-9.707521299592461	0.0006822138304736702
-9.691813336324511	0.0006840187810645583
-9.676105373056563	0.0006858309796541519
-9.660397409788613	0.0006876504654724609
-9.644689446520665	0.0006894772780175511
-9.628981483252716	0.0006913114570577696
-9.613273519984768	0.0006931530426339697
-9.597565556716818	0.0006950020750617877
-9.58185759344887	0.0006968585949339126
-9.56614963018092	0.000698722643122401
-9.55044166691297	0.0007005942607810023
-9.534733703645022	0.0007024734893475069
-9.519025740377073	0.000704360370546126
-9.503317777109125	0.0007062549463898824
-9.487609813841175	0.0007081572591830373
-9.471901850573227	0.0007100673515235311
-9.456193887305277	0.0007119852663054532
-9.44048592403733	0.0007139110467215414
-9.42477796076938	0.0007158447362656869
-9.40906999750143	0.0007177863787354898
-9.393362034233482	0.0007197360182348239
-9.377654070965532	0.0007216936991764259
-9.361946107697584	0.0007236594662845208
-9.346238144429634	0.0007256333645974662
-9.330530181161686	0.0007276154394704235
-9.314822217893736	0.0007296057365780587
-9.299114254625788	0.0007316043019172662
-9.283406291357839	0.0007336111818099222
-9.267698328089889	0.0007356264229056723
-9.25199036482194	0.0007376500721847298
-9.236282401553991	0.0007396821769607244
-9.220574438286043	0.0007417227848835564
-9.204866475018093	0.0007437719439423052
-9.189158511750145	0.0007458297024681445
-9.173450548482196	0.0007478961091372966
-9.157742585214248	0.0007499712129740206
-9.142034621946298	0.0007520550633536282
-9.12632665867835	0.0007541477100055189
-9.1106186954104	0.0007562492030162699
-9.09491073214245	0.0007583595928327358
-9.079202768874502	0.0007604789302651876
-9.063494805606553	0.0007626072664904865
-9.047786842338605	0.0007647446530552913
-9.032078879070655	0.0007668911418792907
-9.016370915802707	0.0007690467852584749
-9.000662952534757	0.000771211635868444
-8.984954989266809	0.0007733857467677458
-8.96924702599886	0.0007755691714012369
-8.953539062730911	0.0007777619636035106
-8.937831099462962	0.000779964177602325
-8.922123136195012	0.0007821758680220929
-8.906415172927064	0.0007843970898873848
-8.890707209659114	0.0007866278986264953
-8.874999246391166	0.0007888683500750198
-8.859291283123216	0.0007911185004794929
-8.843583319855268	0.0007933784065010372
-8.827875356587318	0.0007956481252190873
-8.81216739331937	0.0007979277141351193
-8.79645943005142	0.0008002172311764294
-8.780751466783471	0.0008025167346999646
-8.765043503515523	0.0008048262834961779
-8.749335540247573	0.0008071459367929385
-8.733627576979625	0.0008094757542594611
-8.717919613711675	0.0008118157960103163
-8.702211650443727	0.0008141661226094307
-8.686503687175778	0.0008165267950741819
-8.67079572390783	0.0008188978748794947
-8.65508776063988	0.0008212794239620119
-8.63937979737193	0.0008236715047242961
-8.623671834103982	0.0008260741800390728
-8.607963870836032	0.000828487513253522
-8.592255907568084	0.0008309115681936281
-8.576547944300135	0.0008333464091685626
-8.560839981032187	0.0008357921009751082
-8.545132017764237	0.000838248708902157
-8.529424054496289	0.0008407162987352303
-8.51371609122834	0.0008431949367610543
-8.498008127960391	0.0008456846897722065
-8.482300164692441	0.0008481856250717641
-8.466592201424492	0.0008506978104780809
-8.450884238156544	0.0008532213143295166
-8.435176274888594	0.0008557562054893178
-8.419468311620646	0.0008583025533504681
-8.403760348352696	0.000860860427840649
-8.388052385084748	0.000863429899427239
-8.372344421816798	0.0008660110391223461
-8.35663645854885	0.0008686039184879289
-8.3409284952809	0.0008712086096409429
-8.325220532012953	0.0008738251852585756
-8.309512568745003	0.0008764537185835179
-8.293804605477053	0.0008790942834292941
-8.278096642209105	0.0008817469541856586
-8.262388678941155	0.0008844118058240563
-8.246680715673207	0.000887088913903129
-8.230972752405258	0.0008897783545743016
-8.21526478913731	0.0008924802045874137
-8.19955682586936	0.0008951945412964211
-8.183848862601412	0.0008979214426651782
-8.168140899333462	0.0009006609872732456
-8.152432936065512	0.0009034132543218012
-8.136724972797564	0.0009061783236396027
-8.121017009529615	0.0009089562756890224
-8.105309046261667	0.0009117471915721333
-8.089601082993717	0.0009145511530368832
-8.073893119725769	0.0009173682424833406
-8.058185156457819	0.0009201985429699993
-8.042477193189871	0.000923042138220145
-8.026769229921921	0.0009258991126283395
-8.011061266653972	0.000928769551266921
-7.995353303386024	0.0009316535398926209
-7.979645340118075	0.0009345511649532322
-7.963937376850126	0.0009374625135943815
-7.948229413582177	0.0009403876736663373
-7.932521450314228	0.0009433267337309457
-7.916813487046278	0.0009462797830686073
-7.901105523778329	0.0009492469116853489
-7.8853975605103805	0.000952228210319988
-7.869689597242432	0.0009552237704513634
-7.853981633974483	0.0009582336843056552
-7.838273670706534	0.0009612580448638002
-7.822565707438585	0.0009642969458689754
-7.806857744170636	0.000967350481834183
-7.791149780902687	0.0009704187480499199
-7.7754418176347375	0.0009735018405919421
-7.759733854366789	0.000976599856329108
-7.74402589109884	0.0009797128929313291
-7.728317927830891	0.0009828410488776098
-7.712609964562942	0.0009859844234641566
-7.696902001294993	0.0009891431168126475
-7.681194038027044	0.0009923172298785196
-7.665486074759095	0.0009955068644594133
-7.6497781114911465	0.0009987121232036978
-7.634070148223198	0.001001933109619092
-7.618362184955249	0.0010051699280813982
-7.602654221687299	0.0010084226838433465
-7.58694625841935	0.0010116914830435066
-7.571238295151401	0.0010149764327153745
-7.555530331883452	0.0010182776407964968
-7.5398223686155035	0.001021595216137758
-7.524114405347555	0.0010249292685127504
-7.508406442079606	0.0010282799086272752
-7.492698478811657	0.0010316472481289394
-7.476990515543708	0.001035031399616887
-7.461282552275758	0.0010384324766516493
-7.445574589007809	0.0010418505937650896
-7.4298666257398605	0.0010452858664705019
-7.414158662471912	0.0010487384112728203
-7.398450699203963	0.0010522083456789373
-7.382742735936014	0.0010556957882081885
-7.367034772668065	0.001059200858402905
-7.351326809400116	0.001062723676839178
-7.335618846132167	0.001066264365137671
-7.319910882864218	0.0010698230459746264
-7.304202919596269	0.0010733998430929822
-7.28849495632832	0.0010769948813136338
-7.272786993060371	0.0010806082865468275
-7.257079029792422	0.001084240185803717
-7.241371066524473	0.0010878907072080352
-7.225663103256524	0.001091559980007933
-7.209955139988575	0.0010952481345879652
-7.194247176720626	0.0010989553024812126
-7.1785392134526775	0.0011026816163815715
-7.162831250184729	0.0011064272101561957
-7.147123286916779	0.001110192218858083
-7.13141532364883	0.0011139767787388417
-7.115707360380881	0.001117781027261606
-7.099999397112932	0.001121605103114106
-7.084291433844983	0.0011254491462219303
-7.0685834705770345	0.001129313297761938
-7.052875507309086	0.0011331977001758419
-7.037167544041137	0.0011371024971839785
-7.021459580773188	0.0011410278337992416
-7.005751617505239	0.0011449738563412044
-6.99004365423729	0.0011489407124504122
-6.97433569096934	0.0011529285511028763
-6.9586277277013915	0.0011569375226247384
-6.942919764433443	0.0011609677787071356
-6.927211801165494	0.001165019472421254
-6.911503837897545	0.001169092758233577
-6.895795874629596	0.0011731877920213348
-6.880087911361647	0.001177304731088164
-6.864379948093698	0.0011814437341799444
-6.848671984825749	0.001185604961500882
-6.8329640215578	0.0011897885747297694
-6.817256058289851	0.0011939947370364775
-6.801548095021902	0.0011982236130986638
-6.785840131753953	0.0012024753691187023
-6.770132168486004	0.001206750172840817
-6.754424205218055	0.0012110481935684871
-6.738716241950106	0.0012153696021820308
-6.7230082786821574	0.0012197145711564555
-6.707300315414209	0.001224083274579557
-6.69159235214626	0.0012284758881702105
-6.675884388878311	0.001232892589296969
-6.660176425610361	0.0012373335569968629
-6.644468462342412	0.0012417989719944872
-6.628760499074463	0.0012462890167213114
-6.613052535806514	0.00125080387533528
-6.5973445725385655	0.001255343733740671
-6.581636609270617	0.0012599087796082114
-6.565928646002668	0.0012644992023954755
-6.550220682734719	0.001269115193367567
-6.53451271946677	0.0012737569456180724
-6.51880475619882	0.0012784246540902997
-6.503096792930871	0.001283118515598822
-6.4873888296629225	0.0012878387288513056
-6.471680866394974	0.0012925854944706488
-6.455972903127025	0.0012973590150173945
-6.440264939859076	0.00130215949501251
-6.424556976591127	0.0013069871409604264
-6.408849013323178	0.0013118421613724208
-6.393141050055229	0.0013167247667903435
-6.37743308678728	0.0013216351698106294
-6.3617251235193315	0.0013265735851086806
-6.346017160251382	0.001331540229463597
-6.330309196983433	0.0013365353217832067
-6.314601233715484	0.0013415590831295043
-6.298893270447535	0.0013466117367444115
-6.283185307179586	0.0013516935080759148
-6.267477343911637	0.0013568046248045643
-6.2517693806436885	0.0013619453168703605
-6.23606141737574	0.0013671158165000125
-6.220353454107791	0.0013723163582345882
-6.204645490839841	0.0013775471789575669
-6.188937527571892	0.001382808517923272
-6.173229564303943	0.001388100616785727
-6.157521601035994	0.0013934237196279405
-6.1418136377680455	0.0013987780729915647
-6.126105674500097	0.001404163925907042
-6.110397711232148	0.00140958152992414
-6.094689747964199	0.0014150311391429523
-6.07898178469625	0.0014205130102453354
-6.063273821428301	0.0014260274025268305
-6.047565858160352	0.0014315745779290114
-6.031857894892402	0.0014371548010723367
-6.0161499316244536	0.0014427683392894668
-6.000441968356505	0.001448415462659081
-5.984734005088556	0.0014540964440401824
-5.969026041820607	0.001459811559106902
-5.953318078552658	0.0014655610863838547
-5.937610115284709	0.0014713453072819668
-5.92190215201676	0.0014771645061348684
-5.906194188748811	0.0014830189702358277
-5.890486225480862	0.0014889089898752145
-5.874778262212913	0.0014948348583785495
-5.859070298944964	0.001500796872145104
-5.843362335677015	0.0015067953306870875
-5.827654372409066	0.0015128305366694276
-5.811946409141117	0.001518902795950144
-5.796238445873168	0.0015250124176213306
-5.7805304826052195	0.0015311597140507719
-5.764822519337271	0.0015373450009241846
-5.749114556069322	0.0015435685972880878
-5.733406592801373	0.0015498308255933527
-5.717698629533423	0.0015561320117393948
-5.701990666265474	0.0015624724851190735
-5.686282702997525	0.0015688525786642267
-5.6705747397295765	0.001575272628891999
-5.654866776461628	0.0015817329759517684
-5.639158813193679	0.0015882339636729022
-5.62345084992573	0.0015947759396131964
-5.607742886657781	0.0016013592551080713
-5.592034923389832	0.0016079842653205756
-5.576326960121882	0.0016146513292921122
-5.5606189968539335	0.0016213608099939992
-5.544911033585985	0.0016281130743798244
-5.529203070318036	0.001634908493438642
-5.513495107050087	0.0016417474422489792
-5.497787143782138	0.0016486303000337109
-5.482079180514189	0.0016555574502158123
-5.46637121724624	0.0016625292804749758
-5.450663253978291	0.0016695461828051766
-5.4349552907103424	0.0016766085535730804
-5.419247327442394	0.001683716793577451
-5.403539364174444	0.0016908713081094885
-5.387831400906495	0.00169807250701414
-5.372123437638546	0.0017053208047523808
-5.356415474370597	0.0017126166204645445
-5.340707511102648	0.001719960378034626
-5.324999547834699	0.0017273525061556596
-5.3092915845667505	0.0017347934383961838
-5.293583621298802	0.0017422836132677173
-5.277875658030853	0.0017498234742934248
-5.262167694762903	0.0017574134700778464
-5.246459731494954	0.001765054054377816
-5.230751768227005	0.0017727456861745088
-5.215043804959056	0.0017804888297467056
-5.1993358416911075	0.0017882839547452684
-5.183627878423159	0.0017961315362688597
-5.16791991515521	0.0018040320549408924
-5.152211951887261	0.0018119859969877917
-5.136503988619312	0.0018199938543185625
-5.120796025351363	0.0018280561246056756
-5.105088062083414	0.001836173311367358
-5.0893800988154645	0.0018443459240511995
-5.073672135547516	0.001852574478119247
-5.057964172279567	0.0018608594951344784
-5.042256209011618	0.0018692015028488039
-5.026548245743669	0.0018776010352925148
-5.01084028247572	0.0018860586328653067
-4.995132319207771	0.0018945748424288092
-4.979424355939822	0.001903150217400768
-4.9637163926718735	0.0019117853178507941
-4.948008429403924	0.0019204807105977842
-4.932300466135975	0.0019292369693090412
-4.916592502868026	0.0019380546746010905
-4.900884539600077	0.0019469344141422892
-4.885176576332128	0.001955876782757169
-4.869468613064179	0.001964882382532656
-4.8537606497962305	0.001973951822926127
-4.838052686528282	0.001983085720875361
-4.822344723260333	0.0019922847009104607
-4.806636759992384	0.00200154939526773
-4.790928796724435	0.0020108804440055524
-4.775220833456485	0.0020202784951223796
-4.759512870188536	0.002029744204676766
-4.743804906920587	0.0020392782369096064
-4.7280969436526386	0.002048881264368514
-4.71238898038469	0.0020585539680344654
-4.696681017116741	0.0020682970374507133
-4.680973053848792	0.0020781111708540437
-4.665265090580843	0.002087997075308393
-4.649557127312894	0.00209795546684089
-4.633849164044944	0.0021079870705804082
-4.6181412007769955	0.0021180926208986496
-4.602433237509047	0.002128272861553734
-4.586725274241098	0.0021385285458365407
-4.571017310973149	0.0021488604367196863
-4.5553093477052	0.0021592693070092445
-4.539601384437251	0.002169755939499307
-4.523893421169302	0.002180321127129406
-4.508185457901353	0.002190965673144894
-4.4924774946334045	0.0022016903912602344
-4.476769531365456	0.0022124961058255007
-4.461061568097506	0.0022233836519958573
-4.445353604829557	0.0022343538759043253
-4.429645641561608	0.0022454076348377874
-4.413937678293659	0.0022565457974163443
-4.39822971502571	0.0022677692437760395
-4.3825217517577615	0.0022790788657551277
-4.366813788489813	0.002290475567083854
-4.351105825221864	0.0023019602635779264
-4.335397861953915	0.0023135338833356538
-4.319689898685965	0.002325197366938934
-4.303981935418016	0.0023369516676581066
-4.288273972150067	0.002348797751660789
-4.2725660088821185	0.0023607365982247757
-4.25685804561417	0.002372769199955115
-4.241150082346221	0.002384896563005411
-4.225442119078272	0.002397119707303468
-4.209734155810323	0.002409439666781415
-4.194026192542374	0.0024218574896103582
-4.178318229274425	0.002434374238439672
-4.162610266006476	0.0024469909906410805
-4.146902302738527	0.002459708838557571
-4.131194339470578	0.002472528889757326
-4.115486376202629	0.002485452267292705
-4.09977841293468	0.002498480109964476
-4.084070449666731	0.0025116135725913907
-4.068362486398782	0.0025248538262851454
-4.052654523130833	0.002538202058731055
-4.036946559862884	0.0025516594744743096
-4.0212385965949355	0.002565227295212178
-4.005530633326986	0.0025789067600921803
-3.9898226700590373	0.002592699126016362
-3.9741147067910885	0.002606605667951918
-3.958406743523139	0.0026206276792481277
-3.9426987802551903	0.002634766471960047
-3.9269908169872414	0.002649023377178772
-3.9112828537192925	0.002663399745368696
-3.8955748904513436	0.002677896946711851
-3.8798669271833943	0.0026925163714594186
-3.8641589639154454	0.0027072594302907623
-3.8484510006474966	0.0027221275546799473
-3.8327430373795477	0.0027371221972701454
-3.817035074111599	0.002752244832255961
-3.8013271108436495	0.0027674969557739577
-3.7856191475757006	0.00278288008630155
-3.7699111843077517	0.0027983957650644787
-3.754203221039803	0.0028140455564531035
-3.738495257771854	0.0028298310484476978
-3.7227872945039047	0.002845753853053005
-3.707079331235956	0.0028618156067422365
-3.691371367968007	0.0028780179709108483
-3.675663404700058	0.0028943626323402172
-3.659955441432109	0.0029108513036715878
-3.64424747816416	0.0029274857238904524
-3.628539514896211	0.002944267658821712
-3.612831551628262	0.002961198901635843
-3.597123588360313	0.0029782812733663614
-3.5814156250923643	0.0029955166234389057
-3.565707661824415	0.0030129068302121895
-3.549999698556466	0.003030453801531215
-3.5342917352885173	0.003048159475292953
-3.5185837720205684	0.0030660258200249308
-3.5028758087526195	0.0030840548354769564
-3.48716784548467	0.003102248553226477
-3.4714598822167213	0.0031206090372977503
-3.4557519189487724	0.003139138384795308
-3.4400439556808236	0.0031578387265521527
-3.4243359924128747	0.0031767122277928943
-3.4086280291449254	0.003195761088812375
-3.3929200658769765	0.0032149875456702233
-3.3772121026090276	0.0032343938709016324
-3.3615041393410787	0.003253982374244877
-3.34579617607313	0.0032737554033862005
-3.3300882128051805	0.0032937153447221068
-3.3143802495372316	0.003313864624140125
-3.2986722862692828	0.0033342057078179785
-3.282964323001334	0.0033547411030417622
-3.267256359733385	0.0033754733590429372
-3.2515483964654357	0.003396405067853969
-3.235840433197487	0.00341753886518758
-3.220132469929538	0.0034388774313471207
-3.204424506661589	0.003460423492152352
-3.18871654339364	0.0034821798198743682
-3.173008580125691	0.003504149234200557
-3.157300616857742	0.0035263346032298414
-3.141592653589793	0.0035487388444914525
-3.1258846903218442	0.0035713649259878763
-3.1101767270538954	0.0035942158672633544
-3.094468763785946	0.0036172947404992904
-3.078760800517997	0.0036406046716370875
-3.0630528372500483	0.003664148841529566
-3.0473448739820994	0.0036879304871216753
-3.0316369107141505	0.0037119529026612566
-3.015928947446201	0.003736219440940869
-3.0002209841782523	0.003760733514571565
-2.9845130209103035	0.003785498597289574
-2.9688050576423546	0.0038105182252968746
-2.9530970943744057	0.0038357959986365956
-2.9373891311064564	0.0038613355826045887
-2.9216811678385075	0.0038871407091977746
-2.9059732045705586	0.003913215178600976
-2.8902652413026098	0.0039395628607128514
-2.874557278034661	0.003966187696712602
-2.8588493147667116	0.003993093700668482
-2.8431413514987627	0.004020284961189279
-2.827433388230814	0.00404776564312056
-2.811725424962865	0.004075539989286553
-2.796017461694916	0.004103612322279513
-2.7803094984269667	0.00413198704629784
-2.764601535159018	0.004160668649034641
-2.748893571891069	0.0041896617036182695
-2.73318560862312	0.004218970870606539
-2.7174776453551712	0.004248600900036391
-2.701769682087222	0.004278556633530754
-2.686061718819273	0.0043088430064644806
-2.670353755551324	0.004339465050191396
-2.6546457922833753	0.0043704278943342886
-2.6389378290154264	0.0044017367691401915
-2.623229865747477	0.004433397007902914
-2.607521902479528	0.004465414049455201
-2.5918139392115793	0.00449779344073287
-2.5761059759436304	0.00453054083941338
-2.5603980126756816	0.00456366201663139
-2.5446900494077322	0.004597162859773932
-2.5289820861397834	0.0046310493753580935
-2.5132741228718345	0.004665327691993939
-2.4975661596038856	0.0047000040634358545
-2.4818581963359367	0.004735084871725422
-2.4661502330679874	0.004770576630429065
-2.4504422698000385	0.004806485987974099
-2.4347343065320897	0.0048428197310866295
-2.419026343264141	0.004879584788335301
-2.403318379996192	0.004916788233784743
-2.3876104167282426	0.0049544372907631634
-2.3719024534602937	0.0049925393357483795
-2.356194490192345	0.005031101902377246
-2.340486526924396	0.0050701326855834075
-2.324778563656447	0.0051096395458690705
-2.3090706003884978	0.005149630513716417
-2.293362637120549	0.005190113794145343
-2.2776546738526	0.005231097771424465
-2.261946710584651	0.005272591013943466
-2.2462387473167023	0.005314602279255345
-2.230530784048753	0.005357140519299218
-2.214822820780804	0.005400214885814973
-2.199114857512855	0.00544383473596417
-2.1834068942449063	0.005488009638177119
-2.1676989309769574	0.005532749378254474
-2.151990967709008	0.005578063965746422
-2.1362830044410592	0.005623963640642373
-2.1205750411731104	0.005670458880442322
-2.1048670779051615	0.005717560407696759
-2.0891591146372126	0.005765279198136729
-2.0734511513692633	0.005813626489587454
-2.0577431881013144	0.00586261379197309
-2.0420352248333655	0.005912252898908869
-2.0263272615654166	0.005962555901700062
-2.0106192982974678	0.006013535207122414
-1.9949113350295187	0.006065203561300598
-1.9792033717615696	0.006117574083511024
-1.9634954084936207	0.006170660315716076
-1.9477874452256718	0.006224476294133019
-1.9320794819577227	0.006279036637417982
-1.9163715186897738	0.00633435657647601
-1.9006635554218247	0.006390451575822735
-1.8849555921538759	0.006447335555247589
-1.869247628885927	0.006505017385668377
-1.853539665617978	0.006563502887422264
-1.837831702350029	0.006622808099460732
-1.82212373908208	0.006682959484292113
-1.806415775814131	0.006743980643652392
-1.7907078125461822	0.00680589015463654
-1.774999849278233	0.006868705102562189
-1.7592918860102842	0.006932442922070401
-1.743583922742335	0.006997121818667849
-1.7278759594743862	0.00706276077255477
-1.7121679962064373	0.007129379482558814
-1.6964600329384882	0.007196998327620515
-1.6807520696705394	0.00726563835199553
-1.6650441064025903	0.007335321268257407
-1.6493361431346414	0.007406069472674511
-1.6336281798666925	0.007477906069609523
-1.6179202165987434	0.007550854903353987
-1.6022122533307945	0.007624940597058966
-1.5865042900628454	0.007700188598603531
-1.5707963267948966	0.007776625233875848
-1.5550883635269477	0.007854277769452234
-1.5393804002589986	0.007933174486776419
-1.5236724369910497	0.00801334477041109
-1.5079644737231006	0.008094819214132007
-1.4922565104551517	0.008177629750036285
-1.4765485471872029	0.008261809807679177
-1.4608405839192538	0.008347394512841515
-1.4451326206513049	0.00843442093916963
-1.4294246573833558	0.008522928431010187
-1.413716694115407	0.008612959022824955
-1.398008730847458	0.00870455799200135
-1.382300767579509	0.008797774606677009
-1.36659280431156	0.008892663163438352
-1.350884841043611	0.008989284414779692
-1.335176877775662	0.00908770755735806
-1.3194689145077132	0.00918801310939035
-1.303760951239764	0.009290297144910944
-1.2880529879718152	0.009394677623954344
-1.2723450247038661	0.009501304053799694
-1.2566370614359172	0.009610372549156197
-1.2409290981679684	0.009722149784996525
-1.2252211349000193	0.009837011746474777
-1.2095131716320704	0.009955506986876554
-1.1938052083641213	0.010078458803702594
-1.1780972450961724	0.010207120218115005
-1.1623892818282235	0.010343357977839958
-1.1466813185602744	0.010489635379872207
-1.1309733552923256	0.010647789312509624
-1.1152653920243765	0.010814038531090177
-1.0995574287564276	0.010970788845700172
-1.0838494654884787	0.011095712725941913
-1.0681415022205296	0.01119351571535048
-1.0524335389525807	0.011288344966180086
-1.0367255756846316	0.01139371141049378
-1.0210176124166828	0.011511177323392099
-1.0053096491487339	0.011638591371387832
-0.9896016858807848	0.011773748326571349
-0.9738937226128359	0.011915098893339528
-0.9581857593448869	0.012061661670157158
-0.9424777960769379	0.012212838730276725
-0.926769832808989	0.01236827582699406
-0.91106186954104	0.012527772684640006
-0.8953539062730911	0.012691227878329431
-0.8796459430051421	0.012858605115348276
-0.8639379797371931	0.01302991239457484
-0.8482300164692441	0.01320518892285904
-0.8325220532012951	0.013384496764366458
-0.8168140899333463	0.013567915430139034
-0.8011061266653973	0.01375553833116331
-0.7853981633974483	0.01394747043734628
-0.7696902001294993	0.014143826733459472
-0.7539822368615503	0.01434473121312853
-0.7382742735936014	0.01455031624407756
-0.7225663103256524	0.014760722195454198
-0.7068583470577035	0.014976097254741744
-0.6911503837897545	0.01519659738551794
-0.6754424205218055	0.015422386392923306
-0.6597344572538566	0.015653636074007184
-0.6440264939859076	0.015890526436793666
-0.6283185307179586	0.016133245977049602
-0.6126105674500096	0.01638199201027896
-0.5969026041820606	0.016636971060294957
-0.5811946409141118	0.016898399285184943
-0.5654866776461628	0.017166502934552595
-0.5497787143782138	0.017441518857278012
-0.5340707511102648	0.01772369505835322
-0.5183627878423158	0.018013291299682932
-0.5026548245743669	0.01831057974658019
-0.48694686130641796	0.018615845663165504
-0.47123889803846897	0.018929388159897104
-0.45553093477052	0.019251520996651394
-0.43982297150257105	0.019582573445190266
-0.42411500823462206	0.019922891215402257
-0.4084070449666731	0.020272837450180523
-0.39269908169872414	0.02063279379431318
-0.37699111843077515	0.02100316154336404
-0.3612831551628262	0.021384362879155162
-0.34557519189487723	0.02177684219914957
-0.3298672286269283	0.02218106754778754
-0.3141592653589793	0.022597532158660037
-0.2984513020910303	0.023026756117324167
-0.2827433388230814	0.023469288155583693
-0.2670353755551324	0.023925707589192644
-0.25132741228718347	0.024396626412201406
-0.23561944901923448	0.024882691562575103
-0.21991148575128552	0.025384587375287947
-0.20420352248333656	0.025903038240860366
-0.18849555921538758	0.026438811489285664
-0.17278759594743862	0.026992720521508855
-0.15707963267948966	0.027565628213124357
-0.1413716694115407	0.028158450617769237
-0.12566370614359174	0.02877216100086181
-0.10995574287564276	0.029407794237928917
-0.09424777960769379	0.03006645161581802
-0.07853981633974483	0.03074930607969637
-0.06283185307179587	0.0314576079739616
-0.047123889803846894	0.03219269133113153
-0.031415926535897934	0.032955980769548025
-0.015707963267948967	0.03374899906845413
0.0	0.034573375497833216
0.015707963267948967	0.03543085499051231
0.031415926535897934	0.03632330825563431
0.047123889803846894	0.037252742945941095
0.06283185307179587	0.03822131600668317
0.07853981633974483	0.03923134735169917
0.09424777960769379	0.04028533503273223
0.10995574287564276	0.04138597209182682
0.12566370614359174	0.04253616531427941
0.1413716694115407	0.043739056131787024
0.15707963267948966	0.04499804396298274
0.17278759594743862	0.04631681232247592
0.18849555921538758	0.047699358081044224
0.20420352248333656	0.04915002432020358
0.21991148575128552	0.05067353729582898
0.23561944901923448	0.05227504810995101
0.25132741228718347	0.05396017979000186
0.2670353755551324	0.0557350805938616
0.2827433388230814	0.05760648450109573
0.2984513020910303	0.059581780020728246
0.3141592653589793	0.061669088649902414
0.3298672286269283	0.06387735456351097
0.34557519189487723	0.0662164474118871
0.3612831551628262	0.06869728046393994
0.37699111843077515	0.07133194677183963
0.39269908169872414	0.07413387656966129
0.4084070449666731	0.07711801977666964
0.42411500823462206	0.08030105828732581
0.43982297150257105	0.0837016537346526
0.45553093477052	0.08734073766298098
0.47123889803846897	0.09124185260752064
0.48694686130641796	0.09543155454018899
0.5026548245743669	0.09993988961972029
0.5183627878423158	0.10480096132438664
0.5340707511102648	0.11005360805307607
0.5497787143782138	0.11574221643900447
0.5654866776461628	0.12191770225037
0.5811946409141118	0.12863869929525343
0.5969026041820606	0.13597300786333572
0.6126105674500096	0.14399936967236845
0.6283185307179586	0.15280965923810744
0.6440264939859076	0.16251160616940755
0.6597344572538566	0.1732321885349219
0.6754424205218055	0.18512189849399147
0.6911503837897545	0.1983601548846445
0.7068583470577035	0.2131622209442282
0.7225663103256524	0.22978811863489412
0.7382742735936014	0.2485542221286582
0.7539822368615503	0.2698484845586803
0.7696902001294993	0.2941506475769504
0.7853981633974483	0.32205936769386956
0.8011061266653973	0.35432906934491065
0.8168140899333463	0.3919206674794724
0.8325220532012951	0.4360723631360545
0.8482300164692441	0.48839995531338076
0.8639379797371931	0.5510412959382864
0.8796459430051421	0.6268679573113384
0.8953539062730911	0.719801178229956
0.91106186954104	0.8352927485679252
0.926769832808989	0.9810718033314055
0.9424777960769379	1.1683278156414278
0.9581857593448869	1.4136181445955116
0.9738937226128359	1.7419800588197154
0.9896016858807848	2.191989717263247
1.0053096491487339	2.8236406352269117
1.0210176124166828	3.7287341871797097
1.0367255756846316	5.035843357802858
1.0524335389525807	6.870355233617959
1.0681415022205296	9.148430370538728
1.0838494654884787	11.113364122351646
1.0995574287564276	11.409484500953859
1.1152653920243765	9.775581723756117
1.1309733552923256	7.472323676724647
1.1466813185602744	5.493767282641109
1.1623892818282235	4.056168881406494
1.1780972450961724	3.0593683394046414
1.1938052083641213	2.367834626527787
1.2095131716320704	1.8795243975033693
1.2252211349000193	1.5268532837609017
1.2409290981679684	1.2663403322662072
1.2566370614359172	1.0698864026303763
1.2723450247038661	0.9190253910446788
1.2880529879718152	0.801366554569714
1.303760951239764	0.7084166601562372
1.3194689145077132	0.6342352293492621
1.335176877775662	0.574590329411006
1.350884841043611	0.5264176046482013
1.36659280431156	0.4874646939991797
1.382300767579509	0.4560527580118863
1.398008730847458	0.43092623519181283
1.413716694115407	0.41116251398877063
1.4294246573833558	0.3960889712194808
1.4451326206513049	0.3852154603866831
1.4608405839192538	0.37820017428218894
1.4765485471872029	0.3748312637391492
1.4922565104551517	0.3750151365704637
1.5079644737231006	0.37877122865857005
1.5236724369910497	0.38623379084138837
1.5393804002589986	0.39766126999421697
1.5550883635269477	0.41345443980341334
1.5707963267948966	0.4341853925855463
1.5865042900628454	0.46064082337404694
1.6022122533307945	0.4938849738191742
1.6179202165987434	0.5353513924426136
1.6336281798666925	0.586979922104921
1.6493361431346414	0.651420305259167
1.6650441064025903	0.7323318278179598
1.6807520696705394	0.8348417057008722
1.6964600329384882	0.9662645184943295
1.7121679962064373	1.1372461863975891
1.7278759594743862	1.3636123516745198
1.743583922742335	1.6693862861542943
1.7592918860102842	2.091681314443705
1.774999849278233	2.6882239839781468
1.7907078125461822	3.5467935504451864
1.806415775814131	4.787220845355976
1.82212373908208	6.512613347678746
1.837831702350029	8.58843614414425
1.853539665617978	10.216482575266935
1.869247628885927	10.198976934221008
1.8849555921538759	8.54998797972947
1.9006635554218247	6.472317101756691
1.9163715186897738	4.751366963112456
1.9320794819577227	3.5145742513516214
1.9477874452256718	2.6574746773100104
1.9634954084936207	2.060593103493249
1.9792033717615696	1.6366768079705238
1.9949113350295187	1.3283813127861084
2.0106192982974678	1.0988293549666368
2.0263272615654166	0.9241325339254179
2.0420352248333655	0.788535312910148
2.0577431881013144	0.6814204377163208
2.0734511513692633	0.5954746667581375
2.0891591146372126	0.525553498426469
2.1048670779051615	0.46796632102334407
2.1205750411731104	0.4200173333156367
2.1362830044410592	0.37970452221114165
2.151990967709008	0.34551737604201155
2.1676989309769574	0.31629588964242217
2.1834068942449063	0.2911310549312793
2.199114857512855	0.2693088165909989
2.214822820780804	0.25028124334714485
2.230530784048753	0.23361951076858373
2.2462387473167023	0.21897177736577733
2.261946710584651	0.20604645871996116
2.2776546738526	0.19460296182910244
2.293362637120549	0.18444266932215436
2.3090706003884978	0.1754009036714432
2.324778563656447	0.16734040070994932
2.340486526924396	0.16014616723802885
2.356194490192345	0.1537214436987247
2.3719024534602937	0.14798451939175244
2.3876104167282426	0.14286620376982948
2.403318379996192	0.13830780616323154
2.419026343264141	0.13425951325287203
2.4347343065320897	0.13067908081235133
2.4504422698000385	0.1275307762542684
2.4661502330679874	0.12478452340995277
2.4818581963359367	0.12241521244894314
2.4975661596038856	0.12040214676082524
2.5132741228718345	0.11872860394037324
2.5289820861397834	0.11738149299189132
2.5446900494077322	0.11635109647397224
2.5603980126756816	0.11563088990000456
2.5761059759436304	0.11521743207488779
2.5918139392115793	0.11511031776446877
2.607521902479528	0.11531218827055092
2.623229865747477	0.11582879618634657
2.6389378290154264	0.11666911059192757
2.6546457922833753	0.11784549657106584
2.670353755551324	0.1193741752901172
2.686061718819273	0.1212758380490302
2.701769682087222	0.12357598125397644
2.7174776453551712	0.1263053808568772
2.73318560862312	0.1295009526078623
2.748893571891069	0.13320683252600465
2.764601535159018	0.13747567149859308
2.7803094984269667	0.1423702307536706
2.796017461694916	0.1479653770681676
2.811725424962865	0.1543505950041615
2.827433388230814	0.16163316859849094
2.8431413514987627	0.16994223692853572
2.8588493147667116	0.17943400134359996
2.874557278034661	0.19029846576314594
2.8902652413026098	0.2027682392855738
2.9059732045705586	0.21713014388829155
2.9216811678385075	0.23374068244453441
2.9373891311064564	0.25304688588935154
2.9530970943744057	0.27561475661228907
2.9688050576423546	0.3021685936625204
2.9845130209103035	0.3336461441211424
3.0002209841782523	0.37127714103650894
3.015928947446201	0.41669700239066804
3.0316369107141505	0.4721143550336699
3.0473448739820994	0.5405625275596657
3.0630528372500483	0.6262848345229214
3.078760800517997	0.7353374132672117
3.094468763785946	0.8765498633596197
3.1101767270538954	1.0630798148081697
3.1258846903218442	1.3149524018934131
3.141592653589793	1.6631594863809507
3.157300616857742	2.1558482211265955
3.173008580125691	2.8655183577966117
3.18871654339364	3.8874992939221342
3.204424506661589	5.2880409422269
3.220132469929538	6.8992210706420005
3.235840433197487	8.001478317984155
3.2515483964654357	7.733477137054999
3.267256359733385	6.332540325390755
3.282964323001334	4.747245105299553
3.2986722862692828	3.481458619283763
3.3143802495372316	2.582129756737983
3.3300882128051805	1.959832543625267
3.34579617607313	1.5255598734707754
3.3615041393410787	1.2161790702986415
3.3772121026090276	0.9904989147000024
3.3929200658769765	0.8220323144397033
3.4086280291449254	0.6935779430996903
3.4243359924128747	0.5937519065164268
3.4400439556808236	0.5148553992858522
3.4557519189487724	0.45156723507599583
3.4714598822167213	0.4001324663950532
3.48716784548467	0.3578497868891208
3.5028758087526195	0.32274119918820077
3.5185837720205684	0.29333482988462195
3.5342917352885173	0.2685193408363335
3.549999698556466	0.2474445291017277
3.565707661824415	0.2294522913033919
3.5814156250923643	0.21402791346120278
3.597123588360313	0.20076520268648362
3.612831551628262	0.18934120197171575
3.628539514896211	0.17949764654117148
3.64424747816416	0.17102723731806738
3.659955441432109	0.16376340123387612
3.675663404700058	0.15757255738784293
3.691371367968007	0.15234797144110568
3.707079331235956	0.14800400748982406
3.7227872945039047	0.1444703881558354
3.738495257771854	0.14169183817037342
3.754203221039803	0.13963602580974915
3.7699111843077517	0.13829167917547522
3.7856191475757006	0.13765895551820106
3.8013271108436495	0.13774871373003747
3.817035074111599	0.13858597866859496
3.8327430373795477	0.1402129182016445
3.8484510006474966	0.14269169101797946
3.8641589639154454	0.14610809272207084
3.8798669271833943	0.15057669886107408
3.8955748904513436	0.15624813966066692
3.9112828537192925	0.16331953250924428
3.9269908169872414	0.17204891948819773
3.9426987802551903	0.1827749696934593
3.958406743523139	0.19594535793794393
3.9741147067910885	0.212158760421862
3.9898226700590373	0.23222688849209194
4.005530633326986	0.257266225213296
4.0212385965949355	0.28883826744255825
4.036946559862884	0.32916926213284564
4.052654523130833	0.38149985376282186
4.068362486398782	0.4506505351213519
4.084070449666731	0.5439450428507215
4.09977841293468	0.672704546842841
4.115486376202629	0.854528078532254
4.131194339470578	1.1160684469333813
4.146902302738527	1.4931591445080385
4.162610266006476	2.014223522794068
4.178318229274425	2.629558273497914
4.194026192542374	3.086602777856249
4.209734155810323	3.0407683514101578
4.225442119078272	2.534054248355599
4.241150082346221	1.926206735700264
4.25685804561417	1.4316871144315273
4.2725660088821185	1.0790656387397233
4.288273972150067	0.8359522083852396
4.303981935418016	0.667686567485617
4.319689898685965	0.5493188163121467
4.335397861953915	0.4645434408813257
4.351105825221864	0.40292725035307964
4.366813788489813	0.35777464982109125
4.3825217517577615	0.32475004154867315
4.39822971502571	0.30099339085192467
4.413937678293659	0.28442160135472977
4.429645641561608	0.2730018017917291
4.445353604829557	0.26460581350162965
4.461061568097506	0.2583645693968845
4.476769531365456	0.254986929287405
4.4924774946334045	0.2551427444881287
4.508185457901353	0.25897514676085825
4.523893421169302	0.2664926743121327
4.539601384437251	0.27781907950385687
4.5553093477052	0.2932718413865855
4.571017310973149	0.3133959262508402
4.586725274241098	0.3390060837318704
4.602433237509047	0.37125837477375817
4.6181412007769955	0.41176657667058736
4.633849164044944	0.4627883177623197
4.649557127312894	0.5275116860102885
4.665265090580843	0.6104932582879216
4.680973053848792	0.718358930770325
4.696681017116741	0.8609437489924313
4.71238898038469	1.053153047318272
4.7280969436526386	1.3179846951288383
4.743804906920587	1.6912222547004943
4.759512870188536	2.2275585292143583
4.775220833456485	3.0031704607212606
4.790928796724435	4.09040952059389
4.806636759992384	5.431468317833297
4.822344723260333	6.5637853742455725
4.838052686528282	6.692214756921628
4.8537606497962305	5.701523768444413
4.869468613064179	4.345204899520576
4.885176576332128	3.190470745814762
4.900884539600077	2.353306766680756
4.916592502868026	1.7723816146603733
4.932300466135975	1.368415410217363
4.948008429403924	1.0821784408159012
4.9637163926718735	0.8745160144670947
4.979424355939822	0.7202368616267716
4.995132319207771	0.603047312167448
5.01084028247572	0.5122248447340149
5.026548245743669	0.4405612609121871
5.042256209011618	0.3831032937981278
5.057964172279567	0.3363743958381698
5.073672135547516	0.297885699289812
5.0893800988154645	0.26582240180445516
5.105088062083414	0.2388377149905244
5.120796025351363	0.21591335522458696
5.136503988619312	0.19626599121865196
5.152211951887261	0.1792928437141444
5.16791991515521	0.16453194040115737
5.183627878423159	0.1516189403201997
5.1993358416911075	0.14025883757159047
5.215043804959056	0.130211564857287
5.230751768227005	0.12128133887362956
5.246459731494954	0.11330766696269928
5.262167694762903	0.10615812641826008
5.277875658030853	0.09972273976377824
5.293583621298802	0.09390961863246595
5.3092915845667505	0.08864157821290297
5.324999547834699	0.08385349113270968
5.340707511102648	0.07949020756062745
5.356415474370597	0.07550490826952021
5.372123437638546	0.07185779119722417
5.387831400906495	0.06851507954345733
5.403539364174444	0.06544841386513368
5.419247327442394	0.06263441584207315
5.4349552907103424	0.06005428832421021
5.450663253978291	0.05769377907310749
5.46637121724624	0.05554361587586592
5.482079180514189	0.053600424026177415
5.497787143782138	0.051868383333719965
5.513495107050087	0.05036215139325171
5.529203070318036	0.04911184159377333
5.544911033585985	0.04817125116034205
5.5606189968539335	0.04763065589710117
5.576326960121882	0.04763305197723049
5.592034923389832	0.04837821292105622
5.607742886657781	0.05004145655080937
5.62345084992573	0.05239949701486929
5.639158813193679	0.05409167175227829
5.654866776461628	0.05302538146897285
5.6705747397295765	0.04915799068524731
5.686282702997525	0.04455991584892006
5.701990666265474	0.04061823165244082
5.717698629533423	0.037566881508888296
5.733406592801373	0.035225289786360726
5.749114556069322	0.03338345409764255
5.764822519337271	0.03188731482106166
5.7805304826052195	0.030635423498954067
5.796238445873168	0.029562449994111804
5.811946409141117	0.028626207811461125
5.827654372409066	0.027800200571747452
5.843362335677015	0.02706927731662973
5.859070298944964	0.02642619836258474
5.874778262212913	0.025870282432968714
5.890486225480862	0.025408121004817923
5.906194188748811	0.02505580982450587
5.92190215201676	0.024843020633313707
5.937610115284709	0.024819107521767563
5.953318078552658	0.0250583500755556
5.969026041820607	0.02564730299503255
5.984734005088556	0.02659346923720566
6.000441968356505	0.027559998462393084
6.0161499316244536	0.027702063183664246
6.031857894892402	0.02651929186806457
6.047565858160352	0.02464845773309267
6.063273821428301	0.02287835652058647
6.07898178469625	0.021469413694345272
6.094689747964199	0.0203871199573508
6.110397711232148	0.019540629663521162
6.126105674500097	0.018855674849708837
6.1418136377680455	0.01828184888082452
6.157521601035994	0.01778640928509374
6.173229564303943	0.017348090081798388
6.188937527571892	0.016952851238108153
6.204645490839841	0.016591209441638645
6.220353454107791	0.01625660260082697
6.23606141737574	0.015944390918370854
6.2517693806436885	0.015651228443373248
6.267477343911637	0.015374656139257342
6.283185307179586	0.01511284516218415
6.298893270447535	0.014864434023904034
6.314601233715484	0.014628416894797325
6.330309196983433	0.01440403496932364
6.346017160251382	0.014190574298990793
6.3617251235193315	0.01398701519910874
6.37743308678728	0.013792117483957726
6.393141050055229	0.013605573329269628
6.408849013323178	0.013428158706567488
6.424556976591127	0.013260529466477728
6.440264939859076	0.013102956154392532
6.455972903127025	0.01295564985445263
6.471680866394974	0.012818957749872588
6.4873888296629225	0.012693432205269905
6.503096792930871	0.012579869529166654
6.51880475619882	0.012479357164452542
6.53451271946677	0.012393342760140062
6.550220682734719	0.012323734704385863
6.565928646002668	0.012273045865865957
6.581636609270617	0.012244597417298737
6.5973445725385655	0.012242812432051744
6.613052535806514	0.01227364583613195
6.628760499074463	0.012345223275616327
6.644468462342412	0.012468807864758822
6.660176425610361	0.012660292468602891
6.675884388878311	0.012942549754131194
6.69159235214626	0.013349202738796468
6.707300315414209	0.013930759340197175
6.7230082786821574	0.014764604443535197
6.738716241950106	0.015970789101282933
6.754424205218055	0.017734114833760816
6.770132168486004	0.020321460038934213
6.785840131753953	0.024031708025757475
6.801548095021902	0.028861920818375145
6.817256058289851	0.03359044180807527
6.8329640215578	0.035370609216218526
6.848671984825749	0.03276875795280706
6.864379948093698	0.028016236418253845
6.880087911361647	0.023645615419149165
6.895795874629596	0.02053403604831912
6.911503837897545	0.01864989042908346
6.927211801165494	0.01777562649572555
6.942919764433443	0.017687579138687855
6.9586277277013915	0.01799077754873467
6.97433569096934	0.0179419108770599
6.99004365423729	0.01702840237755193
7.005751617505239	0.015660980524933886
7.021459580773188	0.014467845189882674
7.037167544041137	0.01368725143563138
7.052875507309086	0.013325852027297353
7.0685834705770345	0.013362068414580923
7.084291433844983	0.013818229521491759
7.099999397112932	0.014768602058770943
7.115707360380881	0.01628271709585973
7.13141532364883	0.018195259507263386
7.147123286916779	0.019694272146948168
7.162831250184729	0.019647887651650695
7.1785392134526775	0.018166647609193617
7.194247176720626	0.016443242020488927
7.209955139988575	0.015231582359792674
7.225663103256524	0.01469157084926567
7.241371066524473	0.014810423272045143
7.257079029792422	0.015617855797126831
7.272786993060371	0.017247037248091145
7.28849495632832	0.019919276547153624
7.304202919596269	0.023753307439889317
7.319910882864218	0.028101730094373643
7.335618846132167	0.030703365321510905
7.351326809400116	0.029283871853214103
7.367034772668065	0.024936092244708188
7.382742735936014	0.020341246919705305
7.398450699203963	0.016741078330023404
7.414158662471912	0.014183689763276702
7.4298666257398605	0.0124007002921568
7.445574589007809	0.011143936323403297
7.461282552275758	0.010240512175056952
7.476990515543708	0.009578483558438116
7.492698478811657	0.009086477233996242
7.508406442079606	0.008718971267227805
7.524114405347555	0.008447064007032335
7.5398223686155035	0.008252989609200644
7.555530331883452	0.008127035651505512
7.571238295151401	0.008066064146457925
7.58694625841935	0.00807326844590729
7.602654221687299	0.00815921976481644
7.618362184955249	0.008344346960424574
7.634070148223198	0.008661910432132361
7.6497781114911465	0.009157445886115405
7.665486074759095	0.009869213300230356
7.681194038027044	0.010759265684788253
7.696902001294993	0.011651538308574728
7.712609964562942	0.012454562836729952
7.728317927830891	0.013432688193904255
7.74402589109884	0.014799217675935743
7.759733854366789	0.016097243618357036
7.7754418176347375	0.016256309916349857
7.791149780902687	0.014974645209762869
7.806857744170636	0.013215244642186989
7.822565707438585	0.011811745194231123
7.838273670706534	0.010985442296831401
7.853981633974483	0.010682909032841543
7.869689597242432	0.010737170287211299
7.8853975605103805	0.01081195636516552
7.901105523778329	0.01054375944216013
7.916813487046278	0.009983020221473182
7.932521450314228	0.009461349906847025
7.948229413582177	0.009167841298765758
7.963937376850126	0.009139322089081898
7.979645340118075	0.009379983331942355
7.995353303386024	0.009919286039157812
8.011061266653972	0.010834230806555373
8.026769229921921	0.01226500154303135
8.042477193189871	0.014418982732283531
8.058185156457819	0.017494690171403454
8.073893119725769	0.021317405781257407
8.089601082993717	0.024568816928503573
8.105309046261667	0.025048563618774458
8.121017009529615	0.022521643414129055
8.136724972797564	0.019090577775929648
8.152432936065512	0.0162661182023192
8.168140899333462	0.0144054621037209
8.183848862601412	0.013488920437123646
8.19955682586936	0.01344226919357528
8.21526478913731	0.014129525311550307
8.230972752405258	0.015104290523870221
8.246680715673207	0.015423264969096986
8.262388678941155	0.014507962757090659
8.278096642209105	0.013006356950638013
8.293804605477053	0.011782058770663463
8.309512568745003	0.011167704042396483
8.325220532012953	0.011169465657141315
8.3409284952809	0.011597488581604918
8.35663645854885	0.01193137092304938
8.372344421816798	0.01152960633151915
8.388052385084748	0.010442047558606418
8.403760348352696	0.009264187841916028
8.419468311620646	0.008344900900049976
8.435176274888594	0.007724303713038811
8.450884238156544	0.007345836491216346
8.466592201424492	0.0071546628842941926
8.482300164692441	0.007118125299264416
8.498008127960391	0.007225382468331076
8.51371609122834	0.007485652198776005
8.529424054496289	0.007929730990816765
8.545132017764237	0.008616261068887838
8.560839981032187	0.009644033171205412
8.576547944300135	0.011170397395628353
8.592255907568084	0.013425763909491033
8.607963870836032	0.016668673355987377
8.623671834103982	0.020889958047915737
8.63937979737193	0.024999353499013926
8.65508776063988	0.026462600252372383
8.67079572390783	0.0240225402381021
8.686503687175778	0.01972455901814129
8.702211650443727	0.015822213293996402
8.717919613711675	0.01301487905381949
8.733627576979625	0.01120542723261347
8.749335540247573	0.010158305334660497
8.765043503515523	0.009652786468305995
8.780751466783471	0.009401022299329386
8.79645943005142	0.009018380374219192
8.81216739331937	0.008354597198457901
8.827875356587318	0.007638877846160273
8.843583319855268	0.007092187956739638
8.859291283123216	0.006774727451551687
8.874999246391166	0.006683245398706079
8.890707209659114	0.00682186959419423
8.906415172927064	0.007221643474497132
8.922123136195012	0.00792452169055742
8.937831099462962	0.008893078807758794
8.953539062730911	0.009805826057391758
8.96924702599886	0.010077024293190823
8.984954989266809	0.009599026769304743
9.000662952534757	0.008958900089097988
9.016370915802707	0.008616880056784178
9.032078879070655	0.008559073556592415
9.047786842338605	0.00840640211954809
9.063494805606553	0.007841490843820373
9.079202768874502	0.007042779867863453
9.09491073214245	0.006336538824760313
9.1106186954104	0.005846997844600274
9.12632665867835	0.00556852594296149
9.142034621946298	0.005473338444906845
9.157742585214248	0.005541867875435478
9.173450548482196	0.005743520423812518
9.189158511750145	0.005995442330140069
9.204866475018093	0.006207712127331903
9.220574438286043	0.0064384860390684
9.236282401553991	0.006828196674191061
9.25199036482194	0.0073529137235947605
9.267698328089889	0.007704209218146814
9.283406291357839	0.007579331456165653
9.299114254625788	0.007160475363928186
9.314822217893736	0.006816792502892421
9.330530181161686	0.00664306027518257
9.346238144429634	0.00649392398025363
9.361946107697584	0.006285138545979482
9.377654070965532	0.006143762557737151
9.393362034233482	0.006222000172094738
9.40906999750143	0.006608595736915281
9.42477796076938	0.007369731251352191
9.44048592403733	0.008520787508297007
9.456193887305277	0.009817149641992894
9.471901850573227	0.010515072490437436
9.487609813841175	0.009961753113103648
9.503317777109125	0.008579421718225039
9.519025740377073	0.0071815762371414005
9.534733703645022	0.006110548415597429
9.55044166691297	0.005365621808406656
9.56614963018092	0.004863296648529681
9.58185759344887	0.004530609988921479
9.597565556716818	0.004319165271106817
9.613273519984768	0.0042007251961046176
9.628981483252716	0.004161801992063787
9.644689446520665	0.004199904807760853
9.660397409788613	0.0043191768353752725
9.676105373056563	0.004518075343433384
9.691813336324511	0.00476241138570768
9.707521299592461	0.004986654007036907
9.723229262860409	0.005195018797948604
9.738937226128359	0.005503300382537059
9.754645189396308	0.0060418072426978815
9.770353152664256	0.006927733405342126
9.786061115932206	0.008285654399909111
9.801769079200154	0.010176788583269775
9.817477042468104	0.012287820283288243
9.833185005736052	0.013538723535224324
9.848892969004002	0.012872972342759295
9.86460093227195	0.010838979009834415
9.8803088955399	0.008701991086399087
9.896016858807847	0.007035626764522368
9.911724822075797	0.00585749400131862
9.927432785343747	0.005041168509161215
9.943140748611695	0.00447081501913577
9.958848711879645	0.004065260725788443
9.974556675147593	0.003771672062412537
9.990264638415542	0.003557801025719619
10.00597260168349	0.0034042591469254794
10.02168056495144	0.003295926816876841
10.037388528219388	0.0032144576231031663
10.053096491487338	0.0031408716862699132
10.068804454755288	0.003072803915529021
10.084512418023236	0.0030223128563885205
10.100220381291185	0.0029982734358910395
10.115928344559133	0.0030047560477119064
10.131636307827083	0.003046459533793107
10.147344271095031	0.0031323394836977707
10.163052234362981	0.0032782351294031757
10.178760197630929	0.0035093418649364905
10.194468160898879	0.0038593046957755895
10.210176124166829	0.004350576174887326
10.225884087434777	0.004918905056319864
10.241592050702726	0.005301727703233518
10.257300013970674	0.005198584631333928
10.273007977238624	0.004710246058477887
10.288715940506572	0.004177957165860026
10.304423903774522	0.0037794996700180163
10.32013186704247	0.0035355377451188586
10.33583983031042	0.003424274446590385
10.351547793578368	0.003430423109825527
10.367255756846317	0.0035562834637878813
10.382963720114267	0.003821237415349967
10.398671683382215	0.004245378280045237
10.414379646650165	0.004783398587561647
10.430087609918113	0.005202156614869945
10.445795573186063	0.005160408288105315
10.46150353645401	0.004666890072612244
10.47721149972196	0.0040631589374584805
10.492919462989908	0.0035689447963145127
10.508627426257858	0.0032190395636715443
10.524335389525806	0.0029842367815019533
10.540043352793756	0.002832112848423369
10.555751316061706	0.0027402517006764344
10.571459279329654	0.002695500323140646
10.587167242597603	0.0026902675840155444
10.602875205865551	0.0027169843575546534
10.618583169133501	0.002764510005909583
10.634291132401449	0.0028300910473114936
10.649999095669399	0.0029333776614143894
10.665707058937347	0.0031050272126615145
10.681415022205297	0.003379442469810631
10.697122985473246	0.0038021653108120893
10.712830948741194	0.004431165964303314
10.728538912009144	0.005299862051127916
10.744246875277092	0.006277383327658523
10.759954838545042	0.006882574559703057
10.77566280181299	0.006615734928229845
10.79137076508094	0.005700517769672763
10.807078728348888	0.0047219457656207196
10.822786691616837	0.003958231106741774
10.838494654884787	0.003424771652002711
10.854202618152735	0.0030663642102181097
10.869910581420685	0.0028321160820782773
10.885618544688633	0.002687432625112941
10.901326507956583	0.002610882281000024
10.91703447122453	0.002586995845311836
10.93274243449248	0.0025849593369269047
10.948450397760428	0.002544298872084184
10.964158361028378	0.0024313261350188122
10.979866324296326	0.002285941572180953
10.995574287564276	0.0021554096797106763
11.011282250832226	0.0020536011630848125
11.026990214100174	0.0019766956852011086
11.042698177368123	0.001917911213022282
11.058406140636071	0.0018718342779446718
11.074114103904021	0.0018347646974929998
11.08982206717197	0.001804266616523861
11.105530030439919	0.0017787431415003255
11.121237993707867	0.0017571503037529402
11.136945956975817	0.0017388243344760856
11.152653920243765	0.001723384839018855
11.168361883511714	0.0017106797676920832
11.184069846779664	0.0017007123220077207
11.199777810047612	0.0016933830762296234
11.215485773315562	0.0016877833173416863
11.23119373658351	0.0016817097872229916
11.24690169985146	0.0016738525218178248
11.262609663119408	0.0016660506639365582
11.278317626387357	0.0016607879840111746
11.294025589655305	0.0016593233148032127
11.309733552923255	0.0016623592694487168
11.325441516191205	0.0016708245755431917
11.341149479459153	0.0016862903730802303
11.356857442727103	0.0017113394143283749
11.37256540599505	0.0017501083069235226
11.388273369263	0.00180910515247506
11.403981332530948	0.0018981263714873367
11.419689295798898	0.00202981658254096
11.435397259066846	0.0022118756983768918
11.451105222334796	0.0024182546214029654
11.466813185602746	0.0025505493333287986
11.482521148870694	0.002506177146792202
11.498229112138644	0.0023327728982904627
11.513937075406592	0.002153361168176709
11.529645038674541	0.002022976315145142
11.54535300194249	0.0019300620065205616
11.561060965210439	0.0018428704096531507
11.576768928478387	0.001752686833807614
11.592476891746337	0.0016723753259961004
11.608184855014285	0.0016091359812992795
11.623892818282235	0.0015613090018039323
11.639600781550184	0.001524889633665428
11.655308744818132	0.001496466992877144
11.671016708086082	0.001473646635709774
11.68672467135403	0.001454826973430864
11.70243263462198	0.0014389393056050733
11.718140597889928	0.0014252614637480557
11.733848561157878	0.0014132979170855683
11.749556524425826	0.0014027046478247117
11.765264487693775	0.001393242178315304
11.780972450961723	0.0013847460763429368
11.796680414229673	0.0013771080594116236
11.812388377497623	0.0013702622034964032
11.82809634076557	0.0013641717506047842
11.84380430403352	0.0013588244537933855
11.859512267301469	0.0013542599111723017
11.875220230569418	0.0013505974435489094
11.890928193837366	0.00134802579419684
11.906636157105316	0.001346810406719088
11.922344120373264	0.001347340542065019
11.938052083641214	0.0013502045502836353
11.953760046909164	0.0013563049044178666
11.969468010177112	0.0013670426569181893
11.985175973445061	0.0013846068745205125
12.00088393671301	0.0014123685474784575
12.01659189998096	0.00145513020138005
12.032299863248907	0.0015179217622757126
12.048007826516857	0.0015990823759688753
12.063715789784805	0.0016730750809569063
12.079423753052755	0.001688137381254749
12.095131716320704	0.0016269187019286124
12.110839679588652	0.001534778878218734
12.126547642856602	0.001453242240489469
12.14225560612455	0.001393130112327026
12.1579635693925	0.0013513914109985555
12.173671532660448	0.0013228830361116334
12.189379495928398	0.0013027805053166521
12.205087459196346	0.0012860379761018418
12.220795422464295	0.0012690910957274366
12.236503385732243	0.0012523434528940842
12.252211349000193	0.001237511477718471
12.267919312268143	0.0012250520318784213
12.283627275536091	0.0012145910703273317
12.29933523880404	0.0012056303036888834
12.315043202071989	0.0011977510356413965
12.330751165339938	0.0011906062378954777
12.346459128607886	0.0011839504904527197
12.362167091875836	0.0011776975366878236
12.377875055143784	0.0011718300797316135
12.393583018411734	0.0011663130653264252
12.409290981679682	0.0011611004737603029
12.424998944947632	0.0011561534972654392
12.440706908215581	0.001151445369453167
12.45641487148353	0.0011469606319435513
12.47212283475148	0.0011426938351069165
12.487830798019427	0.001138649168528612
12.503538761287377	0.0011348411959591115
12.519246724555325	0.0011312964874685306
12.534954687823275	0.0011280567628439025
12.550662651091223	0.0011251843766876357
12.566370614359172	0.0011227710932174618
