-12.566370614359172	8.880447386942857e-6
-12.550662651091223	8.89928828913158e-6
-12.534954687823275	8.918189650985635e-6
-12.519246724555325	8.937151733214015e-6
-12.503538761287377	8.956174797941318e-6
-12.487830798019427	8.975259108716926e-6
-12.47212283475148	8.99440493052445e-6
-12.45641487148353	9.013612529791023e-6
-12.440706908215581	9.032882174396972e-6
-12.424998944947632	9.052214133685255e-6
-12.409290981679682	9.071608678471187e-6
-12.393583018411734	9.091066081052141e-6
-12.377875055143784	9.110586615217327e-6
-12.362167091875836	9.130170556257684e-6
-12.346459128607886	9.149818180975919e-6
-12.330751165339938	9.169529767696337e-6
-12.315043202071989	9.18930559627512e-6
-12.29933523880404	9.209145948110488e-6
-12.283627275536091	9.229051106152885e-6
-12.267919312268143	9.249021354915451e-6
-12.252211349000193	9.269056980484288e-6
-12.236503385732243	9.28915827052911e-6
-12.220795422464295	9.309325514313775e-6
-12.205087459196346	9.329559002706974e-6
-12.189379495928398	9.34985902819298e-6
-12.173671532660448	9.370225884882498e-6
-12.1579635693925	9.390659868523578e-6
-12.14225560612455	9.411161276512661e-6
-12.126547642856602	9.431730407905663e-6
-12.110839679588652	9.452367563429179e-6
-12.095131716320704	9.4730730454917e-6
-12.079423753052755	9.49384715819509e-6
-12.063715789784805	9.514690207345968e-6
-12.048007826516857	9.535602500467245e-6
-12.032299863248907	9.556584346809824e-6
-12.01659189998096	9.577636057364296e-6
-12.00088393671301	9.598757944872777e-6
-11.985175973445061	9.619950323840815e-6
-11.969468010177112	9.641213510549487e-6
-11.953760046909164	9.66254782306733e-6
-11.938052083641214	9.683953581262808e-6
-11.922344120373264	9.70543110681637e-6
-11.906636157105316	9.726980723232986e-6
-11.890928193837366	9.74860275585469e-6
-11.875220230569418	9.770297531873105e-6
-11.859512267301469	9.792065380342186e-6
-11.84380430403352	9.813906632190983e-6
-11.82809634076557	9.835821620236702e-6
-11.812388377497623	9.857810679197527e-6
-11.796680414229673	9.879874145705888e-6
-11.780972450961723	9.902012358321646e-6
-11.765264487693775	9.924225657545403e-6
-11.749556524425826	9.946514385832026e-6
-11.733848561157878	9.968878887604155e-6
-11.718140597889928	9.991319509265856e-6
-11.70243263462198	1.0013836599216388e-5
-11.68672467135403	1.003643050786421e-5
-11.671016708086082	1.0059101587640821e-5
-11.655308744818132	1.0081850193015018e-5
-11.639600781550184	1.0104676680507025e-5
-11.623892818282235	1.0127581408702907e-5
-11.608184855014285	1.015056473826907e-5
-11.592476891746337	1.017362703196674e-5
-11.576768928478387	1.0196768654666845e-5
-11.561060965210439	1.0219989973364639e-5
-11.54535300194249	1.0243291357194803e-5
-11.529645038674541	1.0266673177446485e-5
-11.513937075406592	1.0290135807578457e-5
-11.498229112138644	1.0313679623234547e-5
-11.482521148870694	1.0337305002258973e-5
-11.466813185602746	1.0361012324712004e-5
-11.451105222334796	1.0384801972885672e-5
-11.435397259066846	1.0408674331319534e-5
-11.419689295798898	1.0432629786816765e-5
-11.403981332530948	1.0456668728460205e-5
-11.388273369263	1.048079154762859e-5
-11.37256540599505	1.0504998638012968e-5
-11.356857442727103	1.0529290395633206e-5
-11.341149479459153	1.0553667218854625e-5
-11.325441516191205	1.0578129508404856e-5
-11.309733552923255	1.0602677667390674e-5
-11.294025589655305	1.0627312101315173e-5
-11.278317626387357	1.0652033218094934e-5
-11.262609663119408	1.0676841428077464e-5
-11.24690169985146	1.07017371440586e-5
-11.23119373658351	1.0726720781300304e-5
-11.215485773315562	1.0751792757548422e-5
-11.199777810047612	1.0776953493050523e-5
-11.184069846779664	1.080220341057425e-5
-11.168361883511714	1.0827542935425444e-5
-11.152653920243765	1.0852972495466594e-5
-11.136945956975817	1.0878492521135458e-5
-11.121237993707867	1.0904103445463737e-5
-11.105530030439919	1.0929805704096107e-5
-11.08982206717197	1.095559973530912e-5
-11.074114103904021	1.098148598003058e-5
-11.058406140636071	1.100746488185883e-5
-11.042698177368123	1.1033536887082382e-5
-11.026990214100174	1.1059702444699647e-5
-11.011282250832226	1.1085962006438746e-5
-10.995574287564276	1.1112316026777741e-5
-10.979866324296326	1.1138764962964718e-5
-10.964158361028378	1.1165309275038285e-5
-10.948450397760428	1.1191949425848197e-5
-10.93274243449248	1.121868588107607e-5
-10.91703447122453	1.1245519109256364e-5
-10.901326507956583	1.1272449581797517e-5
-10.885618544688633	1.1299477773003299e-5
-10.869910581420685	1.1326604160094262e-5
-10.854202618152735	1.1353829223229491e-5
-10.838494654884787	1.1381153445528436e-5
-10.822786691616837	1.1408577313093035e-5
-10.807078728348888	1.1436101315030012e-5
-10.79137076508094	1.1463725943473235e-5
-10.77566280181299	1.1491451693606501e-5
-10.759954838545042	1.1519279063686262e-5
-10.744246875277092	1.154720855506489e-5
-10.728538912009144	1.1575240672213744e-5
-10.712830948741194	1.1603375922746701e-5
-10.697122985473246	1.1631614817444007e-5
-10.681415022205297	1.165995787027581e-5
-10.665707058937347	1.168840559842668e-5
-10.649999095669399	1.1716958522319621e-5
-10.634291132401449	1.1745617165640687e-5
-10.618583169133501	1.1774382055363833e-5
-10.602875205865551	1.1803253721775735e-5
-10.587167242597603	1.1832232698501062e-5
-10.571459279329654	1.1861319522527927e-5
-10.555751316061706	1.1890514734233498e-5
-10.540043352793756	1.1919818877409836e-5
-10.524335389525806	1.1949232499290088e-5
-10.508627426257858	1.197875615057477e-5
-10.492919462989908	1.2008390385458327e-5
-10.47721149972196	1.2038135761656153e-5
-10.46150353645401	1.2067992840431291e-5
-10.445795573186063	1.2097962186622049e-5
-10.430087609918113	1.2128044368669468e-5
-10.414379646650165	1.2158239958645037e-5
-10.398671683382215	1.2188549532278922e-5
-10.382963720114267	1.221897366898813e-5
-10.367255756846317	1.2249512951905107e-5
-10.351547793578368	1.228016796790666e-5
-10.33583983031042	1.231093930764285e-5
-10.32013186704247	1.2341827565566641e-5
-10.304423903774522	1.2372833339963199e-5
-10.288715940506572	1.2403957232980087e-5
-10.273007977238624	1.2435199850657264e-5
-10.257300013970674	1.2466561802957542e-5
-10.241592050702726	1.2498043703797362e-5
-10.225884087434777	1.2529646171077833e-5
-10.210176124166829	1.2561369826715993e-5
-10.194468160898879	1.2593215296676323e-5
-10.178760197630929	1.2625183211002662e-5
-10.163052234362981	1.2657274203850646e-5
-10.147344271095031	1.2689488913519767e-5
-10.131636307827083	1.2721827982486268e-5
-10.115928344559133	1.2754292057436507e-5
-10.100220381291185	1.2786881789299931e-5
-10.084512418023236	1.2819597833283073e-5
-10.068804454755288	1.2852440848903459e-5
-10.053096491487338	1.2885411500023851e-5
-10.037388528219388	1.2918510454887078e-5
-10.02168056495144	1.2951738386150986e-5
-10.00597260168349	1.2985095970923515e-5
-9.990264638415542	1.3018583890798619e-5
-9.974556675147593	1.3052202831892114e-5
-9.958848711879645	1.3085953484877957e-5
-9.943140748611695	1.3119836545025032e-5
-9.927432785343747	1.3153852712234052e-5
-9.911724822075797	1.3188002691074888e-5
-9.896016858807847	1.3222287190824287e-5
-9.8803088955399	1.3256706925504122e-5
-9.86460093227195	1.3291262613919479e-5
-9.848892969004002	1.3325954979697805e-5
-9.833185005736052	1.336078475132778e-5
-9.817477042468104	1.3395752662199013e-5
-9.801769079200154	1.3430859450642013e-5
-9.786061115932206	1.3466105859968279e-5
-9.770353152664256	1.3501492638511123e-5
-9.754645189396308	1.3537020539666809e-5
-9.738937226128359	1.3572690321935818e-5
-9.723229262860409	1.3608502748964935e-5
-9.707521299592461	1.3644458589589429e-5
-9.691813336324511	1.3680558617875703e-5
-9.676105373056563	1.3716803613164317e-5
-9.660397409788613	1.3753194360113838e-5
-9.644689446520665	1.3789731648744285e-5
-9.628981483252716	1.382641627448196e-5
-9.613273519984768	1.3863249038203909e-5
-9.597565556716818	1.3900230746283304e-5
-9.58185759344887	1.393736221063506e-5
-9.56614963018092	1.3974644248761984e-5
-9.55044166691297	1.4012077683801377e-5
-9.534733703645022	1.4049663344571952e-5
-9.519025740377073	1.4087402065621349e-5
-9.503317777109125	1.41252946872744e-5
-9.487609813841175	1.4163342055680895e-5
-9.471901850573227	1.4201545022865101e-5
-9.456193887305277	1.423990444677491e-5
-9.44048592403733	1.4278421191331666e-5
-9.42477796076938	1.4317096126480653e-5
-9.40906999750143	1.4355930128241884e-5
-9.393362034233482	1.4394924078761427e-5
-9.377654070965532	1.4434078866363472e-5
-9.361946107697584	1.4473395385602607e-5
-9.346238144429634	1.451287453731668e-5
-9.330530181161686	1.4552517228680437e-5
-9.314822217893736	1.4592324373259313e-5
-9.299114254625788	1.4632296891064123e-5
-9.283406291357839	1.4672435708606001e-5
-9.267698328089889	1.4712741758952266e-5
-9.25199036482194	1.4753215981782248e-5
-9.236282401553991	1.4793859323444327e-5
-9.220574438286043	1.4834672737013246e-5
-9.204866475018093	1.4875657182347899e-5
-9.189158511750145	1.4916813626149933e-5
-9.173450548482196	1.4958143042022795e-5
-9.157742585214248	1.4999646410531388e-5
-9.142034621946298	1.5041324719262467e-5
-9.12632665867835	1.5083178962885487e-5
-9.1106186954104	1.5125210143214113e-5
-9.09491073214245	1.5167419269268545e-5
-9.079202768874502	1.5209807357337973e-5
-9.063494805606553	1.5252375431044458e-5
-9.047786842338605	1.529512452140675e-5
-9.032078879070655	1.533805566690509e-5
-9.016370915802707	1.5381169913546622e-5
-9.000662952534757	1.5424468314931658e-5
-8.984954989266809	1.546795193232021e-5
-8.96924702599886	1.551162183469961e-5
-8.953539062730911	1.5555479098852658e-5
-8.937831099462962	1.559952480942646e-5
-8.922123136195012	1.5643760059002162e-5
-8.906415172927064	1.5688185948165014e-5
-8.890707209659114	1.5732803585575734e-5
-8.874999246391166	1.5777614088042096e-5
-8.859291283123216	1.582261858059148e-5
-8.843583319855268	1.5867818196544248e-5
-8.827875356587318	1.5913214077587907e-5
-8.81216739331937	1.5958807373851726e-5
-8.79645943005142	1.6004599243982636e-5
-8.780751466783471	1.6050590855221473e-5
-8.765043503515523	1.609678338348036e-5
-8.749335540247573	1.6143178013420744e-5
-8.733627576979625	1.618977593853216e-5
-8.717919613711675	1.6236578361212287e-5
-8.702211650443727	1.6283586492847092e-5
-8.686503687175778	1.6330801553892604e-5
-8.67079572390783	1.63782247739571e-5
-8.65508776063988	1.642585739188439e-5
-8.63937979737193	1.647370065583762e-5
-8.623671834103982	1.6521755823384474e-5
-8.607963870836032	1.6570024161583208e-5
-8.592255907568084	1.6618506947069012e-5
-8.576547944300135	1.6667205466142186e-5
-8.560839981032187	1.6716121014856638e-5
-8.545132017764237	1.676525489910946e-5
-8.529424054496289	1.681460843473174e-5
-8.51371609122834	1.6864182947580198e-5
-8.498008127960391	1.6913979773629333e-5
-8.482300164692441	1.6964000259065663e-5
-8.466592201424492	1.7014245760381843e-5
-8.450884238156544	1.706471764447268e-5
-8.435176274888594	1.7115417288731592e-5
-8.419468311620646	1.716634608114839e-5
-8.403760348352696	1.7217505420408296e-5
-8.388052385084748	1.726889671599164e-5
-8.372344421816798	1.7320521388274975e-5
-8.35663645854885	1.73723808686333e-5
-8.3409284952809	1.7424476599543096e-5
-8.325220532012953	1.7476810034686893e-5
-8.309512568745003	1.7529382639058765e-5
-8.293804605477053	1.7582195889071137e-5
-8.278096642209105	1.7635251272662497e-5
-8.262388678941155	1.768855028940671e-5
-8.246680715673207	1.7742094450623264e-5
-8.230972752405258	1.779588527948882e-5
-8.21526478913731	1.7849924311149976e-5
-8.19955682586936	1.7904213092837484e-5
-8.183848862601412	1.7958753183981434e-5
-8.168140899333462	1.8013546156328e-5
-8.152432936065512	1.806859359405738e-5
-8.136724972797564	1.812389709390314e-5
-8.121017009529615	1.817945826527264e-5
-8.105309046261667	1.8235278730369322e-5
-8.089601082993717	1.8291360124315868e-5
-8.073893119725769	1.8347704095279217e-5
-8.058185156457819	1.840431230459655e-5
-8.042477193189871	1.846118642690298e-5
-8.026769229921921	1.851832815026086e-5
-8.011061266653972	1.8575739176290063e-5
-7.995353303386024	1.8633421220300287e-5
-7.979645340118075	1.8691376011424495e-5
-7.963937376850126	1.8749605292754107e-5
-7.948229413582177	1.880811082147577e-5
-7.932521450314228	1.88668943690094e-5
-7.916813487046278	1.8925957721148236e-5
-7.901105523778329	1.8985302678200227e-5
-7.8853975605103805	1.904493105513119e-5
-7.869689597242432	1.9104844681709478e-5
-7.853981633974483	1.9165045402652568e-5
-7.838273670706534	1.9225535077775175e-5
-7.822565707438585	1.928631558213919e-5
-7.806857744170636	1.93473888062052e-5
-7.791149780902687	1.940875665598609e-5
-7.7754418176347375	1.9470421053202258e-5
-7.759733854366789	1.9532383935438426e-5
-7.74402589109884	1.9594647256302834e-5
-7.728317927830891	1.9657212985587952e-5
-7.712609964562942	1.9720083109432996e-5
-7.696902001294993	1.9783259630488736e-5
-7.681194038027044	1.984674456808398e-5
-7.665486074759095	1.991053995839405e-5
-7.6497781114911465	1.997464785461142e-5
-7.634070148223198	2.003907032711827e-5
-7.618362184955249	2.010380946366107e-5
-7.602654221687299	2.01688673695274e-5
-7.58694625841935	2.0234246167724737e-5
-7.571238295151401	2.0299947999161475e-5
-7.555530331883452	2.0365975022830143e-5
-7.5398223686155035	2.0432329415992687e-5
-7.524114405347555	2.0499013374368238e-5
-7.508406442079606	2.056602911232288e-5
-7.492698478811657	2.063337886306191e-5
-7.476990515543708	2.070106487882445e-5
-7.461282552275758	2.0769089431080106e-5
-7.445574589007809	2.08374548107286e-5
-7.4298666257398605	2.0906163328301153e-5
-7.414158662471912	2.0975217314165e-5
-7.398450699203963	2.1044619118729944e-5
-7.382742735936014	2.1114371112657638e-5
-7.367034772668065	2.1184475687073298e-5
-7.351326809400116	2.1254935253780295e-5
-7.335618846132167	2.1325752245477175e-5
-7.319910882864218	2.139692911597736e-5
-7.304202919596269	2.1468468340431698e-5
-7.28849495632832	2.1540372415553745e-5
-7.272786993060371	2.1612643859847727e-5
-7.257079029792422	2.1685285213839556e-5
-7.241371066524473	2.1758299040310463e-5
-7.225663103256524	2.1831687924533857e-5
-7.209955139988575	2.1905454474514884e-5
-7.194247176720626	2.1979601321233208e-5
-7.1785392134526775	2.2054131118888583e-5
-7.162831250184729	2.212904654514988e-5
-7.147123286916779	2.2204350301407062e-5
-7.13141532364883	2.228004511302613e-5
-7.115707360380881	2.235613372960775e-5
-7.099999397112932	2.2432618925248924e-5
-7.084291433844983	2.2509503498807786e-5
-7.0685834705770345	2.258679027417234e-5
-7.052875507309086	2.266448210053199e-5
-7.037167544041137	2.2742581852653058e-5
-7.021459580773188	2.2821092431157475e-5
-7.005751617505239	2.2900016762805287e-5
-6.99004365423729	2.2979357800780765e-5
-6.97433569096934	2.305911852498193e-5
-6.9586277277013915	2.3139301942314362e-5
-6.942919764433443	2.321991108698829e-5
-6.927211801165494	2.3300949020819792e-5
-6.911503837897545	2.3382418833535915e-5
-6.895795874629596	2.346432364308358e-5
-6.880087911361647	2.354666659594302e-5
-6.864379948093698	2.362945086744447e-5
-6.848671984825749	2.3712679662089907e-5
-6.8329640215578	2.3796356213878446e-5
-6.817256058289851	2.38804837866361e-5
-6.801548095021902	2.3965065674350088e-5
-6.785840131753953	2.4050105201507426e-5
-6.770132168486004	2.413560572343832e-5
-6.754424205218055	2.4221570626662984e-5
-6.738716241950106	2.4308003329244607e-5
-6.7230082786821574	2.4394907281146276e-5
-6.707300315414209	2.4482285964592426e-5
-6.69159235214626	2.4570142894435342e-5
-6.675884388878311	2.4658481618526923e-5
-6.660176425610361	2.474730571809514e-5
-6.644468462342412	2.4836618808125188e-5
-6.628760499074463	2.4926424537746342e-5
-6.613052535806514	2.501672659062414e-5
-6.5973445725385655	2.5107528685356966e-5
-6.581636609270617	2.5198834575879245e-5
-6.565928646002668	2.5290648051869034e-5
-6.550220682734719	2.538297293916191e-5
-6.53451271946677	2.5475813100169977e-5
-6.51880475619882	2.5569172434307354e-5
-6.503096792930871	2.566305487842018e-5
-6.4873888296629225	2.5757464407224168e-5
-6.471680866394974	2.585240503374671e-5
-6.455972903127025	2.5947880809776116e-5
-6.440264939859076	2.6043895826316605e-5
-6.424556976591127	2.614045421404932e-5
-6.408849013323178	2.6237560143800734e-5
-6.393141050055229	2.633521782701613e-5
-6.37743308678728	2.6433431516241226e-5
-6.3617251235193315	2.6532205505609152e-5
-6.346017160251382	2.66315441313352e-5
-6.330309196983433	2.6731451772218033e-5
-6.314601233715484	2.6831932850148084e-5
-6.298893270447535	2.693299183062332e-5
-6.283185307179586	2.7034633223271716e-5
-6.267477343911637	2.7136861582381644e-5
-6.2517693806436885	2.7239681507439757e-5
-6.23606141737574	2.73430976436761e-5
-6.220353454107791	2.7447114682617667e-5
-6.204645490839841	2.7551737362648717e-5
-6.188937527571892	2.7656970469580745e-5
-6.173229564303943	2.776281883722891e-5
-6.157521601035994	2.786928734799798e-5
-6.1418136377680455	2.797638093347629e-5
-6.126105674500097	2.8084104575038e-5
-6.110397711232148	2.819246330445439e-5
-6.094689747964199	2.8301462204513956e-5
-6.07898178469625	2.8411106409651553e-5
-6.063273821428301	2.852140110658656e-5
-6.047565858160352	2.8632351534970156e-5
-6.031857894892402	2.8743962988042826e-5
-6.0161499316244536	2.8856240813300625e-5
-6.000441968356505	2.8969190413171633e-5
-5.984734005088556	2.9082817245702298e-5
-5.969026041820607	2.91971268252541e-5
-5.953318078552658	2.9312124723210143e-5
-5.937610115284709	2.942781656869234e-5
-5.92190215201676	2.9544208049289616e-5
-5.906194188748811	2.9661304911796308e-5
-5.890486225480862	2.9779112962962037e-5
-5.874778262212913	2.989763807025267e-5
-5.859070298944964	3.0016886162622773e-5
-5.843362335677015	3.0136863231299204e-5
-5.827654372409066	3.0257575330577367e-5
-5.811946409141117	3.0379028578628486e-5
-5.796238445873168	3.050122915832007e-5
-5.7805304826052195	3.062418331804753e-5
-5.764822519337271	3.0747897372580164e-5
-5.749114556069322	3.087237770391832e-5
-5.733406592801373	3.0997630762164764e-5
-5.717698629533423	3.112366306640886e-5
-5.701990666265474	3.125048120562447e-5
-5.686282702997525	3.1378091839581584e-5
-5.6705747397295765	3.150650169977192e-5
-5.654866776461628	3.163571759034936e-5
-5.639158813193679	3.176574638908388e-5
-5.62345084992573	3.189659504833135e-5
-5.607742886657781	3.202827059601795e-5
-5.592034923389832	3.216078013663949e-5
-5.576326960121882	3.229413085227737e-5
-5.5606189968539335	3.242833000362932e-5
-5.544911033585985	3.2563384931057616e-5
-5.529203070318036	3.2699303055652086e-5
-5.513495107050087	3.283609188031157e-5
-5.497787143782138	3.2973758990841304e-5
-5.482079180514189	3.31123120570686e-5
-5.46637121724624	3.325175883397524e-5
-5.450663253978291	3.3392107162848834e-5
-5.4349552907103424	3.353336497245194e-5
-5.419247327442394	3.3675540280210245e-5
-5.403539364174444	3.381864119341979e-5
-5.387831400906495	3.396267591047313e-5
-5.372123437638546	3.410765272210601e-5
-5.356415474370597	3.425358001266355e-5
-5.340707511102648	3.440046626138727e-5
-5.324999547834699	3.4548320043723126e-5
-5.3092915845667505	3.4697150032650254e-5
-5.293583621298802	3.484696500003212e-5
-5.277875658030853	3.499777381798944e-5
-5.262167694762903	3.5149585460295436e-5
-5.246459731494954	3.530240900379438e-5
-5.230751768227005	3.5456253629843284e-5
-5.215043804959056	3.5611128625777416e-5
-5.1993358416911075	3.5767043386400604e-5
-5.183627878423159	3.592400741549923e-5
-5.16791991515521	3.6082030327382415e-5
-5.152211951887261	3.6241121848447735e-5
-5.136503988619312	3.640129181877247e-5
-5.120796025351363	3.65625501937325e-5
-5.105088062083414	3.672490704564788e-5
-5.0893800988154645	3.688837256545596e-5
-5.073672135547516	3.7052957064413584e-5
-5.057964172279567	3.7218670975827174e-5
-5.042256209011618	3.738552485681309e-5
-5.026548245743669	3.7553529390087287e-5
-5.01084028247572	3.77226953857862e-5
-4.995132319207771	3.789303378331817e-5
-4.979424355939822	3.806455565324712e-5
-4.9637163926718735	3.823727219920822e-5
-4.948008429403924	3.8411194759857576e-5
-4.932300466135975	3.8586334810854205e-5
-4.916592502868026	3.876270396687768e-5
-4.900884539600077	3.8940313983680334e-5
-4.885176576332128	3.911917676017525e-5
-4.869468613064179	3.929930434056092e-5
-4.8537606497962305	3.9480708916483033e-5
-4.838052686528282	3.966340282923451e-5
-4.822344723260333	3.9847398571994094e-5
-4.806636759992384	4.003270879210468e-5
-4.790928796724435	4.021934629339161e-5
-4.775220833456485	4.040732403852312e-5
-4.759512870188536	4.059665515141223e-5
-4.743804906920587	4.0787352919660775e-5
-4.7280969436526386	4.0979430797049335e-5
-4.71238898038469	4.1172902406069606e-5
-4.696681017116741	4.136778154050428e-5
-4.680973053848792	4.156408216805214e-5
-4.665265090580843	4.176181843300162e-5
-4.649557127312894	4.196100465895252e-5
-4.633849164044944	4.2161655351587686e-5
-4.6181412007769955	4.2363785201494645e-5
-4.602433237509047	4.25674090870398e-5
-4.586725274241098	4.277254207729498e-5
-4.571017310973149	4.297919943501776e-5
-4.5553093477052	4.3187396619687205e-5
-4.539601384437251	4.339714929059537e-5
-4.523893421169302	4.360847330999747e-5
-4.508185457901353	4.382138474631898e-5
-4.4924774946334045	4.4035899877423914e-5
-4.476769531365456	4.425203519394417e-5
-4.461061568097506	4.446980740267121e-5
-4.445353604829557	4.468923343001162e-5
-4.429645641561608	4.4910330425508334e-5
-4.413937678293659	4.513311576542837e-5
-4.39822971502571	4.5357607056418954e-5
-4.3825217517577615	4.558382213923307e-5
-4.366813788489813	4.581177909252673e-5
-4.351105825221864	4.604149623672827e-5
-4.335397861953915	4.6272992137983524e-5
-4.319689898685965	4.650628561217522e-5
-4.303981935418016	4.674139572902171e-5
-4.288273972150067	4.697834181625482e-5
-4.2725660088821185	4.721714346387871e-5
-4.25685804561417	4.7457820528511445e-5
-4.241150082346221	4.7700393137813415e-5
-4.225442119078272	4.794488169500059e-5
-4.209734155810323	4.8191306883448415e-5
-4.194026192542374	4.8439689671385114e-5
-4.178318229274425	4.8690051316678916e-5
-4.162610266006476	4.894241337172114e-5
-4.146902302738527	4.919679768840483e-5
-4.131194339470578	4.945322642320449e-5
-4.115486376202629	4.9711722042356954e-5
-4.09977841293468	4.997230732714795e-5
-4.084070449666731	5.0235005379301845e-5
-4.068362486398782	5.04998396264853e-5
-4.052654523130833	5.076683382791909e-5
-4.036946559862884	5.1036012080105705e-5
-4.0212385965949355	5.130739882267327e-5
-4.005530633326986	5.158101884434158e-5
-3.9898226700590373	5.185689728900643e-5
-3.9741147067910885	5.213505966195433e-5
-3.958406743523139	5.2415531836202856e-5
-3.9426987802551903	5.26983400589729e-5
-3.9269908169872414	5.298351095829672e-5
-3.9112828537192925	5.327107154976379e-5
-3.8955748904513436	5.356104924340773e-5
-3.8798669271833943	5.3853471850737235e-5
-3.8641589639154454	5.414836759191822e-5
-3.8484510006474966	5.444576510310398e-5
-3.8327430373795477	5.4745693443924656e-5
-3.817035074111599	5.5048182105133374e-5
-3.8013271108436495	5.535326101641809e-5
-3.7856191475757006	5.566096055437965e-5
-3.7699111843077517	5.597131155068119e-5
-3.754203221039803	5.6284345300374914e-5
-3.738495257771854	5.660009357040739e-5
-3.7227872945039047	5.691858860831192e-5
-3.707079331235956	5.723986315108718e-5
-3.691371367968007	5.756395043427319e-5
-3.675663404700058	5.789088420122499e-5
-3.659955441432109	5.822069871259049e-5
-3.64424747816416	5.855342875599823e-5
-3.628539514896211	5.888910965595949e-5
-3.612831551628262	5.9227777283990726e-5
-3.597123588360313	5.956946806896208e-5
-3.5814156250923643	5.991421900767788e-5
-3.565707661824415	6.026206767569449e-5
-3.549999698556466	6.06130522383827e-5
-3.5342917352885173	6.096721146223931e-5
-3.5185837720205684	6.13245847264567e-5
-3.5028758087526195	6.16852120347559e-5
-3.48716784548467	6.204913402749001e-5
-3.4714598822167213	6.241639199402504e-5
-3.4557519189487724	6.278702788540654e-5
-3.4400439556808236	6.316108432731827e-5
-3.4243359924128747	6.353860463334224e-5
-3.4086280291449254	6.391963281852632e-5
-3.3929200658769765	6.430421361326954e-5
-3.3772121026090276	6.469239247753278e-5
-3.3615041393410787	6.508421561538349e-5
-3.34579617607313	6.547972998988343e-5
-3.3300882128051805	6.587898333833106e-5
-3.3143802495372316	6.628202418786354e-5
-3.2986722862692828	6.668890187143365e-5
-3.282964323001334	6.709966654416801e-5
-3.267256359733385	6.751436920011925e-5
-3.2515483964654357	6.793306168942266e-5
-3.235840433197487	6.835579673586728e-5
-3.220132469929538	6.878262795489526e-5
-3.204424506661589	6.92136098720411e-5
-3.18871654339364	6.96487979418198e-5
-3.173008580125691	7.00882485670835e-5
-3.157300616857742	7.053201911885146e-5
-3.141592653589793	7.0980167956635e-5
-3.1258846903218442	7.143275444926568e-5
-3.1101767270538954	7.188983899624404e-5
-3.094468763785946	7.235148304962363e-5
-3.078760800517997	7.28177491364448e-5
-3.0630528372500483	7.32887008817358e-5
-3.0473448739820994	7.376440303209643e-5
-3.0316369107141505	7.42449214798823e-5
-3.015928947446201	7.473032328800619e-5
-3.0002209841782523	7.522067671537639e-5
-2.9845130209103035	7.57160512429897e-5
-2.9688050576423546	7.6216517600699e-5
-2.9530970943744057	7.672214779467522e-5
-2.9373891311064564	7.723301513558618e-5
-2.9216811678385075	7.774919426751072e-5
-2.9059732045705586	7.827076119761345e-5
-2.8902652413026098	7.879779332660279e-5
-2.874557278034661	7.93303694799939e-5
-2.8588493147667116	7.986856994020477e-5
-2.8431413514987627	8.041247647950658e-5
-2.827433388230814	8.096217239385999e-5
-2.811725424962865	8.151774253766143e-5
-2.796017461694916	8.207927335942715e-5
-2.7803094984269667	8.264685293844734e-5
-2.764601535159018	8.32205710224381e-5
-2.748893571891069	8.380051906622543e-5
-2.73318560862312	8.438679027149068e-5
-2.7174776453551712	8.497947962761395e-5
-2.701769682087222	8.557868395364827e-5
-2.686061718819273	8.618450194146468e-5
-2.670353755551324	8.67970342000999e-5
-2.6546457922833753	8.741638330135254e-5
-2.6389378290154264	8.804265382666171e-5
-2.623229865747477	8.867595241531548e-5
-2.607521902479528	8.931638781402912e-5
-2.5918139392115793	8.996407092793981e-5
-2.5761059759436304	9.0619114873065e-5
-2.5603980126756816	9.128163503027082e-5
-2.5446900494077322	9.195174910080516e-5
-2.5289820861397834	9.262957716344246e-5
-2.5132741228718345	9.33152417332992e-5
-2.4975661596038856	9.400886782237483e-5
-2.4818581963359367	9.47105830018746e-5
-2.4661502330679874	9.542051746638012e-5
-2.4504422698000385	9.613880409992458e-5
-2.4347343065320897	9.686557854404564e-5
-2.419026343264141	9.760097926787686e-5
-2.403318379996192	9.8345147640355e-5
-2.3876104167282426	9.909822800461186e-5
-2.3719024534602937	9.98603677546309e-5
-2.356194490192345	0.00010063171741424842
-2.340486526924396	0.00010141243071857872
-2.324778563656447	0.00010220266469795332
-2.3090706003884978	0.00010300257976446297
-2.293362637120549	0.00010381233980119519
-2.2776546738526	0.00010463211225426576
-2.261946710584651	0.00010546206822774297
-2.2462387473167023	0.00010630238258157644
-2.230530784048753	0.00010715323403263018
-2.214822820780804	0.00010801480525894529
-2.199114857512855	0.00010888728300734267
-2.1834068942449063	0.00010977085820449727
-2.1676989309769574	0.00011066572607160594
-2.151990967709008	0.00011157208624279156
-2.1362830044410592	0.00011249014288737778
-2.1205750411731104	0.00011342010483618559
-2.1048670779051615	0.00011436218571200346
-2.0891591146372126	0.00011531660406438891
-2.0734511513692633	0.00011628358350897207
-2.0577431881013144	0.00011726335287143199
-2.0420352248333655	0.00011825614633633147
-2.0263272615654166	0.00011926220360099256
-2.0106192982974678	0.00012028177003462227
-1.9949113350295187	0.00012131509684288496
-1.9792033717615696	0.00012236244123814432
-1.9634954084936207	0.00012342406661559828
-1.9477874452256718	0.0001245002427355459
-1.9320794819577227	0.00012559124591203066
-1.9163715186897738	0.00012669735920812125
-1.9006635554218247	0.00012781887263809866
-1.8849555921538759	0.0001289560833768335
-1.869247628885927	0.0001301092959766521
-1.853539665617978	0.00013127882259199915
-1.837831702350029	0.00013246498321222057
-1.82212373908208	0.00013366810590281216
-1.806415775814131	0.00013488852705548796
-1.7907078125461822	0.0001361265916474384
-1.774999849278233	0.00013738265351018018
-1.7592918860102842	0.00013865707560839835
-1.743583922742335	0.00013995023032922335
-1.7278759594743862	0.00014126249978239618
-1.7121679962064373	0.00014259427611184304
-1.6964600329384882	0.00014394596181946856
-1.6807520696705394	0.00014531797010872076
-1.6650441064025903	0.0001467107252267682
-1.6493361431346414	0.00014812466271865295
-1.6336281798666925	0.00014956023011933805
-1.6179202165987434	0.00015101788698199676
-1.6022122533307945	0.00015249810547483624
-1.5865042900628454	0.00015400137076735604
-1.5707963267948966	0.00015552818146887727
-1.5550883635269477	0.00015707905008549146
-1.5393804002589986	0.00015865450349556505
-1.5236724369910497	0.0001602550834445961
-1.5079644737231006	0.00016188134706032395
-1.4922565104551517	0.00016353386738905158
-1.4765485471872029	0.0001652132339541934
-1.4608405839192538	0.00016692005333811952
-1.4451326206513049	0.00016865494978842802
-1.4294246573833558	0.00017041856584984282
-1.413716694115407	0.00017221156302299752
-1.398008730847458	0.00017403462245144767
-1.382300767579509	0.00017588844563833005
-1.36659280431156	0.00017777375519418306
-1.350884841043611	0.00017969129561753433
-1.335176877775662	0.00018164183410999553
-1.3194689145077132	0.0001836261614277289
-1.303760951239764	0.0001856450927713451
-1.2880529879718152	0.0001876994687165373
-1.2723450247038661	0.0001897901561881394
-1.2566370614359172	0.00019191804948089533
-1.2409290981679684	0.000194084071331383
-1.2252211349000193	0.00019628917404770525
-1.2095131716320704	0.00019853434070839853
-1.1938052083641213	0.0002008205864533196
-1.1780972450961724	0.00020314895991893864
-1.1623892818282235	0.00020552054495778153
-1.1466813185602744	0.00020793646307996235
-1.1309733552923256	0.00021039787829955426
-1.1152653920243765	0.00021290601303815867
-1.0995574287564276	0.0002154622480056055
-1.0838494654884787	0.00021807048162082642
-1.0681415022205296	0.0002207266762108256
-1.0524335389525807	0.00022343065494587465
-1.0367255756846316	0.00022619122130381213
-1.0210176124166828	0.00022900674570936098
-1.0053096491487339	0.0002318785882618887
-0.9896016858807848	0.00023480829061155848
-0.9738937226128359	0.00023779747165191605
-0.9581857593448869	0.00024084781480289026
-0.9424777960769379	0.00024396106711427256
-0.926769832808989	0.00024713904096570685
-0.91106186954104	0.00025038361660229973
-0.8953539062730911	0.0002536967450609041
-0.8796459430051421	0.00025708045135510143
-0.8639379797371931	0.0002605368378783858
-0.8482300164692441	0.0002640680880163822
-0.8325220532012951	0.00026767646997134835
-0.8168140899333463	0.000271364340807884
-0.8011061266653973	0.00027513415073186727
-0.7853981633974483	0.0002789884476167577
-0.7696902001294993	0.00028292988179301503
-0.7539822368615503	0.00028696121111792926
-0.7382742735936014	0.0002910853063446528
-0.7225663103256524	0.00029530515681076857
-0.7068583470577035	0.00029962387646839266
-0.6911503837897545	0.0003040447102795741
-0.6754424205218055	0.00030857104100267163
-0.6597344572538566	0.0003132063963974587
-0.6440264939859076	0.00031795445687898745
-0.6283185307179586	0.0003228190636526826
-0.6126105674500096	0.0003278042273658545
-0.5969026041820606	0.0003329141373137419
-0.5811946409141118	0.0003381531712414196
-0.5654866776461628	0.0003435259057864236
-0.5497787143782138	0.0003490371276108125
-0.5340707511102648	0.0003546918452756101
-0.5183627878423158	0.00036049530191522054
-0.5026548245743669	0.00036645298877451606
-0.48694686130641796	0.00037257065967692655
-0.47123889803846897	0.00037885434649800604
-0.45553093477052	0.0003853103757258157
-0.43982297150257105	0.00039194538619693716
-0.42411500823462206	0.0003987663481052502
-0.4084070449666731	0.00040578058338978825
-0.39269908169872414	0.00041299578761810473
-0.37699111843077515	0.0004204200534928753
-0.3612831551628262	0.00042806189612187693
-0.34557519189487723	0.0004359302802053669
-0.3298672286269283	0.00044403464931024424
-0.3141592653589793	0.00045238495741748927
-0.2984513020910303	0.00046099170294845536
-0.2827433388230814	0.0004698659654968417
-0.2670353755551324	0.0004790194455169132
-0.25132741228718347	0.0004884645072451055
-0.23561944901923448	0.0004982142251618391
-0.21991148575128552	0.0005082824343337263
-0.20420352248333656	0.0005186837850137342
-0.18849555921538758	0.0005294338019189128
-0.17278759594743862	0.000540548948652643
-0.15707963267948966	0.000552046697791711
-0.1413716694115407	0.0005639456072187477
-0.12566370614359174	0.0005762654033487128
-0.10995574287564276	0.0005890270719752282
-0.09424777960769379	0.0006022529575501
-0.07853981633974483	0.0006159668718087641
-0.06283185307179587	0.0006301942127675898
-0.047123889803846894	0.0006449620952479427
-0.031415926535897934	0.0006602994942293215
-0.015707963267948967	0.0006762374025024201
0.0	0.0006928090043088218
0.015707963267948967	0.0007100498666946028
0.031415926535897934	0.0007279981511970638
0.047123889803846894	0.0007466948475039509
0.06283185307179587	0.0007661840326585802
0.07853981633974483	0.0007865131585040909
0.09424777960769379	0.0008077333711541252
0.10995574287564276	0.0008298998666281827
0.12566370614359174	0.00085307228743321
0.1413716694115407	0.000877315165598642
0.15707963267948966	0.0009026984185223737
0.17278759594743862	0.0009292979049843197
0.18849555921538758	0.0009571960498610831
0.20420352248333656	0.0009864825474656758
0.21991148575128552	0.0010172551550834009
0.23561944901923448	0.0010496205902322084
0.25132741228718347	0.0010836955475085495
0.2670353755551324	0.0011196078536689132
0.2827433388230814	0.001157497782942915
0.2984513020910303	0.0011975195586012325
0.3141592653589793	0.0012398430716663031
0.3298672286269283	0.0012846558535518345
0.34557519189487723	0.0013321653465952947
0.3612831551628262	0.0013826015252185074
0.37699111843077515	0.0014362199312129165
0.39269908169872414	0.001493305199907075
0.4084070449666731	0.0015541751703881381
0.42411500823462206	0.0016191856933625527
0.43982297150257105	0.0016887362757522276
0.45553093477052	0.001763276733168349
0.47123889803846897	0.001843315061876343
0.48694686130641796	0.0019294267932651122
0.5026548245743669	0.002022266159499668
0.5183627878423158	0.002122579483448957
0.5340707511102648	0.0022312213152030063
0.5497787143782138	0.002349173979789739
0.5654866776461628	0.0024775713874361782
0.5811946409141118	0.0026177282046504755
0.5969026041820606	0.0027711758135908937
0.6126105674500096	0.0029397069298192904
0.6283185307179586	0.0031254313491497873
0.6440264939859076	0.0033308461172211093
0.6597344572538566	0.0035589245546334275
0.6754424205218055	0.003813230165067378
0.6911503837897545	0.0040980637122914765
0.7068583470577035	0.00441865499170314
0.7225663103256524	0.004781415532282797
0.7382742735936014	0.005194275419443328
0.7539822368615503	0.005667137848726445
0.7696902001294993	0.006212500931105064
0.7853981633974483	0.006846320994340354
0.8011061266653973	0.007589230880225827
0.8168140899333463	0.00846829048048206
0.8325220532012951	0.00951955290889035
0.8482300164692441	0.010791911511569479
0.8639379797371931	0.012353014192717476
0.8796459430051421	0.014298619682201365
0.8953539062730911	0.016767891160287256
0.91106186954104	0.01996935905971603
0.926769832808989	0.0242269920924365
0.9424777960769379	0.030066365183034436
0.9581857593448869	0.03838639732675585
0.9738937226128359	0.050829585936711746
0.9896016858807848	0.07066383522048406
1.0053096491487339	0.10517786990565936
1.0210176124166828	0.1734935573080784
1.0367255756846316	0.3401590283617882
1.0524335389525807	0.950493716524327
1.0681415022205296	8.829677746748658
1.0838494654884787	7.680027276867354
1.0995574287564276	0.9069843504738743
1.1152653920243765	0.3310534723039646
1.1309733552923256	0.17054884812644777
1.1466813185602744	0.10421192098195482
1.1623892818282235	0.07058972024979678
1.1780972450961724	0.05127047768505802
1.1938052083641213	0.03918841776495588
1.2095131716320704	0.0311617183784807
1.2252211349000193	0.02558681266854138
1.2409290981679684	0.021585055970047264
1.2566370614359172	0.01864307648611427
1.2723450247038661	0.016445496997207248
1.2880529879718152	0.014790879185706847
1.303760951239764	0.013546934475768468
1.3194689145077132	0.012624589675821713
1.335176877775662	0.011964688735228312
1.350884841043611	0.011527798741414819
1.36659280431156	0.011289665799416588
1.382300767579509	0.011238081479874722
1.398008730847458	0.011371479102284766
1.413716694115407	0.011698829616039616
1.4294246573833558	0.012240825007228734
1.4451326206513049	0.013032614297326882
1.4608405839192538	0.014128727692759836
1.4765485471872029	0.015611417412121733
1.4922565104551517	0.017604784194537936
1.5079644737231006	0.02029917687378843
1.5236724369910497	0.02399505773029257
1.5393804002589986	0.029185887300165372
1.5550883635269477	0.03672508335727361
1.5707963267948966	0.04819043187867662
1.5865042900628454	0.06676569042373318
1.6022122533307945	0.09968604760870588
1.6179202165987434	0.1664579781321555
1.6336281798666925	0.3359648535901798
1.6493361431346414	1.0131908476883704
1.6650441064025903	14.682280067274263
1.6807520696705394	4.3039652705522915
1.6964600329384882	0.6765957871109964
1.7121679962064373	0.26374991998547787
1.7278759594743862	0.13987321703735903
1.743583922742335	0.08680643156918744
1.7592918860102842	0.0592958806941199
1.774999849278233	0.04321691350111311
1.7907078125461822	0.03300966782724262
1.806415775814131	0.026125889225933365
1.82212373908208	0.021264004660751137
1.837831702350029	0.017702856924409757
1.853539665617978	0.015016685366160475
1.869247628885927	0.012940977507518657
1.8849555921538759	0.011304371359878948
1.9006635554218247	0.00999189609456311
1.9163715186897738	0.008924097343656632
1.9320794819577227	0.008044606504558478
1.9477874452256718	0.007312618789231475
1.9634954084936207	0.006697950309276241
1.9792033717615696	0.0061779260595998175
1.9949113350295187	0.005735252577833068
2.0106192982974678	0.005356568824904611
2.0263272615654166	0.005031435282586992
2.0420352248333655	0.004751616435161166
2.0577431881013144	0.004510563623979418
2.0734511513692633	0.004303037261714854
2.0891591146372126	0.004124827629235642
2.1048670779051615	0.003972546545961822
2.1205750411731104	0.003843470808199173
2.1362830044410592	0.003735424059303494
2.151990967709008	0.003646687694683852
2.1676989309769574	0.003575934144951291
2.1834068942449063	0.003522177827593215
2.199114857512855	0.00348474049083753
2.214822820780804	0.003463228663373248
2.230530784048753	0.0034575218128498424
2.2462387473167023	0.0034677708033902972
2.261946710584651	0.0034944065972630353
2.2776546738526	0.0035381587628565895
2.293362637120549	0.0036000870701478646
2.3090706003884978	0.003681626811158894
2.324778563656447	0.003784651774517481
2.340486526924396	0.003911559553600352
2.356194490192345	0.0040653860405126955
2.3719024534602937	0.00424996009172656
2.3876104167282426	0.004470103091278863
2.403318379996192	0.004731917299147276
2.419026343264141	0.005043165253987753
2.4347343065320897	0.005413791981254294
2.4504422698000385	0.005856672138817475
2.4661502330679874	0.006388667995385701
2.4818581963359367	0.00703216982267906
2.4975661596038856	0.007817383805006595
2.5132741228718345	0.008785811656317366
2.5289820861397834	0.009995687017784211
2.5446900494077322	0.011530734305874802
2.5603980126756816	0.013514789731031806
2.5761059759436304	0.016137237809457264
2.5918139392115793	0.01969946698312499
2.607521902479528	0.024704847553362237
2.623229865747477	0.03204585892727789
2.6389378290154264	0.043429830162800345
2.6546457922833753	0.06246675797709731
2.670353755551324	0.09792282115912912
2.686061718819273	0.17594924077662294
2.701769682087222	0.40677512607102984
2.7174776453551712	1.7800587442532587
2.73318560862312	123.9582291010424
2.748893571891069	1.247877802396478
2.764601535159018	0.34060057572005725
2.7803094984269667	0.15632510719371798
2.796017461694916	0.08960391799191973
2.811725424962865	0.05816149326917963
2.827433388230814	0.040889122355871776
2.8431413514987627	0.03039429078621836
2.8588493147667116	0.023544902223555906
2.874557278034661	0.018829569720356723
2.8902652413026098	0.015446271509119923
2.9059732045705586	0.012937331617554403
2.9216811678385075	0.011026125504118545
2.9373891311064564	0.009537476043694957
2.9530970943744057	0.008356081478952556
2.9688050576423546	0.007403542881741474
2.9845130209103035	0.0066250765241697976
3.0002209841782523	0.0059813716193272215
3.015928947446201	0.0054438071871724175
3.0316369107141505	0.004991009039031479
3.0473448739820994	0.004606817930501444
3.0630528372500483	0.004278836183188496
3.078760800517997	0.003997432319870715
3.094468763785946	0.0037550401306365912
3.1101767270538954	0.0035456555661679424
3.1258846903218442	0.0033644881041189887
3.141592653589793	0.0032076759435428785
3.157300616857742	0.0030720973897236134
3.173008580125691	0.002955219838515749
3.18871654339364	0.0028549868357768712
3.204424506661589	0.0027697320861282695
3.220132469929538	0.0026981137857530254
3.235840433197487	0.0026390646300777404
3.2515483964654357	0.00259175407181429
3.267256359733385	0.0025555607377893332
3.282964323001334	0.0025301200672161904
3.2986722862692828	0.002514967445767094
3.3143802495372316	0.002510222026505623
3.3300882128051805	0.002515898509772152
3.34579617607313	0.002532251576585668
3.3615041393410787	0.002559722743320599
3.3772121026090276	0.002598959520608128
3.3929200658769765	0.0026508387220983334
3.4086280291449254	0.002716513398221114
3.4243359924128747	0.0027974559932379376
3.4400439556808236	0.0028955320259192088
3.4557519189487724	0.0030130920368474034
3.4714598822167213	0.003153096072294894
3.48716784548467	0.003319281967418683
3.5028758087526195	0.0035163949012762654
3.5185837720205684	0.003750504393966321
3.5342917352885173	0.004029448295585031
3.549999698556466	0.004363464652364735
3.565707661824415	0.004766107544070083
3.5814156250923643	0.0052556020988123115
3.597123588360313	0.005856896411469951
3.612831551628262	0.006604851903744332
3.628539514896211	0.007549353745116999
3.64424747816416	0.008763789969135776
3.659955441432109	0.010359687094112398
3.675663404700058	0.012513209547087758
3.691371367968007	0.015515924826249599
3.707079331235956	0.019879002860185423
3.7227872945039047	0.02656631601979256
3.738495257771854	0.03757700623884462
3.754203221039803	0.057635237196782055
3.7699111843077517	0.10025563946440785
3.7856191475757006	0.21828804943692187
3.8013271108436495	0.8037558213219921
3.817035074111599	88.64603527260373
3.8327430373795477	1.1103053157697145
3.8484510006474966	0.25655839044446116
3.8641589639154454	0.11170676412025358
3.8798669271833943	0.06260324191874916
3.8955748904513436	0.04027308856854699
3.9112828537192925	0.02829198214337897
3.9269908169872414	0.021143562525130194
3.9426987802551903	0.01655372778491915
3.958406743523139	0.013446636829545878
3.9741147067910885	0.011260364599760701
3.9898226700590373	0.009678939416023758
4.005530633326986	0.008514790117642694
4.0212385965949355	0.00765308654015583
4.036946559862884	0.007025990394743893
4.052654523130833	0.006613141820910314
4.068362486398782	0.0065722911002136465
4.084070449666731	0.01747609124513429
4.09977841293468	0.006898434893244499
4.115486376202629	0.005970813139971122
4.131194339470578	0.005919350901785973
4.146902302738527	0.006059530684965401
4.162610266006476	0.006343175170616169
4.178318229274425	0.006781548384090064
4.194026192542374	0.007410411011821925
4.209734155810323	0.008291127317450396
4.225442119078272	0.009523769603708857
4.241150082346221	0.011274396587891864
4.25685804561417	0.013830885093618482
4.2725660088821185	0.01772475785611864
4.288273972150067	0.02402461712489908
4.303981935418016	0.0351444478664804
4.319689898685965	0.057532591715957135
4.335397861953915	0.11360748899947601
4.351105825221864	0.33086031670644983
4.366813788489813	4.025846381812417
4.3825217517577615	1.7254496939695076
4.39822971502571	0.24977565607879315
4.413937678293659	0.09620638581285146
4.429645641561608	0.051249040445625046
4.445353604829557	0.03224715847987351
4.461061568097506	0.022502162646764107
4.476769531365456	0.01687277990604031
4.4924774946334045	0.013353145741803787
4.508185457901353	0.011030327632930772
4.523893421169302	0.009441289342543076
4.539601384437251	0.008331811781021827
4.5553093477052	0.007553963451788022
4.571017310973149	0.007018149101039877
4.586725274241098	0.006669001237406272
4.602433237509047	0.006472610168613725
4.6181412007769955	0.006409572852453158
4.633849164044944	0.0064712831558966805
4.649557127312894	0.006658196893991879
4.665265090580843	0.0069796306787616455
4.680973053848792	0.007454808687621042
4.696681017116741	0.008115565348530149
4.71238898038469	0.009011313065658689
4.7280969436526386	0.010217728590821514
4.743804906920587	0.011852050207749461
4.759512870188536	0.014100886040856946
4.775220833456485	0.01727333979867092
4.790928796724435	0.021909317995472393
4.806636759992384	0.029019412192016446
4.822344723260333	0.04067629628111186
4.838052686528282	0.061697875552050724
4.8537606497962305	0.10552133881044212
4.869468613064179	0.22241259994464124
4.885176576332128	0.748191621482077
4.900884539600077	26.048277721150022
4.916592502868026	1.620805346378318
4.932300466135975	0.3261173568157509
4.948008429403924	0.1358851031512785
4.9637163926718735	0.07453283637789147
4.979424355939822	0.048700305166939135
4.995132319207771	0.05393365101951447
5.01084028247572	0.02444059934470674
5.026548245743669	0.018372110785544554
5.042256209011618	0.014487844194076014
5.057964172279567	0.011765553720199981
5.073672135547516	0.009771177750737886
5.0893800988154645	0.008262248520059032
5.105088062083414	0.0070921452018505955
5.120796025351363	0.006165659746522458
5.136503988619312	0.005419253111185256
5.152211951887261	0.004808930158031896
5.16791991515521	0.004303737129469833
5.183627878423159	0.0038812703673136656
5.1993358416911075	0.003525283530393975
5.215043804959056	0.0032241373484212955
5.230751768227005	0.002970161048121778
5.246459731494954	0.002760100980746443
5.262167694762903	0.0025988625110658927
5.277875658030853	0.0025150015232241964
5.293583621298802	0.0026537759234104043
5.3092915845667505	0.004601386657919159
5.324999547834699	0.03432420567037232
5.340707511102648	0.002859834406395472
5.356415474370597	0.0019937954079031275
5.372123437638546	0.0017280614880485362
5.387831400906495	0.0015783022320660575
5.403539364174444	0.0014697812079719054
5.419247327442394	0.0013817559637862265
5.4349552907103424	0.0013063211880939471
5.450663253978291	0.0012397454224569464
5.46637121724624	0.001179964160661937
5.482079180514189	0.0011256878265189765
5.497787143782138	0.0010760331805487857
5.513495107050087	0.0010303522505959006
5.529203070318036	0.000988145022356136
5.544911033585985	0.0009490111449948209
5.5606189968539335	0.0009126212948755792
5.576326960121882	0.0008786991394089704
5.592034923389832	0.0008470093707970117
5.607742886657781	0.0008173494216170235
5.62345084992573	0.0007895467935434888
5.639158813193679	0.0007634378608817043
5.654866776461628	0.0007388982690657859
5.6705747397295765	0.0007158066110917113
5.686282702997525	0.0006940593292455172
5.701990666265474	0.0006735659540851378
5.717698629533423	0.0006542480464697217
5.733406592801373	0.0006360385226742403
5.749114556069322	0.0006188820159380096
5.764822519337271	0.0006027513516567099
5.7805304826052195	0.0005875658313319699
5.796238445873168	0.0005733609301541065
5.811946409141117	0.0005601260108516583
5.827654372409066	0.0005478969473062113
5.843362335677015	0.000536757863937855
5.859070298944964	0.0005268812307699269
5.874778262212913	0.0005186290863332964
5.890486225480862	0.0005128644325911755
5.906194188748811	0.0005122358231617223
5.92190215201676	0.0005299052815797842
5.937610115284709	0.0008065548526477302
5.953318078552658	0.0008116333242842093
5.969026041820607	0.000533810696273578
5.984734005088556	0.0005254211936897356
6.000441968356505	0.0005498605391413241
6.0161499316244536	0.0006128274614327349
6.031857894892402	0.0007691674793702986
6.047565858160352	0.0012749939109508353
6.063273821428301	0.0048841194477785566
6.07898178469625	0.05392007267398693
6.094689747964199	0.00225800703220205
6.110397711232148	0.0009700103519596573
6.126105674500097	0.0006912499631620808
6.1418136377680455	0.0006138034109262124
6.157521601035994	0.0006406423621300558
6.173229564303943	0.0008524296895596895
6.188937527571892	0.0021722010218062247
6.204645490839841	0.42379425224230804
6.220353454107791	0.0020748256874438043
6.23606141737574	0.0007847146700537937
6.2517693806436885	0.0005394173273716241
6.267477343911637	0.0004549767937435247
6.283185307179586	0.0004244950731569461
6.298893270447535	0.0004330578570666516
6.314601233715484	0.0005279718849054259
6.330309196983433	0.0013017910119865173
6.346017160251382	0.014229182668842173
6.3617251235193315	0.0007324982395900681
6.37743308678728	0.0004209048121236274
6.393141050055229	0.0003459298824144243
6.408849013323178	0.0003141919358024438
6.424556976591127	0.00029635453129608707
6.440264939859076	0.00028447055296924835
6.455972903127025	0.0002756468584809739
6.471680866394974	0.00026861501667744777
6.4873888296629225	0.00026274346980165875
6.503096792930871	0.00025768814181592505
6.51880475619882	0.00025324955026175976
6.53451271946677	0.00024930868449259266
6.550220682734719	0.0002457953947308882
6.565928646002668	0.00024267365739619745
6.581636609270617	0.00023993626310525959
6.5973445725385655	0.00023760848658943462
6.613052535806514	0.00023576718411047332
6.628760499074463	0.0002346034330686112
6.644468462342412	0.00023465969866036892
6.660176425610361	0.00023812834985149857
6.675884388878311	0.0002647930102824038
6.69159235214626	0.0018196884570989991
6.707300315414209	0.0002539136233005541
6.7230082786821574	0.0002409825779954435
6.738716241950106	0.00024271304037557553
6.754424205218055	0.000249920234416489
6.770132168486004	0.0002635939485167714
6.785840131753953	0.00028869748878269306
6.801548095021902	0.00033882383411440155
6.817256058289851	0.0004592958779682901
6.8329640215578	0.0008867632091903358
6.848671984825749	0.005969079877154671
6.864379948093698	0.006369637017836217
6.880087911361647	0.0009756879394307374
6.895795874629596	0.0006443697998049848
6.911503837897545	0.0008742158554280854
6.927211801165494	0.004281162143051828
6.942919764433443	0.008553555288855349
6.9586277277013915	0.0009432146778999538
6.97433569096934	0.0004661995363486507
6.99004365423729	0.00034059237038506986
7.005751617505239	0.000291674312656321
7.021459580773188	0.00027327490168685165
7.037167544041137	0.0005955079167885893
7.052875507309086	0.0002634598851636137
7.0685834705770345	0.00027077588316192804
7.084291433844983	0.000309760502601785
7.099999397112932	0.00036912567434541635
7.115707360380881	0.00036999420045381686
7.13141532364883	0.00046513888946160645
7.147123286916779	0.000674318097387462
7.162831250184729	0.0012505847369860795
7.1785392134526775	0.004039496204477022
7.194247176720626	0.316925852420657
7.209955139988575	0.006049574702304013
7.225663103256524	0.0015755544860035547
7.241371066524473	0.0009186124384176888
7.257079029792422	0.0009182168630703924
7.272786993060371	0.0021179656510277875
7.28849495632832	0.42550449507449817
7.304202919596269	0.006151288764074255
7.319910882864218	0.0012829515729173993
7.335618846132167	0.00050662316311254
7.351326809400116	0.00034366971260751456
7.367034772668065	0.0002753612942297372
7.382742735936014	0.00023891599002745493
7.398450699203963	0.00021698106498472874
7.414158662471912	0.00020298894539282235
7.4298666257398605	0.00019404308906591835
7.445574589007809	0.00018886485698159386
7.461282552275758	0.00018723504538539768
7.476990515543708	0.0001908843286423576
7.492698478811657	0.0002287840085655089
7.508406442079606	0.00025223570555112334
7.524114405347555	0.00022904428186935546
7.5398223686155035	0.00027358135907442976
7.555530331883452	0.0003966342469830596
7.571238295151401	0.0008875678291309237
7.58694625841935	0.0099184935301011
7.602654221687299	0.0036659768468992925
7.618362184955249	0.0006754468434533651
7.634070148223198	0.0003524558335211979
7.6497781114911465	0.0002591483420162219
7.665486074759095	0.0002225188263133388
7.681194038027044	0.00020765794946924287
7.696902001294993	0.00020448350722297544
7.712609964562942	0.00021026788458502959
7.728317927830891	0.00022600388274233833
7.74402589109884	0.0002568317756947789
7.759733854366789	0.00031691460693692044
7.7754418176347375	0.0004498434814023094
7.791149780902687	0.0008473572651910125
7.806857744170636	0.00356827692446251
7.822565707438585	0.03236179290858664
7.838273670706534	0.003163686428121479
7.853981633974483	0.005755967515426437
7.869689597242432	0.10758219217610974
7.8853975605103805	0.001976722566982752
7.901105523778329	0.001014403613313167
7.916813487046278	0.003051052281353277
7.932521450314228	0.009686992601318972
7.948229413582177	0.0010544998184566895
7.963937376850126	0.003922047242549166
7.979645340118075	0.0010297679910498375
7.995353303386024	0.00034728198622987507
8.011061266653972	0.00024457475633838375
8.026769229921921	0.00020719937699278525
8.042477193189871	0.0001906433842457095
8.058185156457819	0.00018537331039301765
8.073893119725769	0.0001910051938104287
8.089601082993717	0.00021926605562845857
8.105309046261667	0.00037626874267209626
8.121017009529615	0.04644327495178455
8.136724972797564	0.0004013191717020798
8.152432936065512	0.000673676087099595
8.168140899333462	0.0003173229797681503
8.183848862601412	0.00042260821470687293
8.19955682586936	0.0007292478060570292
8.21526478913731	0.0021018501811779257
8.230972752405258	0.06562217205369222
8.246680715673207	0.004501798222357694
8.262388678941155	0.0011713542532577083
8.278096642209105	0.0009232852474475898
8.293804605477053	0.0019821646150065906
8.309512568745003	0.13616150059784074
8.325220532012953	0.002822489541157746
8.3409284952809	0.018468724291390234
8.35663645854885	0.0004667253645711948
8.372344421816798	0.0002953942904609748
8.388052385084748	0.0002324788960674907
8.403760348352696	0.0002034857418602341
8.419468311620646	0.00019249218835339928
8.435176274888594	0.00019664672372099898
8.450884238156544	0.0002224524546629727
8.466592201424492	0.00029880349947340805
8.482300164692441	0.0005709310648314527
8.498008127960391	0.002965934062197544
8.51371609122834	0.010592166549378768
8.529424054496289	0.0008057558822395115
8.545132017764237	0.00033764581425852055
8.560839981032187	0.0002228683062356115
8.576547944300135	0.00018174465179379611
8.592255907568084	0.000170155962702553
8.607963870836032	0.00018674487969364882
8.623671834103982	0.0003007929878657982
8.63937979737193	0.0037202382975417133
8.65508776063988	0.0006655481240911357
8.67079572390783	0.00024833155067003444
8.686503687175778	0.0002739544896197894
8.702211650443727	0.0012625839678324423
8.717919613711675	0.0013142988190744075
8.733627576979625	0.0002538968399083807
8.749335540247573	0.0001742432094987646
8.765043503515523	0.00016298747720680062
8.780751466783471	0.00018102978246663844
8.79645943005142	0.00028587048023078794
8.81216739331937	0.0006047798107594907
8.827875356587318	0.002438630250232921
8.843583319855268	0.002357981418687267
8.859291283123216	0.00043882280295271366
8.874999246391166	0.00033660667699700195
8.890707209659114	0.0004276454159672453
8.906415172927064	0.0008844885574257156
8.922123136195012	0.02159471145929742
8.937831099462962	0.012699577970238879
8.953539062730911	0.0065618185309984384
8.96924702599886	0.001030921531910273
8.984954989266809	0.0005239872711671993
9.000662952534757	0.019994232111287025
9.016370915802707	0.00028849755268804434
9.032078879070655	0.0001975048757076201
9.047786842338605	0.00017853778195012608
9.063494805606553	0.00019840763858094648
9.079202768874502	0.0004028218093081293
9.09491073214245	0.0011928978229832818
9.1106186954104	0.004809205129492827
9.12632665867835	0.0008510695091678829
9.142034621946298	0.00023626890086141943
9.157742585214248	0.00015103454883722835
9.173450548482196	0.0001234431953545176
9.189158511750145	0.0001119053255861864
9.204866475018093	0.00010730019652280274
9.220574438286043	0.00010700735383768515
9.236282401553991	0.00011068326462685125
9.25199036482194	0.00011980545866414015
9.267698328089889	0.00014003687290246677
9.283406291357839	0.00019941879521640497
9.299114254625788	0.0008636851851865249
9.314822217893736	0.0006782305358565123
9.330530181161686	0.00038865001442233083
9.346238144429634	0.0007424732666728317
9.361946107697584	0.0038659663926103958
9.377654070965532	0.02068384796807362
9.393362034233482	0.0011994562165223602
9.40906999750143	0.0004359888634207626
9.42477796076938	0.0002543700660674075
9.44048592403733	0.00018895779931782546
9.456193887305277	0.00017085752353015554
9.471901850573227	0.0002990172833315221
9.487609813841175	0.0003414549906023408
9.503317777109125	0.00017858673662609853
9.519025740377073	0.00021795995680621685
9.534733703645022	0.00040564299534629183
9.55044166691297	0.0023468989939046192
9.56614963018092	0.004160394436330203
9.58185759344887	0.0006821450497451794
9.597565556716818	0.01004165739571822
9.613273519984768	0.0011694174740754578
9.628981483252716	0.010196034260292107
9.644689446520665	0.000483972493225859
9.660397409788613	0.00022566195556060427
9.676105373056563	0.0002039815249392856
9.691813336324511	0.0014627093470732748
9.707521299592461	0.0004225342882134208
9.723229262860409	0.004703022163220417
9.738937226128359	0.0001930470743805907
9.754645189396308	0.00011931867388860502
9.770353152664256	0.00011008882307839873
9.786061115932206	0.0001353435951529438
9.801769079200154	0.0004124352491539296
9.817477042468104	0.0013689822864385794
9.833185005736052	0.0001645536360857356
9.848892969004002	0.00011437007899127045
9.86460093227195	0.000113652328841931
9.8803088955399	0.00013989947568878794
9.896016858807847	0.0002460063282240973
9.911724822075797	0.0016729931748341452
9.927432785343747	0.0013154953405849624
9.943140748611695	0.029038811170971526
9.958848711879645	0.0003941924609037841
9.974556675147593	0.0002182775641157645
9.990264638415542	0.0003272059507661622
10.00597260168349	0.017291438372497518
10.02168056495144	0.000463999983997642
10.037388528219388	0.0004631323552302269
10.053096491487338	0.047490268836231204
10.068804454755288	0.00036483666615402414
10.084512418023236	0.00017758241949407193
10.100220381291185	0.00017191901210316909
10.115928344559133	0.0002973949503677555
10.131636307827083	0.009679714178680602
10.147344271095031	0.0024404103008779003
10.163052234362981	0.004370892134342601
10.178760197630929	0.0014386563846078939
10.194468160898879	0.00028399701608275814
10.210176124166829	0.00014980063068588157
10.225884087434777	0.00011289018930880209
10.241592050702726	0.00013513549795125186
10.257300013970674	0.00038622386079193913
10.273007977238624	9.894989015841396e-5
10.288715940506572	0.00011927277471193172
10.304423903774522	0.0005491024851330295
10.32013186704247	0.0005295766553999484
10.33583983031042	0.00010914215949999078
10.351547793578368	7.413131270103062e-5
10.367255756846317	6.499810555773228e-5
10.382963720114267	6.287653506783207e-5
10.398671683382215	6.559075328413352e-5
10.414379646650165	8.070756395561342e-5
10.430087609918113	0.00017549032463518014
10.445795573186063	0.00022809347296357075
10.46150353645401	0.01994550337805488
10.47721149972196	0.00029059929576714835
10.492919462989908	0.000104609452169312
10.508627426257858	7.384518854725914e-5
10.524335389525806	6.484389525666385e-5
10.540043352793756	6.306319515676076e-5
10.555751316061706	6.612798880798314e-5
10.571459279329654	7.603201527783887e-5
10.587167242597603	0.00010314341139437459
10.602875205865551	0.00020829206462063453
10.618583169133501	0.0024646466332701763
10.634291132401449	0.01318817984985775
10.649999095669399	0.00032762734181062916
10.665707058937347	0.00017523417547087069
10.681415022205297	0.00518282955331
10.697122985473246	0.0002565054422881192
10.712830948741194	0.00015545115329523368
10.728538912009144	7.025929256419677e-5
10.744246875277092	5.888008213051693e-5
10.759954838545042	5.5423452776557256e-5
10.77566280181299	5.517789671472327e-5
10.79137076508094	5.759487096938766e-5
10.807078728348888	6.3823337538767e-5
10.822786691616837	7.79993470961567e-5
10.838494654884787	0.00011532181257636172
10.854202618152735	0.00026549651642094945
10.869910581420685	0.0032962550840430187
10.885618544688633	0.000995641523923761
10.901326507956583	0.00020270453260420133
10.91703447122453	0.00014386156484319472
10.93274243449248	0.0008228661662388209
10.948450397760428	0.00024600145869347603
10.964158361028378	8.51132431588899e-5
10.979866324296326	6.95145529230684e-5
10.995574287564276	8.572882073422174e-5
11.011282250832226	0.00045364810061839265
11.026990214100174	0.0002604889499197184
11.042698177368123	7.327378259932355e-5
11.058406140636071	5.660331751326743e-5
11.074114103904021	5.776110475965754e-5
11.08982206717197	8.380158869709379e-5
11.105530030439919	0.0006272586694567946
11.121237993707867	0.00023861717170571927
11.136945956975817	6.793753933160876e-5
11.152653920243765	4.9356843913794443e-5
11.168361883511714	4.477305652072705e-5
11.184069846779664	4.5716713329156364e-5
11.199777810047612	5.97808301773041e-5
11.215485773315562	0.0006022081902685345
11.23119373658351	9.485628022525797e-5
11.24690169985146	4.834099152354947e-5
11.262609663119408	4.326698690951143e-5
11.278317626387357	4.4483470739700395e-5
11.294025589655305	5.208670864174776e-5
11.309733552923255	8.334990372904428e-5
11.325441516191205	0.0004869071114116498
11.341149479459153	0.0004502537050400895
11.356857442727103	8.178815119573987e-5
11.37256540599505	5.1806659453655235e-5
11.388273369263	4.5576269792022855e-5
11.403981332530948	5.1366390962845725e-5
11.419689295798898	0.00014304350757300682
11.435397259066846	0.0002070362135279609
11.451105222334796	5.078291260493196e-5
11.466813185602746	4.359000710925922e-5
11.482521148870694	5.339911536912009e-5
11.498229112138644	0.0002410815690055945
11.513937075406592	0.00015696420871658923
11.529645038674541	4.72243261084574e-5
11.54535300194249	3.6423864963003444e-5
11.561060965210439	3.313067512255738e-5
11.576768928478387	3.170525777263144e-5
11.592476891746337	3.0901000441927935e-5
11.608184855014285	3.0286452397683772e-5
11.623892818282235	3.0017486549924398e-5
11.639600781550184	3.019020639595414e-5
11.655308744818132	4.3399648409838086e-5
11.671016708086082	3.166759022082535e-5
11.68672467135403	3.465289910549657e-5
11.70243263462198	0.00041914521905801744
11.718140597889928	3.779810078239424e-5
11.733848561157878	3.030789229978149e-5
11.749556524425826	2.90339653094849e-5
11.765264487693775	2.859084284433577e-5
11.780972450961723	2.840928841649506e-5
11.796680414229673	2.836786901056371e-5
11.812388377497623	2.8444834649804357e-5
11.82809634076557	2.8662272193688027e-5
11.84380430403352	2.9085982399361093e-5
11.859512267301469	2.9859528666521055e-5
11.875220230569418	3.130921495037116e-5
11.890928193837366	3.429028064517176e-5
11.906636157105316	4.16631624430511e-5
11.922344120373264	6.845024254639646e-5
11.938052083641214	0.0003910071417241063
11.953760046909164	0.00042627275708200435
11.969468010177112	7.017913947658799e-5
11.985175973445061	4.4083915549547096e-5
12.00088393671301	4.6338175712953576e-5
12.01659189998096	0.0007771096719345163
12.032299863248907	3.749377764036666e-5
12.048007826516857	3.055136507984407e-5
12.063715789784805	2.9252118102815807e-5
12.079423753052755	3.029835006875449e-5
12.095131716320704	4.3140759310608886e-5
12.110839679588652	0.0003129107186136574
12.126547642856602	3.35252989977796e-5
12.14225560612455	2.769780977727751e-5
12.1579635693925	2.6259590867964295e-5
12.173671532660448	2.5627615133759556e-5
12.189379495928398	2.526498003926349e-5
12.205087459196346	2.5031625796284375e-5
12.220795422464295	2.489981202162092e-5
12.236503385732243	3.108543540213758e-5
12.252211349000193	2.4988584597040805e-5
12.267919312268143	2.632731404182062e-5
12.283627275536091	0.0002948951538326509
12.29933523880404	2.6682995558117146e-5
12.315043202071989	2.4741608711557172e-5
12.330751165339938	2.4419244397054634e-5
12.346459128607886	2.443402050159441e-5
12.362167091875836	2.449653500430201e-5
12.377875055143784	2.4845374360382158e-5
12.393583018411734	2.5603618635869706e-5
12.409290981679682	2.7395213615138607e-5
12.424998944947632	3.312279891913224e-5
12.440706908215581	7.05907096359768e-5
12.45641487148353	0.0010262349105120126
12.47212283475148	5.2778093852576916e-5
12.487830798019427	3.058566473868229e-5
12.503538761287377	2.6187671022693684e-5
12.519246724555325	2.4544105355433495e-5
12.534954687823275	2.375628610125928e-5
12.550662651091223	2.3253764932134855e-5
12.566370614359172	2.2943643432952857e-5
