0.3141592653589793	0.0022926254650361064
0.6283185307179586	0.0043925205196762886
0.9424777960769379	0.006160890627535666
1.2566370614359172	0.00753582977357682
1.5707963267948966	0.008521408729400973
1.8849555921538759	0.009161508262230236
2.199114857512855	0.009515866939267795
2.5132741228718345	0.009644913071635296
2.827433388230814	0.00960248286261635
3.141592653589793	0.00943345264990636
3.455751918948772	0.009173830556218688
3.7699111843077517	0.008851839000338677
4.084070449666731	0.008489250274012384
4.39822971502571	0.008102655087084723
4.71238898038469	0.007704552299878757
5.026548245743669	0.007304241448668891
5.340707511102648	0.006908536260067215
5.654866776461628	0.006522328050842907
5.969026041820607	0.006149027877752825
6.283185307179586	0.00579091251252315
6.5973445725385655	0.005449394755644786
6.911503837897544	0.005125234407117794
7.225663103256524	0.004818702714034015
7.5398223686155035	0.00452971032270544
7.853981633974483	0.0042579065774002774
8.168140899333462	0.004002756309080051
8.482300164692441	0.003763598938247518
8.79645943005142	0.0035396936888011064
9.1106186954104	0.003330253906932247
9.42477796076938	0.003134472849074492
9.738937226128359	0.002951542806724575
10.053096491487338	0.0027806690440237694
10.367255756846317	0.0026210797137288804
10.681415022205297	0.002472032671238969
10.995574287564276	0.002332819911194033
11.309733552923255	0.002202770196291824
11.623892818282235	0.002081250325092951
11.938052083641214	0.0019676653881574293
12.252211349000193	0.00186145828468346
12.566370614359172	0.0017621087107735597
