6.283185307179586	0.01578298140575688
12.566370614359172	0.0034313346729899375
18.84955592153876	0.001172423651768936
25.132741228718345	0.0005225300293726651
31.41592653589793	0.00027470528154935364
37.69911184307752	0.00016132085146901867
43.982297150257104	0.00010250252788616936
50.26548245743669	6.907143560120989e-5
56.548667764616276	4.8706927595889074e-5
62.83185307179586	3.5610184277202885e-5
69.11503837897544	2.6811910899711966e-5
75.39822368615503	2.0685783784886063e-5
81.68140899333463	1.6290669403425704e-5
87.96459430051421	1.3056428132656856e-5
94.24777960769379	1.062403772799428e-5
100.53096491487338	8.759798212674669e-6
106.81415022205297	7.30715520879981e-6
113.09733552923255	6.158567176987167e-6
119.38052083641213	5.238506749925978e-6
125.66370614359172	4.492876387181659e-6
131.94689145077132	3.882240015483381e-6
138.23007675795088	3.377390668467547e-6
144.51326206513048	2.9563851762686494e-6
150.79644737231007	2.6025216465711357e-6
157.07963267948966	2.3029355831913143e-6
163.36281798666926	2.0476097066048687e-6
169.64600329384882	1.8286652607832718e-6
175.92918860102841	1.6398479107837891e-6
182.212373908208	1.476150140701955e-6
188.49555921538757	1.3335307041365947e-6
194.77874452256717	1.2087039476976299e-6
201.06192982974676	1.09898002739178e-6
207.34511513692635	1.002142596694551e-6
213.62830044410595	9.163543646331536e-7
219.9114857512855	8.400835794522032e-7
226.1946710584651	7.72046363749452e-7
232.4778563656447	7.111611578600296e-7
238.76104167282426	6.565124850742372e-7
245.04422698000386	6.073219468222667e-7
251.32741228718345	5.629248647400053e-7
