0.7853981633974483	0.12520205119135583
1.5707963267948966	0.1197457730993694
2.356194490192345	0.10145127216244111
3.141592653589793	0.08135166705412504
3.9269908169872414	0.06362154899552223
4.71238898038469	0.04937778824280954
5.497787143782138	0.03840331969352379
6.283185307179586	0.030084379871233483
7.0685834705770345	0.023796880106653776
7.853981633974483	0.01902511965701875
8.63937979737193	0.01537545810344203
9.42477796076938	0.012557327916676103
10.210176124166829	0.010358935412453323
10.995574287564276	0.008626214002335885
11.780972450961723	0.007246678568462248
12.566370614359172	0.006137648874548873
13.351768777756622	0.005237843898916016
14.137166941154069	0.004501428250497981
14.922565104551516	0.0038937964792276148
15.707963267948966	0.003388576360689974
16.493361431346415	0.0029654853603558835
17.27875959474386	0.0026087857568316284
18.06415775814131	0.002306162022718523
18.84955592153876	0.002047898058020421
19.634954084936208	0.0018262689825545339
20.420352248333657	0.0016350876981918213
21.205750411731103	0.001469364015526067
21.991148575128552	0.0013250463256065873
22.776546738526	0.0011988242966715545
23.561944901923447	0.0010879770458506546
24.347343065320896	0.0009902554606043186
25.132741228718345	0.000903790357275508
25.918139392115794	0.000827020328838131
26.703537555513243	0.0007586347012022768
27.48893571891069	0.0006975281606481885
28.274333882308138	0.0006427644549409224
29.059732045705587	0.0005935471922452713
29.845130209103033	0.0005491962250797726
30.630528372500482	0.0005091284539175076
31.41592653589793	0.0004728421472713933
