0.7853981633974483	0.12426815810475157
1.5707963267948966	0.1198436102695579
2.356194490192345	0.10142804933597845
3.141592653589793	0.08135119601722626
3.9269908169872414	0.06362552009051844
4.71238898038469	0.04937964127084644
5.497787143782138	0.038403622422221506
6.283185307179586	0.030084115743953727
7.0685834705770345	0.023796518380123893
7.853981633974483	0.01902481477213146
8.63937979737193	0.015375237893569718
9.42477796076938	0.012557180624935653
10.210176124166829	0.01035884185960319
10.995574287564276	0.008626157394009251
11.780972450961723	0.007246646399490385
12.566370614359172	0.006137632451555726
13.351768777756622	0.005237837385440905
14.137166941154069	0.00450142780643919
14.922565104551516	0.0038937996126686535
15.707963267948966	0.003388581473788134
16.493361431346415	0.002965491442019777
17.27875959474386	0.0026087921783878327
18.06415775814131	0.0023061684033046895
18.84955592153876	0.0020479041763444682
19.634954084936208	0.0018262747192116474
20.420352248333657	0.0016350929980375193
21.205750411731103	0.0014693688631925046
21.991148575128552	0.0013250507296293948
22.776546738526	0.0011988282792582588
23.561944901923447	0.0010879806363452702
24.347343065320896	0.0009902586913708765
25.132741228718345	0.000903793261161589
25.918139392115794	0.0008270229376659143
26.703537555513243	0.000758637044923315
27.48893571891069	0.0006975302669222659
28.274333882308138	0.0006427663489814974
29.059732045705587	0.0005935488968279301
29.845130209103033	0.0005491977606464646
30.630528372500482	0.0005091298387328827
31.41592653589793	0.00047284339760339506
