0.7853981633974483	0.4160237954433241
1.5707963267948966	0.2707286991225378
2.356194490192345	0.1600058175030735
3.141592653589793	0.1009928447923739
3.9269908169872414	0.06773349918986017
4.71238898038469	0.04752032078321628
5.497787143782138	0.034492941010717544
6.283185307179586	0.025723892593732974
7.0685834705770345	0.019620977502242565
7.853981633974483	0.015257515332810846
8.63937979737193	0.012066024807501576
9.42477796076938	0.009685259127283786
10.210176124166829	0.00787806519090008
10.995574287564276	0.0064847243575479625
11.780972450961723	0.005395276926085342
12.566370614359172	0.004532536656687201
13.351768777756622	0.003841370511399271
14.137166941154069	0.0032817699828325214
14.922565104551516	0.002824278954514325
15.707963267948966	0.002446920040159349
16.493361431346415	0.002133093163204784
17.27875959474386	0.0018701164647282797
18.06415775814131	0.0016481986372879256
18.84955592153876	0.001459705465314755
19.634954084936208	0.0012986298419280563
20.420352248333657	0.001160204370581164
21.205750411731103	0.0010406151152773642
21.991148575128552	0.0009367879348033282
22.776546738526	0.000846227469084009
23.561944901923447	0.0007668947097385216
24.347343065320896	0.0006971131182532771
25.132741228718345	0.0006354960581551719
25.918139392115794	0.0005808902773936454
26.703537555513243	0.0005323315755384404
27.48893571891069	0.0004890097927007806
28.274333882308138	0.00045024098205196674
29.059732045705587	0.0004154451567380862
29.845130209103033	0.00038412839107306517
30.630528372500482	0.0003558683443584234
31.41592653589793	0.00033030249114972244
