0.3141592653589793	0.2941728147623606
0.6283185307179586	0.4137642414064757
0.9424777960769379	0.3968908622087699
1.2566370614359172	0.33445841739012916
1.5707963267948966	0.27086917110955205
1.8849555921538759	0.21816279462209184
2.199114857512855	0.17695731302017273
2.5132741228718345	0.14512758101887016
2.827433388230814	0.1204110005935146
3.141592653589793	0.10099515370012861
3.455751918948772	0.08553979348309637
3.7699111843077517	0.07307611324899738
4.084070449666731	0.06290404660633822
4.39822971502571	0.054512920312020825
4.71238898038469	0.047525103666681404
5.026548245743669	0.04165711829349443
5.340707511102648	0.03669295251082585
5.654866776461628	0.03246565503581097
5.969026041820607	0.028844501445544093
6.283185307179586	0.02572592314262387
6.5973445725385655	0.023026999383444144
6.911503837897544	0.020680716692359893
7.225663103256524	0.018632464086592193
7.5398223686155035	0.016837405218352936
7.853981633974483	0.015258482055920331
8.168140899333462	0.013864880012803768
8.482300164692441	0.012630834926042103
8.79645943005142	0.011534696574735803
9.1106186954104	0.01055818703056197
9.42477796076938	0.009685808600563102
9.738937226128359	0.00890436777366294
10.053096491487338	0.008202589937373581
10.367255756846317	0.007570805700892072
10.681415022205297	0.007000694125027448
10.995574287564276	0.006485071480984831
11.309733552923255	0.006017716658097801
11.623892818282235	0.005593226237998071
11.938052083641214	0.005206893707013248
12.252211349000193	0.00485460840255822
12.566370614359172	0.004532770664579943
