0.15707963267948966	0.03999309522055854
0.3141592653589793	0.047758218028525735
0.47123889803846897	0.0491415648922156
0.6283185307179586	0.04905892341675014
0.7853981633974483	0.048831898736808634
0.9424777960769379	0.04857908991000328
1.0995574287564276	0.048179211375852946
1.2566370614359172	0.04755040655392123
1.413716694115407	0.04667871498873561
1.5707963267948966	0.045591626130152045
1.727875959474386	0.04433294080475073
1.8849555921538759	0.042948067562512654
2.0420352248333655	0.041477408008309784
2.199114857512855	0.03995434632780132
2.356194490192345	0.038405409085057865
2.5132741228718345	0.03685123434453914
2.670353755551324	0.03530769385449777
2.827433388230814	0.03378690164898515
2.9845130209103035	0.03229803309306811
3.141592653589793	0.03084795981309383
3.2986722862692828	0.029441733282116828
3.455751918948772	0.028082953238545167
3.612831551628262	0.026774051690680586
3.7699111843077517	0.02551651585907059
3.9269908169872414	0.02431106673839986
4.084070449666731	0.02315780479648128
4.241150082346221	0.02205633064435117
4.39822971502571	0.021005846017614543
4.5553093477052	0.02000523877958522
4.71238898038469	0.01905315461598826
4.869468613064179	0.018148057432775585
5.026548245743669	0.01728828004944311
5.183627878423159	0.01647206650546377
5.340707511102648	0.015697607107317484
5.497787143782138	0.014963067201978208
5.654866776461628	0.014266610548702298
5.811946409141117	0.013606418063071517
5.969026041820607	0.012980702619588294
6.126105674500097	0.012387720518934275
6.283185307179586	0.011825780152178465
