0.7853981633974483	0.4157560448625606
1.5707963267948966	0.2708161994672262
2.356194490192345	0.15999869255056856
3.141592653589793	0.10098442545048471
3.9269908169872414	0.06773303963694702
4.71238898038469	0.04752123066124228
5.497787143782138	0.03449352466169435
6.283185307179586	0.025724142263788653
7.0685834705770345	0.01962106223437643
7.853981633974483	0.015257534644512856
8.63937979737193	0.012066022037241258
9.42477796076938	0.009685250777779045
10.210176124166829	0.007878056838267828
10.995574287564276	0.006484717506963975
11.780972450961723	0.0053952717004403855
12.566370614359172	0.0045325327874627145
13.351768777756622	0.003841367677516783
14.137166941154069	0.0032817679102499493
14.922565104551516	0.002824277433323386
15.707963267948966	0.0024469189166820837
16.493361431346415	0.0021330923270923515
17.27875959474386	0.0018701158372826118
18.06415775814131	0.0016481981623885323
18.84955592153876	0.001459705102794167
19.634954084936208	0.0012986295628695259
20.420352248333657	0.001160204154021189
21.205750411731103	0.0010406149459020809
21.991148575128552	0.0009367878013373907
22.776546738526	0.0008462273631594654
23.561944901923447	0.00076689462509622
24.347343065320896	0.0006971130501753774
25.132741228718345	0.000635496003058995
25.918139392115794	0.0005808902325388818
26.703537555513243	0.0005323315388144988
27.48893571891069	0.0004890097624711957
28.274333882308138	0.0004502409570397394
29.059732045705587	0.000415445135940577
29.845130209103033	0.0003841283736983939
30.630528372500482	0.00035586832977762433
31.41592653589793	0.0003303024788605062
