0.20943951023931953	0.004081071838938841
0.41887902047863906	0.007881781014487188
0.6283185307179586	0.011182220255041318
0.8377580409572781	0.013858049241259138
1.0471975511965976	0.015881384371842323
1.2566370614359172	0.017296865769894646
1.4660765716752369	0.01818962497752054
1.6755160819145563	0.018657976630192988
1.8849555921538759	0.018795874789832804
2.0943951023931953	0.018684441021760968
2.3038346126325147	0.01838962728773594
2.5132741228718345	0.01796314380546835
2.7227136331111543	0.017444683446711507
2.9321531433504737	0.016864361775025524
3.1415926535897927	0.016244894971685346
3.3510321638291125	0.015603370535532205
3.5604716740684323	0.014952619015263567
3.7699111843077517	0.014302250472847043
3.979350694547071	0.013659428923909703
4.1887902047863905	0.013029449603774883
4.39822971502571	0.012416170707995628
4.607669225265029	0.011822338609111986
4.817108735504349	0.01124983516444457
5.026548245743669	0.010699867789448597
5.235987755982989	0.010173117131471668
5.445427266222309	0.009669852978659393
5.654866776461628	0.00919002605684796
5.8643062867009474	0.008733341264831388
6.073745796940267	0.008299316419425447
6.283185307179585	0.007887329539536431
6.492624817418905	0.007496656959785868
6.702064327658225	0.007126504035632597
6.911503837897545	0.006776029818497752
7.120943348136865	0.006444366796543242
7.330382858376184	0.006130636584035038
7.5398223686155035	0.005833962278943952
7.749261878854823	0.005553478080553708
7.958701389094142	0.005288336656804401
8.168140899333462	0.005037714668359797
8.377580409572781	0.004800816788418755
