0.20943951023931953	0.03546486724972125
0.41887902047863906	0.0677017412727264
0.6283185307179586	0.09425708752956415
0.8377580409572781	0.11388829009510602
1.0471975511965976	0.12654734262013964
1.2566370614359172	0.13304334909027712
1.4660765716752369	0.13461135191897275
1.6755160819145563	0.13255831264273868
1.8849555921538759	0.12804919597409864
2.0943951023931953	0.12201817252407321
2.3038346126325147	0.11516089429792052
2.5132741228718345	0.10796659356865554
2.7227136331111543	0.10076261323977408
2.9321531433504737	0.09375707763884779
3.1415926535897927	0.08707410523287998
3.3510321638291125	0.08078059719566712
3.5604716740684323	0.074905619287701
3.7699111843077517	0.0694539626844823
3.979350694547071	0.06441540590866866
4.1887902047863905	0.059770920633165706
4.39822971502571	0.05549675807430752
4.607669225265029	0.05156709054947615
4.817108735504349	0.047955680606756625
5.026548245743669	0.04463690267855577
5.235987755982989	0.04158633810990289
5.445427266222309	0.03878109237529647
5.654866776461628	0.03619993407789544
5.8643062867009474	0.033823321972704885
6.073745796940267	0.031633363784194214
6.283185307179585	0.029613735513444258
6.492624817418905	0.02774957985346623
6.702064327658225	0.02602739562117348
6.911503837897545	0.02443492566525417
7.120943348136865	0.02296104777525933
7.330382858376184	0.021595671196766565
7.5398223686155035	0.02032964011329423
7.749261878854823	0.019154644661378874
7.958701389094142	0.01806313954912312
8.168140899333462	0.017048270048927606
8.377580409572781	0.016103804964067808
