0.7853981633974483	0.0009918891745684874
1.5707963267948966	0.00181818453347994
2.356194490192345	0.002387799056784818
3.141592653589793	0.0026970413537996786
3.9269908169872414	0.0027948048012759593
4.71238898038469	0.0027444016024480867
5.497787143782138	0.0026021754239836286
6.283185307179586	0.0024106112510547616
7.0685834705770345	0.0021987377773149217
7.853981633974483	0.001984963408599434
8.63937979737193	0.0017801204577174209
9.42477796076938	0.001589964943917032
10.210176124166829	0.0014170113232625334
10.995574287564276	0.001261798079148245
11.780972450961723	0.001123725403043193
12.566370614359172	0.0010015917279769789
13.351768777756622	0.0008939267301275301
14.137166941154069	0.0007991906594234854
14.922565104551516	0.0007158879196258303
15.707963267948966	0.0006426268607909977
16.493361431346415	0.0005781466656057145
17.27875959474386	0.0005213247368907355
18.06415775814131	0.00047117305338562857
18.84955592153876	0.00042682874564418607
19.634954084936208	0.00038754207837477173
20.420352248333657	0.00035266371505534666
21.205750411731103	0.00032163232015708544
21.991148575128552	0.00029396304870473247
22.776546738526	0.00026923716776048673
23.561944901923447	0.00024709287563115333
24.347343065320896	0.0002272172845276179
25.132741228718345	0.00020933948064639205
25.918139392115794	0.00019322455293359985
26.703537555513243	0.00017866847603641414
27.48893571891069	0.00016549373663186657
28.274333882308138	0.00015354560084906855
29.059732045705587	0.00014268893111044417
29.845130209103033	0.00013280547180705659
30.630528372500482	0.00012379153390460856
31.41592653589793	0.00011555601839947016
