0.3141592653589793	0.05222176744511884
0.6283185307179586	0.09431023698171861
0.9424777960769379	0.12106161524148792
1.2566370614359172	0.13301540360259176
1.5707963267948966	0.13392687270530101
1.8849555921538759	0.12803060798986815
2.199114857512855	0.11865551283527229
2.5132741228718345	0.1079737897774497
2.827433388230814	0.09723551539045273
3.141592653589793	0.08708247052136461
3.455751918948772	0.07779549200343469
3.7699111843077517	0.06945662658972264
4.084070449666731	0.06204595795593501
4.39822971502571	0.05549619191424779
4.71238898038469	0.049722088281078575
5.026548245743669	0.044635607567130704
5.340707511102648	0.040153202460166314
5.654866776461628	0.0361989088845583
5.969026041820607	0.03270526218196164
6.283185307179586	0.02961313980287659
6.5973445725385655	0.026871118411546466
6.911503837897544	0.02443465199297878
7.225663103256524	0.022265225239415865
7.5398223686155035	0.020329555075305584
7.853981633974483	0.0185988704079808
8.168140899333462	0.01704827832930912
8.482300164692441	0.01565621434250011
8.79645943005142	0.014403969468539755
9.1106186954104	0.013275285438443106
9.42477796076938	0.012256009061657197
9.738937226128359	0.011333797457812702
10.053096491487338	0.01049786671942148
10.367255756846317	0.009738777518823814
10.681415022205297	0.009048252078545926
10.995574287564276	0.008419017744845762
11.309733552923255	0.007844673125074182
11.623892818282235	0.007319573371317612
11.938052083641214	0.006838731723350002
12.252211349000193	0.006397734873573018
12.566370614359172	0.005992670096166181
