-12.566370614359172	0.000384641308682182
-12.550662651091223	0.00038539981176524576
-12.534954687823275	0.0003861605756365825
-12.519246724555325	0.00038692360934642776
-12.503538761287377	0.00038768892199061826
-12.487830798019427	0.00038845652271086615
-12.47212283475148	0.0003892264206950424
-12.45641487148353	0.0003899986251774565
-12.440706908215581	0.00039077314543913797
-12.424998944947632	0.00039154999080812656
-12.409290981679682	0.0003923291706597549
-12.393583018411734	0.00039311069441694187
-12.377875055143784	0.00039389457155048255
-12.362167091875836	0.00039468081157934296
-12.346459128607886	0.00039546942407095437
-12.330751165339938	0.00039626041864151247
-12.315043202071989	0.0003970538049562786
-12.29933523880404	0.00039784959272988105
-12.283627275536091	0.00039864779172661853
-12.267919312268143	0.00039944841176076893
-12.252211349000193	0.00040025146269689855
-12.236503385732243	0.0004010569544501711
-12.220795422464295	0.0004018648969866637
-12.205087459196346	0.00040267530032368
-12.189379495928398	0.0004034881745300713
-12.173671532660448	0.0004043035297265548
-12.1579635693925	0.0004051213760860374
-12.14225560612455	0.00040594172383394064
-12.126547642856602	0.000406764583248527
-12.110839679588652	0.000407589964661233
-12.095131716320704	0.0004084178784569963
-12.079423753052755	0.0004092483350745971
-12.063715789784805	0.00041008134500698936
-12.048007826516857	0.0004109169188016436
-12.032299863248907	0.0004117550670608887
-12.01659189998096	0.0004125958004422562
-12.00088393671301	0.0004134391296588273
-11.985175973445061	0.00041428506547958467
-11.969468010177112	0.0004151336187297611
-11.953760046909164	0.00041598480029119854
-11.938052083641214	0.0004168386211027034
-11.922344120373264	0.0004176950921604061
-11.906636157105316	0.0004185542245181275
-11.890928193837366	0.0004194160292877412
-11.875220230569418	0.0004202805176395437
-11.859512267301469	0.0004211477008026248
-11.84380430403352	0.0004220175900652417
-11.82809634076557	0.0004228901967751957
-11.812388377497623	0.000423765532340212
-11.796680414229673	0.0004246436082283218
-11.780972450961723	0.0004255244359682482
-11.765264487693775	0.00042640802714979215
-11.749556524425826	0.0004272943934242266
-11.733848561157878	0.0004281835465046882
-11.718140597889928	0.0004290754981665748
-11.70243263462198	0.00042997026024794625
-11.68672467135403	0.0004308678446499262
-11.671016708086082	0.0004317682633371087
-11.655308744818132	0.00043267152833796667
-11.639600781550184	0.00043357765174526506
-11.623892818282235	0.0004344866457164754
-11.608184855014285	0.00043539852247419426
-11.592476891746337	0.0004363132943065647
-11.576768928478387	0.0004372309735677021
-11.561060965210439	0.0004381515726781205
-11.54535300194249	0.00043907510412516686
-11.529645038674541	0.00044000158046345094
-11.513937075406592	0.0004409310143152875
-11.498229112138644	0.00044186341837113686
-11.482521148870694	0.00044279880539004605
-11.466813185602746	0.0004437371882001023
-11.451105222334796	0.0004446785796988809
-11.435397259066846	0.0004456229928538997
-11.419689295798898	0.0004465704407030806
-11.403981332530948	0.0004475209363552095
-11.388273369263	0.0004484744929904005
-11.37256540599505	0.0004494311238605699
-11.356857442727103	0.0004503908422899018
-11.341149479459153	0.000451353661675332
-11.325441516191205	0.0004523195954870218
-11.309733552923255	0.0004532886572688474
-11.294025589655305	0.0004542608606388819
-11.278317626387357	0.00045523621928989123
-11.262609663119408	0.0004562147469898274
-11.24690169985146	0.00045719645758232695
-11.23119373658351	0.0004581813649872162
-11.215485773315562	0.000459169483201014
-11.199777810047612	0.00046016082629744777
-11.184069846779664	0.00046115540842796456
-11.168361883511714	0.00046215324382225035
-11.152653920243765	0.00046315434678875544
-11.136945956975817	0.00046415873171521825
-11.121237993707867	0.0004651664130691984
-11.105530030439919	0.0004661774053986119
-11.08982206717197	0.00046719172333227027
-11.074114103904021	0.00046820938158042343
-11.058406140636071	0.00046923039493531167
-11.042698177368123	0.00047025477827171284
-11.026990214100174	0.00047128254654750187
-11.011282250832226	0.00047231371480421417
-10.995574287564276	0.0004733482981676063
-10.979866324296326	0.00047438631184823114
-10.964158361028378	0.0004754277711420083
-10.948450397760428	0.000476472691430807
-10.93274243449248	0.00047752108818302773
-10.91703447122453	0.0004785729769541924
-10.901326507956583	0.0004796283733875356
-10.885618544688633	0.000480687293214604
-10.869910581420685	0.00048174975225586086
-10.854202618152735	0.00048281576642128965
-10.838494654884787	0.0004838853517110101
-10.822786691616837	0.00048495852421589293
-10.807078728348888	0.0004860353001181862
-10.79137076508094	0.00048711569569213713
-10.77566280181299	0.0004881997273046305
-10.759954838545042	0.0004892874114158222
-10.744246875277092	0.0004903787645797835
-10.728538912009144	0.000491473803445148
-10.712830948741194	0.0004925725447557671
-10.697122985473246	0.0004936750053513671
-10.681415022205297	0.0004947812021682122
-10.665707058937347	0.0004958911522397752
-10.649999095669399	0.0004970048726974115
-10.634291132401449	0.0004981223807710406
-10.618583169133501	0.0004992436937898297
-10.602875205865551	0.0005003688291828869
-10.587167242597603	0.0005014978044799584
-10.571459279329654	0.0005026306373121287
-10.555751316061706	0.0005037673454125334
-10.540043352793756	0.0005049079466170691
-10.524335389525806	0.0005060524588651173
-10.508627426257858	0.0005072009002002686
-10.492919462989908	0.0005083532887710548
-10.47721149972196	0.0005095096428316884
-10.46150353645401	0.0005106699807428058
-10.445795573186063	0.0005118343209722176
-10.430087609918113	0.0005130026820956663
-10.414379646650165	0.0005141750827975901
-10.398671683382215	0.0005153515418718895
-10.382963720114267	0.0005165320782227038
-10.367255756846317	0.0005177167108651961
-10.351547793578368	0.000518905458926337
-10.33583983031042	0.0005200983416457055
-10.32013186704247	0.0005212953783762871
-10.304423903774522	0.0005224965885852828
-10.288715940506572	0.0005237019918549253
-10.273007977238624	0.000524911607883303
-10.257300013970674	0.0005261254564851858
-10.241592050702726	0.000527343557592862
-10.225884087434777	0.000528565931256985
-10.210176124166829	0.0005297925976474183
-10.194468160898879	0.0005310235770540967
-10.178760197630929	0.0005322588898878908
-10.163052234362981	0.0005334985566814761
-10.147344271095031	0.0005347425980902169
-10.131636307827083	0.0005359910348930487
-10.115928344559133	0.0005372438879933773
-10.100220381291185	0.0005385011784199752
-10.084512418023236	0.0005397629273278968
-10.068804454755288	0.0005410291559993937
-10.053096491487338	0.0005422998858448393
-10.037388528219388	0.000543575138403662
-10.02168056495144	0.0005448549353452879
-10.00597260168349	0.0005461392984700899
-9.990264638415542	0.0005474282497103436
-9.974556675147593	0.0005487218111311955
-9.958848711879645	0.0005500200049316335
-9.943140748611695	0.0005513228534454729
-9.927432785343747	0.0005526303791423448
-9.911724822075797	0.0005539426046286984
-9.896016858807847	0.0005552595526488043
-9.8803088955399	0.0005565812460857757
-9.86460093227195	0.0005579077079625936
-9.848892969004002	0.000559238961443138
-9.833185005736052	0.0005605750298332351
-9.817477042468104	0.000561915936581708
-9.801769079200154	0.0005632617052814401
-9.786061115932206	0.0005646123596704442
-9.770353152664256	0.0005659679236329436
-9.754645189396308	0.0005673284212004634
-9.738937226128359	0.0005686938765529282
-9.723229262860409	0.0005700643140197715
-9.707521299592461	0.0005714397580810557
-9.691813336324511	0.0005728202333686
-9.676105373056563	0.000574205764667118
-9.660397409788613	0.0005755963769153689
-9.644689446520665	0.0005769920952073133
-9.628981483252716	0.0005783929447932853
-9.613273519984768	0.0005797989510811702
-9.597565556716818	0.0005812101396375942
-9.58185759344887	0.0005826265361891248
-9.56614963018092	0.0005840481666234852
-9.55044166691297	0.0005854750569907703
-9.534733703645022	0.000586907233504685
-9.519025740377073	0.0005883447225437853
-9.503317777109125	0.0005897875506527329
-9.487609813841175	0.0005912357445435639
-9.471901850573227	0.0005926893310969637
-9.456193887305277	0.0005941483373635574
-9.44048592403733	0.0005956127905652091
-9.42477796076938	0.0005970827180963378
-9.40906999750143	0.0005985581475252359
-9.393362034233482	0.0006000391065954099
-9.377654070965532	0.0006015256232269269
-9.361946107697584	0.0006030177255177743
-9.346238144429634	0.0006045154417452345
-9.330530181161686	0.0006060188003672671
-9.314822217893736	0.0006075278300239106
-9.299114254625788	0.0006090425595386872
-9.283406291357839	0.000610563017920034
-9.267698328089889	0.0006120892343627299
-9.25199036482194	0.0006136212382493533
-9.236282401553991	0.0006151590591517404
-9.220574438286043	0.0006167027268324621
-9.204866475018093	0.0006182522712463133
-9.189158511750145	0.0006198077225418171
-9.173450548482196	0.0006213691110627418
-9.157742585214248	0.0006229364673496317
-9.142034621946298	0.0006245098221413511
-9.12632665867835	0.0006260892063766464
-9.1106186954104	0.0006276746511957189
-9.09491073214245	0.0006292661879418114
-9.079202768874502	0.0006308638481628142
-9.063494805606553	0.0006324676636128829
-9.047786842338605	0.0006340776662540692
-9.032078879070655	0.0006356938882579726
-9.016370915802707	0.0006373163620074012
-9.000662952534757	0.0006389451200980536
-8.984954989266809	0.0006405801953402115
-8.96924702599886	0.0006422216207604537
-8.953539062730911	0.0006438694296033782
-8.937831099462962	0.0006455236553333523
-8.922123136195012	0.000647184331636265
-8.906415172927064	0.0006488514924213079
-8.890707209659114	0.0006505251718227672
-8.874999246391166	0.0006522054042018314
-8.859291283123216	0.0006538922241484213
-8.843583319855268	0.0006555856664830323
-8.827875356587318	0.0006572857662585973
-8.81216739331937	0.0006589925587623653
-8.79645943005142	0.0006607060795177986
-8.780751466783471	0.0006624263642864898
-8.765043503515523	0.0006641534490700942
-8.749335540247573	0.0006658873701122817
-8.733627576979625	0.000667628163900709
-8.717919613711675	0.0006693758671690078
-8.702211650443727	0.0006711305168987951
-8.686503687175778	0.0006728921503217016
-8.67079572390783	0.0006746608049214156
-8.65508776063988	0.000676436518435757
-8.63937979737193	0.0006782193288587589
-8.623671834103982	0.0006800092744427769
-8.607963870836032	0.0006818063937006187
-8.592255907568084	0.0006836107254076915
-8.576547944300135	0.0006854223086041699
-8.560839981032187	0.000687241182597189
-8.545132017764237	0.0006890673869630557
-8.529424054496289	0.0006909009615494804
-8.51371609122834	0.0006927419464778344
-8.498008127960391	0.0006945903821454257
-8.482300164692441	0.0006964463092277996
-8.466592201424492	0.000698309768681061
-8.450884238156544	0.000700180801744217
-8.435176274888594	0.0007020594499415493
-8.419468311620646	0.000703945755085001
-8.403760348352696	0.0007058397592765957
-8.388052385084748	0.0007077415049108723
-8.372344421816798	0.0007096510346773515
-8.35663645854885	0.0007115683915630219
-8.3409284952809	0.0007134936188548509
-8.325220532012953	0.0007154267601423235
-8.309512568745003	0.0007173678593200036
-8.293804605477053	0.000719316960590122
-8.278096642209105	0.0007212741084651908
-8.262388678941155	0.0007232393477706441
-8.246680715673207	0.0007252127236474997
-8.230972752405258	0.000727194281555058
-8.21526478913731	0.0007291840672736177
-8.19955682586936	0.0007311821269072281
-8.183848862601412	0.0007331885068864575
-8.168140899333462	0.0007352032539712023
-8.152432936065512	0.000737226415253516
-8.136724972797564	0.0007392580381604683
-8.121017009529615	0.000741298170457038
-8.105309046261667	0.0007433468602490269
-8.089601082993717	0.0007454041559860102
-8.073893119725769	0.0007474701064643163
-8.058185156457819	0.0007495447608300328
-8.042477193189871	0.0007516281685820452
-8.026769229921921	0.0007537203795751106
-8.011061266653972	0.000755821444022958
-7.995353303386024	0.0007579314125014194
-7.979645340118075	0.0007600503359516007
-7.963937376850126	0.0007621782656830767
-7.948229413582177	0.0007643152533771232
-7.932521450314228	0.0007664613510899813
-7.916813487046278	0.000768616611256158
-7.901105523778329	0.0007707810866917584
-7.8853975605103805	0.0007729548305978526
-7.869689597242432	0.0007751378965638748
-7.853981633974483	0.0007773303385710696
-7.838273670706534	0.0007795322109959568
-7.822565707438585	0.0007817435686138448
-7.806857744170636	0.0007839644666023815
-7.791149780902687	0.0007861949605451275
-7.7754418176347375	0.0007884351064351892
-7.759733854366789	0.0007906849606788705
-7.74402589109884	0.0007929445800993736
-7.728317927830891	0.0007952140219405358
-7.712609964562942	0.0007974933438706045
-7.696902001294993	0.0007997826039860549
-7.681194038027044	0.0008020818608154474
-7.665486074759095	0.0008043911733233217
-7.6497781114911465	0.0008067106009141405
-7.634070148223198	0.0008090402034362662
-7.618362184955249	0.0008113800411859888
-7.602654221687299	0.0008137301749115873
-7.58694625841935	0.0008160906658174433
-7.571238295151401	0.0008184615755681932
-7.555530331883452	0.0008208429662929263
-7.5398223686155035	0.000823234900589431
-7.524114405347555	0.0008256374415284788
-7.508406442079606	0.0008280506526581652
-7.492698478811657	0.0008304745980082889
-7.476990515543708	0.000832909342094783
-7.461282552275758	0.0008353549499241917
-7.445574589007809	0.0008378114869981962
-7.4298666257398605	0.0008402790193181892
-7.414158662471912	0.0008427576133899054
-7.398450699203963	0.0008452473362280913
-7.382742735936014	0.0008477482553612346
-7.367034772668065	0.0008502604388363412
-7.351326809400116	0.0008527839552237659
-7.335618846132167	0.0008553188736221031
-7.319910882864218	0.000857865263663114
-7.304202919596269	0.0008604231955167221
-7.28849495632832	0.0008629927398960653
-7.272786993060371	0.0008655739680625948
-7.257079029792422	0.0008681669518312287
-7.241371066524473	0.0008707717635755829
-7.225663103256524	0.0008733884762332312
-7.209955139988575	0.0008760171633110435
-7.194247176720626	0.000878657898890584
-7.1785392134526775	0.0008813107576335543
-7.162831250184729	0.000883975814787315
-7.147123286916779	0.0008866531461904539
-7.13141532364883	0.0008893428282784338
-7.115707360380881	0.000892044938089283
-7.099999397112932	0.0008947595532693682
-7.084291433844983	0.0008974867520792245
-7.0685834705770345	0.0009002266133994482
-7.052875507309086	0.0009029792167366623
-7.037167544041137	0.0009057446422295481
-7.021459580773188	0.000908522970654942
-7.005751617505239	0.0009113142834340058
-6.99004365423729	0.000914118662638469
-6.97433569096934	0.00091693619099693
-6.9586277277013915	0.0009197669519012462
-6.942919764433443	0.0009226110294129864
-6.927211801165494	0.0009254685082699609
-6.911503837897545	0.000928339473892826
-6.895795874629596	0.0009312240123917634
-6.880087911361647	0.0009341222105732377
-6.864379948093698	0.0009370341559468344
-6.848671984825749	0.000939959936732173
-6.8329640215578	0.0009428996418658995
-6.817256058289851	0.0009458533610087684
-6.801548095021902	0.0009488211845527929
-6.785840131753953	0.0009518032036284953
-6.770132168486004	0.0009547995101122284
-6.754424205218055	0.000957810196633588
-6.738716241950106	0.0009608353565829149
-6.7230082786821574	0.0009638750841188753
-6.707300315414209	0.0009669294741761458
-6.69159235214626	0.0009699986224731727
-6.675884388878311	0.0009730826255200337
-6.660176425610361	0.0009761815806263874
-6.644468462342412	0.0009792955859095228
-6.628760499074463	0.0009824247403024918
-6.613052535806514	0.0009855691435623568
-6.5973445725385655	0.0009887288962785196
-6.581636609270617	0.000991904099881154
-6.565928646002668	0.0009950948566497533
-6.550220682734719	0.000998301269721756
-6.53451271946677	0.0010015234431012916
-6.51880475619882	0.0010047614816680323
-6.503096792930871	0.0010080154911861385
-6.4873888296629225	0.0010112855783133226
-6.471680866394974	0.001014571850610022
-6.455972903127025	0.0010178744165486803
-6.440264939859076	0.0010211933855231378
-6.424556976591127	0.001024528867858143
-6.408849013323178	0.0010278809748189757
-6.393141050055229	0.0010312498186211892
-6.37743308678728	0.001034635512440469
-6.3617251235193315	0.001038038170422615
-6.346017160251382	0.0010414579076936453
-6.330309196983433	0.001044894840370021
-6.314601233715484	0.0010483490855690062
-6.298893270447535	0.0010518207614191408
-6.283185307179586	0.0010553099870708538
-6.267477343911637	0.0010588168827072111
-6.2517693806436885	0.0010623415695547808
-6.23606141737574	0.0010658841698946515
-6.220353454107791	0.0010694448070735741
-6.204645490839841	0.0010730236055152527
-6.188937527571892	0.0010766206907317668
-6.173229564303943	0.0010802361893351444
-6.157521601035994	0.0010838702290490792
-6.1418136377680455	0.0010875229387207884
-6.126105674500097	0.0010911944483330306
-6.110397711232148	0.0010948848890162597
-6.094689747964199	0.0010985943930609575
-6.07898178469625	0.0011023230939300886
-6.063273821428301	0.0011060711262717475
-6.047565858160352	0.0011098386259319392
-6.031857894892402	0.0011136257299675428
-6.0161499316244536	0.0011174325766594223
-6.000441968356505	0.0011212593055257268
-5.984734005088556	0.0011251060573353351
-5.969026041820607	0.001128972974121495
-5.953318078552658	0.0011328601991956305
-5.937610115284709	0.0011367678771613203
-5.92190215201676	0.001140696153928463
-5.906194188748811	0.0011446451767276294
-5.890486225480862	0.0011486150941245944
-5.874778262212913	0.0011526060560350564
-5.859070298944964	0.001156618213739556
-5.843362335677015	0.0011606517198985806
-5.827654372409066	0.001164706728567874
-5.811946409141117	0.001168783395213941
-5.796238445873168	0.001172881876729755
-5.7805304826052195	0.0011770023314506789
-5.764822519337271	0.001181144919170586
-5.749114556069322	0.001185309801158204
-5.733406592801373	0.0011894971401736642
-5.717698629533423	0.001193707100485276
-5.701990666265474	0.0011979398478865304
-5.686282702997525	0.0012021955497133125
-5.6705747397295765	0.001206474374861365
-5.654866776461628	0.00121077649380396
-5.639158813193679	0.0012151020786098365
-5.62345084992573	0.0012194513029613492
-5.607742886657781	0.001223824342172884
-5.592034923389832	0.00122822137320951
-5.576326960121882	0.0012326425747058826
-5.5606189968539335	0.0012370881269854082
-5.544911033585985	0.0012415582120796657
-5.529203070318036	0.0012460530137480947
-5.513495107050087	0.0012505727174979373
-5.497787143782138	0.0012551175106044765
-5.482079180514189	0.0012596875821315283
-5.46637121724624	0.001264283122952229
-5.450663253978291	0.0012689043257701
-5.4349552907103424	0.0012735513851404028
-5.419247327442394	0.0012782244974917948
-5.403539364174444	0.0012829238611482738
-5.387831400906495	0.0012876496763514335
-5.372123437638546	0.0012924021452830295
-5.356415474370597	0.0012971814720878472
-5.340707511102648	0.0013019878628969055
-5.324999547834699	0.0013068215258509618
-5.3092915845667505	0.0013116826711243727
-5.293583621298802	0.0013165715109492635
-5.277875658030853	0.0013214882596400527
-5.262167694762903	0.0013264331336183207
-5.246459731494954	0.001331406351438017
-5.230751768227005	0.0013364081338110424
-5.215043804959056	0.0013414387036331775
-5.1993358416911075	0.0013464982860103836
-5.183627878423159	0.0013515871082854871
-5.16791991515521	0.0013567054000652302
-5.152211951887261	0.0013618533932477149
-5.136503988619312	0.0013670313220502444
-5.120796025351363	0.001372239423037554
-5.105088062083414	0.0013774779351504553
-5.0893800988154645	0.001382747099734893
-5.073672135547516	0.0013880471605714143
-5.057964172279567	0.001393378363905078
-5.042256209011618	0.0013987409584757806
-5.026548245743669	0.0014041351955490404
-5.01084028247572	0.00140956132894722
-4.995132319207771	0.0014150196150812039
-4.979424355939822	0.0014205103129825462
-4.9637163926718735	0.0014260336843360869
-4.948008429403924	0.0014315899935130473
-4.932300466135975	0.0014371795076046114
-4.916592502868026	0.0014428024964560065
-4.900884539600077	0.0014484592327010924
-4.885176576332128	0.0014541499917974494
-4.869468613064179	0.0014598750520620042
-4.8537606497962305	0.0014656346947071784
-4.838052686528282	0.0014714292038775767
-4.822344723260333	0.001477258866687229
-4.806636759992384	0.0014831239732573857
-4.790928796724435	0.0014890248167548864
-4.775220833456485	0.0014949616934311078
-4.759512870188536	0.0015009349026614898
-4.743804906920587	0.0015069447469856774
-4.7280969436526386	0.0015129915321482554
-4.71238898038469	0.0015190755671401117
-4.696681017116741	0.0015251971642404362
-4.680973053848792	0.001531356639059345
-4.665265090580843	0.0015375543105811751
-4.649557127312894	0.00154379050120844
-4.633849164044944	0.0015500655368064463
-4.6181412007769955	0.0015563797467486272
-4.602433237509047	0.0015627334639625565
-4.586725274241098	0.0015691270249766755
-4.571017310973149	0.001575560769967758
-4.5553093477052	0.0015820350428091068
-4.539601384437251	0.001588550191119512
-4.523893421169302	0.0015951065663129488
-4.508185457901353	0.001601704523649105
-4.4924774946334045	0.001608344422284638
-4.476769531365456	0.0016150266253253083
-4.461061568097506	0.0016217514998788807
-4.445353604829557	0.001628519417108899
-4.429645641561608	0.001635330752289295
-4.413937678293659	0.0016421858848598783
-4.39822971502571	0.001649085198482705
-4.3825217517577615	0.0016560290810993593
-4.366813788489813	0.0016630179249891275
-4.351105825221864	0.0016700521268281487
-4.335397861953915	0.001677132087749475
-4.319689898685965	0.001684258213404132
-4.303981935418016	0.0016914309140231593
-4.288273972150067	0.0016986506044806547
-4.2725660088821185	0.0017059177043578443
-4.25685804561417	0.0017132326380082112
-4.241150082346221	0.0017205958346236715
-4.225442119078272	0.0017280077283018459
-4.209734155810323	0.0017354687581144352
-4.194026192542374	0.001742979368176726
-4.178318229274425	0.001750540007718237
-4.162610266006476	0.0017581511311545463
-4.146902302738527	0.0017658131981603026
-4.131194339470578	0.0017735266737434502
-4.115486376202629	0.0017812920283207109
-4.09977841293468	0.0017891097377943062
-4.084070449666731	0.0017969802836299805
-4.068362486398782	0.0018049041529363337
-4.052654523130833	0.0018128818385454936
-4.036946559862884	0.0018209138390951473
-4.0212385965949355	0.0018290006591119676
-4.005530633326986	0.001837142809096456
-3.9898226700590373	0.0018453408056092354
-3.9741147067910885	0.0018535951713588123
-3.958406743523139	0.001861906435290839
-3.9426987802551903	0.0018702751326789236
-3.9269908169872414	0.001878701805216985
-3.9112828537192925	0.0018871870011132202
-3.8955748904513436	0.0018957312751856884
-3.8798669271833943	0.0019043351889595455
-3.8641589639154454	0.001912999310766005
-3.8484510006474966	0.0019217242158429796
-3.8327430373795477	0.0019305104864375225
-3.817035074111599	0.0019393587119100413
-3.8013271108436495	0.0019482694888403658
-3.7856191475757006	0.0019572434211356632
-3.7699111843077517	0.0019662811201402886
-3.754203221039803	0.001975383204747563
-3.738495257771854	0.0019845503015135423
-3.7227872945039047	0.001993783044772835
-3.707079331235956	0.002003082076756459
-3.691371367968007	0.002012448047711842
-3.675663404700058	0.0020218816160249556
-3.659955441432109	0.0020313834483446764
-3.64424747816416	0.0020409542197093625
-3.628539514896211	0.002050594613675766
-3.612831551628262	0.002060305322450252
-3.597123588360313	0.0020700870470224306
-3.5814156250923643	0.00207994049730123
-3.565707661824415	0.002089866392253462
-3.549999698556466	0.002099865460044932
-3.5342917352885173	0.0021099384381841526
-3.5185837720205684	0.002120086073668729
-3.5028758087526195	0.002130309123134428
-3.48716784548467	0.002140608353007054
-3.4714598822167213	0.0021509845396571374
-3.4557519189487724	0.0021614384695575082
-3.4400439556808236	0.0021719709394438596
-3.4243359924128747	0.0021825827564782904
-3.4086280291449254	0.0021932747384159528
-3.3929200658769765	0.0022040477137748745
-3.3772121026090276	0.002214902522008955
-3.3615041393410787	0.0022258400136842956
-3.34579617607313	0.00223686105065888
-3.3300882128051805	0.002247966506265687
-3.3143802495372316	0.002259157265499336
-3.2986722862692828	0.0022704342252063124
-3.282964323001334	0.0022817982942788784
-3.267256359733385	0.0022932503938527227
-3.2515483964654357	0.0023047914575084713
-3.235840433197487	0.0023164224314771113
-3.220132469929538	0.0023281442748494287
-3.204424506661589	0.002339957959789579
-3.18871654339364	0.0023518644717527943
-3.173008580125691	0.0023638648097074715
-3.157300616857742	0.002375959986361574
-3.141592653589793	0.0023881510283935764
-3.1258846903218442	0.0024004389766879818
-3.1101767270538954	0.002412824886575551
-3.094468763785946	0.0024253098280783447
-3.078760800517997	0.002437894886159669
-3.0630528372500483	0.0024505811609790923
-3.0473448739820994	0.0024633697681525754
-3.0316369107141505	0.0024762618390179116
-3.015928947446201	0.002489258520905535
-3.0002209841782523	0.002502360977414894
-2.9845130209103035	0.0025155703886964283
-2.9688050576423546	0.0025288879517393783
-2.9530970943744057	0.002542314880665506
-2.9373891311064564	0.0025558524070288828
-2.9216811678385075	0.0025695017801218973
-2.9059732045705586	0.0025832642672876153
-2.8902652413026098	0.002597141154238676
-2.874557278034661	0.002611133745382828
-2.8588493147667116	0.0026252433641553437
-2.8431413514987627	0.002639471353358392
-2.827433388230814	0.002653819075507611
-2.811725424962865	0.0026682879131860173
-2.796017461694916	0.0026828792694054402
-2.7803094984269667	0.0026975945679756793
-2.764601535159018	0.002712435253881535
-2.748893571891069	0.002727402793667994
-2.73318560862312	0.0027424986758336485
-2.7174776453551712	0.002757724411232674
-2.701769682087222	0.0027730815334854986
-2.686061718819273	0.0027885715993984208
-2.670353755551324	0.00280419618939239
-2.6546457922833753	0.0028199569079411873
-2.6389378290154264	0.002835855384019222
-2.623229865747477	0.002851893271559246
-2.607521902479528	0.0028680722499201438
-2.5918139392115793	0.0028843940243651603
-2.5761059759436304	0.002900860326550779
-2.5603980126756816	0.0029174729150265033
-2.5446900494077322	0.0029342335757458916
-2.5289820861397834	0.002951144122589067
-2.5132741228718345	0.0029682063978970687
-2.4975661596038856	0.002985422273018289
-2.4818581963359367	0.003002793648867359
-2.4661502330679874	0.0030203224564967894
-2.4504422698000385	0.0030380106576817206
-2.4347343065320897	0.0030558602455181133
-2.419026343264141	0.003073873245034736
-2.403318379996192	0.0030920517138193315
-2.3876104167282426	0.0031103977426593485
-2.3719024534602937	0.0031289134561975967
-2.356194490192345	0.0031476010136032555
-2.340486526924396	0.0031664626092586723
-2.324778563656447	0.003185500473462307
-2.3090706003884978	0.0032047168731483477
-2.293362637120549	0.0032241141126234107
-2.2776546738526	0.0032436945343207796
-2.261946710584651	0.003263460519572732
-2.2462387473167023	0.003283414489401356
-2.230530784048753	0.003303558905328464
-2.214822820780804	0.0033238962702051076
-2.199114857512855	0.0033444291290611818
-2.1834068942449063	0.0033651600699758028
-2.1676989309769574	0.0033860917249689234
-2.151990967709008	0.00340722677091487
-2.1362830044410592	0.0034285679304783844
-2.1205750411731104	0.00345011797307383
-2.1048670779051615	0.0034718797158482316
-2.0891591146372126	0.003493856024688792
-2.0734511513692633	0.0035160498152556627
-2.0577431881013144	0.0035384640540406156
-2.0420352248333655	0.0035611017594524637
-2.0263272615654166	0.0035839660029299263
-2.0106192982974678	0.00360705991008278
-1.9949113350295187	0.003630386661862168
-1.9792033717615696	0.0036539494957608287
-1.9634954084936207	0.0036777517070442287
-1.9477874452256718	0.0037017966500134825
-1.9320794819577227	0.00372608773930099
-1.9163715186897738	0.003750628451199818
-1.9006635554218247	0.003775422325027786
-1.8849555921538759	0.003800472964527357
-1.869247628885927	0.0038257840393024186
-1.853539665617978	0.003851359286293012
-1.837831702350029	0.0038772025112892945
-1.82212373908208	0.0039033175904857782
-1.806415775814131	0.003929708472077272
-1.7907078125461822	0.003956379177897653
-1.774999849278233	0.003983333805102929
-1.7592918860102842	0.004010576527899873
-1.743583922742335	0.0040381115993217585
-1.7278759594743862	0.004065943353052592
-1.7121679962064373	0.004094076205301422
-1.6964600329384882	0.004122514656728351
-1.6807520696705394	0.004151263294423778
-1.6650441064025903	0.004180326793942764
-1.6493361431346414	0.004209709921396108
-1.6336281798666925	0.004239417535600077
-1.6179202165987434	0.00426945459028668
-1.6022122533307945	0.0042998261363764315
-1.5865042900628454	0.004330537324315672
-1.5707963267948966	0.004361593406480565
-1.5550883635269477	0.004392999739649971
-1.5393804002589986	0.004424761787549476
-1.5236724369910497	0.004456885123468967
-1.5079644737231006	0.004489375432956198
-1.4922565104551517	0.004522238516588904
-1.4765485471872029	0.004555480292828122
-1.4608405839192538	0.004589106800955478
-1.4451326206513049	0.004623124204097267
-1.4294246573833558	0.0046575387923383565
-1.413716694115407	0.004692356985928963
-1.398008730847458	0.004727585338587481
-1.382300767579509	0.00476323054090278
-1.36659280431156	0.0047992994238393585
-1.350884841043611	0.0048357989623490135
-1.335176877775662	0.004872736279092702
-1.3194689145077132	0.004910118648276599
-1.303760951239764	0.004947953499606281
-1.2880529879718152	0.004986248422363363
-1.2723450247038661	0.005025011169608889
-1.2566370614359172	0.005064249662518119
-1.2409290981679684	0.005103971994851382
-1.2252211349000193	0.005144186437566055
-1.2095131716320704	0.005184901443574686
-1.1938052083641213	0.005226125652654773
-1.1780972450961724	0.005267867896515673
-1.1623892818282235	0.005310137204028544
-1.1466813185602744	0.005352942806625354
-1.1309733552923256	0.0053962941438733
-1.1152653920243765	0.005440200869231247
-1.0995574287564276	0.005484672855995073
-1.0838494654884787	0.005529720203439025
-1.0681415022205296	0.0055753532431607215
-1.0524335389525807	0.005621582545637449
-1.0367255756846316	0.005668418927002071
-1.0210176124166828	0.005715873456046877
-1.0053096491487339	0.005763957461464462
-0.9896016858807848	0.00581268253933476
-0.9738937226128359	0.005862060560867995
-0.9581857593448869	0.0059121036804137
-0.9424777960769379	0.005962824343746314
-0.926769832808989	0.006014235296638516
-0.91106186954104	0.006066349593733791
-0.8953539062730911	0.0061191806077303575
-0.8796459430051421	0.006172742038889125
-0.8639379797371931	0.006227047924878858
-0.8482300164692441	0.006282112650972494
-0.8325220532012951	0.006337950960609036
-0.8168140899333463	0.006394577966336258
-0.8011061266653973	0.006452009161150012
-0.7853981633974483	0.006510260430247035
-0.7696902001294993	0.006569348063208379
-0.7539822368615503	0.0066292887666320206
-0.7382742735936014	0.006690099677233681
-0.7225663103256524	0.006751798375436
-0.7068583470577035	0.00681440289946712
-0.6911503837897545	0.0068779317599908605
-0.6754424205218055	0.00694240395529159
-0.6597344572538566	0.007007838987038241
-0.6440264939859076	0.00707425687665304
-0.6283185307179586	0.007141678182311755
-0.6126105674500096	0.007210124016603714
-0.5969026041820606	0.007279616064881295
-0.5811946409141118	0.007350176604329973
-0.5654866776461628	0.007421828523791759
-0.5497787143782138	0.0074945953443764516
-0.5340707511102648	0.007568501240897001
-0.5183627878423158	0.007643571064167158
-0.5026548245743669	0.007719830364201437
-0.48694686130641796	0.007797305414359961
-0.47123889803846897	0.00787602323648239
-0.45553093477052	0.007956011627058198
-0.43982297150257105	0.008037299184482559
-0.42411500823462206	0.008119915337450082
-0.4084070449666731	0.008203890374541367
-0.39269908169872414	0.008289255475060452
-0.37699111843077515	0.008376042741184397
-0.3612831551628262	0.008464285231489593
-0.34557519189487723	0.008554016995923156
-0.3298672286269283	0.008645273112291404
-0.3141592653589793	0.008738089724341863
-0.2984513020910303	0.008832504081519116
-0.2827433388230814	0.008928554580479885
-0.2670353755551324	0.009026280808457389
-0.25132741228718347	0.009125723588570441
-0.23561944901923448	0.009226925027178251
-0.21991148575128552	0.00932992856338783
-0.20420352248333656	0.009434779020827457
-0.18849555921538758	0.009541522661806098
-0.17278759594743862	0.009650207243986329
-0.15707963267948966	0.009760882079705706
-0.1413716694115407	0.009873598098089907
-0.12566370614359174	0.009988407910109838
-0.10995574287564276	0.010105365876744266
-0.09424777960769379	0.01022452818041956
-0.07853981633974483	0.010345952899909189
-0.06283185307179587	0.01046970008888667
-0.047123889803846894	0.010595831858338671
-0.031415926535897934	0.01072441246305761
-0.015707963267948967	0.010855508392447775
0.0	0.010989188465893994
0.015707963267948967	0.011125523932958629
0.031415926535897934	0.011264588578689744
0.047123889803846894	0.011406458834341616
0.06283185307179587	0.011551213893830346
0.07853981633974483	0.011698935836269029
0.09424777960769379	0.011849709754949438
0.10995574287564276	0.012003623893162903
0.12566370614359174	0.012160769787280501
0.1413716694115407	0.012321242417541609
0.15707963267948966	0.012485140367031897
0.17278759594743862	0.01265256598936568
0.18849555921538758	0.012823625585624587
0.20420352248333656	0.012998429591144008
0.21991148575128552	0.013177092772782166
0.23561944901923448	0.013359734437353095
0.25132741228718347	0.01354647865195482
0.2670353755551324	0.013737454476979124
0.2827433388230814	0.01393279621264798
0.2984513020910303	0.01413264365998592
0.3141592653589793	0.0143371423972074
0.3298672286269283	0.014546444072573213
0.34557519189487723	0.01476070671485258
0.3612831551628262	0.014980095062616591
0.37699111843077515	0.015204780913685502
0.39269908169872414	0.015434943496158449
0.4084070449666731	0.015670769862569323
0.42411500823462206	0.01591245530883788
0.43982297150257105	0.016160203819822517
0.45553093477052	0.016414228543431008
0.47123889803846897	0.016674752295408837
0.48694686130641796	0.016942008097104187
0.5026548245743669	0.017216239748704395
0.5183627878423158	0.017497702440654007
0.5340707511102648	0.017786663406199648
0.5497787143782138	0.018083402618265795
0.5654866776461628	0.018388213534149916
0.5811946409141118	0.01870140389183744
0.5969026041820606	0.019023296562081318
0.6126105674500096	0.019354230460769423
0.6283185307179586	0.019694561526521125
0.6440264939859076	0.020044663768915203
0.6597344572538566	0.020404930393260936
0.6754424205218055	0.02077577500838706
0.6911503837897545	0.02115763292454825
0.7068583470577035	0.02155096254923865
0.7225663103256524	0.021956246889469698
0.7382742735936014	0.022373995169921643
0.7539822368615503	0.022804744577324478
0.7696902001294993	0.023249062142479005
0.7853981633974483	0.02370754677250338
0.8011061266653973	0.024180831447202338
0.8168140899333463	0.024669585594919594
0.8325220532012951	0.02517451766487395
0.8482300164692441	0.025696377914813384
0.8639379797371931	0.026235961434878857
0.8796459430051421	0.026794111430881545
0.8953539062730911	0.02737172279279323
0.91106186954104	0.027969745977176826
0.926769832808989	0.028589191235581343
0.9424777960769379	0.02923113322465133
0.9581857593448869	0.029896716037913443
0.9738937226128359	0.03058715870397401
0.9896016858807848	0.0313037612012751
1.0053096491487339	0.03204791104570723
1.0210176124166828	0.0328210905143769
1.0367255756846316	0.03362488457680885
1.0524335389525807	0.03446098961397686
1.0681415022205296	0.03533122301598556
1.0838494654884787	0.03623753376117807
1.0995574287564276	0.03718201409316886
1.1152653920243765	0.03816691242809481
1.1309733552923256	0.03919464764258118
1.1466813185602744	0.040267824913951936
1.1623892818282235	0.04138925330855932
1.1780972450961724	0.04256196534235331
1.1938052083641213	0.04378923877065283
1.2095131716320704	0.04507462090235313
1.2252211349000193	0.046421955778513393
1.2409290981679684	0.04783541460762214
1.2566370614359172	0.0493195299112983
1.2723450247038661	0.0508792339065263
1.2880529879718152	0.05251990173589346
1.303760951239764	0.05424740025832818
1.3194689145077132	0.05606814323274311
1.335176877775662	0.05798915386970877
1.350884841043611	0.06001813589669316
1.36659280431156	0.06216355448651221
1.382300767579509	0.06443472864390837
1.398008730847458	0.06684193694092769
1.413716694115407	0.06939653884963472
1.4294246573833558	0.0721111143553309
1.4451326206513049	0.07499962506330272
1.4608405839192538	0.07807760066062965
1.4765485471872029	0.08136235539157936
1.4922565104551517	0.08487324018879384
1.5079644737231006	0.08863193732197025
1.5236724369910497	0.0926628059446332
1.5393804002589986	0.0969932888205607
1.5550883635269477	0.10165439290262396
1.5707963267948966	0.1066812594605839
1.5865042900628454	0.11211384329927179
1.6022122533307945	0.11799772552588568
1.6179202165987434	0.12438509065218184
1.6336281798666925	0.13133590701017872
1.6493361431346414	0.1389193601398101
1.6650441064025903	0.14721560282663884
1.6807520696705394	0.1563179040079321
1.6964600329384882	0.16633530347487616
1.7121679962064373	0.17739591250103448
1.7278759594743862	0.18965104552862444
1.743583922742335	0.20328042959729314
1.7592918860102842	0.2184988232095018
1.774999849278233	0.2355644949373978
1.7907078125461822	0.25479017937218673
1.806415775814131	0.2765573667084229
1.82212373908208	0.30133512698751747
1.837831702350029	0.3297051743889091
1.853539665617978	0.3623956250723045
1.869247628885927	0.40032702800561326
1.8849555921538759	0.4446759690557222
1.9006635554218247	0.49696422173423005
1.9163715186897738	0.5591856415153171
1.9320794819577227	0.6339897923435412
1.9477874452256718	0.7249524125870723
1.9634954084936207	0.8369813520486123
1.9792033717615696	0.9769379715354334
1.9949113350295187	1.1546077281257159
2.0106192982974678	1.3842460195211146
2.0263272615654166	1.6870813743433384
2.0420352248333655	2.095404005688174
2.0577431881013144	2.659169486247532
2.0734511513692633	3.4560023315360713
2.0891591146372126	4.603000706929031
2.1048670779051615	6.255218121833772
2.1205750411731104	8.525199957662295
2.1362830044410592	11.157828964413632
2.151990967709008	13.005817398906094
2.1676989309769574	12.639318745552854
2.1834068942449063	10.383971194244475
2.199114857512855	7.788424839512505
2.214822820780804	5.704079373392482
2.230530784048753	4.2207456447118075
2.2462387473167023	3.194353724495939
2.261946710584651	2.478544434305771
2.2776546738526	1.9690310345815982
2.293362637120549	1.5976969376869297
2.3090706003884978	1.3207445984470214
2.324778563656447	1.1097443583965636
2.340486526924396	0.9458924706301529
2.356194490192345	0.8164797030193948
2.3719024534602937	0.7127265724278351
2.3876104167282426	0.6284405832621721
2.403318379996192	0.5591683846852987
2.419026343264141	0.5016496938714551
2.4347343065320897	0.45345844375824496
2.4504422698000385	0.41276232942519536
2.4661502330679874	0.3781586876892197
2.4818581963359367	0.3485605232331609
2.4975661596038856	0.323116074446689
2.5132741228718345	0.3011511952953361
2.5289820861397834	0.28212750756825145
2.5446900494077322	0.26561161780520876
2.5603980126756816	0.2512522070950784
2.5761059759436304	0.23876279721494945
2.5918139392115793	0.22790866094047707
2.607521902479528	0.21849679428011254
2.623229865747477	0.21036817729654295
2.6389378290154264	0.20339176507505805
2.6546457922833753	0.19745980180155404
2.670353755551324	0.19248415892292745
2.686061718819273	0.18839347639851128
2.701769682087222	0.18513094319265078
2.7174776453551712	0.1826525956345661
2.73318560862312	0.1809260444203023
2.748893571891069	0.17992956592771128
2.764601535159018	0.17965151338890667
2.7803094984269667	0.18009001998476612
2.796017461694916	0.18125298040142687
2.811725424962865	0.18315831091464094
2.827433388230814	0.18583450164375473
2.8431413514987627	0.18932148925085077
2.8588493147667116	0.19367189517441857
2.874557278034661	0.19895269483953093
2.8902652413026098	0.20524740892984003
2.9059732045705586	0.21265894110134456
2.9216811678385075	0.22131323074306333
2.9373891311064564	0.23136394920271058
2.9530970943744057	0.24299855002675522
2.9688050576423546	0.2564460980874586
2.9845130209103035	0.271987463672781
3.0002209841782523	0.2899686978502554
3.015928947446201	0.31081873855869113
3.0316369107141505	0.3350730854840461
3.0473448739820994	0.3634058085871753
3.0630528372500483	0.39667335250458263
3.078760800517997	0.4359752819954847
3.094468763785946	0.48273973746979143
3.1101767270538954	0.5388455313078833
3.1258846903218442	0.606799534468827
3.141592653589793	0.6899990457711229
3.157300616857742	0.7931273034623224
3.173008580125691	0.922761660103731
3.18871654339364	1.0883277686048127
3.204424506661589	1.3036255072872376
3.220132469929538	1.58930703871393
3.235840433197487	1.9769238527318935
3.2515483964654357	2.51541334762403
3.267256359733385	3.2806355930690523
3.282964323001334	4.3852075988712365
3.2986722862692828	5.969283823790384
3.3143802495372316	8.096292704055012
3.3300882128051805	10.397619440718087
3.34579617607313	11.680169068379728
3.3615041393410787	10.884646081671143
3.3772121026090276	8.700893632117186
3.3929200658769765	6.463379549024892
3.4086280291449254	4.736859965820754
3.4243359924128747	3.5219189871985126
3.4400439556808236	2.6811286393162876
3.4557519189487724	2.092171459039896
3.4714598822167213	1.6705130300373408
3.48716784548467	1.3613338420499221
3.5028758087526195	1.1293592422887313
3.5185837720205684	0.9516064031604996
3.5342917352885173	0.8128016526011134
3.549999698556466	0.7025701028527593
3.565707661824415	0.6137098202649408
3.5814156250923643	0.5411174249029946
3.597123588360313	0.48110674479753707
3.612831551628262	0.4309679912487123
3.628539514896211	0.3886767832678684
3.64424747816416	0.35269834314332105
3.659955441432109	0.3218533095964776
3.675663404700058	0.2952241937701606
3.691371367968007	0.27208912185054923
3.707079331235956	0.25187420544940886
3.7227872945039047	0.23411882907780918
3.738495257771854	0.21845002675789316
3.754203221039803	0.2045633422503311
3.7699111843077517	0.19220837372760924
3.7856191475757006	0.18117774363216138
3.8013271108436495	0.1712986011051041
3.817035074111599	0.162426016694286
3.8327430373795477	0.15443780488887335
3.8484510006474966	0.1472304340233177
3.8641589639154454	0.14071577151171016
3.8798669271833943	0.13481847608931505
3.8955748904513436	0.12947389511181748
3.9112828537192925	0.12462635903379249
3.9269908169872414	0.12022779044434465
3.9426987802551903	0.11623656391964507
3.958406743523139	0.1126165671826811
3.9741147067910885	0.10933642486899162
3.9898226700590373	0.10636885446774097
4.005530633326986	0.10369013038198575
4.0212385965949355	0.10127963700000452
4.036946559862884	0.09911949553749407
4.052654523130833	0.09719425245580002
4.068362486398782	0.09549061967710364
4.084070449666731	0.09399725874929743
4.09977841293468	0.09270460267213475
4.115486376202629	0.09160471036737268
4.131194339470578	0.09069114982527278
4.146902302738527	0.0899589068400796
4.162610266006476	0.08940431699962585
4.178318229274425	0.08902501925307771
4.194026192542374	0.08881992997466248
4.209734155810323	0.08878923699501826
4.225442119078272	0.08893441360839649
4.241150082346221	0.08925825310537452
4.25685804561417	0.08976492494946335
4.2725660088821185	0.09046005433631929
4.288273972150067	0.09135082757371922
4.303981935418016	0.09244612653162818
4.319689898685965	0.0937566963743435
4.335397861953915	0.09529535195065435
4.351105825221864	0.09707722964672172
4.366813788489813	0.0991200932821898
4.3825217517577615	0.10144470486054566
4.39822971502571	0.10407527381243876
4.413937678293659	0.10704000198573313
4.429645641561608	0.11037174629463029
4.445353604829557	0.11410882699004976
4.461061568097506	0.1182960174308079
4.476769531365456	0.12298576167768983
4.4924774946334045	0.12823968011664064
4.508185457901353	0.13413044193158194
4.523893421169302	0.14074410842121574
4.539601384437251	0.14818308551124362
4.5553093477052	0.15656987115626664
4.571017310973149	0.16605184922745345
4.586725274241098	0.176807474207522
4.602433237509047	0.1890543229723631
4.6181412007769955	0.20305968000387092
4.633849164044944	0.21915459965975934
4.649557127312894	0.23775279916626166
4.665265090580843	0.25937635114097407
4.680973053848792	0.2846910814347337
4.696681017116741	0.3145560283833593
4.71238898038469	0.35009360252437954
4.7280969436526386	0.39279074293869887
4.743804906920587	0.44464733034965526
4.759512870188536	0.508398016726412
4.775220833456485	0.5878503364863213
4.790928796724435	0.6884105286715663
4.806636759992384	0.8179176175194007
4.822344723260333	0.9879898122260452
4.838052686528282	1.2162219564351662
4.8537606497962305	1.5297531852020574
4.869468613064179	1.9707903499538173
4.885176576332128	2.6037281799549734
4.900884539600077	3.517691830843044
4.916592502868026	4.794859560722117
4.932300466135975	6.357425386407264
4.948008429403924	7.647170999169655
4.9637163926718735	7.745414758517726
4.979424355939822	6.565211539822913
4.995132319207771	4.993982355460123
5.01084028247572	3.668919243571458
5.026548245743669	2.7116319415236374
5.042256209011618	2.0482314657516243
5.057964172279567	1.5872683673374264
5.073672135547516	1.2609528772698542
5.0893800988154645	1.0245645850488592
5.105088062083414	0.8493404217409656
5.120796025351363	0.7166713940567414
5.136503988619312	0.6143064509055306
5.152211951887261	0.5340074625736848
5.16791991515521	0.4701132735007042
5.183627878423159	0.4186519697990779
5.1993358416911075	0.3767827215491555
5.215043804959056	0.34243793419753776
5.230751768227005	0.31408920398360135
5.246459731494954	0.2905912617277253
5.262167694762903	0.27107601542791515
5.277875658030853	0.25487940539254167
5.293583621298802	0.24149016067577841
5.3092915845667505	0.23051344770445883
5.324999547834699	0.22164483502812574
5.340707511102648	0.21465154394588565
5.356415474370597	0.20935895612194547
5.372123437638546	0.20564101173590515
5.387831400906495	0.20341358092162912
5.403539364174444	0.20263020589147557
5.419247327442394	0.20327984197248972
5.4349552907103424	0.20538640709394362
5.450663253978291	0.209010106065924
5.46637121724624	0.2142506488376993
5.482079180514189	0.22125265071812428
5.497787143782138	0.230213710135892
5.513495107050087	0.24139593608617316
5.529203070318036	0.2551420866122712
5.544911033585985	0.2718980483265375
5.5606189968539335	0.29224424104086383
5.576326960121882	0.31693984338314896
5.592034923389832	0.3469857909596351
5.607742886657781	0.3837157821047365
5.62345084992573	0.4289298696976654
5.639158813193679	0.4850940724007495
5.654866776461628	0.5556443611909592
5.6705747397295765	0.6454588699117779
5.686282702997525	0.7616060138412427
5.701990666265474	0.9145508688779334
5.717698629533423	1.1201233589176094
5.733406592801373	1.402718132580442
5.749114556069322	1.8002796296591552
5.764822519337271	2.3708855187074973
5.7805304826052195	3.1959380812662097
5.796238445873168	4.355080094396646
5.811946409141117	5.796300861997922
5.827654372409066	7.042375714769391
5.843362335677015	7.233854541242056
5.859070298944964	6.1999229451377325
5.874778262212913	4.737828508454573
5.890486225480862	3.479986615309274
5.906194188748811	2.5650215736365456
5.92190215201676	1.9297843853614758
5.937610115284709	1.4883030349030018
5.953318078552658	1.1757777045073965
5.969026041820607	0.949273931317797
5.984734005088556	0.7811622597769573
6.000441968356505	0.6535813136880474
6.0161499316244536	0.5547862058023765
6.031857894892402	0.4768882562001979
6.047565858160352	0.4144711254002972
6.063273821428301	0.3637361046592918
6.07898178469625	0.3219653876272509
6.094689747964199	0.28717838139637714
6.110397711232148	0.2579071483040226
6.126105674500097	0.23304676276164155
6.1418136377680455	0.21175369792414725
6.157521601035994	0.1933755952651249
6.173229564303943	0.17740191619268508
6.188937527571892	0.16342872967962124
6.204645490839841	0.15113322524065834
6.220353454107791	0.14025501887993352
6.23606141737574	0.130582271428096
6.2517693806436885	0.12194126152271999
6.267477343911637	0.11418846937472986
6.283185307179586	0.10720450653261583
6.298893270447535	0.10088941762103534
6.314601233715484	0.09515901212965988
6.330309196983433	0.08994197692448107
6.346017160251382	0.08517758580969538
6.3617251235193315	0.0808138695281401
6.37743308678728	0.0768061436630871
6.393141050055229	0.07311581680892444
6.408849013323178	0.0697094197465211
6.424556976591127	0.0665578101216505
6.440264939859076	0.06363551764258858
6.455972903127025	0.06092020213335293
6.471680866394974	0.05839220212544877
6.4873888296629225	0.05603415744209916
6.503096792930871	0.053830692628888815
6.51880475619882	0.05176815010161214
6.53451271946677	0.049834364205724166
6.550220682734719	0.04801846919239306
6.565928646002668	0.046310735432019634
6.581636609270617	0.044702429224461285
6.5973445725385655	0.043185692401978185
6.613052535806514	0.04175343859572779
6.628760499074463	0.040399263581753345
6.644468462342412	0.039117367564268354
6.660176425610361	0.03790248761362289
6.675884388878311	0.036749838770147404
6.69159235214626	0.03565506256608555
6.707300315414209	0.034614181916293056
6.7230082786821574	0.03362356149240529
6.738716241950106	0.032679872831217774
6.754424205218055	0.03178006354124395
6.770132168486004	0.030921330065948695
6.785840131753953	0.030101093541340395
6.801548095021902	0.02931697835213529
6.817256058289851	0.028566793046771264
6.8329640215578	0.02784851331892937
6.848671984825749	0.027160266803371698
6.864379948093698	0.026500319468025526
6.880087911361647	0.02586706341330676
6.895795874629596	0.025259005914504046
6.911503837897545	0.024674759564298463
6.927211801165494	0.024113033390734437
6.942919764433443	0.023572624841649334
6.9586277277013915	0.023052412540094686
6.97433569096934	0.022551349726970638
6.99004365423729	0.022068458317212155
7.005751617505239	0.021602823504645954
7.021459580773188	0.0211535888582669
7.037167544041137	0.020719951859331887
7.052875507309086	0.020301159834467942
7.0685834705770345	0.01989650624506414
7.084291433844983	0.019505327297658335
7.099999397112932	0.019126998843927247
7.115707360380881	0.018760933542314076
7.13141532364883	0.01840657825634381
7.147123286916779	0.018063411667336226
7.162831250184729	0.017730942081575995
7.1785392134526775	0.01740870541407894
7.194247176720626	0.017096263332934698
7.209955139988575	0.01679320154984319
7.225663103256524	0.016499128243915355
7.241371066524473	0.016213672607104674
7.257079029792422	0.015936483500791434
7.272786993060371	0.01566722821407524
7.28849495632832	0.015405591315256076
7.304202919596269	0.015151273588815562
7.319910882864218	0.014903991050956954
7.335618846132167	0.01466347403743699
7.351326809400116	0.014429466358033603
7.367034772668065	0.014201724512547873
7.382742735936014	0.013980016963746313
7.398450699203963	0.013764123463114694
7.414158662471912	0.013553834425727178
7.4298666257398605	0.01334895035093834
7.445574589007809	0.013149281285990126
7.461282552275758	0.012954646329995188
7.476990515543708	0.012764873176115996
7.492698478811657	0.012579797690082179
7.508406442079606	0.012399263523356872
7.524114405347555	0.012223121758895157
7.5398223686155035	0.012051230586370261
7.555530331883452	0.011883455007571927
7.571238295151401	0.011719666592866903
7.58694625841935	0.011559743292695294
7.602654221687299	0.01140356923882891
7.618362184955249	0.01125103453627921
7.634070148223198	0.011102035066783518
7.6497781114911465	0.010956472383688296
7.665486074759095	0.010814253974538564
7.681194038027044	0.010675293425028973
7.696902001294993	0.01053950973936414
7.712609964562942	0.0104068267273968
7.728317927830891	0.010277174365709863
7.74402589109884	0.010150491436028999
7.759733854366789	0.010026724889175323
7.7754418176347375	0.009905828515309549
7.791149780902687	0.009787763949261357
7.806857744170636	0.009672502358249598
7.822565707438585	0.009560026120207206
7.838273670706534	0.009450330765133677
7.853981633974483	0.009343427461555746
7.869689597242432	0.009239346287953733
7.8853975605103805	0.009138140574083204
7.901105523778329	0.009039892704228416
7.916813487046278	0.00894472194285053
7.932521450314228	0.008852795096992496
7.948229413582177	0.008764341215578642
7.963937376850126	0.008679672121094623
7.979645340118075	0.008599211503631769
7.995353303386024	0.008523536800116093
8.011061266653972	0.008453440509390519
8.026769229921921	0.008390021613205498
8.042477193189871	0.008334824539858914
8.058185156457819	0.008290054658164597
8.073893119725769	0.008258919150293453
8.089601082993717	0.008246175999019632
8.105309046261667	0.008259029165453152
8.121017009529615	0.008308585673998146
8.136724972797564	0.008412138695805677
8.152432936065512	0.00859624974260567
8.168140899333462	0.008898595824876263
8.183848862601412	0.009358014249568966
8.19955682586936	0.009958808036696513
8.21526478913731	0.01049538622132208
8.230972752405258	0.010562597760796792
8.246680715673207	0.010037451804437368
8.262388678941155	0.009279289598398306
8.278096642209105	0.008605445180419731
8.293804605477053	0.008094654419859404
8.309512568745003	0.0077201966202053085
8.325220532012953	0.007441076407322362
8.3409284952809	0.007225802717331431
8.35663645854885	0.007053401776418605
8.372344421816798	0.006910361050225292
8.388052385084748	0.006787946608326248
8.403760348352696	0.006680417641611087
8.419468311620646	0.006583918720619891
8.435176274888594	0.006495801629495609
8.450884238156544	0.006414206943306918
8.466592201424492	0.006337801636004285
8.482300164692441	0.006265611302470973
8.498008127960391	0.006196910671974732
8.51371609122834	0.006131150735626231
8.529424054496289	0.006067909448573109
8.545132017764237	0.006006857796436752
8.560839981032187	0.005947735758829913
8.576547944300135	0.005890335110475484
8.592255907568084	0.00583448710547043
8.607963870836032	0.005780053479783663
8.623671834103982	0.005726919759075906
8.63937979737193	0.005674990226413646
8.65508776063988	0.005624184101936918
8.67079572390783	0.005574432615191591
8.686503687175778	0.005525676741163525
8.702211650443727	0.005477865434659684
8.717919613711675	0.005430954242549935
8.733627576979625	0.005384904205266986
8.749335540247573	0.005339680981855758
8.765043503515523	0.005295254149505418
8.780751466783471	0.0052515966407800235
8.79645943005142	0.005208684290991817
8.81216739331937	0.005166495475143665
8.827875356587318	0.005125010818525076
8.843583319855268	0.005084212964383474
8.859291283123216	0.005044086362909347
8.874999246391166	0.005004616972109475
8.890707209659114	0.004965791651951938
8.906415172927064	0.00492759751675006
8.922123136195012	0.00489002311947707
8.937831099462962	0.004853060631361129
8.953539062730911	0.00481670436029834
8.96924702599886	0.004780948766031325
8.984954989266809	0.004745788714965675
9.000662952534757	0.004711220081699293
9.016370915802707	0.004677239994465002
9.032078879070655	0.004643846916433395
9.047786842338605	0.004611040702294632
9.063494805606553	0.004578822671887399
9.079202768874502	0.004547195710338448
9.09491073214245	0.004516164397578086
9.1106186954104	0.00448573517010903
9.12632665867835	0.004455916519100439
9.142034621946298	0.004426719228985204
9.157742585214248	0.004398156654756945
9.173450548482196	0.004370245008906504
9.189158511750145	0.004343003568242109
9.204866475018093	0.004316454809383315
9.220574438286043	0.004290625259289865
9.236282401553991	0.004265547466424229
9.25199036482194	0.004241260663352208
9.267698328089889	0.004217810507259607
9.283406291357839	0.00419525016796279
9.299114254625788	0.004173642145126536
9.314822217893736	0.004153060247764805
9.330530181161686	0.004133591876215654
9.346238144429634	0.004115340817013589
9.361946107697584	0.0040984307387940564
9.377654070965532	0.004083009605001558
9.393362034233482	0.004069255285246595
9.40906999750143	0.004057382746871564
9.42477796076938	0.004047653350416574
9.44048592403733	0.00404038697559211
9.456193887305277	0.004035977997366187
9.471901850573227	0.004034916560453173
9.487609813841175	0.004037817236470195
9.503317777109125	0.004045458105492073
9.519025740377073	0.004058834767668113
9.534733703645022	0.004079236065609665
9.55044166691297	0.004108351894587679
9.56614963018092	0.0041484292637276755
9.58185759344887	0.004202502248936276
9.597565556716818	0.0042747372766869015
9.613273519984768	0.004370961934538919
9.628981483252716	0.004499491358967663
9.644689446520665	0.004672445040570428
9.660397409788613	0.004907879792295942
9.676105373056563	0.005233273105961909
9.691813336324511	0.00569114186140751
9.707521299592461	0.006347513160071064
9.723229262860409	0.00730172274134366
9.738937226128359	0.008684041895767946
9.754645189396308	0.010583602039246288
9.770353152664256	0.012765982322224935
9.786061115932206	0.014243158388140184
9.801769079200154	0.013851188885985723
9.817477042468104	0.011934860281148053
9.833185005736052	0.00978867789752446
9.848892969004002	0.00809406972776916
9.86460093227195	0.006916384144550863
9.8803088955399	0.00613633267242939
9.896016858807847	0.005620621192800914
9.911724822075797	0.005238904361480722
9.927432785343747	0.004890102705849545
9.943140748611695	0.004560105566402853
9.958848711879645	0.0042791953970359115
9.974556675147593	0.00405684689998491
9.990264638415542	0.003883656090831914
10.00597260168349	0.0037470883705033715
10.02168056495144	0.0036371176116962813
10.037388528219388	0.003546637915792349
10.053096491487338	0.0034707311434044315
10.068804454755288	0.0034059655271244994
10.084512418023236	0.003349903433885397
10.100220381291185	0.003300779182236755
10.115928344559133	0.0032572895147035285
10.131636307827083	0.003218456768869981
10.147344271095031	0.003183538098202307
10.163052234362981	0.0031519637987085297
10.178760197630929	0.003123294602352516
10.194468160898879	0.0030971916835874657
10.210176124166829	0.003073395390257534
10.225884087434777	0.003051710113032224
10.241592050702726	0.0030319936009478507
10.257300013970674	0.0030141496130716328
10.273007977238624	0.0029981231884511346
10.288715940506572	0.002983898093169337
10.304423903774522	0.0029714962123564056
10.32013186704247	0.0029609788290429666
10.33583983031042	0.0029524498956111592
10.351547793578368	0.0029460615795357916
10.367255756846317	0.002942022577038935
10.382963720114267	0.0029406099663230613
10.398671683382215	0.0029421857580131886
10.414379646650165	0.002947219855643693
10.430087609918113	0.0029563219630009876
10.445795573186063	0.0029702862789800794
10.46150353645401	0.002990154988673407
10.47721149972196	0.0030173096036948824
10.492919462989908	0.003053603684729565
10.508627426257858	0.0031015595611414673
10.524335389525806	0.0031646661012879585
10.540043352793756	0.0032478378840915503
10.555751316061706	0.003358137272037844
10.571459279329654	0.003505931518389234
10.587167242597603	0.003706774362911176
10.602875205865551	0.003984477359471843
10.618583169133501	0.004376006861907257
10.634291132401449	0.004938543179461074
10.649999095669399	0.005756065365202164
10.665707058937347	0.006928802971259196
10.681415022205297	0.008483561324371093
10.697122985473246	0.010094606203575395
10.712830948741194	0.010853165859061533
10.728538912009144	0.010110652388867627
10.744246875277092	0.008493733107638124
10.759954838545042	0.006919887769225368
10.77566280181299	0.005726754017250148
10.79137076508094	0.004891547977913199
10.807078728348888	0.004314454709090758
10.822786691616837	0.003911223466014624
10.838494654884787	0.00362453034676165
10.854202618152735	0.0034175207845416784
10.869910581420685	0.0032667445714548286
10.885618544688633	0.003157258255470644
10.901326507956583	0.0030795862521901182
10.91703447122453	0.0030279130900037737
10.93274243449248	0.002999053363068091
10.948450397760428	0.002991932967775187
10.964158361028378	0.0030074509414321684
10.979866324296326	0.003048692113597282
10.995574287564276	0.003121552910619198
11.011282250832226	0.0032359496666998925
11.026990214100174	0.0034079107224710813
11.042698177368123	0.0036629440608295844
11.058406140636071	0.0040406886306734455
11.074114103904021	0.004598064057724676
11.08982206717197	0.00539620603843159
11.105530030439919	0.006423870836970153
11.121237993707867	0.007405469524741419
11.136945956975817	0.00774337873409699
11.152653920243765	0.0071450878309344155
11.168361883511714	0.006080858570102171
11.184069846779664	0.0050936280878198445
11.199777810047612	0.00435967554795756
11.215485773315562	0.0038533831739246765
11.23119373658351	0.0035113853913676476
11.24690169985146	0.0032828181065958826
11.262609663119408	0.0031344477675700946
11.278317626387357	0.0030465577047266916
11.294025589655305	0.0030090321271776972
11.309733552923255	0.0030191508915349365
11.325441516191205	0.0030810407130015737
11.341149479459153	0.00320668523679523
11.356857442727103	0.003418488642709457
11.37256540599505	0.0037526501568103383
11.388273369263	0.004258120950732661
11.403981332530948	0.004969097491837275
11.419689295798898	0.005796576955747081
11.435397259066846	0.006359509116978192
11.451105222334796	0.006199183534078916
11.466813185602746	0.005438028136822908
11.482521148870694	0.004579032417053642
11.498229112138644	0.0038907216651078718
11.513937075406592	0.0033984748332334027
11.529645038674541	0.0030548067191296336
11.54535300194249	0.002812343031217262
11.561060965210439	0.0026374597348330503
11.576768928478387	0.0025082211770960663
11.592476891746337	0.0024105371665053186
11.608184855014285	0.0023352826580285303
11.623892818282235	0.0022764553331390365
11.639600781550184	0.002230045566482694
11.655308744818132	0.0021933474357009506
11.671016708086082	0.0021645366638591685
11.68672467135403	0.002142411765623714
11.70243263462198	0.002126238319790458
11.718140597889928	0.0021156625732466888
11.733848561157878	0.002110676982155006
11.749556524425826	0.0021116317607009984
11.765264487693775	0.002119296457257509
11.780972450961723	0.0021349869473407607
11.796680414229673	0.002160789378720601
11.812388377497623	0.002199938016444334
11.82809634076557	0.002257443726845505
11.84380430403352	0.0023411224915249047
11.859512267301469	0.002463192107690209
11.875220230569418	0.0026423279781779435
11.890928193837366	0.0029043692150635503
11.906636157105316	0.003273024788833027
11.922344120373264	0.003725272175074545
11.938052083641214	0.004098725404854641
11.953760046909164	0.004128566657756828
11.969468010177112	0.003792858290225331
11.985175973445061	0.003349038831305024
12.00088393671301	0.002980349521747985
12.01659189998096	0.0027217637885535014
12.032299863248907	0.0025525889449097066
12.048007826516857	0.002447501230262624
12.063715789784805	0.0023883712236433784
12.079423753052755	0.002364188537963615
12.095131716320704	0.002369201383153834
12.110839679588652	0.0024015385055899115
12.126547642856602	0.0024625678382129926
12.14225560612455	0.0025569293626255068
12.1579635693925	0.002693253086663488
12.173671532660448	0.0028857399709860615
12.189379495928398	0.0031570003689853133
12.205087459196346	0.0035427618809283088
12.220795422464295	0.004098898445112779
12.236503385732243	0.004908821480480743
12.252211349000193	0.006077230865732521
12.267919312268143	0.007654725102635927
12.283627275536091	0.009376629931456989
12.29933523880404	0.01036130861345143
12.315043202071989	0.0097967755764857
12.330751165339938	0.008172366237037789
12.346459128607886	0.006493423310149672
12.362167091875836	0.005196865119898448
12.377875055143784	0.0042890563396865596
12.393583018411734	0.0036689379761178083
12.409290981679682	0.003246471530405587
12.424998944947632	0.0029610217591575817
12.440706908215581	0.002775683592270488
12.45641487148353	0.0026684708639026053
12.47212283475148	0.0026204621374073234
12.487830798019427	0.0025973698693226967
12.503538761287377	0.0025481324011622213
12.519246724555325	0.002458012604894275
12.534954687823275	0.002366131758018904
12.550662651091223	0.0023071979821257427
12.566370614359172	0.002292674718942566
