-12.566370614359172	-8.339966699080678e-7
-12.550662651091223	-8.371730939999935e-7
-12.534954687823275	-8.403657236395942e-7
-12.519246724555325	-8.435746626599226e-7
-12.503538761287377	-8.468000156961471e-7
-12.487830798019427	-8.50041888192852e-7
-12.47212283475148	-8.533003864113761e-7
-12.45641487148353	-8.56575617437215e-7
-12.440706908215581	-8.598676891875072e-7
-12.424998944947632	-8.631767104186344e-7
-12.409290981679682	-8.665027907338545e-7
-12.393583018411734	-8.698460405910262e-7
-12.377875055143784	-8.732065713104365e-7
-12.362167091875836	-8.765844950826949e-7
-12.346459128607886	-8.799799249766957e-7
-12.330751165339938	-8.833929749476939e-7
-12.315043202071989	-8.868237598454434e-7
-12.29933523880404	-8.902723954224272e-7
-12.283627275536091	-8.937389983421957e-7
-12.267919312268143	-8.972236861877543e-7
-12.252211349000193	-9.007265774700539e-7
-12.236503385732243	-9.042477916366147e-7
-12.220795422464295	-9.077874490801547e-7
-12.205087459196346	-9.113456711474012e-7
-12.189379495928398	-9.149225801479273e-7
-12.173671532660448	-9.185182993631267e-7
-12.1579635693925	-9.221329530552605e-7
-12.14225560612455	-9.257666664766043e-7
-12.126547642856602	-9.294195658787269e-7
-12.110839679588652	-9.33091778521789e-7
-12.095131716320704	-9.36783432684023e-7
-12.079423753052755	-9.40494657671291e-7
-12.063715789784805	-9.442255838267151e-7
-12.048007826516857	-9.479763425404537e-7
-12.032299863248907	-9.517470662595414e-7
-12.01659189998096	-9.555378884979057e-7
-12.00088393671301	-9.593489438463812e-7
-11.985175973445061	-9.631803679829423e-7
-11.969468010177112	-9.670322976829982e-7
-11.953760046909164	-9.709048708297905e-7
-11.938052083641214	-9.747982264249004e-7
-11.922344120373264	-9.787125045989324e-7
-11.906636157105316	-9.82647846622228e-7
-11.890928193837366	-9.866043949157532e-7
-11.875220230569418	-9.905822930621103e-7
-11.859512267301469	-9.94581685816594e-7
-11.84380430403352	-9.986027191184996e-7
-11.82809634076557	-1.0026455401024113e-6
-11.812388377497623	-1.0067102971097458e-6
-11.796680414229673	-1.0107971397003123e-6
-11.780972450961723	-1.0149062186640953e-6
-11.765264487693775	-1.0190376860330705e-6
-11.749556524425826	-1.02319169509327e-6
-11.733848561157878	-1.0273684003968356e-6
-11.718140597889928	-1.0315679577743782e-6
-11.70243263462198	-1.0357905243473011e-6
-11.68672467135403	-1.0400362585403967e-6
-11.671016708086082	-1.0443053200944987e-6
-11.655308744818132	-1.0485978700793313e-6
-11.639600781550184	-1.0529140709064442e-6
-11.623892818282235	-1.0572540863423683e-6
-11.608184855014285	-1.0616180815218508e-6
-11.592476891746337	-1.0660062229612631e-6
-11.576768928478387	-1.0704186785721669e-6
-11.561060965210439	-1.0748556176750447e-6
-11.54535300194249	-1.0793172110131509e-6
-11.529645038674541	-1.08380363076654e-6
-11.513937075406592	-1.0883150505662585e-6
-11.498229112138644	-1.0928516455086829e-6
-11.482521148870694	-1.097413592170037e-6
-11.466813185602746	-1.1020010686210588e-6
-11.451105222334796	-1.1066142544418632e-6
-11.435397259066846	-1.1112533307369102e-6
-11.419689295798898	-1.1159184801502362e-6
-11.403981332530948	-1.120609886880776e-6
-11.388273369263	-1.1253277366979095e-6
-11.37256540599505	-1.1300722169571718e-6
-11.356857442727103	-1.134843516616143e-6
-11.341149479459153	-1.1396418262505167e-6
-11.325441516191205	-1.144467338070385e-6
-11.309733552923255	-1.1493202459366486e-6
-11.294025589655305	-1.154200745377694e-6
-11.278317626387357	-1.1591090336061733e-6
-11.262609663119408	-1.164045309536101e-6
-11.24690169985146	-1.1690097738000153e-6
-11.23119373658351	-1.1740026287664313e-6
-11.215485773315562	-1.1790240785574652e-6
-11.199777810047612	-1.1840743290666712e-6
-11.184069846779664	-1.1891535879770843e-6
-11.168361883511714	-1.1942620647794496e-6
-11.152653920243765	-1.1993999707907171e-6
-11.136945956975817	-1.204567519172745e-6
-11.121237993707867	-1.209764924951136e-6
-11.105530030439919	-1.2149924050344307e-6
-11.08982206717197	-1.220250178233429e-6
-11.074114103904021	-1.225538465280779e-6
-11.058406140636071	-1.2308574888507886e-6
-11.042698177368123	-1.236207473579467e-6
-11.026990214100174	-1.2415886460848363e-6
-11.011282250832226	-1.2470012349874163e-6
-10.995574287564276	-1.252445470931047e-6
-10.979866324296326	-1.2579215866038487e-6
-10.964158361028378	-1.263429816759566e-6
-10.948450397760428	-1.2689703982389936e-6
-10.93274243449248	-1.2745435699919054e-6
-10.91703447122453	-1.2801495730989364e-6
-10.901326507956583	-1.285788650793997e-6
-10.885618544688633	-1.2914610484868396e-6
-10.869910581420685	-1.2971670137858606e-6
-10.854202618152735	-1.3029067965212854e-6
-10.838494654884787	-1.3086806487685369e-6
-10.822786691616837	-1.3144888248719565e-6
-10.807078728348888	-1.3203315814687307e-6
-10.79137076508094	-1.3262091775132328e-6
-10.77566280181299	-1.3321218743014978e-6
-10.759954838545042	-1.3380699354962004e-6
-10.744246875277092	-1.3440536271517178e-6
-10.728538912009144	-1.3500732177396532e-6
-10.712830948741194	-1.3561289781746325e-6
-10.697122985473246	-1.3622211818403748e-6
-10.681415022205297	-1.3683501046161605e-6
-10.665707058937347	-1.3745160249035354e-6
-10.649999095669399	-1.380719223653432e-6
-10.634291132401449	-1.3869599843935562e-6
-10.618583169133501	-1.393238593256189e-6
-10.602875205865551	-1.3995553390061965e-6
-10.587167242597603	-1.4059105130695809e-6
-10.571459279329654	-1.412304409562186e-6
-10.555751316061706	-1.4187373253189442e-6
-10.540043352793756	-1.4252095599233248e-6
-10.524335389525806	-1.4317214157372705e-6
-10.508627426257858	-1.4382731979314696e-6
-10.492919462989908	-1.4448652145159512e-6
-10.47721149972196	-1.451497776371174e-6
-10.46150353645401	-1.4581711972794037e-6
-10.445795573186063	-1.4648857939565689e-6
-10.430087609918113	-1.471641886084437e-6
-10.414379646650165	-1.4784397963432638e-6
-10.398671683382215	-1.4852798504448276e-6
-10.382963720114267	-1.492162377165914e-6
-10.367255756846317	-1.4990877083821193e-6
-10.351547793578368	-1.5060561791022517e-6
-10.33583983031042	-1.513068127503026e-6
-10.32013186704247	-1.5201238949642891e-6
-10.304423903774522	-1.5272238261046545e-6
-10.288715940506572	-1.5343682688175682e-6
-10.273007977238624	-1.541557574307945e-6
-10.257300013970674	-1.548792097129128e-6
-10.241592050702726	-1.5560721952204717e-6
-10.225884087434777	-1.5633982299452451e-6
-10.210176124166829	-1.5707705661292043e-6
-10.194468160898879	-1.5781895720995408e-6
-10.178760197630929	-1.58565561972433e-6
-10.163052234362981	-1.5931690844526395e-6
-10.147344271095031	-1.600730345354903e-6
-10.131636307827083	-1.6083397851641198e-6
-10.115928344559133	-1.6159977903173137e-6
-10.100220381291185	-1.6237047509977437e-6
-10.084512418023236	-1.6314610611775526e-6
-10.068804454755288	-1.6392671186609939e-6
-10.053096491487338	-1.6471233251282851e-6
-10.037388528219388	-1.6550300861799345e-6
-10.02168056495144	-1.6629878113817676e-6
-10.00597260168349	-1.6709969143104638e-6
-9.990264638415542	-1.679057812599695e-6
-9.974556675147593	-1.687170927986973e-6
-9.958848711879645	-1.6953366863609635e-6
-9.943140748611695	-1.7035555178096119e-6
-9.927432785343747	-1.7118278566687491e-6
-9.911724822075797	-1.7201541415714436e-6
-9.896016858807847	-1.7285348154979171e-6
-9.8803088955399	-1.7369703258263138e-6
-9.86460093227195	-1.7454611243839023e-6
-9.848892969004002	-1.7540076674992057e-6
-9.833185005736052	-1.7626104160546312e-6
-9.817477042468104	-1.7712698355399304e-6
-9.801769079200154	-1.7799863961064095e-6
-9.786061115932206	-1.7887605726217174e-6
-9.770353152664256	-1.797592844725568e-6
-9.754645189396308	-1.8064836968860686e-6
-9.738937226128359	-1.8154336184568766e-6
-9.723229262860409	-1.8244431037351632e-6
-9.707521299592461	-1.8335126520203257e-6
-9.691813336324511	-1.8426427676735284e-6
-9.676105373056563	-1.8518339601780084e-6
-9.660397409788613	-1.861086744200292e-6
-9.644689446520665	-1.8704016396522004e-6
-9.628981483252716	-1.8797791717537023e-6
-9.613273519984768	-1.8892198710966882e-6
-9.597565556716818	-1.8987242737095334e-6
-9.58185759344887	-1.908292921122689e-6
-9.56614963018092	-1.917926360435083e-6
-9.55044166691297	-1.9276251443814076e-6
-9.534733703645022	-1.937389831400518e-6
-9.519025740377073	-1.9472209857046158e-6
-9.503317777109125	-1.957119177349428e-6
-9.487609813841175	-1.967084982305492e-6
-9.471901850573227	-1.9771189825302732e-6
-9.456193887305277	-1.987221766041431e-6
-9.44048592403733	-1.9973939269910437e-6
-9.42477796076938	-2.0076360657408742e-6
-9.40906999750143	-2.017948788938767e-6
-9.393362034233482	-2.0283327095961004e-6
-9.377654070965532	-2.0387884471662836e-6
-9.361946107697584	-2.049316627624411e-6
-9.346238144429634	-2.0599178835481228e-6
-9.330530181161686	-2.070592854199482e-6
-9.314822217893736	-2.0813421856081365e-6
-9.299114254625788	-2.092166530655611e-6
-9.283406291357839	-2.103066549160822e-6
-9.267698328089889	-2.1140429079668986e-6
-9.25199036482194	-2.1250962810290623e-6
-9.236282401553991	-2.1362273495040553e-6
-9.220574438286043	-2.1474368018405645e-6
-9.204866475018093	-2.158725333871212e-6
-9.189158511750145	-2.1700936489057256e-6
-9.173450548482196	-2.181542457825532e-6
-9.157742585214248	-2.193072479179654e-6
-9.142034621946298	-2.204684439282173e-6
-9.12632665867835	-2.2163790723109174e-6
-9.1106186954104	-2.2281571204077888e-6
-9.09491073214245	-2.240019333780337e-6
-9.079202768874502	-2.2519664708050908e-6
-9.063494805606553	-2.2639992981322054e-6
-9.047786842338605	-2.276118590791816e-6
-9.032078879070655	-2.2883251323017926e-6
-9.016370915802707	-2.3006197147772935e-6
-9.000662952534757	-2.313003139041765e-6
-8.984954989266809	-2.3254762147397324e-6
-8.96924702599886	-2.3380397604511883e-6
-8.953539062730911	-2.3506946038077745e-6
-8.937831099462962	-2.3634415816106117e-6
-8.922123136195012	-2.376281539949948e-6
-8.906415172927064	-2.3892153343266594e-6
-8.890707209659114	-2.402243829775472e-6
-8.874999246391166	-2.4153679009901496e-6
-8.859291283123216	-2.428588432450515e-6
-8.843583319855268	-2.441906318551419e-6
-8.827875356587318	-2.4553224637336994e-6
-8.81216739331937	-2.468837782617081e-6
-8.79645943005142	-2.4824532001351534e-6
-8.780751466783471	-2.496169651672388e-6
-8.765043503515523	-2.5099880832032318e-6
-8.749335540247573	-2.5239094514334714e-6
-8.733627576979625	-2.5379347239435436e-6
-8.717919613711675	-2.5520648793342784e-6
-8.702211650443727	-2.5663009073748204e-6
-8.686503687175778	-2.580643809152696e-6
-8.67079572390783	-2.5950945972265073e-6
-8.65508776063988	-2.6096542957807523e-6
-8.63937979737193	-2.624323940783133e-6
-8.623671834103982	-2.6391045801443712e-6
-8.607963870836032	-2.6539972738805196e-6
-8.592255907568084	-2.6690030942776525e-6
-8.576547944300135	-2.684123126059496e-6
-8.560839981032187	-2.699358466557285e-6
-8.545132017764237	-2.7147102258826674e-6
-8.529424054496289	-2.7301795271030116e-6
-8.51371609122834	-2.74576750641987e-6
-8.498008127960391	-2.7614753133499553e-6
-8.482300164692441	-2.7773041109091035e-6
-8.466592201424492	-2.793255075799286e-6
-8.450884238156544	-2.8093293985983463e-6
-8.435176274888594	-2.8255282839532167e-6
-8.419468311620646	-2.841852950775762e-6
-8.403760348352696	-2.8583046324420357e-6
-8.388052385084748	-2.8748845769947264e-6
-8.372344421816798	-2.891594047348913e-6
-8.35663645854885	-2.9084343215009796e-6
-8.3409284952809	-2.9254066927411747e-6
-8.325220532012953	-2.9425124698693735e-6
-8.309512568745003	-2.9597529774146184e-6
-8.293804605477053	-2.977129555858024e-6
-8.278096642209105	-2.9946435618594246e-6
-8.262388678941155	-3.0122963684878845e-6
-8.246680715673207	-3.0300893654557417e-6
-8.230972752405258	-3.048023959356648e-6
-8.21526478913731	-3.0661015739076515e-6
-8.19955682586936	-3.0843236501950178e-6
-8.183848862601412	-3.102691646924453e-6
-8.168140899333462	-3.121207040675283e-6
-8.152432936065512	-3.1398713261588222e-6
-8.136724972797564	-3.1586860164813862e-6
-8.121017009529615	-3.177652643411325e-6
-8.105309046261667	-3.196772757650772e-6
-8.089601082993717	-3.2160479291119353e-6
-8.073893119725769	-3.2354797471980203e-6
-8.058185156457819	-3.2550698210889042e-6
-8.042477193189871	-3.2748197800316597e-6
-8.026769229921921	-3.2947312736360873e-6
-8.011061266653972	-3.3148059721751563e-6
-7.995353303386024	-3.3350455668906362e-6
-7.979645340118075	-3.3554517703040807e-6
-7.963937376850126	-3.376026316532847e-6
-7.948229413582177	-3.396770961611918e-6
-7.932521450314228	-3.4176874838209858e-6
-7.916813487046278	-3.438777684017242e-6
-7.901105523778329	-3.4600433859742264e-6
-7.8853975605103805	-3.4814864367260173e-6
-7.869689597242432	-3.5031087069178305e-6
-7.853981633974483	-3.5249120911627026e-6
-7.838273670706534	-3.5468985084041935e-6
-7.822565707438585	-3.5690699022856523e-6
-7.806857744170636	-3.5914282415258676e-6
-7.791149780902687	-3.613975520301324e-6
-7.7754418176347375	-3.6367137586353975e-6
-7.759733854366789	-3.6596450027941557e-6
-7.74402589109884	-3.682771325689256e-6
-7.728317927830891	-3.706094827288342e-6
-7.712609964562942	-3.729617635032184e-6
-7.696902001294993	-3.7533419042597495e-6
-7.681194038027044	-3.777269818640734e-6
-7.665486074759095	-3.8014035906157733e-6
-7.6497781114911465	-3.8257454618446885e-6
-7.634070148223198	-3.85029770366281e-6
-7.618362184955249	-3.875062617545576e-6
-7.602654221687299	-3.9000425355814675e-6
-7.58694625841935	-3.925239820953671e-6
-7.571238295151401	-3.9506568684304265e-6
-7.555530331883452	-3.976296104864461e-6
-7.5398223686155035	-4.002159989701372e-6
-7.524114405347555	-4.028251015497629e-6
-7.508406442079606	-4.054571708447844e-6
-7.492698478811657	-4.081124628921979e-6
-7.476990515543708	-4.107912372012457e-6
-7.461282552275758	-4.134937568091358e-6
-7.445574589007809	-4.162202883378004e-6
-7.4298666257398605	-4.1897110205173e-6
-7.414158662471912	-4.217464719168648e-6
-7.398450699203963	-4.245466756606129e-6
-7.382742735936014	-4.273719948329798e-6
-7.367034772668065	-4.302227148688603e-6
-7.351326809400116	-4.330991251515223e-6
-7.335618846132167	-4.360015190772526e-6
-7.319910882864218	-4.389301941212845e-6
-7.304202919596269	-4.418854519049427e-6
-7.28849495632832	-4.448675982640875e-6
-7.272786993060371	-4.4787694331886924e-6
-7.257079029792422	-4.5091380154483406e-6
-7.241371066524473	-4.539784918453671e-6
-7.225663103256524	-4.570713376255735e-6
-7.209955139988575	-4.601926668675763e-6
-7.194247176720626	-4.6334281220726235e-6
-7.1785392134526775	-4.6652211101255146e-6
-7.162831250184729	-4.697309054631764e-6
-7.147123286916779	-4.7296954263201886e-6
-7.13141532364883	-4.7623837456807e-6
-7.115707360380881	-4.795377583810022e-6
-7.099999397112932	-4.82868056327419e-6
-7.084291433844983	-4.862296358988135e-6
-7.0685834705770345	-4.896228699112759e-6
-7.052875507309086	-4.9304813659699354e-6
-7.037167544041137	-4.96505819697554e-6
-7.021459580773188	-4.9999630855916095e-6
-7.005751617505239	-5.035199982297186e-6
-6.99004365423729	-5.070772895579049e-6
-6.97433569096934	-5.1066858929422714e-6
-6.9586277277013915	-5.142943101941422e-6
-6.942919764433443	-5.179548711232591e-6
-6.927211801165494	-5.216506971646945e-6
-6.911503837897545	-5.2538221972861755e-6
-6.895795874629596	-5.291498766640507e-6
-6.880087911361647	-5.329541123729583e-6
-6.864379948093698	-5.367953779266998e-6
-6.848671984825749	-5.4067413118488014e-6
-6.8329640215578	-5.4459083691668375e-6
-6.817256058289851	-5.48545966924717e-6
-6.801548095021902	-5.525400001714451e-6
-6.785840131753953	-5.565734229082711e-6
-6.770132168486004	-5.606467288073455e-6
-6.754424205218055	-5.6476041909611606e-6
-6.738716241950106	-5.6891500269476015e-6
-6.7230082786821574	-5.731109963564995e-6
-6.707300315414209	-5.773489248109244e-6
-6.69159235214626	-5.816293209103561e-6
-6.675884388878311	-5.859527257793498e-6
-6.660176425610361	-5.903196889674009e-6
-6.644468462342412	-5.947307686049445e-6
-6.628760499074463	-5.991865315627233e-6
-6.613052535806514	-6.036875536146084e-6
-6.5973445725385655	-6.082344196039587e-6
-6.581636609270617	-6.128277236135972e-6
-6.565928646002668	-6.174680691395379e-6
-6.550220682734719	-6.221560692684782e-6
-6.53451271946677	-6.268923468592436e-6
-6.51880475619882	-6.316775347282193e-6
-6.503096792930871	-6.365122758388811e-6
-6.4873888296629225	-6.4139722349556545e-6
-6.471680866394974	-6.463330415415491e-6
-6.455972903127025	-6.513204045615484e-6
-6.440264939859076	-6.563599980888008e-6
-6.424556976591127	-6.6145251881678026e-6
-6.408849013323178	-6.6659867481571e-6
-6.393141050055229	-6.717991857539814e-6
-6.37743308678728	-6.7705478312463834e-6
-6.3617251235193315	-6.823662104769912e-6
-6.346017160251382	-6.877342236535773e-6
-6.330309196983433	-6.931595910325427e-6
-6.314601233715484	-6.98643093775639e-6
-6.298893270447535	-7.041855260819546e-6
-6.283185307179586	-7.097876954475231e-6
-6.267477343911637	-7.154504229310129e-6
-6.2517693806436885	-7.211745434256399e-6
-6.23606141737574	-7.26960905937412e-6
-6.220353454107791	-7.328103738700137e-6
-6.204645490839841	-7.3872382531635315e-6
-6.188937527571892	-7.4470215335705835e-6
-6.173229564303943	-7.5074626636612e-6
-6.157521601035994	-7.568570883237752e-6
-6.1418136377680455	-7.63035559136961e-6
-6.126105674500097	-7.692826349674448e-6
-6.110397711232148	-7.755992885679166e-6
-6.094689747964199	-7.819865096262017e-6
-6.07898178469625	-7.884453051179283e-6
-6.063273821428301	-7.949766996677116e-6
-6.047565858160352	-8.01581735919326e-6
-6.031857894892402	-8.082614749148715e-6
-6.0161499316244536	-8.150169964834187e-6
-6.000441968356505	-8.218493996392618e-6
-5.984734005088556	-8.28759802990082e-6
-5.969026041820607	-8.357493451553544e-6
-5.953318078552658	-8.42819185195242e-6
-5.937610115284709	-8.499705030503318e-6
-5.92190215201676	-8.572044999924724e-6
-5.906194188748811	-8.645223990871052e-6
-5.890486225480862	-8.719254456673675e-6
-5.874778262212913	-8.794149078203659e-6
-5.859070298944964	-8.869920768859654e-6
-5.843362335677015	-8.946582679684284e-6
-5.827654372409066	-9.024148204613941e-6
-5.811946409141117	-9.10263098586487e-6
-5.796238445873168	-9.182044919460075e-6
-5.7805304826052195	-9.26240416090198e-6
-5.764822519337271	-9.343723130994416e-6
-5.749114556069322	-9.426016521818896e-6
-5.733406592801373	-9.509299302869833e-6
-5.717698629533423	-9.593586727354147e-6
-5.701990666265474	-9.678894338659847e-6
-5.686282702997525	-9.76523797699865e-6
-5.6705747397295765	-9.852633786229324e-6
-5.654866776461628	-9.941098220865765e-6
-5.639158813193679	-1.0030648053277425e-5
-5.62345084992573	-1.0121300381087049e-5
-5.607742886657781	-1.021307263477247e-5
-5.592034923389832	-1.0305982585479263e-5
-5.576326960121882	-1.0400048353050578e-5
-5.5606189968539335	-1.0495288414282142e-5
-5.544911033585985	-1.0591721611408622e-5
-5.529203070318036	-1.0689367160830187e-5
-5.513495107050087	-1.0788244662086507e-5
-5.497787143782138	-1.0888374107086809e-5
-5.482079180514189	-1.0989775889603969e-5
-5.46637121724624	-1.109247081504288e-5
-5.450663253978291	-1.119648011049094e-5
-5.4349552907103424	-1.1301825435061137e-5
-5.419247327442394	-1.1408528890537822e-5
-5.403539364174444	-1.1516613032335181e-5
-5.387831400906495	-1.1626100880779313e-5
-5.372123437638546	-1.173701593272639e-5
-5.356415474370597	-1.1849382173526688e-5
-5.340707511102648	-1.1963224089348657e-5
-5.324999547834699	-1.2078566679875071e-5
-5.3092915845667505	-1.2195435471383882e-5
-5.293583621298802	-1.2313856530229745e-5
-5.277875658030853	-1.2433856476738492e-5
-5.262167694762903	-1.2555462499531444e-5
-5.246459731494954	-1.2678702370293631e-5
-5.230751768227005	-1.2803604459005467e-5
-5.215043804959056	-1.2930197749650876e-5
-5.1993358416911075	-1.3058511856424273e-5
-5.183627878423159	-1.3188577040452044e-5
-5.16791991515521	-1.3320424227050882e-5
-5.152211951887261	-1.3454085023540033e-5
-5.136503988619312	-1.3589591737634353e-5
-5.120796025351363	-1.3726977396435568e-5
-5.105088062083414	-1.3866275766048959e-5
-5.0893800988154645	-1.4007521371849195e-5
-5.073672135547516	-1.415074951942131e-5
-5.057964172279567	-1.429599631620506e-5
-5.042256209011618	-1.4443298693870175e-5
-5.026548245743669	-1.4592694431455175e-5
-5.01084028247572	-1.4744222179298674e-5
-4.995132319207771	-1.4897921483799515e-5
-4.979424355939822	-1.5053832813039388e-5
-4.9637163926718735	-1.5211997583306459e-5
-4.948008429403924	-1.5372458186558455e-5
-4.932300466135975	-1.55352580188672e-5
-4.916592502868026	-1.5700441509890444e-5
-4.900884539600077	-1.5868054153413963e-5
-4.885176576332128	-1.6038142539017093e-5
-4.869468613064179	-1.6210754384913013e-5
-4.8537606497962305	-1.638593857201894e-5
-4.838052686528282	-1.6563745179316833e-5
-4.822344723260333	-1.6744225520568085e-5
-4.806636759992384	-1.692743218245034e-5
-4.790928796724435	-1.7113419064188306e-5
-4.775220833456485	-1.730224141875861e-5
-4.759512870188536	-1.7493955895751327e-5
-4.743804906920587	-1.7688620585980537e-5
-4.7280969436526386	-1.7886295067941914e-5
-4.71238898038469	-1.8087040456224635e-5
-4.696681017116741	-1.829091945199527e-5
-4.680973053848792	-1.8497996395681738e-5
-4.665265090580843	-1.870833732199951e-5
-4.649557127312894	-1.8922010017475808e-5
-4.633849164044944	-1.9139084080648928e-5
-4.6181412007769955	-1.935963098513696e-5
-4.602433237509047	-1.9583724145799553e-5
-4.586725274241098	-1.9811438988246535e-5
-4.571017310973149	-2.0042853021983733e-5
-4.5553093477052	-2.0278045917536976e-5
-4.539601384437251	-2.051709958795252e-5
-4.523893421169302	-2.0760098275146977e-5
-4.508185457901353	-2.1007128641679517e-5
-4.4924774946334045	-2.1258279868640973e-5
-4.476769531365456	-2.1513643760524023e-5
-4.461061568097506	-2.177331485815382e-5
-4.445353604829557	-2.203739056106182e-5
-4.429645641561608	-2.2305971261093115e-5
-4.413937678293659	-2.257916048960031e-5
-4.39822971502571	-2.285706508139046e-5
-4.3825217517577615	-2.3139795359734125e-5
-4.366813788489813	-2.3427465348432976e-5
-4.351105825221864	-2.3720193019438587e-5
-4.335397861953915	-2.4018100588299384e-5
-4.319689898685965	-2.4321314875551166e-5
-4.303981935418016	-2.462996776139781e-5
-4.288273972150067	-2.494419677594366e-5
-4.2725660088821185	-2.52641458920004e-5
-4.25685804561417	-2.5589966629778016e-5
-4.241150082346221	-2.5921819657332023e-5
-4.225442119078272	-2.625987720690784e-5
-4.209734155810323	-2.6604326886612557e-5
-4.194026192542374	-2.6955377983631633e-5
-4.178318229274425	-2.7313272441815196e-5
-4.162610266006476	-2.767830512935588e-5
-4.146902302738527	-2.8050863883610918e-5
-4.131194339470578	-2.8431515344009074e-5
-4.115486376202629	-2.8821208592858353e-5
-4.09977841293468	-2.9221826705448127e-5
-4.084070449666731	-2.963798057429454e-5
-4.068362486398782	-3.008469483374854e-5
-4.052654523130833	-3.0640900843425664e-5
-4.036946559862884	-3.282279507141386e-5
-4.0212385965949355	-3.3131841780272804e-5
-4.005530633326986	-3.193767967353834e-5
-3.9898226700590373	-3.2253797521768675e-5
-3.9741147067910885	-3.267772028561848e-5
-3.958406743523139	-3.313369961421878e-5
-3.9426987802551903	-3.360763455100216e-5
-3.9269908169872414	-3.409560467606833e-5
-3.9112828537192925	-3.459640060381775e-5
-3.8955748904513436	-3.510978228230272e-5
-3.8798669271833943	-3.5635957296677516e-5
-3.8641589639154454	-3.6175410112523265e-5
-3.8484510006474966	-3.672886312424498e-5
-3.8327430373795477	-3.729730995455276e-5
-3.817035074111599	-3.788211625808179e-5
-3.8013271108436495	-3.848521851147927e-5
-3.7856191475757006	-3.910950080970987e-5
-3.7699111843077517	-3.9759534981022146e-5
-3.754203221039803	-4.044313392531586e-5
-3.738495257771854	-4.1174918772056125e-5
-3.7227872945039047	-4.1985545561428673e-5
-3.707079331235956	-4.294978385317801e-5
-3.691371367968007	-4.429491229898684e-5
-3.675663404700058	-4.7020865864861934e-5
-3.659955441432109	-6.13078441297816e-5
-3.64424747816416	-0.00036289244177153295
-3.628539514896211	-5.398613585188677e-5
-3.612831551628262	-4.8995490681281225e-5
-3.597123588360313	-4.8535184156159094e-5
-3.5814156250923643	-4.889757659399132e-5
-3.565707661824415	-4.953504578622723e-5
-3.549999698556466	-5.030368956652412e-5
-3.5342917352885173	-5.1154141549695276e-5
-3.5185837720205684	-5.206768749555126e-5
-3.5028758087526195	-5.303830525117394e-5
-3.48716784548467	-5.406682264686143e-5
-3.4714598822167213	-5.515929737662438e-5
-3.4557519189487724	-5.632758363017954e-5
-3.4400439556808236	-5.7592034674582406e-5
-3.4243359924128747	-5.898786548889196e-5
-3.4086280291449254	-6.057993083955663e-5
-3.3929200658769765	-6.250082970373499e-5
-3.3772121026090276	-6.50681699788629e-5
-3.3615041393410787	-6.926031947495129e-5
-3.34579617607313	-7.984962054215306e-5
-3.3300882128051805	-0.0001778029065398541
-3.3143802495372316	-0.00021228331533023825
-3.2986722862692828	-0.00010249828970557349
-3.282964323001334	-0.00014827496033382537
-3.267256359733385	-0.004362233271285675
-3.2515483964654357	-0.00020366680426423965
-3.235840433197487	-0.00010262638109974794
-3.220132469929538	-8.804266173082878e-5
-3.204424506661589	-8.449615965909378e-5
-3.18871654339364	-8.413701913392646e-5
-3.173008580125691	-8.522160128922e-5
-3.157300616857742	-8.737670714612474e-5
-3.141592653589793	-9.115329578821726e-5
-3.1258846903218442	-0.0001010636339890066
-3.1101767270538954	-0.0002678729211539883
-3.094468763785946	-0.0001412185226334868
-3.078760800517997	-0.00010655801050493582
-3.0630528372500483	-0.0001066183880894871
-3.0473448739820994	-0.00011099440858106797
-3.0316369107141505	-0.00011810700122006501
-3.015928947446201	-0.0001290672026240727
-3.0002209841782523	-0.00014757470820044597
-2.9845130209103035	-0.00018504267589890668
-2.9688050576423546	-0.0002904997371007311
-2.9530970943744057	-0.0009360702466389589
-2.9373891311064564	-0.026061782283166135
-2.9216811678385075	-0.0006234980785552588
-2.9059732045705586	-0.00041213472211237335
-2.8902652413026098	-0.001827615506852164
-2.874557278034661	-0.00130895300823593
-2.8588493147667116	-0.00030180388309609393
-2.8431413514987627	-0.00021014408850613406
-2.827433388230814	-0.00018741903763155177
-2.811725424962865	-0.00018280972692116004
-2.796017461694916	-0.00018714738661532404
-2.7803094984269667	-0.00020002926910896634
-2.764601535159018	-0.00022897148877947099
-2.748893571891069	-0.0003149172700211409
-2.73318560862312	-0.001004284282209855
-2.7174776453551712	-0.0032989192736865673
-2.701769682087222	-0.0004267924809188102
-2.686061718819273	-0.00032020733709662116
-2.670353755551324	-0.00032841631055577044
-2.6546457922833753	-0.0003916077275461279
-2.6389378290154264	-0.0005853399144196091
-2.623229865747477	-0.002131804726412551
-2.607521902479528	-0.004452236156416417
-2.5918139392115793	-0.0013342553012451281
-2.5761059759436304	-0.0030561351535117543
-2.5603980126756816	-0.11803180933336906
-2.5446900494077322	-0.005723546167482553
-2.5289820861397834	-0.0015296510271265468
-2.5132741228718345	-0.0014883910602665137
-2.4975661596038856	-0.008493110655942958
-2.4818581963359367	-0.0007865769383664084
-2.4661502330679874	-0.0005721626299507243
-2.4504422698000385	-0.0005602484075436514
-2.4347343065320897	-0.0006559417540985418
-2.419026343264141	-0.0010735173808612032
-2.403318379996192	-0.008704153065211592
-2.3876104167282426	-0.003384653202776244
-2.3719024534602937	-0.0014027451776148273
-2.356194490192345	-0.0028108271393012564
-2.340486526924396	-0.37957452938947606
-2.324778563656447	-0.0027047880284056967
-2.3090706003884978	-0.0013654256885100749
-2.293362637120549	-0.0013386688556599918
-2.2776546738526	-0.0017701679202695223
-2.261946710584651	-0.003200563131879194
-2.2462387473167023	-0.0114160379211302
-2.230530784048753	-0.9898024920083065
-2.214822820780804	-0.009687728142551963
-2.199114857512855	-0.006394153686020603
-2.1834068942449063	-0.04030389922674504
-2.1676989309769574	-0.030900851024365864
-2.151990967709008	-0.004532324193928321
-2.1362830044410592	-0.0022873426903225
-2.1205750411731104	-0.0017166249330415248
-2.1048670779051615	-0.0015840446678033184
-2.0891591146372126	-0.001687444301064642
-2.0734511513692633	-0.0020602179915377014
-2.0577431881013144	-0.0030132524189759456
-2.0420352248333655	-0.006121029157784293
-2.0263272615654166	-0.031096020850529534
-2.0106192982974678	-0.16357381649058728
-1.9949113350295187	-0.01059602975840041
-1.9792033717615696	-0.0068708709216343845
-1.9634954084936207	-0.0541190365463285
-1.9477874452256718	-0.012455848869861631
-1.9320794819577227	-0.00580790196144112
-1.9163715186897738	-0.013553809323463529
-1.9006635554218247	-0.0484640470796551
-1.8849555921538759	-0.011182380004719064
-1.869247628885927	-0.02549579553554842
-1.853539665617978	-0.5861690877361007
-1.837831702350029	-0.06381230443541343
-1.82212373908208	-0.015116737304614021
-1.806415775814131	-0.020611351504520113
-1.7907078125461822	-0.08633614118471278
-1.774999849278233	-0.006849882631589703
-1.7592918860102842	-0.004760384573594426
-1.743583922742335	-0.004829472381465742
-1.7278759594743862	-0.006283513896261802
-1.7121679962064373	-0.011886079590590248
-1.6964600329384882	-0.08148974656408021
-1.6807520696705394	-0.06793921797382006
-1.6650441064025903	-0.022560044409415423
-1.6493361431346414	-0.05738667378016941
-1.6336281798666925	-10.153167823419185
-1.6179202165987434	-0.05955722635729284
-1.6022122533307945	-0.018732881216132886
-1.5865042900628454	-0.019017679967540283
-1.5707963267948966	-0.03062212615976568
-1.5550883635269477	-0.016301613841616703
-1.5393804002589986	-0.04354238458981918
-1.5236724369910497	-9.186190722955212
-1.5079644737231006	-0.04809719067109838
-1.4922565104551517	-0.029490356060128977
-1.4765485471872029	-0.22140341413279732
-1.4608405839192538	-0.14324148105849366
-1.4451326206513049	-0.023230693429851696
-1.4294246573833558	-0.025833222437518195
-1.413716694115407	-0.4674130842779983
-1.398008730847458	-0.017057878699863162
-1.382300767579509	-0.012665349905494394
-1.36659280431156	-0.015085600619195116
-1.350884841043611	-0.023345368888274057
-1.335176877775662	-0.05018196962738555
-1.3194689145077132	-0.23543249085527013
-1.303760951239764	-3.3112856179507073
-1.2880529879718152	-0.11404603000917903
-1.2723450247038661	-0.06674940131761659
-1.2566370614359172	-0.6358467422631086
-1.2409290981679684	-0.13903611367311375
-1.2252211349000193	-0.033935266303145833
-1.2095131716320704	-0.03678242432837915
-1.1938052083641213	-0.15890974104094335
-1.1780972450961724	-0.02486848937655256
-1.1623892818282235	-0.038305561670854436
-1.1466813185602744	-0.43746752501293124
-1.1309733552923256	-0.11798008773111364
-1.1152653920243765	-0.05411310009329056
-1.0995574287564276	-0.2373225513264201
-1.0838494654884787	-0.7119139582459475
-1.0681415022205296	-0.05460224188369051
-1.0524335389525807	-0.034842919174448976
-1.0367255756846316	-0.4704365676109816
-1.0210176124166828	-0.043408889310569104
-1.0053096491487339	-0.044628508543328074
-0.9896016858807848	-0.2151456282488741
-0.9738937226128359	-0.35466359856877394
-0.9581857593448869	-0.08833022647341185
-0.9424777960769379	-0.20688397562408853
-0.926769832808989	-17.06953406606197
-0.91106186954104	-0.2978277717778155
-0.8953539062730911	-0.08004783222676631
-0.8796459430051421	-0.10501790471298085
-0.8639379797371931	-0.14387226206820153
-0.8482300164692441	-0.032247544912979174
-0.8325220532012951	-0.03792306334732153
-0.8168140899333463	-2.4884876171278814
-0.8011061266653973	-0.05263701298631905
-0.7853981633974483	-0.07302138142816204
-0.7696902001294993	-0.6828990562482201
-0.7539822368615503	-0.3990218872703851
-0.7382742735936014	-0.08987045628519512
-0.7225663103256524	-0.19022618825457185
-0.7068583470577035	-12.310691646427223
-0.6911503837897545	-0.12929579103309055
-0.6754424205218055	-0.04768614441481005
-0.6597344572538566	-0.053064667664805304
-0.6440264939859076	-0.05267662059426174
-0.6283185307179586	-0.05738032789692311
-0.6126105674500096	-0.20466022771057912
-0.5969026041820606	-8.344067289910443
-0.5811946409141118	-0.14437730273808297
-0.5654866776461628	-0.09820339742540614
-0.5497787143782138	-1.0607626834839734
-0.5340707511102648	-0.3083645409366745
-0.5183627878423158	-0.05748030160304616
-0.5026548245743669	-0.04786623910025188
-0.48694686130641796	-0.18119402960110492
-0.47123889803846897	-0.02592395726546584
-0.45553093477052	-0.02585198629268882
-0.43982297150257105	-0.09515176938328594
-0.42411500823462206	-0.06562621840377342
-0.4084070449666731	-0.08948664050489107
-0.39269908169872414	-0.4724690869902944
-0.37699111843077515	-2.6765868292170585
-0.3612831551628262	-0.15119153358494014
-0.34557519189487723	-0.09035235362412913
-0.3298672286269283	-1.453354749816751
-0.3141592653589793	-0.12155132004133351
-0.2984513020910303	-0.0340025607690303
-0.2827433388230814	-0.028962679933890685
-0.2670353755551324	-0.04077217916627135
-0.25132741228718347	-0.023906743737881445
-0.23561944901923448	-0.05482527126221743
-0.21991148575128552	-1.6396737230897156
-0.20420352248333656	-0.11233785071542032
-0.18849555921538758	-0.03757839031698747
-0.17278759594743862	-0.13046016073011554
-0.15707963267948966	-0.18965443400119056
-0.1413716694115407	-0.020638122396304717
-0.12566370614359174	-0.011568815754984408
-0.10995574287564276	-0.4296496744994129
-0.09424777960769379	-0.0075964508231352364
-0.07853981633974483	-0.004870926427740033
-0.06283185307179587	-0.01774239849277163
-0.047123889803846894	-0.01897935108081129
-0.031415926535897934	-0.0024296431864837924
-0.015707963267948967	-0.0008290218657107662
0.0	-4.851666842177827e-6
0.015707963267948967	0.0008289828215283255
0.031415926535897934	0.0024296422262404193
0.047123889803846894	0.018979485299094677
0.06283185307179587	0.01774203797932604
0.07853981633974483	0.004870921111452721
0.09424777960769379	0.007596500147020302
0.10995574287564276	0.4296000809033673
0.12566370614359174	0.01156879070458944
0.1413716694115407	0.020638194506480693
0.15707963267948966	0.18965898723880453
0.17278759594743862	0.1304592375721159
0.18849555921538758	0.037578377344030904
0.20420352248333656	0.1123381709898168
0.21991148575128552	1.6396479978608032
0.23561944901923448	0.05482514696260847
0.25132741228718347	0.02390675115968885
0.2670353755551324	0.04077317647575536
0.2827433388230814	0.02896247044251389
0.2984513020910303	0.03400267676559375
0.3141592653589793	0.12155283322797825
0.3298672286269283	1.4532973116082608
0.34557519189487723	0.09035195647546176
0.3612831551628262	0.15119173013126244
0.37699111843077515	2.676606100803693
0.39269908169872414	0.47246830370352444
0.4084070449666731	0.08948660855953885
0.42411500823462206	0.06562599139120369
0.43982297150257105	0.09515264101996598
0.45553093477052	0.02585202249905351
0.47123889803846897	0.025924020704451455
0.48694686130641796	0.1811993657054936
0.5026548245743669	0.047866049689678336
0.5183627878423158	0.05748043171499635
0.5340707511102648	0.3083666370943259
0.5497787143782138	1.0606879830628588
0.5654866776461628	0.098203111248679
0.5811946409141118	0.1443778100180991
0.5969026041820606	8.344321094580016
0.6126105674500096	0.2046592533117733
0.6283185307179586	0.05738026969263209
0.6440264939859076	0.05267728436687409
0.6597344572538566	0.053063782786739754
0.6754424205218055	0.04768617753287709
0.6911503837897545	0.129296188883737
0.7068583470577035	12.31105549588559
0.7225663103256524	0.19022609293949258
0.7382742735936014	0.08987111876906946
0.7539822368615503	0.3990318921892091
0.7696902001294993	0.6828489894624447
0.7853981633974483	0.07302029426422293
0.8011061266653973	0.05263679854365819
0.8168140899333463	2.4885097053860723
0.8325220532012951	0.03792308428398481
0.8482300164692441	0.03224762786987044
0.8639379797371931	0.14387512730650523
0.8796459430051421	0.10501596725124177
0.8953539062730911	0.08004827419579112
0.91106186954104	0.2978323151745149
0.926769832808989	17.06774901480854
0.9424777960769379	0.206881664535618
0.9581857593448869	0.08833043302200415
0.9738937226128359	0.35468214655551344
0.9896016858807848	0.2151372206487366
1.0053096491487339	0.04462811384094513
1.0210176124166828	0.04340899977367563
1.0367255756846316	0.47043294342288616
1.0524335389525807	0.034842926481166214
1.0681415022205296	0.054602609226789105
1.0838494654884787	0.7119379606269847
1.0995574287564276	0.23731760430292914
1.1152653920243765	0.054112844524740654
1.1309733552923256	0.11798028151021221
1.1466813185602744	0.43746556388099356
1.1623892818282235	0.0383055439484616
1.1780972450961724	0.024868575392682033
1.1938052083641213	0.15891789752607485
1.2095131716320704	0.03678208656817729
1.2252211349000193	0.03393542702283035
1.2409290981679684	0.13903848020833284
1.2566370614359172	0.6358089954467087
1.2723450247038661	0.06674949902856536
1.2880529879718152	0.11404875867051625
1.303760951239764	3.311787066444385
1.3194689145077132	0.23542298742851106
1.335176877775662	0.05018112975497037
1.350884841043611	0.0233451463719321
1.36659280431156	0.015085515618700845
1.382300767579509	0.012665321756033746
1.398008730847458	0.017057962118476898
1.413716694115407	0.46746644362510476
1.4294246573833558	0.025832999321582208
1.4451326206513049	0.023230730381098984
1.4608405839192538	0.1432433349711674
1.4765485471872029	0.2213982104505171
1.4922565104551517	0.029490346167991798
1.5079644737231006	0.048097966410262066
1.5236724369910497	9.18568200117045
1.5393804002589986	0.04354164728479259
1.5550883635269477	0.01630153321748718
1.5707963267948966	0.03062254155698506
1.5865042900628454	0.019017648656304068
1.6022122533307945	0.018733033878704265
1.6179202165987434	0.059558582494003365
1.6336281798666925	10.153940208601776
1.6493361431346414	0.05738527338325926
1.6650441064025903	0.022559887845375343
1.6807520696705394	0.0679398120373584
1.6964600329384882	0.08148864903926849
1.7121679962064373	0.011886030382801812
1.7278759594743862	0.006283499632401026
1.743583922742335	0.004829467920975343
1.7592918860102842	0.004760388939312881
1.774999849278233	0.00684992074233998
1.7907078125461822	0.08633853943010115
1.806415775814131	0.020610975670125466
1.82212373908208	0.015116845220770862
1.837831702350029	0.06381395195824767
1.853539665617978	0.5861225958198272
1.869247628885927	0.025495401395108003
1.8849555921538759	0.011182314748696996
1.9006635554218247	0.04846425965563312
1.9163715186897738	0.013553768596176144
1.9320794819577227	0.005807910601328252
1.9477874452256718	0.012456087148402201
1.9634954084936207	0.054116064935695034
1.9792033717615696	0.006870846076183986
1.9949113350295187	0.010596113165838535
2.0106192982974678	0.16358187952161232
2.0263272615654166	0.03109527121571428
2.0420352248333655	0.006120971666674799
2.0577431881013144	0.003013236525077
2.0734511513692633	0.0020602113252615596
2.0891591146372126	0.0016874411607981294
2.1048670779051615	0.0015840437347591737
2.1205750411731104	0.001716626746896547
2.1362830044410592	0.002287351644678517
2.151990967709008	0.004532371795880939
2.1676989309769574	0.030902051289216817
2.1834068942449063	0.040301767547995644
2.199114857512855	0.00639408911723652
2.214822820780804	0.0096877021674635
2.230530784048753	0.9898134397405643
2.2462387473167023	0.011416043921785204
2.261946710584651	0.003200561212329619
2.2776546738526	0.0017701667856370306
2.293362637120549	0.0013386688879043816
2.3090706003884978	0.0013654289847202983
2.324778563656447	0.0027048209744296877
2.340486526924396	0.3796058112268323
2.356194490192345	0.002810788526062692
2.3719024534602937	0.0014027376699029205
2.3876104167282426	0.0033846239247301096
2.403318379996192	0.008704358172534609
2.419026343264141	0.0010735193000638436
2.4347343065320897	0.0006559416995106052
2.4504422698000385	0.0005602483236501602
2.4661502330679874	0.0005721630406057041
2.4818581963359367	0.0007865810163039854
2.4975661596038856	0.008493711537484334
2.5132741228718345	0.0014883734546903003
2.5289820861397834	0.0015296514831941478
2.5446900494077322	0.005723579818451757
2.5603980126756816	0.1180302659542826
2.5761059759436304	0.0030561195877684263
2.5918139392115793	0.0013342540655908249
2.607521902479528	0.004452322453849061
2.623229865747477	0.0021317678037300627
2.6389378290154264	0.000585337406736885
2.6546457922833753	0.0003916069338391993
2.670353755551324	0.00032841597930199207
2.686061718819273	0.00032020741110187735
2.701769682087222	0.0004267943070485822
2.7174776453551712	0.003299055705563237
2.73318560862312	0.0010042709448604302
2.748893571891069	0.00031491623578931363
2.764601535159018	0.00022897114996186895
2.7803094984269667	0.0002000290770106757
2.796017461694916	0.0001871472465580719
2.811725424962865	0.00018280961323037482
2.827433388230814	0.000187418947708968
2.8431413514987627	0.00021014405840461982
2.8588493147667116	0.0003018042395092795
2.874557278034661	0.0013089666626745987
2.8902652413026098	0.0018275934202037832
2.9059732045705586	0.00041213310484996494
2.9216811678385075	0.0006234937903451608
2.9373891311064564	0.026060888808800923
2.9530970943744057	0.0009360768820907207
2.9688050576423546	0.00029050020946071257
2.9845130209103035	0.00018504273364974489
3.0002209841782523	0.0001475746924813004
3.015928947446201	0.00012906716934777264
3.0316369107141505	0.00011810696386437643
3.0473448739820994	0.00011099437062244372
3.0630528372500483	0.00010661834889360043
3.078760800517997	0.0001065579603127724
3.094468763785946	0.0001412183119734401
3.1101767270538954	0.00026787643622520527
3.1258846903218442	0.00010106364973479103
3.141592653589793	9.115327682553487e-5
3.157300616857742	8.7376684034306e-5
3.173008580125691	8.522157711178168e-5
3.18871654339364	8.413699371256667e-5
3.204424506661589	8.449613091345041e-5
3.220132469929538	8.804262265181541e-5
3.235840433197487	0.00010262629899461518
3.2515483964654357	0.00020366630553764046
3.267256359733385	0.00436239177805043
3.282964323001334	0.00014827518073399416
3.2986722862692828	0.00010249843341936376
3.3143802495372316	0.00021228709380855134
3.3300882128051805	0.00017779940185501137
3.34579617607313	7.984946516667764e-5
3.3615041393410787	6.92602753582582e-5
3.3772121026090276	6.506814638666445e-5
3.3929200658769765	6.25008128689943e-5
3.4086280291449254	6.057991708507419e-5
3.4243359924128747	5.8987853481192854e-5
3.4400439556808236	5.75920238223486e-5
3.4557519189487724	5.63275736287874e-5
3.4714598822167213	5.5159288048442634e-5
3.48716784548467	5.406681387574409e-5
3.5028758087526195	5.3038296951378366e-5
3.5185837720205684	5.2067679593682105e-5
3.5342917352885173	5.115413396951837e-5
3.549999698556466	5.030368220743056e-5
3.565707661824415	4.953503847609389e-5
3.5814156250923643	4.889756895144494e-5
3.597123588360313	4.853517506150603e-5
3.612831551628262	4.899547526153403e-5
3.628539514896211	5.3986067770812814e-5
3.64424747816416	0.0003628727002163043
3.659955441432109	6.130796869218566e-5
3.675663404700058	4.702087418941685e-5
3.691371367968007	4.429491142318011e-5
3.707079331235956	4.294978110701002e-5
3.7227872945039047	4.198554232529874e-5
3.738495257771854	4.1174915442318144e-5
3.754203221039803	4.044313064478122e-5
3.7699111843077517	3.9759531808083725e-5
3.7856191475757006	3.910949776952766e-5
3.8013271108436495	3.8485215614532584e-5
3.817035074111599	3.78821135078337e-5
3.8327430373795477	3.72973073509618e-5
3.8484510006474966	3.6728860665528976e-5
3.8641589639154454	3.6175407796146066e-5
3.8798669271833943	3.563595512001147e-5
3.8955748904513436	3.510978024323731e-5
3.9112828537192925	3.459639870159662e-5
3.9269908169872414	3.4095602912873873e-5
3.9426987802551903	3.360763293567516e-5
3.958406743523139	3.313369817271262e-5
3.9741147067910885	3.267771909740464e-5
3.9898226700590373	3.225379689444686e-5
4.005530633326986	3.193768163928238e-5
4.0212385965949355	3.313191894844183e-5
4.036946559862884	3.282271174322527e-5
4.052654523130833	3.06408969863024e-5
4.068362486398782	3.0084693365265904e-5
4.084070449666731	2.963797957911589e-5
4.09977841293468	2.9221825906843313e-5
4.115486376202629	2.882120791867308e-5
4.131194339470578	2.8431514767843734e-5
4.146902302738527	2.805086339308414e-5
4.162610266006476	2.7678304717357678e-5
4.178318229274425	2.731327210353802e-5
4.194026192542374	2.6955377715402465e-5
4.209734155810323	2.660432668538105e-5
4.225442119078272	2.625987706999777e-5
4.241150082346221	2.592181958231421e-5
4.25685804561417	2.5589966614399974e-5
4.2725660088821185	2.5264145934145455e-5
4.288273972150067	2.4944196873604655e-5
4.303981935418016	2.46299679126611e-5
4.319689898685965	2.432131507858515e-5
4.335397861953915	2.4018100841346693e-5
4.351105825221864	2.3720193320809634e-5
4.366813788489813	2.342746569650061e-5
4.3825217517577615	2.3139795752931112e-5
4.39822971502571	2.285706551820442e-5
4.413937678293659	2.2579160968572773e-5
4.429645641561608	2.230597178081459e-5
4.445353604829557	2.2037391120171755e-5
4.461061568097506	2.1773315455337345e-5
4.476769531365456	2.151364439451015e-5
4.4924774946334045	2.1258280538200823e-5
4.508185457901353	2.1007129345624635e-5
4.523893421169302	2.0760099012328218e-5
4.539601384437251	2.0517100357257393e-5
4.5553093477052	2.0278046717889253e-5
4.571017310973149	2.0042853852341813e-5
4.586725274241098	1.9811439847602436e-5
4.602433237509047	1.9583725033176812e-5
4.6181412007769955	1.935963189959058e-5
4.633849164044944	1.9139085021263285e-5
4.649557127312894	1.8922010983364323e-5
4.665265090580843	1.8708338312302937e-5
4.680973053848792	1.849799740956827e-5
4.696681017116741	1.8290920488658253e-5
4.71238898038469	1.808704151488256e-5
4.7280969436526386	1.788629614783744e-5
4.743804906920587	1.768862168637954e-5
4.759512870188536	1.7493957015941917e-5
4.775220833456485	1.7302242558050764e-5
4.790928796724435	1.711342022191283e-5
4.806636759992384	1.6927433357958312e-5
4.822344723260333	1.6744226713230323e-5
4.838052686528282	1.656374638852265e-5
4.8537606497962305	1.6385939797176326e-5
4.869468613064179	1.6210755625447472e-5
4.885176576332128	1.6038143794371387e-5
4.900884539600077	1.586805542304724e-5
4.916592502868026	1.5700442793278167e-5
4.932300466135975	1.5535259315500035e-5
4.948008429403924	1.5372459495941958e-5
4.9637163926718735	1.5211998904961392e-5
4.979424355939822	1.505383414649975e-5
4.995132319207771	1.4897922828613274e-5
5.01084028247572	1.4744223535027058e-5
5.026548245743669	1.4592695797672244e-5
5.042256209011618	1.4443300070162183e-5
5.057964172279567	1.4295997702170305e-5
5.073672135547516	1.4150750914669878e-5
5.0893800988154645	1.4007522776002238e-5
5.105088062083414	1.386627717873852e-5
5.120796025351363	1.3726978817304412e-5
5.136503988619312	1.3589593166335528e-5
5.152211951887261	1.3454086459736474e-5
5.16791991515521	1.3320425670415131e-5
5.183627878423159	1.3188578490666162e-5
5.1993358416911075	1.305851331317901e-5
5.215043804959056	1.2930199212646243e-5
5.230751768227005	1.2803605927949807e-5
5.246459731494954	1.267870384490369e-5
5.262167694762903	1.255546397953177e-5
5.277875658030853	1.243385796186162e-5
5.293583621298802	1.2313858020215769e-5
5.3092915845667505	1.2195436965980207e-5
5.324999547834699	1.2078568178836464e-5
5.340707511102648	1.1963225592436566e-5
5.356415474370597	1.184938368050931e-5
5.372123437638546	1.1737017443378533e-5
5.387831400906495	1.1626102394882033e-5
5.403539364174444	1.1516614549675972e-5
5.419247327442394	1.1408530410909896e-5
5.4349552907103424	1.1301826958263749e-5
5.450663253978291	1.1196481636328613e-5
5.46637121724624	1.1092472343326033e-5
5.482079180514189	1.0989777420148208e-5
5.497787143782138	1.0888375639713037e-5
5.513495107050087	1.0788246196620398e-5
5.529203070318036	1.0689368697102629e-5
5.544911033585985	1.0591723149255019e-5
5.5606189968539335	1.0495289953542532e-5
5.576326960121882	1.0400049893569955e-5
5.592034923389832	1.0305984127106296e-5
5.607742886657781	1.0213074177360664e-5
5.62345084992573	1.0121301924493851e-5
5.639158813193679	1.0030649597364109e-5
5.654866776461628	9.94109976549774e-6
5.6705747397295765	9.852635331275757e-6
5.686282702997525	9.765239522332633e-6
5.701990666265474	9.678895884157627e-6
5.717698629533423	9.593588272895646e-6
5.733406592801373	9.50930084833863e-6
5.749114556069322	9.426018067101637e-6
5.764822519337271	9.343724675981127e-6
5.7805304826052195	9.26240570548556e-6
5.796238445873168	9.182046463536722e-6
5.811946409141117	9.102632529333775e-6
5.827654372409066	9.0241497473771e-6
5.843362335677015	8.946584221646469e-6
5.859070298944964	8.869922309928447e-6
5.874778262212913	8.794150618289363e-6
5.890486225480862	8.71925599568898e-6
5.906194188748811	8.64522552873151e-6
5.92190215201676	8.572046536547992e-6
5.937610115284709	8.49970656580981e-6
5.953318078552658	8.428193385864588e-6
5.969026041820607	8.357494983996258e-6
5.984734005088556	8.287599560801098e-6
6.000441968356505	8.218495525679791e-6
6.0161499316244536	8.150171492439571e-6
6.031857894892402	8.082616275005462e-6
6.047565858160352	8.01581888323686e-6
6.063273821428301	7.949768518844893e-6
6.07898178469625	7.88445457141034e-6
6.094689747964199	7.819866614497432e-6
6.110397711232148	7.755994401861585e-6
6.126105674500097	7.69282786374867e-6
6.1418136377680455	7.630357103281815e-6
6.157521601035994	7.568572392935835e-6
6.173229564303943	7.507464171094615e-6
6.188937527571892	7.447023038690534e-6
6.204645490839841	7.387239755922595e-6
6.220353454107791	7.3281052390524705e-6
6.23606141737574	7.269610557275339e-6
6.2517693806436885	7.2117469296634904e-6
6.267477343911637	7.154505722181487e-6
6.283185307179586	7.097878444770554e-6
6.298893270447535	7.0418567484998965e-6
6.314601233715484	6.986432422784093e-6
6.330309196983433	6.931597392664032e-6
6.346017160251382	6.877343716150047e-6
6.3617251235193315	6.8236635816258095e-6
6.37743308678728	6.770549305311091e-6
6.393141050055229	6.71799332878152e-6
6.408849013323178	6.665988216545111e-6
6.424556976591127	6.614526653672556e-6
6.440264939859076	6.563601443480974e-6
6.455972903127025	6.513205505269078e-6
6.471680866394974	6.463331872103128e-6
6.4873888296629225	6.413973688651817e-6
6.503096792930871	6.365124209068831e-6
6.51880475619882	6.316776794922295e-6
6.53451271946677	6.268924913169834e-6
6.550220682734719	6.221562134177407e-6
6.565928646002668	6.174682129782116e-6
6.581636609270617	6.128278671396592e-6
6.5973445725385655	6.082345628154572e-6
6.613052535806514	6.036876965096715e-6
6.628760499074463	5.991866741395513e-6
6.644468462342412	5.947309108618165e-6
6.660176425610361	5.903198309026688e-6
6.675884388878311	5.859528673914429e-6
6.69159235214626	5.816294621977686e-6
6.707300315414209	5.773490657722034e-6
6.7230082786821574	5.731111369902814e-6
6.738716241950106	5.6891514299973105e-6
6.754424205218055	5.647605590710245e-6
6.770132168486004	5.606468684510015e-6
6.785840131753953	5.5657356221954975e-6
6.801548095021902	5.525401391492719e-6
6.817256058289851	5.48546105568085e-6
6.8329640215578	5.445909752246284e-6
6.848671984825749	5.406742691564867e-6
6.864379948093698	5.367955155611259e-6
6.880087911361647	5.329542496693919e-6
6.895795874629596	5.291500136217429e-6
6.911503837897545	5.253823563468575e-6
6.927211801165494	5.216508334428278e-6
6.942919764433443	5.179550070606743e-6
6.9586277277013915	5.142944457902595e-6
6.97433569096934	5.106687245485286e-6
6.99004365423729	5.07077424469909e-6
7.005751617505239	5.035201327989779e-6
7.021459580773188	4.999964427852792e-6
7.037167544041137	4.965059535801643e-6
7.052875507309086	4.9304827013577125e-6
7.0685834705770345	4.89623003105939e-6
7.084291433844983	4.862297687491075e-6
7.099999397112932	4.8286818883312945e-6
7.115707360380881	4.795378905419456e-6
7.13141532364883	4.762385063840987e-6
7.147123286916779	4.7296967410301854e-6
7.162831250184729	4.697310365890617e-6
7.1785392134526775	4.6652224179328e-6
7.194247176720626	4.633429426427973e-6
7.209955139988575	4.601927969579312e-6
7.225663103256524	4.570714673707826e-6
7.241371066524473	4.539786212454907e-6
7.257079029792422	4.509139305999655e-6
7.272786993060371	4.478770720291268e-6
7.28849495632832	4.448677266296039e-6
7.304202919596269	4.418855799258958e-6
7.319910882864218	4.3893032179786184e-6
7.335618846132167	4.360016464096698e-6
7.351326809400116	4.330992521400137e-6
7.367034772668065	4.302228415136915e-6
7.382742735936014	4.273721211344255e-6
7.398450699203963	4.2454680161898526e-6
7.414158662471912	4.2174659753247836e-6
7.4298666257398605	4.189712273249341e-6
7.445574589007809	4.162204132689549e-6
7.461282552275758	4.134938813986254e-6
7.476990515543708	4.107913614494775e-6
7.492698478811657	4.081125867995826e-6
7.508406442079606	4.054572944117541e-6
7.524114405347555	4.028252247767734e-6
7.5398223686155035	4.002161218576568e-6
7.555530331883452	3.976297330349674e-6
7.571238295151401	3.950658090530588e-6
7.58694625841935	3.925241039673972e-6
7.602654221687299	3.900043750927175e-6
7.618362184955249	3.875063829522147e-6
7.634070148223198	3.850298912275789e-6
7.6497781114911465	3.825746667099857e-6
7.665486074759095	3.8014047925189785e-6
7.681194038027044	3.7772710171979317e-6
7.696902001294993	3.7533430994769883e-6
7.712609964562942	3.729618826915734e-6
7.728317927830891	3.706096015844502e-6
7.74402589109884	3.682772510924473e-6
7.759733854366789	3.659646184714925e-6
7.7754418176347375	3.6367149372484497e-6
7.791149780902687	3.6139766956133305e-6
7.806857744170636	3.5914294135437303e-6
7.822565707438585	3.569071071016295e-6
7.838273670706534	3.546899673854664e-6
7.853981633974483	3.524913253340119e-6
7.869689597242432	3.5031098658294495e-6
7.8853975605103805	3.481487592379064e-6
7.901105523778329	3.4600445383761143e-6
7.916813487046278	3.4387788331754444e-6
7.932521450314228	3.4176886297429445e-6
7.948229413582177	3.3967721043053205e-6
7.963937376850126	3.3760274560053478e-6
7.979645340118075	3.355452906563349e-6
7.995353303386024	3.3350466999445293e-6
8.011061266653972	3.314807102031573e-6
8.026769229921921	3.2947324003029055e-6
8.042477193189871	3.274820903516864e-6
8.058185156457819	3.2550709414005592e-6
8.073893119725769	3.235480864344204e-6
8.089601082993717	3.2160490431007985e-6
8.105309046261667	3.1967738684904826e-6
8.121017009529615	3.177653751110156e-6
8.136724972797564	3.1586871210476224e-6
8.152432936065512	3.139872427600775e-6
8.168140899333462	3.1212081390013415e-6
8.183848862601412	3.10269274214309e-6
8.19955682586936	3.084324742314596e-6
8.21526478913731	3.066102662936685e-6
8.230972752405258	3.048025045303698e-6
8.246680715673207	3.0300904483293316e-6
8.262388678941155	3.0122974482966373e-6
8.278096642209105	2.994644638611925e-6
8.293804605477053	2.977130629562927e-6
8.309512568745003	2.959754048080598e-6
8.325220532012953	2.942513537505176e-6
8.3409284952809	2.9254077573554845e-6
8.35663645854885	2.908435383102566e-6
8.372344421816798	2.8915951059465423e-6
8.388052385084748	2.874885632597175e-6
8.403760348352696	2.8583056850581242e-6
8.419468311620646	2.8418540004143383e-6
8.435176274888594	2.825529330623103e-6
8.450884238156544	2.809330442308431e-6
8.466592201424492	2.793256116558405e-6
8.482300164692441	2.7773051487261792e-6
8.498008127960391	2.761476348233876e-6
8.51371609122834	2.7457685383795322e-6
8.529424054496289	2.730180556147353e-6
8.545132017764237	2.714711252020583e-6
8.560839981032187	2.6993594897977537e-6
8.576547944300135	2.684124146411465e-6
8.592255907568084	2.669004111750051e-6
8.607963870836032	2.6539982884822896e-6
8.623671834103982	2.639105591884495e-6
8.63937979737193	2.6243249496705233e-6
8.65508776063988	2.6096553018244296e-6
8.67079572390783	2.595095600435421e-6
8.686503687175778	2.5806448095358086e-6
8.702211650443727	2.566301904941115e-6
8.717919613711675	2.5520658740926834e-6
8.733627576979625	2.5379357159030095e-6
8.749335540247573	2.523910440602982e-6
8.765043503515523	2.5099890695917518e-6
8.780751466783471	2.4961706352888702e-6
8.79645943005142	2.482454180988516e-6
8.81216739331937	2.4688387607162917e-6
8.827875356587318	2.4553234390877022e-6
8.843583319855268	2.4419072911691183e-6
8.859291283123216	2.4285894023408687e-6
8.874999246391166	2.4153688681620187e-6
8.890707209659114	2.402244794237795e-6
8.906415172927064	2.3892162960883305e-6
8.922123136195012	2.376282499019849e-6
8.937831099462962	2.363442537997597e-6
8.953539062730911	2.3506955575207483e-6
8.96924702599886	2.3380407114989836e-6
8.984954989266809	2.3254771631312023e-6
9.000662952534757	2.3130040847857286e-6
9.016370915802707	2.300620657882564e-6
9.032078879070655	2.288326072777184e-6
9.047786842338605	2.276119528646117e-6
9.063494805606553	2.264000233374202e-6
9.079202768874502	2.2519674034435173e-6
9.09491073214245	2.2400202638239484e-6
9.1106186954104	2.2281580478653577e-6
9.12632665867835	2.2163799971911553e-6
9.142034621946298	2.204685361593724e-6
9.157742585214248	2.193073398931251e-6
9.173450548482196	2.1815433750258198e-6
9.189158511750145	2.1700945635633803e-6
9.204866475018093	2.1587262459948597e-6
9.220574438286043	2.1474377114387847e-6
9.236282401553991	2.136228256585499e-6
9.25199036482194	2.125097185602267e-6
9.267698328089889	2.1140438100404533e-6
9.283406291357839	2.103067448743236e-6
9.299114254625788	2.0921674277554007e-6
9.314822217893736	2.08134308023385e-6
9.330530181161686	2.070593746359561e-6
9.346238144429634	2.059918773251056e-6
9.361946107697584	2.049317514878611e-6
9.377654070965532	2.038789331980215e-6
9.393362034233482	2.0283335919781254e-6
9.40906999750143	2.017949668897313e-6
9.42477796076938	2.007636943284234e-6
9.44048592403733	1.9973948021275912e-6
9.456193887305277	1.9872226387795074e-6
9.471901850573227	1.9771198528781183e-6
9.487609813841175	1.9670858502714206e-6
9.503317777109125	1.957120042941675e-6
9.519025740377073	1.9472218489314087e-6
9.534733703645022	1.9373906922700764e-6
9.55044166691297	1.927626002901869e-6
9.56614963018092	1.9179272166146384e-6
9.58185759344887	1.9082937749694886e-6
9.597565556716818	1.898725125231663e-6
9.613273519984768	1.8892207203022364e-6
9.628981483252716	1.8797800186507707e-6
9.644689446520665	1.870402484248832e-6
9.660397409788613	1.86108758650448e-6
9.676105373056563	1.8518348001977354e-6
9.691813336324511	1.8426436054167883e-6
9.707521299592461	1.8335134874950603e-6
9.723229262860409	1.8244439369493274e-6
9.738937226128359	1.8154344494183205e-6
9.754645189396308	1.806484525602696e-6
9.770353152664256	1.7975936712052439e-6
9.786061115932206	1.7887613968722416e-6
9.801769079200154	1.7799872181355527e-6
9.817477042468104	1.7712706553555426e-6
9.833185005736052	1.7626112336644305e-6
9.848892969004002	1.7540084829109241e-6
9.86460093227195	1.7454619376052353e-6
9.8803088955399	1.736971136864945e-6
9.896016858807847	1.7285356243615074e-6
9.911724822075797	1.7201549482675907e-6
9.927432785343747	1.7118286612051022e-6
9.943140748611695	1.7035563201937419e-6
9.958848711879645	1.6953374866003997e-6
9.974556675147593	1.6871717260892566e-6
9.990264638415542	1.6790586085723475e-6
10.00597260168349	1.6709977081609355e-6
10.02168056495144	1.6629886031175295e-6
10.037388528219388	1.6550308758083965e-6
10.053096491487338	1.6471241126568619e-6
10.068804454755288	1.6392679040970576e-6
10.084512418023236	1.6314618445284448e-6
10.100220381291185	1.623705532270835e-6
10.115928344559133	1.6159985695198593e-6
10.131636307827083	1.6083405623034096e-6
10.147344271095031	1.6007311204381964e-6
10.163052234362981	1.5931698574871501e-6
10.178760197630929	1.5856563907172778e-6
10.194468160898879	1.5781903410580599e-6
10.210176124166829	1.5707713330604794e-6
10.225884087434777	1.5633989948563934e-6
10.241592050702726	1.5560729581185914e-6
10.257300013970674	1.5487928580212858e-6
10.273007977238624	1.5415583332011813e-6
10.288715940506572	1.534369025718906e-6
10.304423903774522	1.5272245810211304e-6
10.32013186704247	1.5201246479028393e-6
10.33583983031042	1.5130688784706085e-6
10.351547793578368	1.5060569281057579e-6
10.367255756846317	1.4990884554284728e-6
10.382963720114267	1.4921631222619944e-6
10.398671683382215	1.4852805935974898e-6
10.414379646650165	1.4784405375593006e-6
10.430087609918113	1.4716426253706372e-6
10.445795573186063	1.4648865313197127e-6
10.46150353645401	1.4581719327262472e-6
10.47721149972196	1.4514985099084422e-6
10.492919462989908	1.4448659461503088e-6
10.508627426257858	1.4382739276696164e-6
10.524335389525806	1.4317221435858533e-6
10.540043352793756	1.4252102858889575e-6
10.555751316061706	1.4187380494082088e-6
10.571459279329654	1.4123051317816897e-6
10.587167242597603	1.405911233425845e-6
10.602875205865551	1.3995560575057353e-6
10.618583169133501	1.3932393099055003e-6
10.634291132401449	1.3869606991991278e-6
10.649999095669399	1.3807199366217112e-6
10.665707058937347	1.37451673604093e-6
10.681415022205297	1.368350813929084e-6
10.697122985473246	1.362221889335213e-6
10.712830948741194	1.3561296838577301e-6
10.728538912009144	1.3500739216173254e-6
10.744246875277092	1.344054329230269e-6
10.759954838545042	1.338070635781908e-6
10.77566280181299	1.3321225728006266e-6
10.79137076508094	1.326209874231985e-6
10.807078728348888	1.320332276413345e-6
10.822786691616837	1.3144895180485993e-6
10.838494654884787	1.3086813401833764e-6
10.854202618152735	1.3029074861804416e-6
10.869910581420685	1.2971677016954546e-6
10.885618544688633	1.2914617346529471e-6
10.901326507956583	1.2857893352227015e-6
10.91703447122453	1.2801502557962674e-6
10.93274243449248	1.2745442509638672e-6
10.948450397760428	1.268971077491592e-6
10.964158361028378	1.2634304942987563e-6
10.979866324296326	1.2579222624356116e-6
10.995574287564276	1.2524461450612774e-6
11.011282250832226	1.2470019074220116e-6
11.026990214100174	1.2415893168296835e-6
11.042698177368123	1.23620814264042e-6
11.058406140636071	1.230858156233684e-6
11.074114103904021	1.225539130991414e-6
11.08982206717197	1.2202508422775894e-6
11.105530030439919	1.2149930674178665e-6
11.121237993707867	1.2097655856795972e-6
11.136945956975817	1.2045681782519468e-6
11.152653920243765	1.1994006282263753e-6
11.168361883511714	1.1942627205772036e-6
11.184069846779664	1.1891542421426022e-6
11.199777810047612	1.1840749816055676e-6
11.215485773315562	1.1790247294753584e-6
11.23119373658351	1.1740032780689063e-6
11.24690169985146	1.169010421492627e-6
11.262609663119408	1.1640459556243896e-6
11.278317626387357	1.1591096780956334e-6
11.294025589655305	1.1542013882738337e-6
11.309733552923255	1.1493208872449607e-6
11.325441516191205	1.1444679777963082e-6
11.341149479459153	1.1396424643994636e-6
11.356857442727103	1.1348441531935374e-6
11.37256540599505	1.1300728519684006e-6
11.388273369263	1.1253283701483217e-6
11.403981332530948	1.1206105187757438e-6
11.419689295798898	1.1159191104950618e-6
11.435397259066846	1.1112539595368893e-6
11.451105222334796	1.106614881702293e-6
11.466813185602746	1.1020016943471774e-6
11.482521148870694	1.0974142163670875e-6
11.498229112138644	1.0928522681818842e-6
11.513937075406592	1.088315671720827e-6
11.529645038674541	1.0838042504076224e-6
11.54535300194249	1.0793178291459204e-6
11.561060965210439	1.074856234304619e-6
11.576768928478387	1.0704192937036692e-6
11.592476891746337	1.0660068365997811e-6
11.608184855014285	1.061618693672462e-6
11.623892818282235	1.057254697010118e-6
11.639600781550184	1.0529146800963604e-6
11.655308744818132	1.0485984777964281e-6
11.671016708086082	1.0443059263437812e-6
11.68672467135403	1.040036863326811e-6
11.70243263462198	1.035791127675821e-6
11.718140597889928	1.0315685596499275e-6
11.733848561157878	1.0273690008243194e-6
11.749556524425826	1.0231922940775783e-6
11.765264487693775	1.0190382835790834e-6
11.780972450961723	1.0149068147766711e-6
11.796680414229673	1.010797734384286e-6
11.812388377497623	1.006710890369906e-6
11.82809634076557	1.0026461319435745e-6
11.84380430403352	9.98603309545435e-7
11.859512267301469	9.945822748340594e-7
11.875220230569418	9.905828806748346e-7
11.890928193837366	9.86604981128476e-7
11.906636157105316	9.826484314396261e-7
11.922344120373264	9.787130880256845e-7
11.938052083641214	9.747988084656946e-7
11.953760046909164	9.709054514892383e-7
11.969468010177112	9.670328769657445e-7
11.985175973445061	9.631809458935723e-7
12.00088393671301	9.59349520389496e-7
12.01659189998096	9.55538463678065e-7
12.032299863248907	9.517476400813011e-7
12.048007826516857	9.479769150083368e-7
12.063715789784805	9.442261549452432e-7
12.079423753052755	9.404952274449663e-7
12.095131716320704	9.367840011173111e-7
12.110839679588652	9.330923456191461e-7
12.126547642856602	9.294201316446036e-7
12.14225560612455	9.257672309154096e-7
12.1579635693925	9.221335161714023e-7
12.173671532660448	9.185188611610038e-7
12.189379495928398	9.149231406319177e-7
12.205087459196346	9.113462303218306e-7
12.220795422464295	9.07788006949376e-7
12.236503385732243	9.042483482049501e-7
12.252211349000193	9.007271327417823e-7
12.267919312268143	8.972242401671627e-7
12.283627275536091	8.937395510335746e-7
12.29933523880404	8.902729468300044e-7
12.315043202071989	8.868243099734554e-7
12.330751165339938	8.833935238003551e-7
12.346459128607886	8.79980472558208e-7
12.362167091875836	8.765850413972277e-7
12.377875055143784	8.732071163621716e-7
12.393583018411734	8.69846584384087e-7
12.409290981679682	8.66503333272383e-7
12.424998944947632	8.631772517067523e-7
12.440706908215581	8.598682292292959e-7
12.45641487148353	8.565761562367675e-7
12.47212283475148	8.533009239727514e-7
12.487830798019427	8.500424245201111e-7
12.503538761287377	8.468005507933012e-7
12.519246724555325	8.435751965309987e-7
12.534954687823275	8.403662562886088e-7
12.550662651091223	8.371736254309148e-7
12.566370614359172	8.339972001248489e-7
