-12.566370614359172	-5.249670633787784e-6
-12.550662651091223	-5.269765846938642e-6
-12.534954687823275	-5.289964217895347e-6
-12.519246724555325	-5.310266412419627e-6
-12.503538761287377	-5.330673101458523e-6
-12.487830798019427	-5.3511849611922135e-6
-12.47212283475148	-5.371802673081484e-6
-12.45641487148353	-5.392526923916458e-6
-12.440706908215581	-5.413358405865273e-6
-12.424998944947632	-5.434297816523617e-6
-12.409290981679682	-5.455345858964596e-6
-12.393583018411734	-5.476503241789187e-6
-12.377875055143784	-5.497770679177386e-6
-12.362167091875836	-5.519148890939478e-6
-12.346459128607886	-5.5406386025683735e-6
-12.330751165339938	-5.5622405452921526e-6
-12.315043202071989	-5.583955456127262e-6
-12.29933523880404	-5.605784077932205e-6
-12.283627275536091	-5.627727159462087e-6
-12.267919312268143	-5.649785455423302e-6
-12.252211349000193	-5.671959726529235e-6
-12.236503385732243	-5.694250739556237e-6
-12.220795422464295	-5.7166592674004395e-6
-12.205087459196346	-5.739186089134953e-6
-12.189379495928398	-5.7618319900678955e-6
-12.173671532660448	-5.784597761800953e-6
-12.1579635693925	-5.807484202288477e-6
-12.14225560612455	-5.830492115897437e-6
-12.126547642856602	-5.853622313467835e-6
-12.110839679588652	-5.876875612373836e-6
-12.095131716320704	-5.900252836585564e-6
-12.079423753052755	-5.923754816731602e-6
-12.063715789784805	-5.947382390162134e-6
-12.048007826516857	-5.971136401012776e-6
-12.032299863248907	-5.995017700269144e-6
-12.01659189998096	-6.019027145832079e-6
-12.00088393671301	-6.043165602583508e-6
-11.985175973445061	-6.0674339424532425e-6
-11.969468010177112	-6.091833044486441e-6
-11.953760046909164	-6.1163637949115855e-6
-11.938052083641214	-6.141027087209545e-6
-11.922344120373264	-6.165823822183119e-6
-11.906636157105316	-6.190754908027563e-6
-11.890928193837366	-6.215821260401779e-6
-11.875220230569418	-6.241023802500237e-6
-11.859512267301469	-6.266363465125888e-6
-11.84380430403352	-6.2918411867637406e-6
-11.82809634076557	-6.317457913655208e-6
-11.812388377497623	-6.343214599873499e-6
-11.796680414229673	-6.369112207399632e-6
-11.780972450961723	-6.395151706199365e-6
-11.765264487693775	-6.421334074300987e-6
-11.749556524425826	-6.447660297874116e-6
-11.733848561157878	-6.474131371309193e-6
-11.718140597889928	-6.500748297297903e-6
-11.70243263462198	-6.527512086914524e-6
-11.68672467135403	-6.5544237596983e-6
-11.671016708086082	-6.581484343736529e-6
-11.655308744818132	-6.608694875748894e-6
-11.639600781550184	-6.636056401172339e-6
-11.623892818282235	-6.663569974247263e-6
-11.608184855014285	-6.691236658104542e-6
-11.592476891746337	-6.719057524853591e-6
-11.576768928478387	-6.747033655671292e-6
-11.561060965210439	-6.775166140892232e-6
-11.54535300194249	-6.803456080099545e-6
-11.529645038674541	-6.831904582217184e-6
-11.513937075406592	-6.860512765603237e-6
-11.498229112138644	-6.889281758143759e-6
-11.482521148870694	-6.918212697348435e-6
-11.466813185602746	-6.947306730446992e-6
-11.451105222334796	-6.976565014486529e-6
-11.435397259066846	-7.005988716430503e-6
-11.419689295798898	-7.035579013258069e-6
-11.403981332530948	-7.065337092065504e-6
-11.388273369263	-7.095264150168025e-6
-11.37256540599505	-7.125361395203318e-6
-11.356857442727103	-7.155630045235857e-6
-11.341149479459153	-7.186071328862858e-6
-11.325441516191205	-7.216686485320901e-6
-11.309733552923255	-7.247476764594573e-6
-11.294025589655305	-7.278443427525627e-6
-11.278317626387357	-7.309587745923887e-6
-11.262609663119408	-7.340911002679324e-6
-11.24690169985146	-7.372414491875344e-6
-11.23119373658351	-7.404099518903568e-6
-11.215485773315562	-7.4359674005800074e-6
-11.199777810047612	-7.4680194652622695e-6
-11.184069846779664	-7.50025705296852e-6
-11.168361883511714	-7.532681515497783e-6
-11.152653920243765	-7.5652942165514926e-6
-11.136945956975817	-7.598096531856618e-6
-11.121237993707867	-7.631089849290375e-6
-11.105530030439919	-7.66427556900605e-6
-11.08982206717197	-7.697655103560738e-6
-11.074114103904021	-7.731229878044437e-6
-11.058406140636071	-7.765001330210574e-6
-11.042698177368123	-7.798970910608258e-6
-11.026990214100174	-7.833140082716068e-6
-11.011282250832226	-7.867510323077625e-6
-10.995574287564276	-7.902083121438223e-6
-10.979866324296326	-7.936859980883892e-6
-10.964158361028378	-7.971842417981598e-6
-10.948450397760428	-8.007031962921374e-6
-10.93274243449248	-8.042430159659917e-6
-10.91703447122453	-8.078038566066466e-6
-10.901326507956583	-8.113858754069796e-6
-10.885618544688633	-8.149892309807348e-6
-10.869910581420685	-8.186140833776372e-6
-10.854202618152735	-8.222605940986462e-6
-10.838494654884787	-8.2592892611142e-6
-10.822786691616837	-8.296192438659925e-6
-10.807078728348888	-8.33331713310576e-6
-10.79137076508094	-8.370665019076524e-6
-10.77566280181299	-8.408237786501592e-6
-10.759954838545042	-8.446037140779652e-6
-10.744246875277092	-8.484064802944988e-6
-10.728538912009144	-8.52232250983602e-6
-10.712830948741194	-8.560812014265665e-6
-10.697122985473246	-8.599535085194298e-6
-10.681415022205297	-8.638493507904304e-6
-10.665707058937347	-8.677689084177328e-6
-10.649999095669399	-8.717123632473486e-6
-10.634291132401449	-8.75679898811252e-6
-10.618583169133501	-8.796717003457925e-6
-10.602875205865551	-8.836879548102783e-6
-10.587167242597603	-8.87728850905813e-6
-10.571459279329654	-8.917945790943775e-6
-10.555751316061706	-8.958853316181426e-6
-10.540043352793756	-9.00001302519029e-6
-10.524335389525806	-9.041426876585184e-6
-10.508627426257858	-9.083096847376919e-6
-10.492919462989908	-9.125024933175662e-6
-10.47721149972196	-9.167213148396555e-6
-10.46150353645401	-9.209663526468119e-6
-10.445795573186063	-9.252378120042901e-6
-10.430087609918113	-9.29535900121162e-6
-10.414379646650165	-9.338608261719319e-6
-10.398671683382215	-9.382128013184459e-6
-10.382963720114267	-9.425920387321277e-6
-10.367255756846317	-9.469987536164153e-6
-10.351547793578368	-9.514331632295912e-6
-10.33583983031042	-9.558954869078056e-6
-10.32013186704247	-9.603859460884717e-6
-10.304423903774522	-9.649047643339207e-6
-10.288715940506572	-9.694521673553855e-6
-10.273007977238624	-9.74028383037304e-6
-10.257300013970674	-9.786336414618935e-6
-10.241592050702726	-9.832681749341032e-6
-10.225884087434777	-9.879322180068636e-6
-10.210176124166829	-9.926260075066366e-6
-10.194468160898879	-9.9734978255939e-6
-10.178760197630929	-1.0021037846168026e-5
-10.163052234362981	-1.0068882574828993e-5
-10.147344271095031	-1.0117034473409897e-5
-10.131636307827083	-1.0165496027809825e-5
-10.115928344559133	-1.0214269748270554e-5
-10.100220381291185	-1.0263358169656995e-5
-10.084512418023236	-1.0312763851741115e-5
-10.068804454755288	-1.0362489379489977e-5
-10.053096491487338	-1.041253736335738e-5
-10.037388528219388	-1.0462910439579327e-5
-10.02168056495144	-1.0513611270473785e-5
-10.00597260168349	-1.0564642544744122e-5
-9.990264638415542	-1.0616006977786672e-5
-9.974556675147593	-1.0667707312002677e-5
-9.958848711879645	-1.0719746317113861e-5
-9.943140748611695	-1.0772126790483175e-5
-9.927432785343747	-1.0824851557438703e-5
-9.911724822075797	-1.0877923471603243e-5
-9.896016858807847	-1.0931345415227161e-5
-9.8803088955399	-1.09851202995265e-5
-9.86460093227195	-1.103925106502554e-5
-9.848892969004002	-1.1093740681903811e-5
-9.833185005736052	-1.1148592150348221e-5
-9.817477042468104	-1.1203808500909387e-5
-9.801769079200154	-1.1259392794863797e-5
-9.786061115932206	-1.1315348124579781e-5
-9.770353152664256	-1.1371677613889765e-5
-9.754645189396308	-1.1428384418466187e-5
-9.738937226128359	-1.1485471726204359e-5
-9.723229262860409	-1.1542942757608808e-5
-9.707521299592461	-1.1600800766186487e-5
-9.691813336324511	-1.1659049038844435e-5
-9.676105373056563	-1.1717690896293442e-5
-9.660397409788613	-1.177672969345722e-5
-9.644689446520665	-1.1836168819887267e-5
-9.628981483252716	-1.1896011700183485e-5
-9.613273519984768	-1.1956261794420942e-5
-9.597565556716818	-1.2016922598582151e-5
-9.58185759344887	-1.2077997644995939e-5
-9.56614963018092	-1.213949050278211e-5
-9.55044166691297	-1.2201404778302735e-5
-9.534733703645022	-1.2263744115619231e-5
-9.519025740377073	-1.2326512196956762e-5
-9.503317777109125	-1.2389712743174303e-5
-9.487609813841175	-1.245334951424241e-5
-9.471901850573227	-1.2517426309726507e-5
-9.456193887305277	-1.2581946969278575e-5
-9.44048592403733	-1.2646915373134492e-5
-9.42477796076938	-1.2712335442619427e-5
-9.40906999750143	-1.2778211140659966e-5
-9.393362034233482	-1.2844546472303923e-5
-9.377654070965532	-1.2911345485247389e-5
-9.361946107697584	-1.2978612270369657e-5
-9.346238144429634	-1.304635096227552e-5
-9.330530181161686	-1.3114565739845897e-5
-9.314822217893736	-1.3183260826795907e-5
-9.299114254625788	-1.325244049224156e-5
-9.283406291357839	-1.3322109051274393e-5
-9.267698328089889	-1.3392270865544622e-5
-9.25199036482194	-1.3462930343852777e-5
-9.236282401553991	-1.3534091942750023e-5
-9.220574438286043	-1.360576016714708e-5
-9.204866475018093	-1.367793957093304e-5
-9.189158511750145	-1.3750634757601843e-5
-9.173450548482196	-1.3823850380888824e-5
-9.157742585214248	-1.389759114541716e-5
-9.142034621946298	-1.3971861807352733e-5
-9.12632665867835	-1.4046667175069737e-5
-9.1106186954104	-1.4122012109825583e-5
-9.09491073214245	-1.4197901526446402e-5
-9.079202768874502	-1.4274340394022157e-5
-9.063494805606553	-1.4351333736612585e-5
-9.047786842338605	-1.4428886633963729e-5
-9.032078879070655	-1.4507004222235266e-5
-9.016370915802707	-1.4585691694738416e-5
-9.000662952534757	-1.4664954302685455e-5
-8.984954989266809	-1.4744797355950436e-5
-8.96924702599886	-1.4825226223841048e-5
-8.953539062730911	-1.4906246335883215e-5
-8.937831099462962	-1.4987863182616119e-5
-8.922123136195012	-1.5070082316400927e-5
-8.906415172927064	-1.5152909352240557e-5
-8.890707209659114	-1.5236349968613201e-5
-8.874999246391166	-1.5320409908317534e-5
-8.859291283123216	-1.5405094979331456e-5
-8.843583319855268	-1.5490411055684332e-5
-8.827875356587318	-1.5576364078342074e-5
-8.81216739331937	-1.5662960056106507e-5
-8.79645943005142	-1.575020506652806e-5
-8.780751466783471	-1.58381052568334e-5
-8.765043503515523	-1.5926666844866635e-5
-8.749335540247573	-1.601589612004612e-5
-8.733627576979625	-1.610579944433539e-5
-8.717919613711675	-1.6196383253229857e-5
-8.702211650443727	-1.62876540567589e-5
-8.686503687175778	-1.6379618440503303e-5
-8.67079572390783	-1.6472283066629528e-5
-8.65508776063988	-1.6565654674939356e-5
-8.63937979737193	-1.6659740083937247e-5
-8.623671834103982	-1.675454619191353e-5
-8.607963870836032	-1.6850079978045467e-5
-8.592255907568084	-1.6946348503516e-5
-8.576547944300135	-1.704335891264979e-5
-8.560839981032187	-1.714111843406774e-5
-8.545132017764237	-1.7239634381860308e-5
-8.529424054496289	-1.7338914156779072e-5
-8.51371609122834	-1.743896524744794e-5
-8.498008127960391	-1.7539795231593936e-5
-8.482300164692441	-1.7641411777297474e-5
-8.466592201424492	-1.774382264426328e-5
-8.450884238156544	-1.784703568511192e-5
-8.435176274888594	-1.7951058846692166e-5
-8.419468311620646	-1.8055900171415034e-5
-8.403760348352696	-1.816156779860932e-5
-8.388052385084748	-1.8268069965899653e-5
-8.372344421816798	-1.837541501060709e-5
-8.35663645854885	-1.848361137117258e-5
-8.3409284952809	-1.8592667588604203e-5
-8.325220532012953	-1.8702592307948245e-5
-8.309512568745003	-1.881339427978435e-5
-8.293804605477053	-1.8925082361746254e-5
-8.278096642209105	-1.9037665520066683e-5
-8.262388678941155	-1.9151152831149405e-5
-8.246680715673207	-1.9265553483166067e-5
-8.230972752405258	-1.9380876777681468e-5
-8.21526478913731	-1.9497132131304345e-5
-8.19955682586936	-1.961432907736749e-5
-8.183848862601412	-1.973247726763526e-5
-8.168140899333462	-1.985158647404021e-5
-8.152432936065512	-1.9971666590449653e-5
-8.136724972797564	-2.0092727634461015e-5
-8.121017009529615	-2.0214779749229313e-5
-8.105309046261667	-2.0337833205324717e-5
-8.089601082993717	-2.0461898402622047e-5
-8.073893119725769	-2.0586985872223125e-5
-8.058185156457819	-2.0713106278411723e-5
-8.042477193189871	-2.0840270420642293e-5
-8.026769229921921	-2.0968489235563313e-5
-8.011061266653972	-2.109777379907493e-5
-7.995353303386024	-2.1228135328423276e-5
-7.979645340118075	-2.1359585184330524e-5
-7.963937376850126	-2.1492134873161857e-5
-7.948229413582177	-2.1625796049131263e-5
-7.932521450314228	-2.176058051654503e-5
-7.916813487046278	-2.189650023208483e-5
-7.901105523778329	-2.203356730713135e-5
-7.8853975605103805	-2.2171794010128376e-5
-7.869689597242432	-2.231119276898916e-5
-7.853981633974483	-2.2451776173544927e-5
-7.838273670706534	-2.2593556978037244e-5
-7.822565707438585	-2.2736548103654823e-5
-7.806857744170636	-2.288076264111505e-5
-7.791149780902687	-2.302621385329235e-5
-7.7754418176347375	-2.3172915177893372e-5
-7.759733854366789	-2.332088023018016e-5
-7.74402589109884	-2.3470122805742847e-5
-7.728317927830891	-2.362065688332156e-5
-7.712609964562942	-2.3772496627681052e-5
-7.696902001294993	-2.3925656392535227e-5
-7.681194038027044	-2.408015072352703e-5
-7.665486074759095	-2.4235994361261334e-5
-7.6497781114911465	-2.4393202244394438e-5
-7.634070148223198	-2.455178951277856e-5
-7.618362184955249	-2.471177151066595e-5
-7.602654221687299	-2.487316378997093e-5
-7.58694625841935	-2.503598211359238e-5
-7.571238295151401	-2.5200242458798074e-5
-7.555530331883452	-2.5365961020671576e-5
-7.5398223686155035	-2.5533154215623067e-5
-7.524114405347555	-2.5701838684966534e-5
-7.508406442079606	-2.587203129856275e-5
-7.492698478811657	-2.6043749158531632e-5
-7.476990515543708	-2.621700960303336e-5
-7.461282552275758	-2.639183021012215e-5
-7.445574589007809	-2.6568228801671213e-5
-7.4298666257398605	-2.6746223447373483e-5
-7.414158662471912	-2.6925832468817764e-5
-7.398450699203963	-2.7107074443642053e-5
-7.382742735936014	-2.7289968209767246e-5
-7.367034772668065	-2.7474532869711462e-5
-7.351326809400116	-2.7660787794986122e-5
-7.335618846132167	-2.7848752630578857e-5
-7.319910882864218	-2.803844729952068e-5
-7.304202919596269	-2.822989200754299e-5
-7.28849495632832	-2.842310724782431e-5
-7.272786993060371	-2.8618113805829248e-5
-7.257079029792422	-2.881493276424273e-5
-7.241371066524473	-2.9013585507999362e-5
-7.225663103256524	-2.9214093729412854e-5
-7.209955139988575	-2.9416479433404328e-5
-7.194247176720626	-2.9620764942836525e-5
-7.1785392134526775	-2.9826972903950547e-5
-7.162831250184729	-3.0035126291912325e-5
-7.147123286916779	-3.02452484164685e-5
-7.13141532364883	-3.0457362927715112e-5
-7.115707360380881	-3.067149382198165e-5
-7.099999397112932	-3.088766544783319e-5
-7.084291433844983	-3.110590251219275e-5
-7.0685834705770345	-3.132623008658681e-5
-7.052875507309086	-3.154867361351815e-5
-7.037167544041137	-3.177325891296656e-5
-7.021459580773188	-3.200001218902239e-5
-7.005751617505239	-3.222896003665437e-5
-6.99004365423729	-3.246012944861718e-5
-6.97433569096934	-3.269354782249919e-5
-6.9586277277013915	-3.292924296791499e-5
-6.942919764433443	-3.316724311384797e-5
-6.927211801165494	-3.3407576916141914e-5
-6.911503837897545	-3.3650273465149476e-5
-6.895795874629596	-3.389536229354012e-5
-6.880087911361647	-3.414287338426897e-5
-6.864379948093698	-3.4392837178713545e-5
-6.848671984825749	-3.464528458498086e-5
-6.8329640215578	-3.490024698638869e-5
-6.817256058289851	-3.51577562501264e-5
-6.801548095021902	-3.5417844736097685e-5
-6.785840131753953	-3.568054530595243e-5
-6.770132168486004	-3.5945891332308975e-5
-6.754424205218055	-3.6213916708174485e-5
-6.738716241950106	-3.648465585656617e-5
-6.7230082786821574	-3.675814374033873e-5
-6.707300315414209	-3.703441587222371e-5
-6.69159235214626	-3.731350832508632e-5
-6.675884388878311	-3.759545774240145e-5
-6.660176425610361	-3.788030134896118e-5
-6.644468462342412	-3.8168076961812016e-5
-6.628760499074463	-3.845882300143314e-5
-6.613052535806514	-3.8752578503158644e-5
-6.5973445725385655	-3.9049383128851166e-5
-6.581636609270617	-3.9349277178832524e-5
-6.565928646002668	-3.9652301604078496e-5
-6.550220682734719	-3.995849801868409e-5
-6.53451271946677	-4.026790871260549e-5
-6.51880475619882	-4.058057666468783e-5
-6.503096792930871	-4.08965455559823e-5
-6.4873888296629225	-4.121585978336478e-5
-6.471680866394974	-4.153856447345948e-5
-6.455972903127025	-4.186470549687816e-5
-6.440264939859076	-4.219432948278132e-5
-6.424556976591127	-4.2527483833771355e-5
-6.408849013323178	-4.2864216741125036e-5
-6.393141050055229	-4.320457720037397e-5
-6.37743308678728	-4.354861502724417e-5
-6.3617251235193315	-4.389638087396117e-5
-6.346017160251382	-4.4247926245932626e-5
-6.330309196983433	-4.460330351881786e-5
-6.314601233715484	-4.496256595599339e-5
-6.298893270447535	-4.532576772642719e-5
-6.283185307179586	-4.56929639229693e-5
-6.267477343911637	-4.606421058107498e-5
-6.2517693806436885	-4.643956469796577e-5
-6.23606141737574	-4.6819084252244965e-5
-6.220353454107791	-4.720282822397891e-5
-6.204645490839841	-4.7590856615254224e-5
-6.188937527571892	-4.798323047122772e-5
-6.173229564303943	-4.8380011901679065e-5
-6.157521601035994	-4.8781264103081695e-5
-6.1418136377680455	-4.918705138120725e-5
-6.126105674500097	-4.9597439174274685e-5
-6.110397711232148	-5.0012494076662885e-5
-6.094689747964199	-5.04322838632007e-5
-6.07898178469625	-5.085687751405019e-5
-6.063273821428301	-5.128634524020056e-5
-6.047565858160352	-5.172075850958974e-5
-6.031857894892402	-5.216019007387018e-5
-6.0161499316244536	-5.260471399583898e-5
-6.000441968356505	-5.3054405677549534e-5
-5.984734005088556	-5.3509341889124886e-5
-5.969026041820607	-5.396960079829223e-5
-5.953318078552658	-5.4435262000661e-5
-5.937610115284709	-5.490640655076206e-5
-5.92190215201676	-5.538311699387572e-5
-5.906194188748811	-5.5865477398665e-5
-5.890486225480862	-5.635357339064314e-5
-5.874778262212913	-5.684749218649561e-5
-5.859070298944964	-5.7347322629284716e-5
-5.843362335677015	-5.785315522456017e-5
-5.827654372409066	-5.836508217740405e-5
-5.811946409141117	-5.888319743043767e-5
-5.796238445873168	-5.940759670281796e-5
-5.7805304826052195	-5.993837753025321e-5
-5.764822519337271	-6.047563930607009e-5
-5.749114556069322	-6.1019483323361605e-5
-5.733406592801373	-6.157001281824932e-5
-5.717698629533423	-6.212733301429444e-5
-5.701990666265474	-6.269155116809073e-5
-5.686282702997525	-6.326277661607802e-5
-5.6705747397295765	-6.384112082261046e-5
-5.654866776461628	-6.442669742932215e-5
-5.639158813193679	-6.501962230582483e-5
-5.62345084992573	-6.562001360178465e-5
-5.607742886657781	-6.62279918004173e-5
-5.592034923389832	-6.684367977344566e-5
-5.576326960121882	-6.746720283756917e-5
-5.5606189968539335	-6.809868881248715e-5
-5.544911033585985	-6.873826808053187e-5
-5.529203070318036	-6.93860736479555e-5
-5.513495107050087	-7.004224120792895e-5
-5.497787143782138	-7.070690920530516e-5
-5.482079180514189	-7.138021890320279e-5
-5.46637121724624	-7.206231445147052e-5
-5.450663253978291	-7.275334295709267e-5
-5.4349552907103424	-7.345345455659752e-5
-5.419247327442394	-7.416280249053675e-5
-5.403539364174444	-7.488154318010073e-5
-5.387831400906495	-7.560983630594155e-5
-5.372123437638546	-7.63478448892776e-5
-5.356415474370597	-7.70957353753535e-5
-5.340707511102648	-7.785367771933387e-5
-5.324999547834699	-7.8621845474716e-5
-5.3092915845667505	-7.94004158843406e-5
-5.293583621298802	-8.018956997409245e-5
-5.277875658030853	-8.098949264938145e-5
-5.262167694762903	-8.18003727944954e-5
-5.246459731494954	-8.262240337492851e-5
-5.230751768227005	-8.345578154278336e-5
-5.215043804959056	-8.430070874535303e-5
-5.1993358416911075	-8.515739083699517e-5
-5.183627878423159	-8.602603819441054e-5
-5.16791991515521	-8.690686583544753e-5
-5.152211951887261	-8.780009354155381e-5
-5.136503988619312	-8.870594598400425e-5
-5.120796025351363	-8.962465285404084e-5
-5.105088062083414	-9.055644899706222e-5
-5.0893800988154645	-9.150157455100637e-5
-5.073672135547516	-9.246027508907982e-5
-5.057964172279567	-9.343280176698844e-5
-5.042256209011618	-9.441941147483289e-5
-5.026548245743669	-9.542036699383725e-5
-5.01084028247572	-9.643593715809312e-5
-4.995132319207771	-9.746639702149647e-5
-4.979424355939822	-9.851202803007131e-5
-4.9637163926718735	-9.957311819988309e-5
-4.948008429403924	-0.00010064996230074658
-4.932300466135975	-0.00010174286204594663
-4.916592502868026	-0.00010285212628819447
-4.900884539600077	-0.00010397807122206542
-4.885176576332128	-0.00010512102059314938
-4.869468613064179	-0.00010628130591418371
-4.8537606497962305	-0.00010745926668842894
-4.838052686528282	-0.00010865525064056735
-4.822344723260333	-0.00010986961395541918
-4.806636759992384	-0.00011110272152477501
-4.790928796724435	-0.00011235494720267075
-4.775220833456485	-0.00011362667406942506
-4.759512870188536	-0.00011491829470479778
-4.743804906920587	-0.00011623021147062292
-4.7280969436526386	-0.00011756283680329857
-4.71238898038469	-0.00011891659351652773
-4.696681017116741	-0.00012029191511472585
-4.680973053848792	-0.00012168924611752363
-4.665265090580843	-0.00012310904239581845
-4.649557127312894	-0.0001245517715198533
-4.633849164044944	-0.0001260179131198082
-4.6181412007769955	-0.00012750795925943085
-4.602433237509047	-0.00012902241482324556
-4.586725274241098	-0.00013056179791790955
-4.571017310973149	-0.00013212664028830972
-4.5553093477052	-0.00013371748774902804
-4.539601384437251	-0.0001353349006318233
-4.523893421169302	-0.00013697945424982142
-4.508185457901353	-0.0001386517393791244
-4.4924774946334045	-0.00014035236275859717
-4.476769531365456	-0.00014208194760862363
-4.461061568097506	-0.00014384113416965257
-4.445353604829557	-0.0001456305802614178
-4.429645641561608	-0.00014745096186373117
-4.413937678293659	-0.00014930297371982133
-4.39822971502571	-0.00015118732996321864
-4.3825217517577615	-0.00015310476476924784
-4.366813788489813	-0.00015505603303224403
-4.351105825221864	-0.00015704191106965954
-4.335397861953915	-0.0001590631973542959
-4.319689898685965	-0.0001611207132759543
-4.303981935418016	-0.00016321530393386885
-4.288273972150067	-0.00016534783896135667
-4.2725660088821185	-0.00016751921338419782
-4.25685804561417	-0.0001697303485143315
-4.241150082346221	-0.0001719821928805506
-4.225442119078272	-0.00017427572319796085
-4.209734155810323	-0.00017661194537805993
-4.194026192542374	-0.0001789918955814156
-4.178318229274425	-0.00018141664131499772
-4.162610266006476	-0.0001838872825763694
-4.146902302738527	-0.0001864049530470307
-4.131194339470578	-0.00018897082133736103
-4.115486376202629	-0.0001915860922857372
-4.09977841293468	-0.00019425200831454367
-4.084070449666731	-0.00019696985084595474
-4.068362486398782	-0.00019974094178053158
-4.052654523130833	-0.00020256664504185156
-4.036946559862884	-0.00020544836819057907
-4.0212385965949355	-0.00020838756411157742
-4.005530633326986	-0.00021138573277788977
-3.9898226700590373	-0.00021444442309562355
-3.9741147067910885	-0.00021756523483404074
-3.958406743523139	-0.00022074982064538255
-3.9426987802551903	-0.00022399988817927162
-3.9269908169872414	-0.00022731720229679162
-3.9112828537192925	-0.00023070358738968303
-3.8955748904513436	-0.0002341609298104274
-3.8798669271833943	-0.00023769118041934496
-3.8641589639154454	-0.00024129635725522104
-3.8484510006474966	-0.00024497854833638815
-3.8327430373795477	-0.0002487399145996364
-3.817035074111599	-0.00025258269298479054
-3.8013271108436495	-0.00025650919967331074
-3.7856191475757006	-0.0002605218334898035
-3.7699111843077517	-0.0002646230794759381
-3.754203221039803	-0.00026881551264686305
-3.738495257771854	-0.0002731018019409135
-3.7227872945039047	-0.00027748471437412153
-3.707079331235956	-0.0002819671194118097
-3.691371367968007	-0.0002865519935704066
-3.675663404700058	-0.0002912424252635139
-3.659955441432109	-0.0002960416199072291
-3.64424747816416	-0.0003009529053007844
-3.628539514896211	-0.000305979737299697
-3.612831551628262	-0.0003111257057998368
-3.597123588360313	-0.0003163945410521461
-3.5814156250923643	-0.0003217901203291742
-3.565707661824415	-0.00032731647496613047
-3.549999698556466	-0.0003329777978008216
-3.5342917352885173	-0.0003387784510386636
-3.5185837720205684	-0.00034472297457089057
-3.5028758087526195	-0.00035081609477624094
-3.48716784548467	-0.0003570627338386575
-3.4714598822167213	-0.000363468019616092
-3.4557519189487724	-0.0003700372960981699
-3.4400439556808236	-0.00037677613449345234
-3.4243359924128747	-0.0003836903449902427
-3.4086280291449254	-0.00039078598923837805
-3.3929200658769765	-0.00039806939360322903
-3.3772121026090276	-0.00040554716324734487
-3.3615041393410787	-0.00041322619709964947
-3.34579617607313	-0.00042111370377709566
-3.3300882128051805	-0.0004292172185290432
-3.3143802495372316	-0.0004375446212806029
-3.2986722862692828	-0.0004461041558576155
-3.282964323001334	-0.00045490445048305673
-3.267256359733385	-0.000463954539642453
-3.2515483964654357	-0.00047326388742439625
-3.235840433197487	-0.00048284241245168683
-3.220132469929538	-0.0004927005145289074
-3.204424506661589	-0.0005028491031436089
-3.18871654339364	-0.0005132996279708103
-3.173008580125691	-0.0005240641115442868
-3.157300616857742	-0.0005351551842733896
-3.141592653589793	-0.0005465861220009258
-3.1258846903218442	-0.0005583708863162675
-3.1101767270538954	-0.0005705241678584964
-3.094468763785946	-0.0005830614328671568
-3.078760800517997	-0.0005959989732636065
-3.0630528372500483	-0.0006093539605741222
-3.0473448739820994	-0.0006231445040371538
-3.0316369107141505	-0.0006373897132720927
-3.015928947446201	-0.0006521097659257462
-3.0002209841782523	-0.0006673259807561009
-2.9845130209103035	-0.0006830608966616292
-2.9688050576423546	-0.0006993383582190582
-2.9530970943744057	-0.0007161836083571504
-2.9373891311064564	-0.0007336233889285316
-2.9216811678385075	-0.0007516860546063305
-2.9059732045705586	-0.0007704016657668784
-2.8902652413026098	-0.0007898021697290413
-2.874557278034661	-0.0008099214884651617
-2.8588493147667116	-0.0008307956978544458
-2.8431413514987627	-0.0008524631895387377
-2.827433388230814	-0.0008749648533158129
-2.811725424962865	-0.0008983442766758309
-2.796017461694916	-0.0009226479633215376
-2.7803094984269667	-0.0009479255727719708
-2.764601535159018	-0.0009742301834181928
-2.748893571891069	-0.0010016185817194772
-2.73318560862312	-0.00103015158044644
-2.7174776453551712	-0.0010598943697505195
-2.701769682087222	-0.001090916904340099
-2.686061718819273	-0.001123294331782211
-2.670353755551324	-0.0011571074665921413
-2.6546457922833753	-0.001192443315966012
-2.6389378290154264	-0.0012293956637007548
-2.623229865747477	-0.001268065719843373
-2.607521902479528	-0.0013085628449253663
-2.5918139392115793	-0.0013510053625034174
-2.5761059759436304	-0.0013955217004329055
-2.5603980126756816	-0.001442250132416427
-2.5446900494077322	-0.001491342512966073
-2.5289820861397834	-0.0015429629391380357
-2.5132741228718345	-0.0015972904958406304
-2.4975661596038856	-0.001654520629709636
-2.4818581963359367	-0.0017148669910795951
-2.4661502330679874	-0.001778563539707478
-2.4504422698000385	-0.0018458668542778909
-2.4347343065320897	-0.001917058948704432
-2.419026343264141	-0.001992450337206724
-2.403318379996192	-0.002072383537896653
-2.3876104167282426	-0.002157237206485389
-2.3719024534602937	-0.0022474308339757113
-2.356194490192345	-0.002343430190247227
-2.340486526924396	-0.0024457536380654956
-2.324778563656447	-0.0025549794799325848
-2.3090706003884978	-0.0026717545359568667
-2.293362637120549	-0.002796804195053716
-2.2776546738526	-0.002930944234191221
-2.261946710584651	-0.003075094777750658
-2.2462387473167023	-0.003230296843482393
-2.230530784048753	-0.003397732051095609
-2.214822820780804	-0.0035787461438770694
-2.199114857512855	-0.003774877396763159
-2.1834068942449063	-0.003987890729875903
-2.1676989309769574	-0.004219819284812965
-2.151990967709008	-0.004473015128342187
-2.1362830044410592	-0.004750211550749729
-2.1205750411731104	-0.005054600330455555
-2.1048670779051615	-0.005389926207841746
-2.0891591146372126	-0.005760608977342958
-2.0734511513692633	-0.0061718942963893365
-2.0577431881013144	-0.006630045855985783
-2.0420352248333655	-0.00714259410178523
-2.0263272615654166	-0.007718657313508413
-2.0106192982974678	-0.008369362289726266
-1.9949113350295187	-0.009108407435471054
-1.9792033717615696	-0.009952776855853995
-1.9634954084936207	-0.010923815877142506
-1.9477874452256718	-0.012048559736721729
-1.9320794819577227	-0.013361710738397497
-1.9163715186897738	-0.014908393892418124
-1.9006635554218247	-0.016748164426813882
-1.8849555921538759	-0.018960921769699757
-1.869247628885927	-0.021655869858790103
-1.853539665617978	-0.024985440953288866
-1.837831702350029	-0.02916759871596776
-1.82212373908208	-0.03452282132916424
-1.806415775814131	-0.041537942912026955
-1.7907078125461822	-0.05098169994330081
-1.774999849278233	-0.06412602648162116
-1.7592918860102842	-0.08320011599635181
-1.743583922742335	-0.1124057245093481
-1.7278759594743862	-0.1604531283604736
-1.7121679962064373	-0.24791072437899447
-1.6964600329384882	-0.43355466139195575
-1.6807520696705394	-0.9467871485143918
-1.6650441064025903	-3.481264301532611
-1.6493361431346414	-361.103687148016
-1.6336281798666925	-4.901496685266951
-1.6179202165987434	-1.1237984745694978
-1.6022122533307945	-0.4863926955979595
-1.5865042900628454	-0.2706972908167537
-1.5707963267948966	-0.17266842849518876
-1.5550883635269477	-0.12006366823352017
-1.5393804002589986	-0.08864693613420817
-1.5236724369910497	-0.06843304398322389
-1.5079644737231006	-0.0546986765249616
-1.4922565104551517	-0.044975095131568985
-1.4765485471872029	-0.03787070416916744
-1.4608405839192538	-0.03255351086646333
-1.4451326206513049	-0.02850151959804303
-1.4294246573833558	-0.025375656445354267
-1.413716694115407	-0.022948061643519684
-1.398008730847458	-0.021062484814883986
-1.382300767579509	-0.01961010902683236
-1.36659280431156	-0.01851478074244339
-1.350884841043611	-0.017723750040420604
-1.335176877775662	-0.017201837374832635
-1.3194689145077132	-0.016927847267280485
-1.303760951239764	-0.016892566069054277
-1.2880529879718152	-0.01709800081289776
-1.2723450247038661	-0.017557742202530893
-1.2566370614359172	-0.018298529242062423
-1.2409290981679684	-0.01936332403629932
-1.2252211349000193	-0.020816494587554035
-1.2095131716320704	-0.022752234468804144
-1.1938052083641213	-0.02530821322211116
-1.1780972450961724	-0.028688129886925852
-1.1623892818282235	-0.03320013910483779
-1.1466813185602744	-0.03932503007554151
-1.1309733552923256	-0.047843450820661104
-1.1152653920243765	-0.06008851036524941
-1.0995574287564276	-0.07848740225119338
-1.0838494654884787	-0.10784260550079582
-1.0681415022205296	-0.15877867047069308
-1.0524335389525807	-0.25883025559542466
-1.0367255756846316	-0.49908940348837394
-1.0210176124166828	-1.3473481341704017
-1.0053096491487339	-10.660993183210131
-0.9896016858807848	-15.305905236163712
-0.9738937226128359	-1.5216129540078769
-0.9581857593448869	-0.5363957720299368
-0.9424777960769379	-0.27198040442560445
-0.926769832808989	-0.1644706073924398
-0.91106186954104	-0.1104277803848505
-0.8953539062730911	-0.07949629756679816
-0.8796459430051421	-0.06016837413184326
-0.8639379797371931	-0.04730698440803662
-0.8482300164692441	-0.038340431573413665
-0.8325220532012951	-0.03186855144701574
-0.8168140899333463	-0.02708034173427222
-0.8011061266653973	-0.023486048206622777
-0.7853981633974483	-0.020786081498274052
-0.7696902001294993	-0.01880680326076582
-0.7539822368615503	-0.01747713807281002
-0.7382742735936014	-0.016845394257329477
-0.7225663103256524	-0.017174231759790756
-0.7068583470577035	-0.0192842503114877
-0.6911503837897545	-0.026034881074281993
-0.6754424205218055	-0.052337673923734826
-0.6597344572538566	-0.35247837405637633
-0.6440264939859076	-0.4805176383400108
-0.6283185307179586	-0.055717114042508474
-0.6126105674500096	-0.024606957538558384
-0.5969026041820606	-0.016127202359482243
-0.5811946409141118	-0.012673959396100963
-0.5654866776461628	-0.011015619511935729
-0.5497787143782138	-0.010217173405799944
-0.5340707511102648	-0.009946486338619095
-0.5183627878423158	-0.01008848131370914
-0.5026548245743669	-0.010635753460035686
-0.48694686130641796	-0.011663190809662265
-0.47123889803846897	-0.013345256529075812
-0.45553093477052	-0.016021116115474767
-0.43982297150257105	-0.02035657199805401
-0.42411500823462206	-0.027761037832304502
-0.4084070449666731	-0.04161901742697815
-0.39269908169872414	-0.07180406656077505
-0.37699111843077515	-0.1582092081476073
-0.3612831551628262	-0.6213641573810124
-0.34557519189487723	-154.0304300436091
-0.3298672286269283	-0.6343617132439011
-0.3141592653589793	-0.1592309663909831
-0.2984513020910303	-0.07131207951902994
-0.2827433388230814	-0.04049378597644145
-0.2670353755551324	-0.026172275890710143
-0.25132741228718347	-0.018340751845754674
-0.23561944901923448	-0.013572941425221509
-0.21991148575128552	-0.01043811669129919
-0.20420352248333656	-0.008252729481547545
-0.18849555921538758	-0.006656563321753429
-0.17278759594743862	-0.005445004957496116
-0.15707963267948966	-0.004494690162508707
-0.1413716694115407	-0.003727511636080089
-0.12566370614359174	-0.0030919243689136768
-0.10995574287564276	-0.0025526555483383353
-0.09424777960769379	-0.0020847560426772447
-0.07853981633974483	-0.001670011972704532
-0.06283185307179587	-0.0012946948778331888
-0.047123889803846894	-0.0009480978722391211
-0.031415926535897934	-0.0006215454621732629
-0.015707963267948967	-0.00030769275767573425
0.0	-2.1896503153624662e-18
0.015707963267948967	0.000307692757675727
0.031415926535897934	0.0006215454621732522
0.047123889803846894	0.0009480978722391021
0.06283185307179587	0.0012946948778331836
0.07853981633974483	0.0016700119727045342
0.09424777960769379	0.002084756042677243
0.10995574287564276	0.002552655548338335
0.12566370614359174	0.003091924368913688
0.1413716694115407	0.0037275116360800946
0.15707963267948966	0.004494690162508707
0.17278759594743862	0.005445004957496132
0.18849555921538758	0.006656563321753445
0.20420352248333656	0.008252729481547564
0.21991148575128552	0.010438116691299187
0.23561944901923448	0.01357294142522156
0.25132741228718347	0.018340751845754722
0.2670353755551324	0.026172275890710205
0.2827433388230814	0.040493785976441536
0.2984513020910303	0.07131207951902999
0.3141592653589793	0.15923096639098328
0.3298672286269283	0.6343617132439018
0.34557519189487723	154.03043004360913
0.3612831551628262	0.6213641573810134
0.37699111843077515	0.15820920814760767
0.39269908169872414	0.07180406656077505
0.4084070449666731	0.04161901742697818
0.42411500823462206	0.027761037832304533
0.43982297150257105	0.020356571998054056
0.45553093477052	0.016021116115474784
0.47123889803846897	0.013345256529075844
0.48694686130641796	0.011663190809662287
0.5026548245743669	0.010635753460035698
0.5183627878423158	0.010088481313709156
0.5340707511102648	0.009946486338619123
0.5497787143782138	0.010217173405799966
0.5654866776461628	0.011015619511935705
0.5811946409141118	0.012673959396100986
0.5969026041820606	0.016127202359482243
0.6126105674500096	0.02460695753855851
0.6283185307179586	0.05571711404250871
0.6440264939859076	0.4805176383400119
0.6597344572538566	0.3524783740563772
0.6754424205218055	0.052337673923735055
0.6911503837897545	0.0260348810742821
0.7068583470577035	0.01928425031148771
0.7225663103256524	0.017174231759790826
0.7382742735936014	0.016845394257329494
0.7539822368615503	0.01747713807281008
0.7696902001294993	0.01880680326076583
0.7853981633974483	0.0207860814982741
0.8011061266653973	0.02348604820662276
0.8168140899333463	0.02708034173427226
0.8325220532012951	0.03186855144701581
0.8482300164692441	0.038340431573413686
0.8639379797371931	0.047306984408036816
0.8796459430051421	0.06016837413184338
0.8953539062730911	0.07949629756679827
0.91106186954104	0.110427780384851
0.926769832808989	0.1644706073924399
0.9424777960769379	0.27198040442560456
0.9581857593448869	0.5363957720299383
0.9738937226128359	1.5216129540078762
0.9896016858807848	15.305905236163731
1.0053096491487339	10.660993183210136
1.0210176124166828	1.3473481341704026
1.0367255756846316	0.4990894034883747
1.0524335389525807	0.25883025559542505
1.0681415022205296	0.15877867047069316
1.0838494654884787	0.10784260550079604
1.0995574287564276	0.07848740225119347
1.1152653920243765	0.060088510365249516
1.1309733552923256	0.04784345082066115
1.1466813185602744	0.03932503007554159
1.1623892818282235	0.03320013910483792
1.1780972450961724	0.02868812988692595
1.1938052083641213	0.025308213222111256
1.2095131716320704	0.02275223446880419
1.2252211349000193	0.020816494587554097
1.2409290981679684	0.019363324036299374
1.2566370614359172	0.018298529242062468
1.2723450247038661	0.017557742202530924
1.2880529879718152	0.01709800081289782
1.303760951239764	0.01689256606905432
1.3194689145077132	0.016927847267280496
1.335176877775662	0.017201837374832663
1.350884841043611	0.017723750040420636
1.36659280431156	0.018514780742443438
1.382300767579509	0.019610109026832353
1.398008730847458	0.02106248481488401
1.413716694115407	0.022948061643519715
1.4294246573833558	0.025375656445354337
1.4451326206513049	0.028501519598043056
1.4608405839192538	0.03255351086646336
1.4765485471872029	0.03787070416916752
1.4922565104551517	0.044975095131569026
1.5079644737231006	0.05469867652496178
1.5236724369910497	0.06843304398322397
1.5393804002589986	0.08864693613420822
1.5550883635269477	0.1200636682335202
1.5707963267948966	0.17266842849518874
1.5865042900628454	0.270697290816755
1.6022122533307945	0.4863926955979597
1.6179202165987434	1.1237984745694984
1.6336281798666925	4.901496685266953
1.6493361431346414	361.10368714801615
1.6650441064025903	3.4812643015326152
1.6807520696705394	0.9467871485143918
1.6964600329384882	0.4335546613919563
1.7121679962064373	0.2479107243789951
1.7278759594743862	0.1604531283604737
1.743583922742335	0.11240572450934828
1.7592918860102842	0.08320011599635178
1.774999849278233	0.06412602648162113
1.7907078125461822	0.05098169994330097
1.806415775814131	0.041537942912027
1.82212373908208	0.03452282132916432
1.837831702350029	0.029167598715967826
1.853539665617978	0.02498544095328886
1.869247628885927	0.021655869858790092
1.8849555921538759	0.01896092176969979
1.9006635554218247	0.016748164426813913
1.9163715186897738	0.014908393892418154
1.9320794819577227	0.013361710738397554
1.9477874452256718	0.01204855973672176
1.9634954084936207	0.010923815877142536
1.9792033717615696	0.00995277685585404
1.9949113350295187	0.009108407435471066
2.0106192982974678	0.008369362289726281
2.0263272615654166	0.007718657313508439
2.0420352248333655	0.007142594101785244
2.0577431881013144	0.006630045855985795
2.0734511513692633	0.006171894296389349
2.0891591146372126	0.005760608977342972
2.1048670779051615	0.005389926207841756
2.1205750411731104	0.005054600330455572
2.1362830044410592	0.004750211550749736
2.151990967709008	0.004473015128342204
2.1676989309769574	0.004219819284812972
2.1834068942449063	0.003987890729875916
2.199114857512855	0.0037748773967631578
2.214822820780804	0.0035787461438770867
2.230530784048753	0.0033977320510956218
2.2462387473167023	0.003230296843482401
2.261946710584651	0.0030750947777506777
2.2776546738526	0.0029309442341912337
2.293362637120549	0.0027968041950537205
2.3090706003884978	0.0026717545359568715
2.324778563656447	0.002554979479932587
2.340486526924396	0.0024457536380654964
2.356194490192345	0.0023434301902472304
2.3719024534602937	0.0022474308339757187
2.3876104167282426	0.002157237206485394
2.403318379996192	0.0020723835378966614
2.419026343264141	0.001992450337206728
2.4347343065320897	0.0019170589487044363
2.4504422698000385	0.0018458668542778894
2.4661502330679874	0.0017785635397074833
2.4818581963359367	0.0017148669910795973
2.4975661596038856	0.0016545206297096363
2.5132741228718345	0.0015972904958406358
2.5289820861397834	0.0015429629391380368
2.5446900494077322	0.0014913425129660725
2.5603980126756816	0.0014422501324164218
2.5761059759436304	0.0013955217004329055
2.5918139392115793	0.0013510053625034187
2.607521902479528	0.0013085628449253722
2.623229865747477	0.0012680657198433773
2.6389378290154264	0.0012293956637007605
2.6546457922833753	0.0011924433159660167
2.670353755551324	0.0011571074665921452
2.686061718819273	0.0011232943317822136
2.701769682087222	0.0010909169043401012
2.7174776453551712	0.0010598943697505232
2.73318560862312	0.001030151580446443
2.748893571891069	0.0010016185817194796
2.764601535159018	0.0009742301834181954
2.7803094984269667	0.0009479255727719742
2.796017461694916	0.0009226479633215411
2.811725424962865	0.0008983442766758315
2.827433388230814	0.0008749648533158147
2.8431413514987627	0.0008524631895387405
2.8588493147667116	0.00083079569785445
2.874557278034661	0.0008099214884651623
2.8902652413026098	0.0007898021697290423
2.9059732045705586	0.0007704016657668803
2.9216811678385075	0.0007516860546063304
2.9373891311064564	0.000733623388928534
2.9530970943744057	0.0007161836083571499
2.9688050576423546	0.0006993383582190598
2.9845130209103035	0.0006830608966616319
3.0002209841782523	0.0006673259807561015
3.015928947446201	0.000652109765925745
3.0316369107141505	0.0006373897132720919
3.0473448739820994	0.0006231445040371538
3.0630528372500483	0.0006093539605741232
3.078760800517997	0.0005959989732636073
3.094468763785946	0.000583061432867158
3.1101767270538954	0.0005705241678584959
3.1258846903218442	0.0005583708863162686
3.141592653589793	0.0005465861220009252
3.157300616857742	0.0005351551842733908
3.173008580125691	0.0005240641115442864
3.18871654339364	0.0005132996279708104
3.204424506661589	0.0005028491031436095
3.220132469929538	0.0004927005145289092
3.235840433197487	0.00048284241245168916
3.2515483964654357	0.00047326388742439826
3.267256359733385	0.00046395453964245484
3.282964323001334	0.0004549044504830588
3.2986722862692828	0.00044610415585761675
3.3143802495372316	0.0004375446212806031
3.3300882128051805	0.00042921721852904487
3.34579617607313	0.000421113703777097
3.3615041393410787	0.0004132261970996514
3.3772121026090276	0.00040554716324734405
3.3929200658769765	0.00039806939360323055
3.4086280291449254	0.0003907859892383793
3.4243359924128747	0.00038369034499024374
3.4400439556808236	0.0003767761344934527
3.4557519189487724	0.00037003729609817054
3.4714598822167213	0.000363468019616092
3.48716784548467	0.0003570627338386584
3.5028758087526195	0.00035081609477624024
3.5185837720205684	0.0003447229745708911
3.5342917352885173	0.000338778451038663
3.549999698556466	0.0003329777978008211
3.565707661824415	0.0003273164749661298
3.5814156250923643	0.00032179012032917324
3.597123588360313	0.00031639454105214634
3.612831551628262	0.00031112570579983664
3.628539514896211	0.00030597973729969727
3.64424747816416	0.00030095290530078356
3.659955441432109	0.0002960416199072293
3.675663404700058	0.0002912424252635146
3.691371367968007	0.00028655199357040766
3.707079331235956	0.0002819671194118095
3.7227872945039047	0.0002774847143741217
3.738495257771854	0.00027310180194091427
3.754203221039803	0.0002688155126468638
3.7699111843077517	0.0002646230794759391
3.7856191475757006	0.00026052183348980484
3.8013271108436495	0.0002565091996733113
3.817035074111599	0.0002525826929847911
3.8327430373795477	0.0002487399145996371
3.8484510006474966	0.00024497854833638815
3.8641589639154454	0.00024129635725522204
3.8798669271833943	0.00023769118041934518
3.8955748904513436	0.00023416092981042843
3.9112828537192925	0.0002307035873896839
3.9269908169872414	0.00022731720229679237
3.9426987802551903	0.0002239998881792728
3.958406743523139	0.0002207498206453834
3.9741147067910885	0.00021756523483404145
3.9898226700590373	0.0002144444230956244
4.005530633326986	0.00021138573277789088
4.0212385965949355	0.0002083875641115784
4.036946559862884	0.00020544836819057994
4.052654523130833	0.0002025666450418521
4.068362486398782	0.00019974094178053182
4.084070449666731	0.000196969850845955
4.09977841293468	0.00019425200831454505
4.115486376202629	0.0001915860922857382
4.131194339470578	0.00018897082133736143
4.146902302738527	0.00018640495304703123
4.162610266006476	0.00018388728257637
4.178318229274425	0.00018141664131499804
4.194026192542374	0.00017899189558141522
4.209734155810323	0.00017661194537805914
4.225442119078272	0.00017427572319795985
4.241150082346221	0.00017198219288054904
4.25685804561417	0.00016973034851433048
4.2725660088821185	0.00016751921338419669
4.288273972150067	0.00016534783896135567
4.303981935418016	0.00016321530393386823
4.319689898685965	0.00016112071327595366
4.335397861953915	0.00015906319735429497
4.351105825221864	0.00015704191106965843
4.366813788489813	0.00015505603303224378
4.3825217517577615	0.0001531047647692481
4.39822971502571	0.000151187329963218
4.413937678293659	0.0001493029737198211
4.429645641561608	0.00014745096186373057
4.445353604829557	0.00014563058026141742
4.461061568097506	0.00014384113416965205
4.476769531365456	0.0001420819476086231
4.4924774946334045	0.00014035236275859692
4.508185457901353	0.00013865173937912406
4.523893421169302	0.0001369794542498216
4.539601384437251	0.00013533490063182295
4.5553093477052	0.0001337174877490276
4.571017310973149	0.0001321266402883094
4.586725274241098	0.0001305617979179093
4.602433237509047	0.0001290224148232455
4.6181412007769955	0.00012750795925943047
4.633849164044944	0.00012601791311980814
4.649557127312894	0.00012455177151985317
4.665265090580843	0.00012310904239581886
4.680973053848792	0.00012168924611752388
4.696681017116741	0.00012029191511472605
4.71238898038469	0.00011891659351652773
4.7280969436526386	0.00011756283680329874
4.743804906920587	0.00011623021147062304
4.759512870188536	0.00011491829470479778
4.775220833456485	0.00011362667406942495
4.790928796724435	0.00011235494720267055
4.806636759992384	0.00011110272152477486
4.822344723260333	0.00010986961395541929
4.838052686528282	0.00010865525064056734
4.8537606497962305	0.000107459266688429
4.869468613064179	0.00010628130591418382
4.885176576332128	0.00010512102059314934
4.900884539600077	0.00010397807122206523
4.916592502868026	0.00010285212628819472
4.932300466135975	0.00010174286204594656
4.948008429403924	0.0001006499623007468
4.9637163926718735	9.957311819988302e-5
4.979424355939822	9.851202803007142e-5
4.995132319207771	9.746639702149658e-5
5.01084028247572	9.643593715809294e-5
5.026548245743669	9.542036699383718e-5
5.042256209011618	9.441941147483265e-5
5.057964172279567	9.343280176698864e-5
5.073672135547516	9.246027508908006e-5
5.0893800988154645	9.150157455100655e-5
5.105088062083414	9.055644899706241e-5
5.120796025351363	8.96246528540413e-5
5.136503988619312	8.870594598400441e-5
5.152211951887261	8.780009354155398e-5
5.16791991515521	8.690686583544765e-5
5.183627878423159	8.602603819441061e-5
5.1993358416911075	8.515739083699498e-5
5.215043804959056	8.430070874535281e-5
5.230751768227005	8.345578154278355e-5
5.246459731494954	8.262240337492874e-5
5.262167694762903	8.18003727944953e-5
5.277875658030853	8.098949264938154e-5
5.293583621298802	8.01895699740926e-5
5.3092915845667505	7.940041588434089e-5
5.324999547834699	7.862184547471619e-5
5.340707511102648	7.785367771933397e-5
5.356415474370597	7.709573537535349e-5
5.372123437638546	7.634784488927781e-5
5.387831400906495	7.560983630594182e-5
5.403539364174444	7.488154318010096e-5
5.419247327442394	7.416280249053711e-5
5.4349552907103424	7.345345455659757e-5
5.450663253978291	7.275334295709279e-5
5.46637121724624	7.206231445147085e-5
5.482079180514189	7.138021890320277e-5
5.497787143782138	7.070690920530524e-5
5.513495107050087	7.004224120792883e-5
5.529203070318036	6.938607364795544e-5
5.544911033585985	6.87382680805319e-5
5.5606189968539335	6.809868881248723e-5
5.576326960121882	6.746720283756907e-5
5.592034923389832	6.68436797734458e-5
5.607742886657781	6.622799180041733e-5
5.62345084992573	6.562001360178455e-5
5.639158813193679	6.501962230582479e-5
5.654866776461628	6.442669742932199e-5
5.6705747397295765	6.384112082261031e-5
5.686282702997525	6.326277661607797e-5
5.701990666265474	6.269155116809047e-5
5.717698629533423	6.212733301429467e-5
5.733406592801373	6.157001281824979e-5
5.749114556069322	6.1019483323361666e-5
5.764822519337271	6.0475639306070125e-5
5.7805304826052195	5.99383775302534e-5
5.796238445873168	5.9407596702817856e-5
5.811946409141117	5.888319743043771e-5
5.827654372409066	5.8365082177403975e-5
5.843362335677015	5.7853155224560144e-5
5.859070298944964	5.7347322629284635e-5
5.874778262212913	5.6847492186495234e-5
5.890486225480862	5.635357339064293e-5
5.906194188748811	5.5865477398664906e-5
5.92190215201676	5.538311699387584e-5
5.937610115284709	5.4906406550762116e-5
5.953318078552658	5.443526200066116e-5
5.969026041820607	5.3969600798292184e-5
5.984734005088556	5.350934188912502e-5
6.000441968356505	5.3054405677549534e-5
6.0161499316244536	5.260471399583913e-5
6.031857894892402	5.2160190073870314e-5
6.047565858160352	5.1720758509589766e-5
6.063273821428301	5.128634524020054e-5
6.07898178469625	5.085687751405033e-5
6.094689747964199	5.043228386320077e-5
6.110397711232148	5.0012494076662865e-5
6.126105674500097	4.959743917427481e-5
6.1418136377680455	4.918705138120741e-5
6.157521601035994	4.8781264103081865e-5
6.173229564303943	4.8380011901678964e-5
6.188937527571892	4.798323047122797e-5
6.204645490839841	4.7590856615254604e-5
6.220353454107791	4.720282822397897e-5
6.23606141737574	4.6819084252245067e-5
6.2517693806436885	4.643956469796595e-5
6.267477343911637	4.6064210581075125e-5
6.283185307179586	4.5692963922969475e-5
6.298893270447535	4.532576772642714e-5
6.314601233715484	4.49625659559934e-5
6.330309196983433	4.460330351881767e-5
6.346017160251382	4.424792624593272e-5
6.3617251235193315	4.389638087396092e-5
6.37743308678728	4.354861502724407e-5
6.393141050055229	4.320457720037395e-5
6.408849013323178	4.286421674112502e-5
6.424556976591127	4.252748383377143e-5
6.440264939859076	4.2194329482781346e-5
6.455972903127025	4.186470549687815e-5
6.471680866394974	4.1538564473459526e-5
6.4873888296629225	4.121585978336479e-5
6.503096792930871	4.0896545555982296e-5
6.51880475619882	4.058057666468769e-5
6.53451271946677	4.0267908712605454e-5
6.550220682734719	3.9958498018683854e-5
6.565928646002668	3.965230160407834e-5
6.581636609270617	3.934927717883221e-5
6.5973445725385655	3.904938312885128e-5
6.613052535806514	3.8752578503158535e-5
6.628760499074463	3.8458823001433086e-5
6.644468462342412	3.816807696181215e-5
6.660176425610361	3.788030134896099e-5
6.675884388878311	3.75954577424016e-5
6.69159235214626	3.731350832508613e-5
6.707300315414209	3.703441587222376e-5
6.7230082786821574	3.67581437403385e-5
6.738716241950106	3.648465585656601e-5
6.754424205218055	3.621391670817434e-5
6.770132168486004	3.594589133230894e-5
6.785840131753953	3.568054530595236e-5
6.801548095021902	3.541784473609771e-5
6.817256058289851	3.515775625012632e-5
6.8329640215578	3.49002469863889e-5
6.848671984825749	3.464528458498086e-5
6.864379948093698	3.4392837178713525e-5
6.880087911361647	3.4142873384269094e-5
6.895795874629596	3.389536229354017e-5
6.911503837897545	3.365027346514939e-5
6.927211801165494	3.3407576916141826e-5
6.942919764433443	3.316724311384796e-5
6.9586277277013915	3.292924296791484e-5
6.97433569096934	3.269354782249889e-5
6.99004365423729	3.2460129448617e-5
7.005751617505239	3.222896003665427e-5
7.021459580773188	3.200001218902219e-5
7.037167544041137	3.177325891296654e-5
7.052875507309086	3.154867361351814e-5
7.0685834705770345	3.132623008658677e-5
7.084291433844983	3.110590251219268e-5
7.099999397112932	3.088766544783311e-5
7.115707360380881	3.067149382198157e-5
7.13141532364883	3.0457362927715143e-5
7.147123286916779	3.0245248416468446e-5
7.162831250184729	3.0035126291912146e-5
7.1785392134526775	2.9826972903950574e-5
7.194247176720626	2.962076494283651e-5
7.209955139988575	2.9416479433404253e-5
7.225663103256524	2.9214093729412868e-5
7.241371066524473	2.9013585507999443e-5
7.257079029792422	2.881493276424262e-5
7.272786993060371	2.861811380582916e-5
7.28849495632832	2.842310724782411e-5
7.304202919596269	2.822989200754286e-5
7.319910882864218	2.803844729952052e-5
7.335618846132167	2.7848752630578735e-5
7.351326809400116	2.7660787794986038e-5
7.367034772668065	2.747453286971116e-5
7.382742735936014	2.7289968209767103e-5
7.398450699203963	2.7107074443641843e-5
7.414158662471912	2.6925832468817544e-5
7.4298666257398605	2.6746223447373273e-5
7.445574589007809	2.6568228801670922e-5
7.461282552275758	2.6391830210122016e-5
7.476990515543708	2.6217009603033307e-5
7.492698478811657	2.60437491585314e-5
7.508406442079606	2.5872031298562624e-5
7.524114405347555	2.5701838684966524e-5
7.5398223686155035	2.5533154215622983e-5
7.555530331883452	2.536596102067158e-5
7.571238295151401	2.5200242458797935e-5
7.58694625841935	2.5035982113592346e-5
7.602654221687299	2.48731637899709e-5
7.618362184955249	2.4711771510665986e-5
7.634070148223198	2.4551789512778487e-5
7.6497781114911465	2.4393202244394414e-5
7.665486074759095	2.42359943612616e-5
7.681194038027044	2.408015072352703e-5
7.696902001294993	2.3925656392535125e-5
7.712609964562942	2.377249662768109e-5
7.728317927830891	2.3620656883321582e-5
7.74402589109884	2.3470122805742894e-5
7.759733854366789	2.3320880230180134e-5
7.7754418176347375	2.317291517789341e-5
7.791149780902687	2.3026213853292357e-5
7.806857744170636	2.2880762641115117e-5
7.822565707438585	2.2736548103654887e-5
7.838273670706534	2.2593556978037217e-5
7.853981633974483	2.245177617354489e-5
7.869689597242432	2.2311192768989038e-5
7.8853975605103805	2.2171794010128376e-5
7.901105523778329	2.2033567307131323e-5
7.916813487046278	2.1896500232084815e-5
7.932521450314228	2.1760580516544962e-5
7.948229413582177	2.1625796049131185e-5
7.963937376850126	2.149213487316182e-5
7.979645340118075	2.1359585184330467e-5
7.995353303386024	2.122813532842326e-5
8.011061266653972	2.109777379907488e-5
8.026769229921921	2.0968489235563238e-5
8.042477193189871	2.084027042064221e-5
8.058185156457819	2.0713106278411706e-5
8.073893119725769	2.058698587222306e-5
8.089601082993717	2.0461898402622142e-5
8.105309046261667	2.0337833205324656e-5
8.121017009529615	2.0214779749229266e-5
8.136724972797564	2.0092727634461032e-5
8.152432936065512	1.9971666590449646e-5
8.168140899333462	1.9851586474040213e-5
8.183848862601412	1.9732477267635288e-5
8.19955682586936	1.9614329077367626e-5
8.21526478913731	1.9497132131304406e-5
8.230972752405258	1.9380876777681556e-5
8.246680715673207	1.9265553483166152e-5
8.262388678941155	1.9151152831149368e-5
8.278096642209105	1.9037665520066717e-5
8.293804605477053	1.8925082361746284e-5
8.309512568745003	1.8813394279784414e-5
8.325220532012953	1.870259230794832e-5
8.3409284952809	1.8592667588604237e-5
8.35663645854885	1.848361137117263e-5
8.372344421816798	1.837541501060712e-5
8.388052385084748	1.8268069965899707e-5
8.403760348352696	1.8161567798609377e-5
8.419468311620646	1.8055900171415106e-5
8.435176274888594	1.7951058846692247e-5
8.450884238156544	1.7847035685111943e-5
8.466592201424492	1.7743822644263276e-5
8.482300164692441	1.764141177729755e-5
8.498008127960391	1.7539795231593964e-5
8.51371609122834	1.7438965247447917e-5
8.529424054496289	1.7338914156779008e-5
8.545132017764237	1.72396343818603e-5
8.560839981032187	1.7141118434067807e-5
8.576547944300135	1.7043358912649837e-5
8.592255907568084	1.6946348503516003e-5
8.607963870836032	1.6850079978045413e-5
8.623671834103982	1.6754546191913576e-5
8.63937979737193	1.665974008393734e-5
8.65508776063988	1.6565654674939465e-5
8.67079572390783	1.6472283066629487e-5
8.686503687175778	1.637961844050337e-5
8.702211650443727	1.628765405675889e-5
8.717919613711675	1.6196383253229888e-5
8.733627576979625	1.6105799444335308e-5
8.749335540247573	1.6015896120046083e-5
8.765043503515523	1.5926666844866598e-5
8.780751466783471	1.5838105256833373e-5
8.79645943005142	1.5750205066528045e-5
8.81216739331937	1.5662960056106456e-5
8.827875356587318	1.5576364078342017e-5
8.843583319855268	1.549041105568431e-5
8.859291283123216	1.5405094979331426e-5
8.874999246391166	1.532040990831753e-5
8.890707209659114	1.5236349968613216e-5
8.906415172927064	1.5152909352240599e-5
8.922123136195012	1.507008231640083e-5
8.937831099462962	1.4987863182616144e-5
8.953539062730911	1.490624633588317e-5
8.96924702599886	1.4825226223841114e-5
8.984954989266809	1.474479735595036e-5
9.000662952534757	1.466495430268543e-5
9.016370915802707	1.4585691694738414e-5
9.032078879070655	1.4507004222235158e-5
9.047786842338605	1.4428886633963744e-5
9.063494805606553	1.435133373661252e-5
9.079202768874502	1.4274340394022049e-5
9.09491073214245	1.4197901526446399e-5
9.1106186954104	1.4122012109825642e-5
9.12632665867835	1.4046667175069696e-5
9.142034621946298	1.3971861807352673e-5
9.157742585214248	1.3897591145417147e-5
9.173450548482196	1.3823850380888851e-5
9.189158511750145	1.3750634757601818e-5
9.204866475018093	1.3677939570933037e-5
9.220574438286043	1.3605760167147014e-5
9.236282401553991	1.3534091942749991e-5
9.25199036482194	1.3462930343852732e-5
9.267698328089889	1.339227086554461e-5
9.283406291357839	1.3322109051274347e-5
9.299114254625788	1.325244049224154e-5
9.314822217893736	1.3183260826795806e-5
9.330530181161686	1.311456573984593e-5
9.346238144429634	1.304635096227555e-5
9.361946107697584	1.2978612270369541e-5
9.377654070965532	1.2911345485247397e-5
9.393362034233482	1.2844546472303957e-5
9.40906999750143	1.2778211140659922e-5
9.42477796076938	1.2712335442619504e-5
9.44048592403733	1.2646915373134548e-5
9.456193887305277	1.2581946969278563e-5
9.471901850573227	1.2517426309726499e-5
9.487609813841175	1.2453349514242283e-5
9.503317777109125	1.238971274317425e-5
9.519025740377073	1.2326512196956711e-5
9.534733703645022	1.226374411561916e-5
9.55044166691297	1.2201404778302736e-5
9.56614963018092	1.2139490502782066e-5
9.58185759344887	1.207799764499593e-5
9.597565556716818	1.201692259858206e-5
9.613273519984768	1.1956261794420921e-5
9.628981483252716	1.1896011700183412e-5
9.644689446520665	1.183616881988717e-5
9.660397409788613	1.1776729693457168e-5
9.676105373056563	1.1717690896293399e-5
9.691813336324511	1.1659049038844415e-5
9.707521299592461	1.1600800766186457e-5
9.723229262860409	1.1542942757608734e-5
9.738937226128359	1.1485471726204283e-5
9.754645189396308	1.142838441846613e-5
9.770353152664256	1.1371677613889724e-5
9.786061115932206	1.1315348124579752e-5
9.801769079200154	1.1259392794863698e-5
9.817477042468104	1.1203808500909274e-5
9.833185005736052	1.1148592150348069e-5
9.848892969004002	1.1093740681903708e-5
9.86460093227195	1.103925106502548e-5
9.8803088955399	1.098512029952634e-5
9.896016858807847	1.0931345415227017e-5
9.911724822075797	1.0877923471603136e-5
9.927432785343747	1.0824851557438635e-5
9.943140748611695	1.0772126790483058e-5
9.958848711879645	1.0719746317113698e-5
9.974556675147593	1.0667707312002621e-5
9.990264638415542	1.0616006977786617e-5
10.00597260168349	1.0564642544744033e-5
10.02168056495144	1.0513611270473696e-5
10.037388528219388	1.0462910439579227e-5
10.053096491487338	1.041253736335721e-5
10.068804454755288	1.0362489379489869e-5
10.084512418023236	1.0312763851741047e-5
10.100220381291185	1.0263358169656946e-5
10.115928344559133	1.0214269748270522e-5
10.131636307827083	1.016549602780971e-5
10.147344271095031	1.0117034473409838e-5
10.163052234362981	1.0068882574828937e-5
10.178760197630929	1.0021037846167944e-5
10.194468160898879	9.97349782559386e-6
10.210176124166829	9.926260075066292e-6
10.225884087434777	9.879322180068482e-6
10.241592050702726	9.832681749340958e-6
10.257300013970674	9.786336414618874e-6
10.273007977238624	9.74028383037291e-6
10.288715940506572	9.694521673553734e-6
10.304423903774522	9.649047643339074e-6
10.32013186704247	9.603859460884566e-6
10.33583983031042	9.558954869077991e-6
10.351547793578368	9.514331632295768e-6
10.367255756846317	9.469987536164073e-6
10.382963720114267	9.425920387321103e-6
10.398671683382215	9.382128013184396e-6
10.414379646650165	9.338608261719167e-6
10.430087609918113	9.295359001211552e-6
10.445795573186063	9.252378120042828e-6
10.46150353645401	9.209663526468009e-6
10.47721149972196	9.167213148396469e-6
10.492919462989908	9.1250249331756e-6
10.508627426257858	9.083096847376787e-6
10.524335389525806	9.041426876585058e-6
10.540043352793756	9.000013025190244e-6
10.555751316061706	8.958853316181348e-6
10.571459279329654	8.917945790943674e-6
10.587167242597603	8.87728850905806e-6
10.602875205865551	8.836879548102724e-6
10.618583169133501	8.796717003457856e-6
10.634291132401449	8.756798988112456e-6
10.649999095669399	8.7171236324734e-6
10.665707058937347	8.677689084177274e-6
10.681415022205297	8.63849350790422e-6
10.697122985473246	8.599535085194207e-6
10.712830948741194	8.560812014265606e-6
10.728538912009144	8.522322509836002e-6
10.744246875277092	8.48406480294499e-6
10.759954838545042	8.446037140779593e-6
10.77566280181299	8.408237786501526e-6
10.79137076508094	8.370665019076473e-6
10.807078728348888	8.333317133105727e-6
10.822786691616837	8.296192438659886e-6
10.838494654884787	8.259289261114124e-6
10.854202618152735	8.222605940986394e-6
10.869910581420685	8.186140833776347e-6
10.885618544688633	8.149892309807279e-6
10.901326507956583	8.113858754069725e-6
10.91703447122453	8.078038566066415e-6
10.93274243449248	8.042430159659842e-6
10.948450397760428	8.007031962921342e-6
10.964158361028378	7.971842417981566e-6
10.979866324296326	7.936859980883843e-6
10.995574287564276	7.902083121438165e-6
11.011282250832226	7.867510323077561e-6
11.026990214100174	7.833140082716054e-6
11.042698177368123	7.798970910608248e-6
11.058406140636071	7.76500133021051e-6
11.074114103904021	7.731229878044406e-6
11.08982206717197	7.697655103560675e-6
11.105530030439919	7.664275569005957e-6
11.121237993707867	7.631089849290355e-6
11.136945956975817	7.598096531856611e-6
11.152653920243765	7.565294216551395e-6
11.168361883511714	7.532681515497694e-6
11.184069846779664	7.500257052968462e-6
11.199777810047612	7.468019465262219e-6
11.215485773315562	7.435967400580016e-6
11.23119373658351	7.40409951890352e-6
11.24690169985146	7.3724144918753265e-6
11.262609663119408	7.340911002679264e-6
11.278317626387357	7.3095877459238565e-6
11.294025589655305	7.278443427525571e-6
11.309733552923255	7.247476764594544e-6
11.325441516191205	7.216686485320866e-6
11.341149479459153	7.186071328862815e-6
11.356857442727103	7.155630045235855e-6
11.37256540599505	7.12536139520331e-6
11.388273369263	7.095264150168019e-6
11.403981332530948	7.065337092065475e-6
11.419689295798898	7.035579013258073e-6
11.435397259066846	7.005988716430464e-6
11.451105222334796	6.976565014486574e-6
11.466813185602746	6.947306730446945e-6
11.482521148870694	6.9182126973484015e-6
11.498229112138644	6.889281758143737e-6
11.513937075406592	6.860512765603227e-6
11.529645038674541	6.831904582217248e-6
11.54535300194249	6.803456080099513e-6
11.561060965210439	6.775166140892184e-6
11.576768928478387	6.747033655671297e-6
11.592476891746337	6.719057524853578e-6
11.608184855014285	6.691236658104532e-6
11.623892818282235	6.66356997424725e-6
11.639600781550184	6.636056401172308e-6
11.655308744818132	6.608694875748878e-6
11.671016708086082	6.581484343736546e-6
11.68672467135403	6.554423759698297e-6
11.70243263462198	6.527512086914487e-6
11.718140597889928	6.5007482972978876e-6
11.733848561157878	6.4741313713091644e-6
11.749556524425826	6.447660297874124e-6
11.765264487693775	6.421334074300976e-6
11.780972450961723	6.395151706199357e-6
11.796680414229673	6.369112207399652e-6
11.812388377497623	6.3432145998735085e-6
11.82809634076557	6.317457913655231e-6
11.84380430403352	6.291841186763728e-6
11.859512267301469	6.266363465125882e-6
11.875220230569418	6.241023802500268e-6
11.890928193837366	6.215821260401792e-6
11.906636157105316	6.190754908027542e-6
11.922344120373264	6.165823822183104e-6
11.938052083641214	6.141027087209521e-6
11.953760046909164	6.116363794911625e-6
11.969468010177112	6.09183304448642e-6
11.985175973445061	6.067433942453273e-6
12.00088393671301	6.043165602583483e-6
12.01659189998096	6.019027145832105e-6
12.032299863248907	5.995017700269187e-6
12.048007826516857	5.971136401012777e-6
12.063715789784805	5.947382390162152e-6
12.079423753052755	5.923754816731574e-6
12.095131716320704	5.900252836585593e-6
12.110839679588652	5.876875612373851e-6
12.126547642856602	5.853622313467844e-6
12.14225560612455	5.8304921158974075e-6
12.1579635693925	5.807484202288459e-6
12.173671532660448	5.78459776180091e-6
12.189379495928398	5.76183199006787e-6
12.205087459196346	5.7391860891349085e-6
12.220795422464295	5.716659267400398e-6
12.236503385732243	5.694250739556227e-6
12.252211349000193	5.671959726529201e-6
12.267919312268143	5.649785455423289e-6
12.283627275536091	5.627727159462054e-6
12.29933523880404	5.60578407793217e-6
12.315043202071989	5.583955456127244e-6
12.330751165339938	5.562240545292166e-6
12.346459128607886	5.540638602568377e-6
12.362167091875836	5.5191488909394564e-6
12.377875055143784	5.497770679177375e-6
12.393583018411734	5.476503241789172e-6
12.409290981679682	5.45534585896456e-6
12.424998944947632	5.434297816523638e-6
12.440706908215581	5.41335840586524e-6
12.45641487148353	5.392526923916449e-6
12.47212283475148	5.371802673081495e-6
12.487830798019427	5.351184961192205e-6
12.503538761287377	5.330673101458522e-6
12.519246724555325	5.3102664124196095e-6
12.534954687823275	5.289964217895333e-6
12.550662651091223	5.2697658469386174e-6
12.566370614359172	5.24967063378776e-6
