-12.566370614359172	-8.339890724796493e-7
-12.550662651091223	-8.371654443751342e-7
-12.534954687823275	-8.40358021391323e-7
-12.519246724555325	-8.435669073571286e-7
-12.503538761287377	-8.467922069036202e-7
-12.487830798019427	-8.50034025471188e-7
-12.47212283475148	-8.532924693169399e-7
-12.45641487148353	-8.565676455220978e-7
-12.440706908215581	-8.598596619995026e-7
-12.424998944947632	-8.631686275011509e-7
-12.409290981679682	-8.664946516258468e-7
-12.393583018411734	-8.698378448270241e-7
-12.377875055143784	-8.731983184204411e-7
-12.362167091875836	-8.765761845921258e-7
-12.346459128607886	-8.799715564063727e-7
-12.330751165339938	-8.833845478137441e-7
-12.315043202071989	-8.868152736593274e-7
-12.29933523880404	-8.902638496907596e-7
-12.283627275536091	-8.937303925667495e-7
-12.267919312268143	-8.972150198654873e-7
-12.252211349000193	-9.007178500929563e-7
-12.236503385732243	-9.042390026916795e-7
-12.220795422464295	-9.077785980493087e-7
-12.205087459196346	-9.113367575074748e-7
-12.189379495928398	-9.149136033705999e-7
-12.173671532660448	-9.185092589148274e-7
-12.1579635693925	-9.221238483971278e-7
-12.14225560612455	-9.257574970644769e-7
-12.126547642856602	-9.294103311630058e-7
-12.110839679588652	-9.330824779474078e-7
-12.095131716320704	-9.367740656903844e-7
-12.079423753052755	-9.404852236921742e-7
-12.063715789784805	-9.442160822902881e-7
-12.048007826516857	-9.479667728691509e-7
-12.032299863248907	-9.517374278700207e-7
-12.01659189998096	-9.555281808009041e-7
-12.00088393671301	-9.593391662468113e-7
-11.985175973445061	-9.6317051987964e-7
-11.969468010177112	-9.670223784688055e-7
-11.953760046909164	-9.708948798913415e-7
-11.938052083641214	-9.747881631427023e-7
-11.922344120373264	-9.787023683471429e-7
-11.906636157105316	-9.826376367687208e-7
-11.890928193837366	-9.865941108220004e-7
-11.875220230569418	-9.905719340829533e-7
-11.859512267301469	-9.94571251300455e-7
-11.84380430403352	-9.985922084070645e-7
-11.82809634076557	-1.0026349525306739e-6
-11.812388377497623	-1.0066996320058636e-6
-11.796680414229673	-1.0107863963855856e-6
-11.780972450961723	-1.0148953964528334e-6
-11.765264487693775	-1.0190267842325119e-6
-11.749556524425826	-1.023180713003554e-6
-11.733848561157878	-1.0273573373109018e-6
-11.718140597889928	-1.0315568129777907e-6
-11.70243263462198	-1.035779297118299e-6
-11.68672467135403	-1.0400249481496841e-6
-11.671016708086082	-1.044293925805274e-6
-11.655308744818132	-1.0485863911470914e-6
-11.639600781550184	-1.0529025065789367e-6
-11.623892818282235	-1.0572424358595041e-6
-11.608184855014285	-1.0616063441156137e-6
-11.592476891746337	-1.0659943978555837e-6
-11.576768928478387	-1.0704067649828502e-6
-11.561060965210439	-1.0748436148096577e-6
-11.54535300194249	-1.0793051180709537e-6
-11.529645038674541	-1.0837914469383814e-6
-11.513937075406592	-1.0883027750344133e-6
-11.498229112138644	-1.092839277446785e-6
-11.482521148870694	-1.097401130743048e-6
-11.466813185602746	-1.1019885129850873e-6
-11.451105222334796	-1.1066016037439496e-6
-11.435397259066846	-1.1112405841151703e-6
-11.419689295798898	-1.1159056367335732e-6
-11.403981332530948	-1.1205969457887574e-6
-11.388273369263	-1.1253146970407725e-6
-11.37256540599505	-1.1300590778355896e-6
-11.356857442727103	-1.1348302771211667e-6
-11.341149479459153	-1.1396284854634716e-6
-11.325441516191205	-1.1444538950627215e-6
-11.309733552923255	-1.1493066997697946e-6
-11.294025589655305	-1.1541870951029825e-6
-11.278317626387357	-1.1590952782646634e-6
-11.262609663119408	-1.1640314481585325e-6
-11.24690169985146	-1.1689958054066172e-6
-11.23119373658351	-1.1739885523667749e-6
-11.215485773315562	-1.1790098931503736e-6
-11.199777810047612	-1.1840600336400602e-6
-11.184069846779664	-1.1891391815078607e-6
-11.168361883511714	-1.1942475462333654e-6
-11.152653920243765	-1.199385339122166e-6
-11.136945956975817	-1.2045527733246857e-6
-11.121237993707867	-1.2097500638549284e-6
-11.105530030439919	-1.2149774276096452e-6
-11.08982206717197	-1.2202350833878325e-6
-11.074114103904021	-1.2255232519100426e-6
-11.058406140636071	-1.2308421558383789e-6
-11.042698177368123	-1.2361920197964942e-6
-11.026990214100174	-1.2415730703899198e-6
-11.011282250832226	-1.2469855362265018e-6
-10.995574287564276	-1.25242964793722e-6
-10.979866324296326	-1.2579056381972219e-6
-10.964158361028378	-1.2634137417470924e-6
-10.948450397760428	-1.2689541954143255e-6
-10.93274243449248	-1.27452723813512e-6
-10.91703447122453	-1.2801331109765126e-6
-10.901326507956583	-1.2857720571584568e-6
-10.885618544688633	-1.2914443220767455e-6
-10.869910581420685	-1.2971501533255403e-6
-10.854202618152735	-1.3028898007207083e-6
-10.838494654884787	-1.3086635163230241e-6
-10.822786691616837	-1.3144715544620677e-6
-10.807078728348888	-1.3203141717600888e-6
-10.79137076508094	-1.326191627156267e-6
-10.77566280181299	-1.332104181931286e-6
-10.759954838545042	-1.3380520997322366e-6
-10.744246875277092	-1.3440356465977284e-6
-10.728538912009144	-1.3500550909834081e-6
-10.712830948741194	-1.3561107037877065e-6
-10.697122985473246	-1.3622027583779515e-6
-10.681415022205297	-1.3683315306167634e-6
-10.665707058937347	-1.3744972988889398e-6
-10.649999095669399	-1.3807003441282344e-6
-10.634291132401449	-1.3869409498451544e-6
-10.618583169133501	-1.393219402154395e-6
-10.602875205865551	-1.399535989803159e-6
-10.587167242597603	-1.4058910041994042e-6
-10.571459279329654	-1.412284739440708e-6
-10.555751316061706	-1.4187174923435693e-6
-10.540043352793756	-1.4251895624727615e-6
-10.524335389525806	-1.4317012521712204e-6
-10.508627426257858	-1.4382528665904239e-6
-10.492919462989908	-1.444844713720841e-6
-10.47721149972196	-1.4514771044232665e-6
-10.46150353645401	-1.4581503524599537e-6
-10.445795573186063	-1.464864774526435e-6
-10.430087609918113	-1.4716206902839935e-6
-10.414379646650165	-1.478418422392004e-6
-10.398671683382215	-1.4852582965411434e-6
-10.382963720114267	-1.4921406414867138e-6
-10.367255756846317	-1.499065789082651e-6
-10.351547793578368	-1.506034074315709e-6
-10.33583983031042	-1.5130458353403216e-6
-10.32013186704247	-1.5201014135137069e-6
-10.304423903774522	-1.5272011534315305e-6
-10.288715940506572	-1.5343454029639784e-6
-10.273007977238624	-1.5415345132924277e-6
-10.257300013970674	-1.5487688389462628e-6
-10.241592050702726	-1.5560487378406333e-6
-10.225884087434777	-1.563374571314233e-6
-10.210176124166829	-1.5707467041679502e-6
-10.194468160898879	-1.578165504703605e-6
-10.178760197630929	-1.5856313447637612e-6
-10.163052234362981	-1.5931445997714418e-6
-10.147344271095031	-1.6007056487708175e-6
-10.131636307827083	-1.6083148744680862e-6
-10.115928344559133	-1.615972663273266e-6
-10.100220381291185	-1.6236794053421166e-6
-10.084512418023236	-1.6314354946188719e-6
-10.068804454755288	-1.6392413288795869e-6
-10.053096491487338	-1.6470973097758258e-6
-10.037388528219388	-1.6550038428790135e-6
-10.02168056495144	-1.662961337725474e-6
-10.00597260168349	-1.670970207862085e-6
-9.990264638415542	-1.6790308708920637e-6
-9.974556675147593	-1.6871437485222382e-6
-9.958848711879645	-1.6953092666100573e-6
-9.943140748611695	-1.7035278552117773e-6
-9.927432785343747	-1.7117999486311822e-6
-9.911724822075797	-1.7201259854687355e-6
-9.896016858807847	-1.7285064086716135e-6
-9.8803088955399	-1.7369416655845164e-6
-9.86460093227195	-1.745432208000505e-6
-9.848892969004002	-1.7539784922137693e-6
-9.833185005736052	-1.7625809790716505e-6
-9.817477042468104	-1.7712401340284067e-6
-9.801769079200154	-1.7799564271992735e-6
-9.786061115932206	-1.7887303334153307e-6
-9.770353152664256	-1.7975623322791413e-6
-9.754645189396308	-1.8064529082213361e-6
-9.738937226128359	-1.8154025505571526e-6
-9.723229262860409	-1.8244117535450894e-6
-9.707521299592461	-1.8334810164451633e-6
-9.691813336324511	-1.842610843578697e-6
-9.676105373056563	-1.851801744388231e-6
-9.660397409788613	-1.861054233499385e-6
-9.644689446520665	-1.8703688307820428e-6
-9.628981483252716	-1.8797460614138271e-6
-9.613273519984768	-1.8891864559437533e-6
-9.597565556716818	-1.8986905503564621e-6
-9.58185759344887	-1.908258886138051e-6
-9.56614963018092	-1.917892010342591e-6
-9.55044166691297	-1.927590475659028e-6
-9.534733703645022	-1.937354840479936e-6
-9.519025740377073	-1.9471856689704336e-6
-9.503317777109125	-1.957083531138496e-6
-9.487609813841175	-1.9670490029061568e-6
-9.471901850573227	-1.9770826661817035e-6
-9.456193887305277	-1.987185108932758e-6
-9.44048592403733	-1.9973569252606804e-6
-9.42477796076938	-2.0075987154757184e-6
-9.40906999750143	-2.0179110861734494e-6
-9.393362034233482	-2.028294650312009e-6
-9.377654070965532	-2.038750027290939e-6
-9.361946107697584	-2.0492778430305497e-6
-9.346238144429634	-2.0598787300528007e-6
-9.330530181161686	-2.070553327563355e-6
-9.314822217893736	-2.0813022815344884e-6
-9.299114254625788	-2.0921262447893608e-6
-9.283406291357839	-2.1030258770878727e-6
-9.267698328089889	-2.114001845212862e-6
-9.25199036482194	-2.1250548230586332e-6
-9.236282401553991	-2.136185491719829e-6
-9.220574438286043	-2.147394539582305e-6
-9.204866475018093	-2.1586826624146093e-6
-9.189158511750145	-2.1700505634614937e-6
-9.173450548482196	-2.181498953538319e-6
-9.157742585214248	-2.1930285511271137e-6
-9.142034621946298	-2.2046400824737806e-6
-9.12632665867835	-2.2163342816869636e-6
-9.1106186954104	-2.2281118908382094e-6
-9.09491073214245	-2.239973660063665e-6
-9.079202768874502	-2.2519203476671505e-6
-9.063494805606553	-2.263952720225145e-6
-9.047786842338605	-2.276071552692765e-6
-9.032078879070655	-2.288277628511744e-6
-9.016370915802707	-2.3005717397198278e-6
-9.000662952534757	-2.3129546870618023e-6
-8.984954989266809	-2.3254272801022873e-6
-8.96924702599886	-2.3379903373400095e-6
-8.953539062730911	-2.3506446863240148e-6
-8.937831099462962	-2.363391163771459e-6
-8.922123136195012	-2.37623061568743e-6
-8.906415172927064	-2.389163897486076e-6
-8.890707209659114	-2.402191874113929e-6
-8.874999246391166	-2.4153154201752304e-6
-8.859291283123216	-2.4285354200587374e-6
-8.843583319855268	-2.4418527680666404e-6
-8.827875356587318	-2.45526836854587e-6
-8.81216739331937	-2.4687831360203138e-6
-8.79645943005142	-2.4823979953263666e-6
-8.780751466783471	-2.496113881749543e-6
-8.765043503515523	-2.509931741163799e-6
-8.749335540247573	-2.523852530172672e-6
-8.733627576979625	-2.5378772162526647e-6
-8.717919613711675	-2.552006777898793e-6
-8.702211650443727	-2.566242204772772e-6
-8.686503687175778	-2.5805844978528757e-6
-8.67079572390783	-2.5950346695864124e-6
-8.65508776063988	-2.6095937440448577e-6
-8.63937979737193	-2.624262757080966e-6
-8.623671834103982	-2.639042756488348e-6
-8.607963870836032	-2.653934802164329e-6
-8.592255907568084	-2.668939966273776e-6
-8.576547944300135	-2.6840593334174335e-6
-8.560839981032187	-2.699294000801199e-6
-8.545132017764237	-2.7146450784095007e-6
-8.529424054496289	-2.730113689180089e-6
-8.51371609122834	-2.7457009691826472e-6
-8.498008127960391	-2.76140806779971e-6
-8.482300164692441	-2.7772361479108016e-6
-8.466592201424492	-2.793186386078937e-6
-8.450884238156544	-2.8092599727407574e-6
-8.435176274888594	-2.8254581123993697e-6
-8.419468311620646	-2.8417820238203927e-6
-8.403760348352696	-2.8582329402309584e-6
-8.388052385084748	-2.8748121095223053e-6
-8.372344421816798	-2.8915207944552925e-6
-8.35663645854885	-2.908360272869457e-6
-8.3409284952809	-2.925331837895229e-6
-8.325220532012953	-2.9424367981700095e-6
-8.309512568745003	-2.959676478057306e-6
-8.293804605477053	-2.9770522178698876e-6
-8.278096642209105	-2.994565374096025e-6
-8.262388678941155	-3.0122173196302615e-6
-8.246680715673207	-3.0300094440072804e-6
-8.230972752405258	-3.047943153639874e-6
-8.21526478913731	-3.0660198720606717e-6
-8.19955682586936	-3.0842410401686174e-6
-8.183848862601412	-3.102608116478419e-6
-8.168140899333462	-3.1211225773748397e-6
-8.152432936065512	-3.139785917371382e-6
-8.136724972797564	-3.1585996493724963e-6
-8.121017009529615	-3.177565304941474e-6
-8.105309046261667	-3.19668443457103e-6
-8.089601082993717	-3.2159586079606265e-6
-8.073893119725769	-3.2353894142963988e-6
-8.058185156457819	-3.2549784625372473e-6
-8.042477193189871	-3.274727381705174e-6
-8.026769229921921	-3.2946378211808297e-6
-8.011061266653972	-3.31471145100348e-6
-7.995353303386024	-3.334949962177097e-6
-7.979645340118075	-3.355355066980616e-6
-7.963937376850126	-3.375928499284548e-6
-7.948229413582177	-3.396672014872336e-6
-7.932521450314228	-3.4175873917671495e-6
-7.916813487046278	-3.4386764305648546e-6
-7.901105523778329	-3.4599409547729445e-6
-7.8853975605103805	-3.4813828111540302e-6
-7.869689597242432	-3.5030038700768937e-6
-7.853981633974483	-3.5248060258727445e-6
-7.838273670706534	-3.546791197198089e-6
-7.822565707438585	-3.5689613274033563e-6
-7.806857744170636	-3.5913183849090697e-6
-7.791149780902687	-3.6138643635876666e-6
-7.7754418176347375	-3.636601283152217e-6
-7.759733854366789	-3.6595311895528256e-6
-7.74402589109884	-3.6826561553790343e-6
-7.728317927830891	-3.705978280269836e-6
-7.712609964562942	-3.7294996913310127e-6
-7.696902001294993	-3.753222543560109e-6
-7.681194038027044	-3.7771490202784635e-6
-7.665486074759095	-3.801281333571542e-6
-7.6497781114911465	-3.825621724737061e-6
-7.634070148223198	-3.850172464741078e-6
-7.618362184955249	-3.874935854682233e-6
-7.602654221687299	-3.89991422626492e-6
-7.58694625841935	-3.9251099422802245e-6
-7.571238295151401	-3.95052539709696e-6
-7.555530331883452	-3.976163017159845e-6
-7.5398223686155035	-4.002025261498804e-6
-7.524114405347555	-4.028114622245669e-6
-7.508406442079606	-4.054433625162136e-6
-7.492698478811657	-4.0809848301767815e-6
-7.476990515543708	-4.107770831930923e-6
-7.461282552275758	-4.1347942603367605e-6
-7.445574589007809	-4.162057781144594e-6
-7.4298666257398605	-4.189564096520242e-6
-7.414158662471912	-4.217315945634296e-6
-7.398450699203963	-4.245316105262028e-6
-7.382742735936014	-4.273567390394343e-6
-7.367034772668065	-4.30207265486065e-6
-7.351326809400116	-4.330834791963e-6
-7.335618846132167	-4.359856735122953e-6
-7.319910882864218	-4.3891414585398025e-6
-7.304202919596269	-4.4186919778623945e-6
-7.28849495632832	-4.4485113508732975e-6
-7.272786993060371	-4.478602678185748e-6
-7.257079029792422	-4.508969103954327e-6
-7.241371066524473	-4.539613816599381e-6
-7.225663103256524	-4.5705400495456066e-6
-7.209955139988575	-4.601751081974647e-6
-7.194247176720626	-4.633250239591709e-6
-7.1785392134526775	-4.665040895408974e-6
-7.162831250184729	-4.697126470541804e-6
-7.147123286916779	-4.729510435022951e-6
-7.13141532364883	-4.76219630863103e-6
-7.115707360380881	-4.795187661736245e-6
-7.099999397112932	-4.828488116162021e-6
-7.084291433844983	-4.8621013460651224e-6
-7.0685834705770345	-4.89603107883157e-6
-7.052875507309086	-4.930281095991134e-6
-7.037167544041137	-4.9648552341507495e-6
-7.021459580773188	-4.999757385945369e-6
-7.005751617505239	-5.034991501009043e-6
-6.99004365423729	-5.07056158696476e-6
-6.97433569096934	-5.106471710435024e-6
-6.9586277277013915	-5.142725998071782e-6
-6.942919764433443	-5.179328637608952e-6
-6.927211801165494	-5.216283878934368e-6
-6.911503837897545	-5.253596035186208e-6
-6.895795874629596	-5.291269483868727e-6
-6.880087911361647	-5.329308667993973e-6
-6.864379948093698	-5.367718097245098e-6
-6.848671984825749	-5.406502349164569e-6
-6.8329640215578	-5.44566607036655e-6
-6.817256058289851	-5.485213977775329e-6
-6.801548095021902	-5.525150859888384e-6
-6.785840131753953	-5.565481578067106e-6
-6.770132168486004	-5.606211067854016e-6
-6.754424205218055	-5.647344340317203e-6
-6.738716241950106	-5.688886483424845e-6
-6.7230082786821574	-5.730842663446869e-6
-6.707300315414209	-5.773218126387794e-6
-6.69159235214626	-5.8160181994493175e-6
-6.675884388878311	-5.859248292525146e-6
-6.660176425610361	-5.902913899726542e-6
-6.644468462342412	-5.94702060094229e-6
-6.628760499074463	-5.991574063430758e-6
-6.613052535806514	-6.036580043447741e-6
-6.5973445725385655	-6.082044387909196e-6
-6.581636609270617	-6.12797303608953e-6
-6.565928646002668	-6.174372021358749e-6
-6.550220682734719	-6.221247472955874e-6
-6.53451271946677	-6.268605617802487e-6
-6.51880475619882	-6.316452782355947e-6
-6.503096792930871	-6.364795394504005e-6
-6.4873888296629225	-6.413639985501121e-6
-6.471680866394974	-6.4629931919481655e-6
-6.455972903127025	-6.5128617578168185e-6
-6.440264939859076	-6.5632525365180344e-6
-6.424556976591127	-6.614172493019382e-6
-6.408849013323178	-6.665628706007249e-6
-6.393141050055229	-6.71762837010238e-6
-6.37743308678728	-6.770178798120348e-6
-6.3617251235193315	-6.823287423388872e-6
-6.346017160251382	-6.876961802114327e-6
-6.330309196983433	-6.931209615805151e-6
-6.314601233715484	-6.986038673750005e-6
-6.298893270447535	-7.041456915553276e-6
-6.283185307179586	-7.0974724137308675e-6
-6.267477343911637	-7.154093376363779e-6
-6.2517693806436885	-7.211328149816834e-6
-6.23606141737574	-7.269185221518965e-6
-6.220353454107791	-7.327673222810545e-6
-6.204645490839841	-7.386800931857292e-6
-6.188937527571892	-7.446577276632807e-6
-6.173229564303943	-7.507011337973757e-6
-6.157521601035994	-7.568112352706703e-6
-6.1418136377680455	-7.629889716850293e-6
-6.126105674500097	-7.692352988895294e-6
-6.110397711232148	-7.755511893162411e-6
-6.094689747964199	-7.819376323243791e-6
-6.07898178469625	-7.88395634552619e-6
-6.063273821428301	-7.949262202801427e-6
-6.047565858160352	-8.01530431796523e-6
-6.031857894892402	-8.08209329780728e-6
-6.0161499316244536	-8.149639936895016e-6
-6.000441968356505	-8.217955221553446e-6
-5.984734005088556	-8.287050333944592e-6
-5.969026041820607	-8.356936656249574e-6
-5.953318078552658	-8.42762577495405e-6
-5.937610115284709	-8.499129485243202e-6
-5.92190215201676	-8.571459795507876e-6
-5.906194188748811	-8.644628931965099e-6
-5.890486225480862	-8.718649343395689e-6
-5.874778262212913	-8.793533706005321e-6
-5.859070298944964	-8.869294928408167e-6
-5.843362335677015	-8.945946156741884e-6
-5.827654372409066	-9.023500779913636e-6
-5.811946409141117	-9.10197243498337e-6
-5.796238445873168	-9.181375012687539e-6
-5.7805304826052195	-9.26172266310979e-6
-5.764822519337271	-9.343029801499102e-6
-5.749114556069322	-9.425311114242787e-6
-5.733406592801373	-9.508581565000414e-6
-5.717698629533423	-9.592856400998711e-6
-5.701990666265474	-9.67815115949889e-6
-5.686282702997525	-9.764481674435521e-6
-5.6705747397295765	-9.851864083238334e-6
-5.654866776461628	-9.940314833837103e-6
-5.639158813193679	-1.0029850691859942e-5
-5.62345084992573	-1.0120488748031228e-5
-5.607742886657781	-1.021224642576887e-5
-5.592034923389832	-1.0305141488999748e-5
-5.576326960121882	-1.0399192050187317e-5
-5.5606189968539335	-1.0494416578589718e-5
-5.544911033585985	-1.0590833908748338e-5
-5.529203070318036	-1.0688463249221735e-5
-5.513495107050087	-1.0787324191569115e-5
-5.497787143782138	-1.0887436719599172e-5
-5.482079180514189	-1.0988821218893642e-5
-5.46637121724624	-1.1091498486629285e-5
-5.450663253978291	-1.1195489741725957e-5
-5.4349552907103424	-1.1300816635380085e-5
-5.419247327442394	-1.1407501262110012e-5
-5.403539364174444	-1.1515566171649979e-5
-5.387831400906495	-1.1625034382709133e-5
-5.372123437638546	-1.1735929402438306e-5
-5.356415474370597	-1.1848275270748205e-5
-5.340707511102648	-1.1962096781984447e-5
-5.324999547834699	-1.2077423627596359e-5
-5.3092915845667505	-1.2194278913266444e-5
-5.293583621298802	-1.2312663748201253e-5
-5.277875658030853	-1.2432639985189957e-5
-5.262167694762903	-1.2554222413126763e-5
-5.246459731494954	-1.2677438312730455e-5
-5.230751768227005	-1.2802315961263426e-5
-5.215043804959056	-1.2928884311715908e-5
-5.1993358416911075	-1.3057172964340755e-5
-5.183627878423159	-1.3187212174110628e-5
-5.16791991515521	-1.3319032866487117e-5
-5.152211951887261	-1.3452666656906229e-5
-5.136503988619312	-1.3588145873920845e-5
-5.120796025351363	-1.3725503588450984e-5
-5.105088062083414	-1.386477365620127e-5
-5.0893800988154645	-1.4005990793741409e-5
-5.073672135547516	-1.4149190756688965e-5
-5.057964172279567	-1.4294410902733555e-5
-5.042256209011618	-1.4441692759753447e-5
-5.026548245743669	-1.4591103515581352e-5
-5.01084028247572	-1.4744227530657082e-5
-4.995132319207771	-1.4896379428396159e-5
-4.979424355939822	-1.5052108449172205e-5
-4.9637163926718735	-1.5210218727958651e-5
-4.948008429403924	-1.5370638167637428e-5
-4.932300466135975	-1.5533399980616975e-5
-4.916592502868026	-1.569854643039729e-5
-4.900884539600077	-1.5866122408285924e-5
-4.885176576332128	-1.6036174391611293e-5
-4.869468613064179	-1.6208750232309743e-5
-4.8537606497962305	-1.6383899161850098e-5
-4.838052686528282	-1.6561671910220892e-5
-4.822344723260333	-1.6742120975695166e-5
-4.806636759992384	-1.6925301233616533e-5
-4.790928796724435	-1.711127152330871e-5
-4.775220833456485	-1.7300099809427633e-5
-4.759512870188536	-1.7491887008030217e-5
-4.743804906920587	-1.7686990933701648e-5
-4.7280969436526386	-1.800647814017875e-5
-4.71238898038469	-1.8087300559720705e-5
-4.696681017116741	-1.8382410458189713e-5
-4.680973053848792	-1.8496853891990675e-5
-4.665265090580843	-1.8706184719202313e-5
-4.649557127312894	-1.8919613082237975e-5
-4.633849164044944	-1.9136577805000455e-5
-4.6181412007769955	-1.9357061872328483e-5
-4.602433237509047	-1.9581117505126124e-5
-4.586725274241098	-1.9808816099041804e-5
-4.571017310973149	-2.0040240028892475e-5
-4.5553093477052	-2.0275486657210517e-5
-4.539601384437251	-2.0514698841601585e-5
-4.523893421169302	-2.0758345992534902e-5
-4.508185457901353	-2.1052929527287526e-5
-4.4924774946334045	-2.125756120934768e-5
-4.476769531365456	-2.1512477312680706e-5
-4.461061568097506	-2.1773404845626366e-5
-4.445353604829557	-2.2041988707161367e-5
-4.429645641561608	-2.2347879513468512e-5
-4.413937678293659	-2.2744723329633302e-5
-4.39822971502571	-2.290659712522057e-5
-4.3825217517577615	-2.318661624714212e-5
-4.366813788489813	-2.344977251966501e-5
-4.351105825221864	-2.3720644331651673e-5
-4.335397861953915	-2.4016785557836098e-5
-4.319689898685965	-2.4319535189916353e-5
-4.303981935418016	-2.4628149268461238e-5
-4.288273972150067	-2.494264278819045e-5
-4.2725660088821185	-2.526321496764477e-5
-4.25685804561417	-2.5590264264973884e-5
-4.241150082346221	-2.5924724930604713e-5
-4.225442119078272	-2.6270095106871357e-5
-4.209734155810323	-2.6661745249877714e-5
-4.194026192542374	-2.7608190555963208e-5
-4.178318229274425	-2.7347067394184764e-5
-4.162610266006476	-2.7717539036495767e-5
-4.146902302738527	-2.8296598331403847e-5
-4.131194339470578	-2.868936739061825e-5
-4.115486376202629	-3.123837761371665e-5
-4.09977841293468	-2.9675129261405053e-5
-4.084070449666731	-3.079846402759791e-5
-4.068362486398782	-3.0111022039801547e-5
-4.052654523130833	-3.0981196789752544e-5
-4.036946559862884	-3.088333978962221e-5
-4.0212385965949355	-3.1304744610989685e-5
-4.005530633326986	-3.1747115494647096e-5
-3.9898226700590373	-3.2203917940362674e-5
-3.9741147067910885	-3.2676506044688036e-5
-3.958406743523139	-3.3172019299070765e-5
-3.9426987802551903	-3.3723193814144505e-5
-3.9269908169872414	-3.481863055779968e-5
-3.9112828537192925	-3.575688204771596e-5
-3.8955748904513436	-3.757276807013594e-5
-3.8798669271833943	-3.6861327009874215e-5
-3.8641589639154454	-3.661802299477544e-5
-3.8484510006474966	-3.778632880711709e-5
-3.8327430373795477	-0.00013552051428933676
-3.817035074111599	-4.019994427050799e-5
-3.8013271108436495	-0.00013898161091945314
-3.7856191475757006	-4.0234413900776284e-5
-3.7699111843077517	-4.061049413351168e-5
-3.754203221039803	-4.184138415552666e-5
-3.738495257771854	-4.1936337672862856e-5
-3.7227872945039047	-4.186948814586653e-5
-3.707079331235956	-4.272495044123017e-5
-3.691371367968007	-4.466986029611679e-5
-3.675663404700058	-4.4086876039908256e-5
-3.659955441432109	-4.499572153036582e-5
-3.64424747816416	-4.6331054179224394e-5
-3.628539514896211	-4.963610473149554e-5
-3.612831551628262	-0.00018215975614225248
-3.597123588360313	-5.671164679176246e-5
-3.5814156250923643	-0.00036917955070658794
-3.565707661824415	-5.469372736065366e-5
-3.549999698556466	-0.00011536000154162922
-3.5342917352885173	-6.74686333829675e-5
-3.5185837720205684	-0.0001485109366866302
-3.5028758087526195	-6.033383689276148e-5
-3.48716784548467	-6.030236408477431e-5
-3.4714598822167213	-9.644588929036883e-5
-3.4557519189487724	-6.21716070507175e-5
-3.4400439556808236	-0.0001968736823437148
-3.4243359924128747	-6.130641045068735e-5
-3.4086280291449254	-6.313194909304091e-5
-3.3929200658769765	-8.930643960036001e-5
-3.3772121026090276	-7.154140185570778e-5
-3.3615041393410787	-6.935432890845536e-5
-3.34579617607313	-8.081118469070593e-5
-3.3300882128051805	-0.0023788994310020915
-3.3143802495372316	-0.00013158739711330688
-3.2986722862692828	-0.0012293817677411516
-3.282964323001334	-0.00010581484094382982
-3.267256359733385	-0.00011322078260358064
-3.2515483964654357	-0.00020284013776329787
-3.235840433197487	-0.0001752767352412648
-3.220132469929538	-0.00017931633593326268
-3.204424506661589	-0.0001155790475175375
-3.18871654339364	-0.0008756308762235145
-3.173008580125691	-0.00011778377475964977
-3.157300616857742	-0.00121175544535596
-3.141592653589793	-0.00011466339548922403
-3.1258846903218442	-0.00013347252880306773
-3.1101767270538954	-0.001042211874127377
-3.094468763785946	-0.00015721272840236105
-3.078760800517997	-0.004629320259239341
-3.0630528372500483	-0.00015227585278796435
-3.0473448739820994	-0.00018278304156103603
-3.0316369107141505	-0.0005910432712197272
-3.015928947446201	-0.0013617489221779899
-3.0002209841782523	-0.0006052701977417353
-2.9845130209103035	-0.00044043742867308733
-2.9688050576423546	-0.0013668977664635365
-2.9530970943744057	-0.0002864181996340771
-2.9373891311064564	-0.009116565147199426
-2.9216811678385075	-0.0002644484381983745
-2.9059732045705586	-0.0011392852117478908
-2.8902652413026098	-0.00039459119960733686
-2.874557278034661	-0.0008136016511002322
-2.8588493147667116	-0.00039575250888965516
-2.8431413514987627	-0.00040154335991369095
-2.827433388230814	-0.000394505533197023
-2.811725424962865	-0.0007256323187648981
-2.796017461694916	-0.007968517517937253
-2.7803094984269667	-0.0006271960279191566
-2.764601535159018	-0.0008258916329812777
-2.748893571891069	-0.0016981697186215913
-2.73318560862312	-0.0012011041337337846
-2.7174776453551712	-0.010311062491334146
-2.701769682087222	-0.0014634551941768914
-2.686061718819273	-0.005677869730452526
-2.670353755551324	-0.0011730557351043096
-2.6546457922833753	-0.015640844574479586
-2.6389378290154264	-0.001086781959339817
-2.623229865747477	-0.0020591970809621875
-2.607521902479528	-0.0009308689105740135
-2.5918139392115793	-0.0008641715133118701
-2.5761059759436304	-0.01227243806221158
-2.5603980126756816	-0.0011528535240423687
-2.5446900494077322	-0.0019820424368725185
-2.5289820861397834	-0.0029341599914606024
-2.5132741228718345	-0.006727171837893106
-2.4975661596038856	-0.00898858093945504
-2.4818581963359367	-0.004469675559342026
-2.4661502330679874	-0.0024222038808939415
-2.4504422698000385	-0.0022457518245237946
-2.4347343065320897	-0.21001223583471235
-2.419026343264141	-0.0030489771809593903
-2.403318379996192	-0.04284273627558825
-2.3876104167282426	-0.0034309423084206807
-2.3719024534602937	-0.005194787651081985
-2.356194490192345	-0.013346384890026233
-2.340486526924396	-0.007071939992630478
-2.324778563656447	-0.00437879048926212
-2.3090706003884978	-0.0029201273551441986
-2.293362637120549	-0.07150438877479756
-2.2776546738526	-0.003875174264370796
-2.261946710584651	-0.041559120969844855
-2.2462387473167023	-0.0027329473469361555
-2.230530784048753	-0.0054106339291495895
-2.214822820780804	-0.12677672927212555
-2.199114857512855	-0.012119831679801308
-2.1834068942449063	-0.4137561336658639
-2.1676989309769574	-0.007498051337733025
-2.151990967709008	-0.03445412672445168
-2.1362830044410592	-0.01329986006996311
-2.1205750411731104	-0.029853490146486583
-2.1048670779051615	-0.005414331345042289
-2.0891591146372126	-0.006998959008865316
-2.0734511513692633	-0.13130450118954345
-2.0577431881013144	-0.013331424016153098
-2.0420352248333655	-0.609957490155985
-2.0263272615654166	-0.007785086394016057
-2.0106192982974678	-0.020752415536946376
-1.9949113350295187	-0.03961346621617754
-1.9792033717615696	-0.029967824685844097
-1.9634954084936207	-0.027283269318465142
-1.9477874452256718	-0.008275502582945632
-1.9320794819577227	-0.30794235529081804
-1.9163715186897738	-0.024044456137324623
-1.9006635554218247	-0.40705668302299475
-1.8849555921538759	-0.01632005461429904
-1.869247628885927	-0.02073109098812617
-1.853539665617978	-0.11939006021562769
-1.837831702350029	-0.04464993057553455
-1.82212373908208	-0.1398810768393101
-1.806415775814131	-0.018129058915974595
-1.7907078125461822	-0.6087539567400213
-1.774999849278233	-0.031171798758827435
-1.7592918860102842	-0.47996742281326793
-1.743583922742335	-0.01902328409252036
-1.7278759594743862	-0.024306574677263507
-1.7121679962064373	-0.12232744666433266
-1.6964600329384882	-0.0368025847580636
-1.6807520696705394	-2.545723782461271
-1.6650441064025903	-0.02360770469163673
-1.6493361431346414	-0.1294150793200359
-1.6336281798666925	-0.04349003315499756
-1.6179202165987434	-0.19172046650632457
-1.6022122533307945	-0.06719109107023394
-1.5865042900628454	-0.05390962519557784
-1.5707963267948966	-0.3614521453901438
-1.5550883635269477	-0.06702878227771814
-1.5393804002589986	-9.862475189478298
-1.5236724369910497	-0.05661663251852084
-1.5079644737231006	-0.1289434870560465
-1.4922565104551517	-0.08512840506570282
-1.4765485471872029	-0.13779591488593879
-1.4608405839192538	-0.21592131039730908
-1.4451326206513049	-0.061009443677603546
-1.4294246573833558	-0.18816514374965307
-1.413716694115407	-0.05294251923408075
-1.398008730847458	-4.46655354951013
-1.382300767579509	-0.06959528359507317
-1.36659280431156	-0.17517688229290757
-1.350884841043611	-0.08410967317123316
-1.335176877775662	-0.0667027556324066
-1.3194689145077132	-0.8368434117261326
-1.303760951239764	-0.06090331518797524
-1.2880529879718152	-0.3934108446407603
-1.2723450247038661	-0.11799131205408712
-1.2566370614359172	-1.518894973330174
-1.2409290981679684	-0.1892739491337456
-1.2252211349000193	-0.3649268712190259
-1.2095131716320704	-0.1445539837279149
-1.1938052083641213	-0.07980734205302535
-1.1780972450961724	-1.9197525401249735
-1.1623892818282235	-0.09539902228243022
-1.1466813185602744	-0.3411664905402902
-1.1309733552923256	-0.07887786056211502
-1.1152653920243765	-0.6336554740421215
-1.0995574287564276	-0.19776171381086707
-1.0838494654884787	-0.23720319692548955
-1.0681415022205296	-0.12035493695622901
-1.0524335389525807	-0.0743832893706942
-1.0367255756846316	-4.1739242609651095
-1.0210176124166828	-0.09998935209534247
-1.0053096491487339	-0.6071465670208298
-0.9896016858807848	-0.08464377463366332
-0.9738937226128359	-0.1964109827096623
-0.9581857593448869	-0.6779788911066649
-0.9424777960769379	-0.35518197628663034
-0.926769832808989	-0.35549032020276505
-0.91106186954104	-0.13617466416500407
-0.8953539062730911	-9.502578074090515
-0.8796459430051421	-0.1825409931576178
-0.8639379797371931	-1.2134726287084958
-0.8482300164692441	-0.09731841433968444
-0.8325220532012951	-0.10968310710241692
-0.8168140899333463	-0.580116125408494
-0.8011061266653973	-0.20518883077477656
-0.7853981633974483	-1.709795665510096
-0.7696902001294993	-0.08332402409146873
-0.7539822368615503	-1.9867982501644434
-0.7382742735936014	-0.2581147543521461
-0.7225663103256524	-0.69797405219852
-0.7068583470577035	-0.12668790433836855
-0.6911503837897545	-0.09207167763826879
-0.6754424205218055	-1.0043490447629337
-0.6597344572538566	-0.15188171069868286
-0.6440264939859076	-11.684795923640436
-0.6283185307179586	-0.13877197229229526
-0.6126105674500096	-0.5701959581983751
-0.5969026041820606	-0.4964421461192869
-0.5811946409141118	-0.7850425198374001
-0.5654866776461628	-0.35272386334340733
-0.5497787143782138	-0.11696031630052128
-0.5340707511102648	-0.8227513100446455
-0.5183627878423158	-0.10641194761075316
-0.5026548245743669	-5.453477478878008
-0.48694686130641796	-0.07029428964549599
-0.47123889803846897	-0.12302757752803849
-0.45553093477052	-0.36766703190437333
-0.43982297150257105	-0.27934846685480097
-0.42411500823462206	-1.1203297458652124
-0.4084070449666731	-0.10211479501393957
-0.39269908169872414	-0.7080222580067713
-0.37699111843077515	-0.07443849615693846
-0.3612831551628262	-1.1621771518288802
-0.34557519189487723	-0.06415105315409213
-0.3298672286269283	-0.11387625619174079
-0.3141592653589793	-0.6322078579002819
-0.2984513020910303	-0.29726845408515407
-0.2827433388230814	-2.671329095927771
-0.2670353755551324	-0.14583756079170182
-0.25132741228718347	-0.5699036623483016
-0.23561944901923448	-0.05581602984555323
-0.21991148575128552	-0.7017609002983838
-0.20420352248333656	-0.041796875992520265
-0.18849555921538758	-0.04446481560683933
-0.17278759594743862	-0.18927503117274033
-0.15707963267948966	-0.0696577984015328
-0.1413716694115407	-5.6989603093973455
-0.12566370614359174	-0.04735124970320519
-0.10995574287564276	-0.11005587560024974
-0.09424777960769379	-0.022313925680017277
-0.07853981633974483	-0.07005073250662153
-0.06283185307179587	-0.021158002180065985
-0.047123889803846894	-0.012366096192056608
-0.031415926535897934	-0.0478769709850859
-0.015707963267948967	-0.003642322228983686
0.0	-9.25748382991365e-6
0.015707963267948967	0.003642243640405569
0.031415926535897934	0.04787757174072142
0.047123889803846894	0.012366237216474764
0.06283185307179587	0.021157504467952285
0.07853981633974483	0.07005530355836985
0.09424777960769379	0.022313654324378863
0.10995574287564276	0.11005352577663163
0.12566370614359174	0.04735168942791932
0.1413716694115407	5.698976744595684
0.15707963267948966	0.06965740509754646
0.17278759594743862	0.1892756812382194
0.18849555921538758	0.04446521187951069
0.20420352248333656	0.041796662469157385
0.21991148575128552	0.701819859972607
0.23561944901923448	0.05581540766247623
0.25132741228718347	0.5698877074486933
0.2670353755551324	0.14583940670993178
0.2827433388230814	2.671231935011541
0.2984513020910303	0.2972685314794832
0.3141592653589793	0.632205749656649
0.3298672286269283	0.11387744166449776
0.34557519189487723	0.0641510770387384
0.3612831551628262	1.1622208291326062
0.37699111843077515	0.07443788855188103
0.39269908169872414	0.7080263780984661
0.4084070449666731	0.10211585628808015
0.42411500823462206	1.1202689296337274
0.43982297150257105	0.27934807711060755
0.45553093477052	0.3676672861744567
0.47123889803846897	0.12302801660077106
0.48694686130641796	0.07029474872723537
0.5026548245743669	5.4530700191435635
0.5183627878423158	0.10641200456875166
0.5340707511102648	0.8227253890796289
0.5497787143782138	0.11696199620654853
0.5654866776461628	0.3527097701121051
0.5811946409141118	0.7850385654644745
0.5969026041820606	0.49644466518003344
0.6126105674500096	0.5702044128298824
0.6283185307179586	0.13877307812699158
0.6440264939859076	11.683515303358671
0.6597344572538566	0.15188104409803085
0.6754424205218055	1.0043207853570102
0.6911503837897545	0.09207236375881656
0.7068583470577035	0.12668527451808786
0.7225663103256524	0.6979927614047765
0.7382742735936014	0.2581152627134312
0.7539822368615503	1.9866701687318307
0.7696902001294993	0.0833246755587079
0.7853981633974483	1.7095955044723454
0.8011061266653973	0.20519034911855266
0.8168140899333463	0.5801069994607085
0.8325220532012951	0.10968426462856762
0.8482300164692441	0.09731791681638044
0.8639379797371931	1.2135574795373065
0.8796459430051421	0.1825394534754934
0.8953539062730911	9.50155940512454
0.91106186954104	0.1361766043022605
0.926769832808989	0.3554560864262667
0.9424777960769379	0.35518766138646907
0.9581857593448869	0.6779617495037291
0.9738937226128359	0.19641030730464348
0.9896016858807848	0.084644173582748
1.0053096491487339	0.6071647135072765
1.0210176124166828	0.09998892996198593
1.0367255756846316	4.173568235721121
1.0524335389525807	0.07438392928187061
1.0681415022205296	0.12035008932728862
1.0838494654884787	0.23720780484778894
1.0995574287564276	0.19775872374289385
1.1152653920243765	0.6336561474583445
1.1309733552923256	0.07887789969062693
1.1466813185602744	0.34112316667449477
1.1623892818282235	0.09539963774125004
1.1780972450961724	1.919715974403306
1.1938052083641213	0.07980725407814673
1.2095131716320704	0.14455458761041087
1.2252211349000193	0.364939215644315
1.2409290981679684	0.18927038540883073
1.2566370614359172	1.518879941984531
1.2723450247038661	0.11799158605484804
1.2880529879718152	0.3933442708268535
1.303760951239764	0.06090341234468703
1.3194689145077132	0.8368499693659983
1.335176877775662	0.06670306581660523
1.350884841043611	0.08411015781963867
1.36659280431156	0.17517932073558382
1.382300767579509	0.06959486452362454
1.398008730847458	4.466528980275026
1.413716694115407	0.05294241414940864
1.4294246573833558	0.18815777852240692
1.4451326206513049	0.06101059205567445
1.4608405839192538	0.21592040588070946
1.4765485471872029	0.13779729670544238
1.4922565104551517	0.08512788924151628
1.5079644737231006	0.12895436041000505
1.5236724369910497	0.05661691745190621
1.5393804002589986	9.862648195091076
1.5550883635269477	0.06702860805486593
1.5707963267948966	0.3614342917383594
1.5865042900628454	0.053910172639996444
1.6022122533307945	0.0671898804170471
1.6179202165987434	0.19172642866558862
1.6336281798666925	0.043489870959517424
1.6493361431346414	0.1294137823766493
1.6650441064025903	0.023607797900834514
1.6807520696705394	2.545774561086676
1.6964600329384882	0.036802687956187956
1.7121679962064373	0.12232373111428657
1.7278759594743862	0.024306936279072537
1.743583922742335	0.019023311271435413
1.7592918860102842	0.47999162699891895
1.774999849278233	0.03117158615903324
1.7907078125461822	0.6088018014039789
1.806415775814131	0.018129084829931773
1.82212373908208	0.13987838744423986
1.837831702350029	0.04465049433592447
1.853539665617978	0.11938688066972976
1.869247628885927	0.020731227987044798
1.8849555921538759	0.01632009057963415
1.9006635554218247	0.40707079982222666
1.9163715186897738	0.02404429830363347
1.9320794819577227	0.3079474670297702
1.9477874452256718	0.008275497776735046
1.9634954084936207	0.027282391643272876
1.9792033717615696	0.029968192782965024
1.9949113350295187	0.039612680274596926
2.0106192982974678	0.020753407060672906
2.0263272615654166	0.0077850914464260065
2.0420352248333655	0.6099307264592599
2.0577431881013144	0.013331535122245932
2.0734511513692633	0.1312955812749453
2.0891591146372126	0.006998930746126197
2.1048670779051615	0.0054143141890554
2.1205750411731104	0.02985408285376009
2.1362830044410592	0.013299795045819062
2.151990967709008	0.034457091092001645
2.1676989309769574	0.007497952888097947
2.1834068942449063	0.41374050976106014
2.199114857512855	0.012119888918923948
2.214822820780804	0.12677389978983764
2.230530784048753	0.005410635363424505
2.2462387473167023	0.0027329428497693178
2.261946710584651	0.04155912674997818
2.2776546738526	0.003875168241797802
2.293362637120549	0.07150500605047008
2.3090706003884978	0.002920092012107202
2.324778563656447	0.004378781453097936
2.340486526924396	0.0070720750862127545
2.356194490192345	0.01334592102850612
2.3719024534602937	0.005194946510283325
2.3876104167282426	0.0034308760093518646
2.403318379996192	0.0428438920314546
2.419026343264141	0.003048980060215117
2.4347343065320897	0.21000449662655987
2.4504422698000385	0.0022457412048241068
2.4661502330679874	0.0024221274314624366
2.4818581963359367	0.004469703333853324
2.4975661596038856	0.008988583081896295
2.5132741228718345	0.00672754620946525
2.5289820861397834	0.0029340690415190327
2.5446900494077322	0.001981956170633147
2.5603980126756816	0.0011528599428674026
2.5761059759436304	0.012273190704973739
2.5918139392115793	0.0008641727610370887
2.607521902479528	0.0009308632522938128
2.623229865747477	0.002059186400323363
2.6389378290154264	0.0010867823208674551
2.6546457922833753	0.01564164397474571
2.670353755551324	0.0011730351458113773
2.686061718819273	0.005677985588107835
2.701769682087222	0.001463468986330907
2.7174776453551712	0.010310633650420922
2.73318560862312	0.0012011208382790828
2.748893571891069	0.0016981031133061163
2.764601535159018	0.0008258987112204579
2.7803094984269667	0.0006271954665624554
2.796017461694916	0.007968559079948598
2.811725424962865	0.0007256259433035691
2.827433388230814	0.00039450555444315655
2.8431413514987627	0.0004015482137720526
2.8588493147667116	0.00039574747993397673
2.874557278034661	0.0008136248213545692
2.8902652413026098	0.00039458416772196854
2.9059732045705586	0.001139316629967214
2.9216811678385075	0.0002644486971076029
2.9373891311064564	0.009117148675796561
2.9530970943744057	0.0002864180877792597
2.9688050576423546	0.0013668420653986134
2.9845130209103035	0.0004404392431694871
3.0002209841782523	0.0006052687331747158
3.015928947446201	0.0013618127383254466
3.0316369107141505	0.0005910268286345402
3.0473448739820994	0.00018278213017779873
3.0630528372500483	0.00015227589871204397
3.078760800517997	0.004629435400607625
3.094468763785946	0.00015721251450616632
3.1101767270538954	0.001042176921542647
3.1258846903218442	0.00013347332714263536
3.141592653589793	0.00011466345776981727
3.157300616857742	0.0012118628062847412
3.173008580125691	0.0001177833678091281
3.18871654339364	0.000875650361076394
3.204424506661589	0.00011557914918449023
3.220132469929538	0.0001793148298958921
3.235840433197487	0.00017527833583855598
3.2515483964654357	0.0002028374713207487
3.267256359733385	0.00011322112724986529
3.282964323001334	0.00010581507962132237
3.2986722862692828	0.0012294656801508617
3.3143802495372316	0.00013158648743039113
3.3300882128051805	0.002378973014584337
3.34579617607313	8.081109519066573e-5
3.3615041393410787	6.935431659032804e-5
3.3772121026090276	7.154155592858015e-5
3.3929200658769765	8.93052063357306e-5
3.4086280291449254	6.313195114066727e-5
3.4243359924128747	6.13064185462331e-5
3.4400439556808236	0.00019686363634493505
3.4557519189487724	6.21715912099861e-5
3.4714598822167213	9.644586388983215e-5
3.48716784548467	6.0302395180953824e-5
3.5028758087526195	6.033383732310782e-5
3.5185837720205684	0.00014851410973136867
3.5342917352885173	6.746841485587987e-5
3.549999698556466	0.00011535666992975104
3.565707661824415	5.469377064769917e-5
3.5814156250923643	0.00036917058617548835
3.597123588360313	5.6711686773836815e-5
3.612831551628262	0.00018215471751578945
3.628539514896211	4.9636073139952527e-5
3.64424747816416	4.633104721913316e-5
3.659955441432109	4.499571839468893e-5
3.675663404700058	4.40868748356831e-5
3.691371367968007	4.466992947505907e-5
3.707079331235956	4.2724943050942736e-5
3.7227872945039047	4.186948659448726e-5
3.738495257771854	4.193634090340923e-5
3.754203221039803	4.184138279811117e-5
3.7699111843077517	4.061050392911679e-5
3.7856191475757006	4.023441579845781e-5
3.8013271108436495	0.00013898926691987906
3.817035074111599	4.0199922761893764e-5
3.8327430373795477	0.00013552529043041035
3.8484510006474966	3.7786331683158444e-5
3.8641589639154454	3.6618024033890174e-5
3.8798669271833943	3.686135592393315e-5
3.8955748904513436	3.7572668917089476e-5
3.9112828537192925	3.5756867629351436e-5
3.9269908169872414	3.481863736625599e-5
3.9426987802551903	3.372319331365884e-5
3.958406743523139	3.317201870813603e-5
3.9741147067910885	3.2676505479526614e-5
3.9898226700590373	3.220391740094736e-5
4.005530633326986	3.1747114974275285e-5
4.0212385965949355	3.1304744099691996e-5
4.036946559862884	3.088333923623415e-5
4.052654523130833	3.0981186254337054e-5
4.068362486398782	3.0111022314918648e-5
4.084070449666731	3.079835992814418e-5
4.09977841293468	2.9675127591050487e-5
4.115486376202629	3.1238399812764765e-5
4.131194339470578	2.8689366218935818e-5
4.146902302738527	2.829659788830049e-5
4.162610266006476	2.7717538640033735e-5
4.178318229274425	2.7347067199664383e-5
4.194026192542374	2.760822146839524e-5
4.209734155810323	2.6661744146754024e-5
4.225442119078272	2.627009467769662e-5
4.241150082346221	2.5924724553119536e-5
4.25685804561417	2.559026390351281e-5
4.2725660088821185	2.5263214615415458e-5
4.288273972150067	2.4942642442982933e-5
4.303981935418016	2.4628148929302544e-5
4.319689898685965	2.431953485643472e-5
4.335397861953915	2.401678523081843e-5
4.351105825221864	2.372064402577689e-5
4.366813788489813	2.3449770461976863e-5
4.3825217517577615	2.3186616940001667e-5
4.39822971502571	2.2906596030542637e-5
4.413937678293659	2.274471812490134e-5
4.429645641561608	2.234787968420672e-5
4.445353604829557	2.2041988429631513e-5
4.461061568097506	2.1773404552234265e-5
4.476769531365456	2.151247701961705e-5
4.4924774946334045	2.1257560917655073e-5
4.508185457901353	2.105293115627661e-5
4.523893421169302	2.0758345710934946e-5
4.539601384437251	2.0514698560544717e-5
4.5553093477052	2.027548637867471e-5
4.571017310973149	2.004023975299054e-5
4.586725274241098	1.9808815825732427e-5
4.602433237509047	1.958111723434234e-5
4.6181412007769955	1.9357061603999708e-5
4.633849164044944	1.9136577539061576e-5
4.649557127312894	1.891961281863992e-5
4.665265090580843	1.8706184457978172e-5
4.680973053848792	1.8496853634308683e-5
4.696681017116741	1.8382412899723443e-5
4.71238898038469	1.8087300305497224e-5
4.7280969436526386	1.800647527961772e-5
4.743804906920587	1.768699067833411e-5
4.759512870188536	1.7491886758285964e-5
4.775220833456485	1.730009956199322e-5
4.790928796724435	1.7111271277826702e-5
4.806636759992384	1.6925300989972846e-5
4.822344723260333	1.6742120733825904e-5
4.838052686528282	1.6561671670077687e-5
4.8537606497962305	1.6383898923390154e-5
4.869468613064179	1.6208749995494482e-5
4.885176576332128	1.6036174156406273e-5
4.900884539600077	1.5866122174657164e-5
4.916592502868026	1.5698546198312935e-5
4.932300466135975	1.5533399750045998e-5
4.948008429403924	1.537063793855029e-5
4.9637163926718735	1.5210218500323253e-5
4.979424355939822	1.5052108222934423e-5
4.995132319207771	1.4896379202855986e-5
5.01084028247572	1.474422728940195e-5
5.026548245743669	1.4591103293590215e-5
5.042256209011618	1.4441692539049032e-5
5.057964172279567	1.4294410683331368e-5
5.073672135547516	1.4149190538573026e-5
5.0893800988154645	1.4005990576894225e-5
5.105088062083414	1.3864773440602745e-5
5.120796025351363	1.3725503374082705e-5
5.136503988619312	1.3588145660764294e-5
5.152211951887261	1.3452666444943759e-5
5.16791991515521	1.3319032655701796e-5
5.183627878423159	1.3187211964485502e-5
5.1993358416911075	1.3057172755858796e-5
5.215043804959056	1.292888410436245e-5
5.230751768227005	1.280231575502267e-5
5.246459731494954	1.2677438107588006e-5
5.262167694762903	1.2554222209069232e-5
5.277875658030853	1.2432639782204361e-5
5.293583621298802	1.2312663546285062e-5
5.3092915845667505	1.2194278713026385e-5
5.324999547834699	1.2077423427558723e-5
5.340707511102648	1.1962096583134927e-5
5.356415474370597	1.1848275072911847e-5
5.372123437638546	1.1735929205598191e-5
5.387831400906495	1.1625034186852674e-5
5.403539364174444	1.1515565976765851e-5
5.419247327442394	1.1407501068187689e-5
5.4349552907103424	1.1300816442408858e-5
5.450663253978291	1.119548954969583e-5
5.46637121724624	1.109149829553006e-5
5.482079180514189	1.0988821028715718e-5
5.497787143782138	1.088743653033293e-5
5.513495107050087	1.078732400320551e-5
5.529203070318036	1.0688463061751693e-5
5.544911033585985	1.0590833722162951e-5
5.5606189968539335	1.0494416392880484e-5
5.576326960121882	1.0399191865346292e-5
5.592034923389832	1.0305141305018124e-5
5.607742886657781	1.021224624263917e-5
5.62345084992573	1.0120488565744665e-5
5.639158813193679	1.0029850510410226e-5
5.654866776461628	9.940314653215426e-6
5.6705747397295765	9.851863903438252e-6
5.686282702997525	9.764481495449538e-6
5.701990666265474	9.678150981320085e-6
5.717698629533423	9.5928562236201e-6
5.733406592801373	9.508581388414904e-6
5.749114556069322	9.425310938444113e-6
5.764822519337271	9.343029626480682e-6
5.7805304826052195	9.261722488865718e-6
5.796238445873168	9.181374839210839e-6
5.811946409141117	9.101972262268218e-6
5.827654372409066	9.02350060795402e-6
5.843362335677015	8.94594598553169e-6
5.859070298944964	8.869294757941695e-6
5.874778262212913	8.793533536276552e-6
5.890486225480862	8.718649174399402e-6
5.906194188748811	8.644628763695825e-6
5.92190215201676	8.571459627959907e-6
5.937610115284709	8.499129318411273e-6
5.953318078552658	8.427625608832977e-6
5.969026041820607	8.356936490834134e-6
5.984734005088556	8.287050169230004e-6
6.000441968356505	8.2179550575342e-6
6.0161499316244536	8.14963977356634e-6
6.031857894892402	8.082093135164177e-6
6.047565858160352	8.015304156003186e-6
6.063273821428301	7.949262041515583e-6
6.07898178469625	7.88395618491233e-6
6.094689747964199	7.819376163296562e-6
6.110397711232148	7.755511733877601e-6
6.126105674500097	7.692352830268376e-6
6.1418136377680455	7.629889558877002e-6
6.157521601035994	7.568112195382809e-6
6.173229564303943	7.5070111812948455e-6
6.188937527571892	7.446577120594645e-6
6.204645490839841	7.386800776455459e-6
6.220353454107791	7.3276730680412745e-6
6.23606141737574	7.269185067377955e-6
6.2517693806436885	7.2113279963002116e-6
6.267477343911637	7.154093223467602e-6
6.283185307179586	7.097472261451124e-6
6.298893270447535	7.041456763886339e-6
6.314601233715484	6.98603852269162e-6
6.330309196983433	6.931209465351522e-6
6.346017160251382	6.876961652262064e-6
6.3617251235193315	6.823287274134156e-6
6.37743308678728	6.770178649459529e-6
6.393141050055229	6.717628222031983e-6
6.408849013323178	6.665628558523668e-6
6.424556976591127	6.614172346118626e-6
6.440264939859076	6.563252390197043e-6
6.455972903127025	6.512861612072132e-6
6.471680866394974	6.462993046776347e-6
6.4873888296629225	6.413639840898615e-6
6.503096792930871	6.364795250467641e-6
6.51880475619882	6.3164526388821526e-6
6.53451271946677	6.268605474888097e-6
6.550220682734719	6.221247330597571e-6
6.565928646002668	6.174371879553598e-6
6.581636609270617	6.127972894834059e-6
6.5973445725385655	6.0820442472000595e-6
6.613052535806514	6.036579903282251e-6
6.628760499074463	5.991573923805432e-6
6.644468462342412	5.947020461854246e-6
6.660176425610361	5.902913761173069e-6
6.675884388878311	5.859248154502414e-6
6.69159235214626	5.816018061954985e-6
6.707300315414209	5.773217989418639e-6
6.7230082786821574	5.7308425270001855e-6
6.738716241950106	5.688886347497538e-6
6.754424205218055	5.647344204906327e-6
6.770132168486004	5.606210932956801e-6
6.785840131753953	5.565481443680933e-6
6.801548095021902	5.525150726010094e-6
6.817256058289851	5.485213844402373e-6
6.8329640215578	5.445665937496037e-6
6.848671984825749	5.406502216793799e-6
6.864379948093698	5.3677179653711446e-6
6.880087911361647	5.329308536614532e-6
6.895795874629596	5.291269352980893e-6
6.911503837897545	5.253595904787509e-6
6.927211801165494	5.216283749021803e-6
6.942919764433443	5.179328508180097e-6
6.9586277277013915	5.142725869124064e-6
6.97433569096934	5.106471581965923e-6
6.99004365423729	5.0705614589718136e-6
7.005751617505239	5.034991373489408e-6
7.021459580773188	4.999757258896919e-6
7.037167544041137	4.964855107570688e-6
7.052875507309086	4.930280969877104e-6
7.0685834705770345	4.896030953181109e-6
7.084291433844983	4.862101220875702e-6
7.099999397112932	4.8284879914313225e-6
7.115707360380881	4.795187537461994e-6
7.13141532364883	4.762196184810677e-6
7.147123286916779	4.729510311654351e-6
7.162831250184729	4.6971263476223e-6
7.1785392134526775	4.665040772936382e-6
7.194247176720626	4.633250117563715e-6
7.209955139988575	4.601750960389038e-6
7.225663103256524	4.570539928400103e-6
7.241371066524473	4.539613695891653e-6
7.257079029792422	4.508968983681934e-6
7.272786993060371	4.478602558346591e-6
7.28849495632832	4.448511231465274e-6
7.304202919596269	4.418691858883164e-6
7.319910882864218	4.389141339987361e-6
7.335618846132167	4.359856616994882e-6
7.351326809400116	4.330834674257475e-6
7.367034772668065	4.3020725375753595e-6
7.382742735936014	4.2735672735270606e-6
7.398450699203963	4.245315988810698e-6
7.414158662471912	4.217315829596753e-6
7.4298666257398605	4.189563980894653e-6
7.445574589007809	4.162057665928748e-6
7.461282552275758	4.134794145528629e-6
7.476990515543708	4.107770717528394e-6
7.492698478811657	4.0809847161778435e-6
7.508406442079606	4.054433511564834e-6
7.524114405347555	4.028114509048003e-6
7.5398223686155035	4.002025148698642e-6
7.555530331883452	3.976162904755482e-6
7.571238295151401	3.950525285086238e-6
7.58694625841935	3.9251098306612585e-6
7.602654221687299	3.899914115035664e-6
7.618362184955249	3.874935743840773e-6
7.634070148223198	3.85017235428567e-6
7.6497781114911465	3.825621614665817e-6
7.665486074759095	3.8012812238824018e-6
7.681194038027044	3.7771489109696727e-6
7.696902001294993	3.7532224346297006e-6
7.712609964562942	3.7294995827772883e-6
7.728317927830891	3.7059781720907403e-6
7.74402589109884	3.682656047572941e-6
7.759733854366789	3.659531082117937e-6
7.7754418176347375	3.6366011760866083e-6
7.791149780902687	3.6138642568895593e-6
7.806857744170636	3.591318278576754e-6
7.822565707438585	3.5689612214350894e-6
7.838273670706534	3.5467910915920414e-6
7.853981633974483	3.524805920627199e-6
7.869689597242432	3.503003765189921e-6
7.8853975605103805	3.4813827066240015e-6
7.901105523778329	3.459940850598314e-6
7.916813487046278	3.4386763267437713e-6
7.932521450314228	3.417587288297943e-6
7.948229413582177	3.396671911753501e-6
7.963937376850126	3.375928396514218e-6
7.979645340118075	3.3553549645570624e-6
7.995353303386024	3.3349498600987006e-6
8.011061266653972	3.314711349268822e-6
8.026769229921921	3.294637719788055e-6
8.042477193189871	3.274727280652718e-6
8.058185156457819	3.254978361823572e-6
8.073893119725769	3.235389313919706e-6
8.089601082993717	3.2159585079195014e-6
8.105309046261667	3.196684334863927e-6
8.121017009529615	3.1775652055666254e-6
8.136724972797564	3.1585995503285907e-6
8.152432936065512	3.139785818656542e-6
8.168140899333462	3.121122478987784e-6
8.183848862601412	3.102608018417388e-6
8.19955682586936	3.0842409424322444e-6
8.21526478913731	3.066019774647536e-6
8.230972752405258	3.0479430565482315e-6
8.246680715673207	3.0300093472357847e-6
8.262388678941155	3.012217223177378e-6
8.278096642209105	2.9945652779601777e-6
8.293804605477053	2.9770521220496493e-6
8.309512568745003	2.959676382551231e-6
8.325220532012953	2.9424367029766315e-6
8.3409284952809	2.9253317430130924e-6
8.35663645854885	2.908360178297268e-6
8.372344421816798	2.8915207001914327e-6
8.388052385084748	2.8748120155654403e-6
8.403760348352696	2.8582328465796915e-6
8.419468311620646	2.841781930473133e-6
8.435176274888594	2.8254580193549913e-6
8.450884238156544	2.8092598799977847e-6
8.466592201424492	2.7931862936359014e-6
8.482300164692441	2.777236055766409e-6
8.498008127960391	2.7614079759526056e-6
8.51371609122834	2.745700877631361e-6
8.529424054496289	2.730113597923181e-6
8.545132017764237	2.7146449874459693e-6
8.560839981032187	2.699293910129405e-6
8.576547944300135	2.6840592430361877e-6
8.592255907568084	2.66893987618183e-6
8.607963870836032	2.6539347123601193e-6
8.623671834103982	2.639042666970864e-6
8.63937979737193	2.624262667848706e-6
8.65508776063988	2.6095936550965397e-6
8.67079572390783	2.595034580920877e-6
8.686503687175778	2.580584409468787e-6
8.702211650443727	2.566242116668803e-6
8.717919613711675	2.5520066900738043e-6
8.733627576979625	2.537877128705214e-6
8.749335540247573	2.5238524429017023e-6
8.765043503515523	2.5099316541680854e-6
8.780751466783471	2.496113795027655e-6
8.79645943005142	2.4823979088771833e-6
8.81216739331937	2.4687830498427023e-6
8.827875356587318	2.4552682826384705e-6
8.843583319855268	2.441852682428396e-6
8.859291283123216	2.4285353346882873e-6
8.874999246391166	2.4153153350715144e-6
8.890707209659114	2.40219178927577e-6
8.906415172927064	2.389163812912227e-6
8.922123136195012	2.3762305313767735e-6
8.937831099462962	2.3633910797227927e-6
8.953539062730911	2.3506446025360785e-6
8.96924702599886	2.337990253811705e-6
8.984954989266809	2.3254271968325552e-6
9.000662952534757	2.3129546040494974e-6
9.016370915802707	2.3005716569637347e-6
9.032078879070655	2.288277546010773e-6
9.047786842338605	2.2760714704458444e-6
9.063494805606553	2.2639526382311093e-6
9.079202768874502	2.2519202659249927e-6
9.09491073214245	2.2399735785721816e-6
9.1106186954104	2.22811180959618e-6
9.12632665867835	2.2163342006935813e-6
9.142034621946298	2.2046400017278e-6
9.157742585214248	2.1930284706274385e-6
9.173450548482196	2.1814988732838435e-6
9.189158511750145	2.170050483451199e-6
9.204866475018093	2.158682582647546e-6
9.220574438286043	2.1473944600572757e-6
9.236282401553991	2.1361854124358904e-6
9.25199036482194	2.1250547440146362e-6
9.267698328089889	2.1140017664078267e-6
9.283406291357839	2.103025798520768e-6
9.299114254625788	2.092126166459182e-6
9.314822217893736	2.081302203440164e-6
9.330530181161686	2.0705532497039317e-6
9.346238144429634	2.059878652427239e-6
9.361946107697584	2.049277765637758e-6
9.377654070965532	2.0387499501300172e-6
9.393362034233482	2.0282945733819554e-6
9.40906999750143	2.017911009473205e-6
9.42477796076938	2.007598639004428e-6
9.44048592403733	1.9973568490172737e-6
9.456193887305277	1.987185032916338e-6
9.471901850573227	1.9770825903912905e-6
9.487609813841175	1.967048927340708e-6
9.503317777109125	1.957083455797097e-6
9.519025740377073	1.94718559385208e-6
9.534733703645022	1.9373547655838124e-6
9.55044166691297	1.927590400984132e-6
9.56614963018092	1.91789193588792e-6
9.58185759344887	1.908258811902795e-6
9.597565556716818	1.8986904763395773e-6
9.613273519984768	1.8891863821443586e-6
9.628981483252716	1.879745987831066e-6
9.644689446520665	1.8703687574149712e-6
9.660397409788613	1.8610541603470724e-6
9.676105373056563	1.8518016714498611e-6
9.691813336324511	1.8426107708532316e-6
9.707521299592461	1.833480943931831e-6
9.723229262860409	1.8244116812428348e-6
9.738937226128359	1.8154024784652567e-6
9.754645189396308	1.8064528363389123e-6
9.770353152664256	1.7975622606052892e-6
9.786061115932206	1.7887302619491668e-6
9.801769079200154	1.7799563559398498e-6
9.817477042468104	1.771240062975032e-6
9.833185005736052	1.7625809082233699e-6
9.848892969004002	1.753978421569773e-6
9.86460093227195	1.7454321375599096e-6
9.8803088955399	1.7369415953464353e-6
9.896016858807847	1.7285063386353484e-6
9.911724822075797	1.7201259156333887e-6
9.927432785343747	1.7117998789958967e-6
9.943140748611695	1.703527785775729e-6
9.958848711879645	1.695309197372511e-6
9.974556675147593	1.6871436794821926e-6
9.990264638415542	1.6790308020489181e-6
10.00597260168349	1.6709701392148706e-6
10.02168056495144	1.6629612692735281e-6
10.037388528219388	1.6550037746214054e-6
10.053096491487338	1.647097241711875e-6
10.068804454755288	1.639241261008456e-6
10.084512418023236	1.6314354269397004e-6
10.100220381291185	1.623679337854216e-6
10.115928344559133	1.6159725959758775e-6
10.131636307827083	1.6083148073604635e-6
10.147344271095031	1.600705581851989e-6
10.163052234362981	1.5931445330407534e-6
10.178760197630929	1.5856312782205622e-6
10.194468160898879	1.5781654383470158e-6
10.210176124166829	1.5707466379971824e-6
10.225884087434777	1.5633745053287168e-6
10.241592050702726	1.5560486720394018e-6
10.257300013970674	1.5487687733286882e-6
10.273007977238624	1.54153444785778e-6
10.288715940506572	1.5343453377114762e-6
10.304423903774522	1.5272010883604895e-6
10.32013186704247	1.520101348623337e-6
10.33583983031042	1.513045770630042e-6
10.351547793578368	1.5060340097846541e-6
10.367255756846317	1.499065724730097e-6
10.382963720114267	1.4921405773120205e-6
10.398671683382215	1.4852582325435718e-6
10.414379646650165	1.47841835857081e-6
10.430087609918113	1.4716206266385765e-6
10.445795573186063	1.464864711056049e-6
10.46150353645401	1.4581502891639014e-6
10.47721149972196	1.4514770413008494e-6
10.492919462989908	1.4448446507714133e-6
10.508627426257858	1.4382528038132347e-6
10.524335389525806	1.431701189565553e-6
10.540043352793756	1.4251895000380203e-6
10.555751316061706	1.4187174300791027e-6
10.571459279329654	1.412284677345797e-6
10.587167242597603	1.405890942273293e-6
10.602875205865551	1.3995359280453224e-6
10.618583169133501	1.393219340564122e-6
10.634291132401449	1.3869408884218346e-6
10.649999095669399	1.3807002828711346e-6
10.665707058937347	1.3744972377974554e-6
10.681415022205297	1.3683314696902126e-6
10.697122985473246	1.3622026976157368e-6
10.712830948741194	1.3561106431891947e-6
10.728538912009144	1.3500550305478757e-6
10.744246875277092	1.3440355863246039e-6
10.759954838545042	1.3380520396209039e-6
10.77566280181299	1.3321041219811167e-6
10.79137076508094	1.3261915673665678e-6
10.807078728348888	1.3203141121303053e-6
10.822786691616837	1.3144714949915514e-6
10.838494654884787	1.3086634570111516e-6
10.854202618152735	1.3028897415669441e-6
10.869910581420685	1.2971500943292272e-6
10.885618544688633	1.2914442632371508e-6
10.901326507956583	1.2857719984751274e-6
10.91703447122453	1.2801330524487725e-6
10.93274243449248	1.2745271797624847e-6
10.948450397760428	1.2689541371960335e-6
10.964158361028378	1.2634136836827264e-6
10.979866324296326	1.2579055802860955e-6
10.995574287564276	1.252429590178728e-6
11.011282250832226	1.2469854786200551e-6
11.026990214100174	1.2415730129349431e-6
11.042698177368123	1.2361919624924897e-6
11.058406140636071	1.2308420986846876e-6
11.074114103904021	1.2255231949061986e-6
11.08982206717197	1.2202350265331928e-6
11.105530030439919	1.214977370903668e-6
11.121237993707867	1.2097500072969836e-6
11.136945956975817	1.204552716914257e-6
11.152653920243765	1.199385282858666e-6
11.168361883511714	1.1942474901162922e-6
11.184069846779664	1.1891391255366235e-6
11.199777810047612	1.184059977814153e-6
11.215485773315562	1.1790098374691665e-6
11.23119373658351	1.1739884968297767e-6
11.24690169985146	1.1689957500132662e-6
11.262609663119408	1.1640313929083337e-6
11.278317626387357	1.1590952231570022e-6
11.294025589655305	1.1541870401374227e-6
11.309733552923255	1.1493066449457423e-6
11.325441516191205	1.1444538403796595e-6
11.341149479459153	1.1396284309208325e-6
11.356857442727103	1.1348302227184786e-6
11.37256540599505	1.130059023572338e-6
11.388273369263	1.1253146429164266e-6
11.403981332530948	1.1205968918027915e-6
11.419689295798898	1.115905582885428e-6
11.435397259066846	1.1112405304044471e-6
11.451105222334796	1.1066015501700423e-6
11.466813185602746	1.1019884595474755e-6
11.482521148870694	1.097401077441331e-6
11.498229112138644	1.0928392242803325e-6
11.513937075406592	1.088302722002775e-6
11.529645038674541	1.0837913940411133e-6
11.54535300194249	1.0793050653075319e-6
11.561060965210439	1.0748435621795406e-6
11.576768928478387	1.0704067124856044e-6
11.592476891746337	1.0659943454906989e-6
11.608184855014285	1.061606291882568e-6
11.623892818282235	1.0572423837579212e-6
11.639600781550184	1.0529024546082244e-6
11.655308744818132	1.0485863393068484e-6
11.671016708086082	1.0442938740950038e-6
11.68672467135403	1.0400248965689382e-6
11.70243263462198	1.0357792456665494e-6
11.718140597889928	1.031556761654588e-6
11.733848561157878	1.0273572861157186e-6
11.749556524425826	1.0231806619359973e-6
11.765264487693775	1.019026733292115e-6
11.780972450961723	1.0148953456390988e-6
11.796680414229673	1.0107863456980551e-6
11.812388377497623	1.0066995814441427e-6
11.82809634076557	1.0026349020942624e-6
11.84380430403352	9.985921580955574e-7
11.859512267301469	9.94571201113338e-7
11.875220230569418	9.90571884019801e-7
11.890928193837366	9.865940608823492e-7
11.906636157105316	9.826375869521246e-7
11.922344120373264	9.78702318653232e-7
11.938052083641214	9.747881135709393e-7
11.953760046909164	9.708948304413393e-7
11.969468010177112	9.670223291401052e-7
11.985175973445061	9.631704706718297e-7
12.00088393671301	9.593391171594724e-7
12.01659189998096	9.555281318335601e-7
12.032299863248907	9.5173737902229e-7
12.048007826516857	9.479667241405766e-7
12.063715789784805	9.442160336804452e-7
12.079423753052755	9.404851752006424e-7
12.095131716320704	9.36774017316718e-7
12.110839679588652	9.330824296912543e-7
12.126547642856602	9.294102830239239e-7
12.14225560612455	9.257574490420236e-7
12.1579635693925	9.221238004909299e-7
12.173671532660448	9.185092111244605e-7
12.189379495928398	9.149135556956504e-7
12.205087459196346	9.113367099475343e-7
12.220795422464295	9.077785506039476e-7
12.236503385732243	9.04238955360547e-7
12.252211349000193	9.007178028755915e-7
12.267919312268143	8.972149727615487e-7
12.283627275536091	8.937303455758183e-7
12.29933523880404	8.90263802812376e-7
12.315043202071989	8.868152268931828e-7
12.330751165339938	8.833845011594847e-7
12.346459128607886	8.799715098635288e-7
12.362167091875836	8.765761381602874e-7
12.377875055143784	8.731982720992961e-7
12.393583018411734	8.698377986161425e-7
12.409290981679682	8.664946055248372e-7
12.424998944947632	8.631685815096452e-7
12.440706908215581	8.598596161171137e-7
12.45641487148353	8.565675997484756e-7
12.47212283475148	8.532924236516309e-7
12.487830798019427	8.500339799138965e-7
12.503538761287377	8.467921614539374e-7
12.519246724555325	8.435668620146888e-7
12.534954687823275	8.403579761557675e-7
12.550662651091223	8.371653992461195e-7
12.566370614359172	8.339890274567649e-7
