-12.566370614359172	-2.6052605268112378e-6
-12.550662651091223	-2.6151833965748345e-6
-12.534954687823275	-2.625156893659961e-6
-12.519246724555325	-2.635181342476594e-6
-12.503538761287377	-2.645257069941124e-6
-12.487830798019427	-2.6553844054993442e-6
-12.47212283475148	-2.6655636811490738e-6
-12.45641487148353	-2.675795231463416e-6
-12.440706908215581	-2.6860793936143035e-6
-12.424998944947632	-2.696416507395907e-6
-12.409290981679682	-2.7068069152490394e-6
-12.393583018411734	-2.7172509622845764e-6
-12.377875055143784	-2.7277489963085686e-6
-12.362167091875836	-2.738301367846612e-6
-12.346459128607886	-2.748908430168841e-6
-12.330751165339938	-2.7595705393149334e-6
-12.315043202071989	-2.770288054119753e-6
-12.29933523880404	-2.7810613362393e-6
-12.283627275536091	-2.7918907501761134e-6
-12.267919312268143	-2.802776663306245e-6
-12.252211349000193	-2.81371944590516e-6
-12.236503385732243	-2.8247194711750824e-6
-12.220795422464295	-2.835777115271965e-6
-12.205087459196346	-2.8468927573326337e-6
-12.189379495928398	-2.858066779502936e-6
-12.173671532660448	-2.869299566965491e-6
-12.1579635693925	-2.880591507967905e-6
-12.14225560612455	-2.8919429938516203e-6
-12.126547642856602	-2.903354419080478e-6
-12.110839679588652	-2.9148261812705673e-6
-12.095131716320704	-2.9263586812190063e-6
-12.079423753052755	-2.9379523229340932e-6
-12.063715789784805	-2.9496075136658917e-6
-12.048007826516857	-2.9613246639359122e-6
-12.032299863248907	-2.973104187568732e-6
-12.01659189998096	-2.9849465017225475e-6
-12.00088393671301	-2.996852026921176e-6
-11.985175973445061	-3.00882118708552e-6
-11.969468010177112	-3.0208544095658246e-6
-11.953760046909164	-3.032952125174567e-6
-11.938052083641214	-3.0451147682187603e-6
-11.922344120373264	-3.05734277653383e-6
-11.906636157105316	-3.0696365915164683e-6
-11.890928193837366	-3.081996658159529e-6
-11.875220230569418	-3.094423425085721e-6
-11.859512267301469	-3.1069173445824856e-6
-11.84380430403352	-3.119478872637321e-6
-11.82809634076557	-3.1321084689731297e-6
-11.812388377497623	-3.14480659708385e-6
-11.796680414229673	-3.1575737242714673e-6
-11.780972450961723	-3.1704103216817563e-6
-11.765264487693775	-3.1833168643423854e-6
-11.749556524425826	-3.196293831199519e-6
-11.733848561157878	-3.2093417051563537e-6
-11.718140597889928	-3.222460973111105e-6
-11.70243263462198	-3.2356521259960583e-6
-11.68672467135403	-3.2489156588167233e-6
-11.671016708086082	-3.2622520706911633e-6
-11.655308744818132	-3.275661864890608e-6
-11.639600781550184	-3.2891455488795167e-6
-11.623892818282235	-3.302703634356731e-6
-11.608184855014285	-3.316336637297241e-6
-11.592476891746337	-3.330045077993634e-6
-11.576768928478387	-3.3438294810986113e-6
-11.561060965210439	-3.3576903756680993e-6
-11.54535300194249	-3.3716282952044283e-6
-11.529645038674541	-3.385643777700077e-6
-11.513937075406592	-3.3997373656823043e-6
-11.498229112138644	-3.4139096062575094e-6
-11.482521148870694	-3.428161051157291e-6
-11.466813185602746	-3.4424922567836143e-6
-11.451105222334796	-3.4569037842558544e-6
-11.435397259066846	-3.471396199456885e-6
-11.419689295798898	-3.48597007308161e-6
-11.403981332530948	-3.5006259806840416e-6
-11.388273369263	-3.51536450272633e-6
-11.37256540599505	-3.530186224627783e-6
-11.356857442727103	-3.545091736814516e-6
-11.341149479459153	-3.560081634769895e-6
-11.325441516191205	-3.575156519084694e-6
-11.309733552923255	-3.590316995509572e-6
-11.294025589655305	-3.6055636750063014e-6
-11.278317626387357	-3.6208971738006326e-6
-11.262609663119408	-3.636318113435494e-6
-11.24690169985146	-3.6518271208247984e-6
-11.23119373658351	-3.667424828308137e-6
-11.215485773315562	-3.68311187370555e-6
-11.199777810047612	-3.6988889003736248e-6
-11.184069846779664	-3.7147565572613955e-6
-11.168361883511714	-3.730715498968278e-6
-11.152653920243765	-3.746766385800907e-6
-11.136945956975817	-3.7629098838318515e-6
-11.121237993707867	-3.779146664958973e-6
-11.105530030439919	-3.795477406965069e-6
-11.08982206717197	-3.8119027935781976e-6
-11.074114103904021	-3.828423514533088e-6
-11.058406140636071	-3.845040265632988e-6
-11.042698177368123	-3.861753748812515e-6
-11.026990214100174	-3.878564672201051e-6
-11.011282250832226	-3.895473750186395e-6
-10.995574287564276	-3.9124817034806485e-6
-10.979866324296326	-3.929589259184999e-6
-10.964158361028378	-3.9467971508572195e-6
-10.948450397760428	-3.964106118577751e-6
-10.93274243449248	-3.981516909018817e-6
-10.91703447122453	-3.999030275513006e-6
-10.901326507956583	-4.016646978123047e-6
-10.885618544688633	-4.034367783712091e-6
-10.869910581420685	-4.0521934660157994e-6
-10.854202618152735	-4.070124805714021e-6
-10.838494654884787	-4.088162590504371e-6
-10.822786691616837	-4.106307615176224e-6
-10.807078728348888	-4.124560681685592e-6
-10.79137076508094	-4.1429225992309225e-6
-10.77566280181299	-4.16139418433036e-6
-10.759954838545042	-4.179976260898949e-6
-10.744246875277092	-4.198669660327646e-6
-10.728538912009144	-4.217475221562759e-6
-10.712830948741194	-4.236393791187128e-6
-10.697122985473246	-4.25542622350066e-6
-10.681415022205297	-4.274573380604198e-6
-10.665707058937347	-4.29383613248247e-6
-10.649999095669399	-4.3132153570887176e-6
-10.634291132401449	-4.332711940430823e-6
-10.618583169133501	-4.352326776657955e-6
-10.602875205865551	-4.372060768147939e-6
-10.587167242597603	-4.391914825597364e-6
-10.571459279329654	-4.411889868110052e-6
-10.555751316061706	-4.43198682328971e-6
-10.540043352793756	-4.4522066273313524e-6
-10.524335389525806	-4.4725502251154865e-6
-10.508627426257858	-4.493018570301724e-6
-10.492919462989908	-4.513612625425791e-6
-10.47721149972196	-4.5343333619955756e-6
-10.46150353645401	-4.55518176059011e-6
-10.445795573186063	-4.576158810958686e-6
-10.430087609918113	-4.597265512121548e-6
-10.414379646650165	-4.618502872472465e-6
-10.398671683382215	-4.639871909881355e-6
-10.382963720114267	-4.661373651799056e-6
-10.367255756846317	-4.683009135363927e-6
-10.351547793578368	-4.704779407508153e-6
-10.33583983031042	-4.726685525067294e-6
-10.32013186704247	-4.748728554889745e-6
-10.304423903774522	-4.770909573949034e-6
-10.288715940506572	-4.793229669455295e-6
-10.273007977238624	-4.81568993897117e-6
-10.257300013970674	-4.838291490526622e-6
-10.241592050702726	-4.8610354427366884e-6
-10.225884087434777	-4.8839229249200706e-6
-10.210176124166829	-4.9069550772196655e-6
-10.194468160898879	-4.930133050724634e-6
-10.178760197630929	-4.953458007593423e-6
-10.163052234362981	-4.9769311211793e-6
-10.147344271095031	-5.00055357615713e-6
-10.131636307827083	-5.024326568651071e-6
-10.115928344559133	-5.048251306365839e-6
-10.100220381291185	-5.072329008717176e-6
-10.084512418023236	-5.0965609069663484e-6
-10.068804454755288	-5.1209482443548505e-6
-10.053096491487338	-5.145492276241768e-6
-10.037388528219388	-5.1701942702421504e-6
-10.02168056495144	-5.1950555063679585e-6
-10.00597260168349	-5.220077277170943e-6
-9.990264638415542	-5.24526088788629e-6
-9.974556675147593	-5.270607656579343e-6
-9.958848711879645	-5.296118914294356e-6
-9.943140748611695	-5.321796005203553e-6
-9.927432785343747	-5.347640286760407e-6
-9.911724822075797	-5.373653129853708e-6
-9.896016858807847	-5.3998359189635165e-6
-9.8803088955399	-5.4261900523200876e-6
-9.86460093227195	-5.452716942063938e-6
-9.848892969004002	-5.4794180144089694e-6
-9.833185005736052	-5.506294709807438e-6
-9.817477042468104	-5.533348483116876e-6
-9.801769079200154	-5.560580803769159e-6
-9.786061115932206	-5.587993155943e-6
-9.770353152664256	-5.6155870387374886e-6
-9.754645189396308	-5.6433639663486455e-6
-9.738937226128359	-5.671325468247962e-6
-9.723229262860409	-5.69947308936402e-6
-9.707521299592461	-5.727808390266015e-6
-9.691813336324511	-5.75633294735003e-6
-9.676105373056563	-5.785048353027646e-6
-9.660397409788613	-5.813956215917798e-6
-9.644689446520665	-5.8430581610401555e-6
-9.628981483252716	-5.872355830012733e-6
-9.613273519984768	-5.9018508812501655e-6
-9.597565556716818	-5.931544990166747e-6
-9.58185759344887	-5.961439849381179e-6
-9.56614963018092	-5.9915371689242335e-6
-9.55044166691297	-6.0218386764499666e-6
-9.534733703645022	-6.052346117448505e-6
-9.519025740377073	-6.083061255463809e-6
-9.503317777109125	-6.113985872312487e-6
-9.487609813841175	-6.145121768306997e-6
-9.471901850573227	-6.176470762481686e-6
-9.456193887305277	-6.208034692820948e-6
-9.44048592403733	-6.2398154164930655e-6
-9.42477796076938	-6.271814810084289e-6
-9.40906999750143	-6.304034769839058e-6
-9.393362034233482	-6.336477211901219e-6
-9.377654070965532	-6.3691440725607734e-6
-9.361946107697584	-6.402037308502349e-6
-9.346238144429634	-6.435158897058297e-6
-9.330530181161686	-6.468510836466005e-6
-9.314822217893736	-6.502095146126274e-6
-9.299114254625788	-6.5359138668686015e-6
-9.283406291357839	-6.56996906121798e-6
-9.267698328089889	-6.604262813667411e-6
-9.25199036482194	-6.638797230952262e-6
-9.236282401553991	-6.673574442329936e-6
-9.220574438286043	-6.708596599863938e-6
-9.204866475018093	-6.743865878710452e-6
-9.189158511750145	-6.779384477411288e-6
-9.173450548482196	-6.815154618188353e-6
-9.157742585214248	-6.851178547245547e-6
-9.142034621946298	-6.887458535072541e-6
-9.12632665867835	-6.9239968767541645e-6
-9.1106186954104	-6.96079589228406e-6
-9.09491073214245	-6.997857926883267e-6
-9.079202768874502	-7.035185351323136e-6
-9.063494805606553	-7.072780562253163e-6
-9.047786842338605	-7.1106459825332685e-6
-9.032078879070655	-7.148784061572364e-6
-9.016370915802707	-7.187197275669805e-6
-9.000662952534757	-7.225888128363905e-6
-8.984954989266809	-7.264859150784668e-6
-8.96924702599886	-7.3041129020118336e-6
-8.953539062730911	-7.343651969438492e-6
-8.937831099462962	-7.3834789691400425e-6
-8.922123136195012	-7.4235965462491195e-6
-8.906415172927064	-7.464007375335308e-6
-8.890707209659114	-7.504714160791389e-6
-8.874999246391166	-7.545719637225224e-6
-8.859291283123216	-7.58702656985715e-6
-8.843583319855268	-7.628637754924111e-6
-8.827875356587318	-7.670556020089484e-6
-8.81216739331937	-7.712784224858572e-6
-8.79645943005142	-7.755325261003291e-6
-8.780751466783471	-7.798182052988225e-6
-8.765043503515523	-7.841357558408629e-6
-8.749335540247573	-7.884854768431372e-6
-8.733627576979625	-7.928676708245469e-6
-8.717919613711675	-7.972826437516189e-6
-8.702211650443727	-8.017307050850235e-6
-8.686503687175778	-8.06212167826457e-6
-8.67079572390783	-8.107273485665252e-6
-8.65508776063988	-8.152765675330692e-6
-8.63937979737193	-8.198601486407161e-6
-8.623671834103982	-8.244784195406903e-6
-8.607963870836032	-8.291317116716334e-6
-8.592255907568084	-8.33820360311364e-6
-8.576547944300135	-8.385447046292519e-6
-8.560839981032187	-8.43305087739402e-6
-8.545132017764237	-8.481018567548775e-6
-8.529424054496289	-8.529353628425988e-6
-8.51371609122834	-8.57805961279147e-6
-8.498008127960391	-8.627140115075962e-6
-8.482300164692441	-8.676598771949782e-6
-8.466592201424492	-8.72643926290973e-6
-8.450884238156544	-8.776665310873654e-6
-8.435176274888594	-8.8272806827842e-6
-8.419468311620646	-8.878289190223677e-6
-8.403760348352696	-8.929694690037776e-6
-8.388052385084748	-8.981501084970037e-6
-8.372344421816798	-9.033712324305613e-6
-8.35663645854885	-9.086332404526617e-6
-8.3409284952809	-9.13936536997788e-6
-8.325220532012953	-9.19281531354277e-6
-8.309512568745003	-9.246686377330819e-6
-8.293804605477053	-9.300982753376654e-6
-8.278096642209105	-9.355708684349988e-6
-8.262388678941155	-9.410868464277153e-6
-8.246680715673207	-9.466466439275239e-6
-8.230972752405258	-9.522507008298153e-6
-8.21526478913731	-9.578994623894302e-6
-8.19955682586936	-9.635933792977792e-6
-8.183848862601412	-9.693329077611862e-6
-8.168140899333462	-9.751185095805826e-6
-8.152432936065512	-9.809506522324823e-6
-8.136724972797564	-9.86829808951356e-6
-8.121017009529615	-9.927564588133937e-6
-8.105309046261667	-9.987310868216061e-6
-8.089601082993717	-1.0047541839924786e-5
-8.073893119725769	-1.0108262474439881e-5
-8.058185156457819	-1.0169477804851513e-5
-8.042477193189871	-1.0231192927070775e-5
-8.026769229921921	-1.0293413000756274e-5
-8.011061266653972	-1.0356143250255576e-5
-7.995353303386024	-1.0419388965563905e-5
-7.979645340118075	-1.0483155503298205e-5
-7.963937376850126	-1.054744828768905e-5
-7.948229413582177	-1.0612272811587954e-5
-7.932521450314228	-1.0677634637494076e-5
-7.916813487046278	-1.0743539398597506e-5
-7.901105523778329	-1.0809992799840876e-5
-7.8853975605103805	-1.0877000618999287e-5
-7.869689597242432	-1.094456870777971e-5
-7.853981633974483	-1.1012702992938692e-5
-7.838273670706534	-1.108140947742046e-5
-7.822565707438585	-1.115069424151476e-5
-7.806857744170636	-1.1220563444034183e-5
-7.791149780902687	-1.1291023323513969e-5
-7.7754418176347375	-1.1362080199431815e-5
-7.759733854366789	-1.1433740473450321e-5
-7.74402589109884	-1.150601063067887e-5
-7.728317927830891	-1.1578897240962527e-5
-7.712609964562942	-1.1652406960189705e-5
-7.696902001294993	-1.1726546531625238e-5
-7.681194038027044	-1.1801322787268707e-5
-7.665486074759095	-1.1876742649232874e-5
-7.6497781114911465	-1.1952813131152724e-5
-7.634070148223198	-1.2029541339614212e-5
-7.618362184955249	-1.2106934475614823e-5
-7.602654221687299	-1.2184999836044695e-5
-7.58694625841935	-1.2263744815199755e-5
-7.571238295151401	-1.2343176906319875e-5
-7.555530331883452	-1.242330370315525e-5
-7.5398223686155035	-1.2504132901562874e-5
-7.524114405347555	-1.2585672301131125e-5
-7.508406442079606	-1.2667929806835971e-5
-7.492698478811657	-1.2750913430724569e-5
-7.476990515543708	-1.283463129363476e-5
-7.461282552275758	-1.2919091626942922e-5
-7.445574589007809	-1.3004302774345314e-5
-7.4298666257398605	-1.3090273193673802e-5
-7.414158662471912	-1.317701145874491e-5
-7.398450699203963	-1.3264526261243461e-5
-7.382742735936014	-1.3352826412641524e-5
-7.367034772668065	-1.3441920846154791e-5
-7.351326809400116	-1.3531818618734846e-5
-7.335618846132167	-1.3622528913100659e-5
-7.319910882864218	-1.3714061039806615e-5
-7.304202919596269	-1.380642443935267e-5
-7.28849495632832	-1.3899628684332838e-5
-7.272786993060371	-1.3993683481626481e-5
-7.257079029792422	-1.4088598674630813e-5
-7.241371066524473	-1.4184384245537125e-5
-7.225663103256524	-1.4281050317650263e-5
-7.209955139988575	-1.437860715775482e-5
-7.194247176720626	-1.4477065178525836e-5
-7.1785392134526775	-1.457643494098751e-5
-7.162831250184729	-1.4676727157019305e-5
-7.147123286916779	-1.4777952691912466e-5
-7.13141532364883	-1.4880122566975325e-5
-7.115707360380881	-1.4983247962192048e-5
-7.099999397112932	-1.5087340218932479e-5
-7.084291433844983	-1.5192410842715494e-5
-7.0685834705770345	-1.529847150602992e-5
-7.052875507309086	-1.540553405120969e-5
-7.037167544041137	-1.551361049336583e-5
-7.021459580773188	-1.5622713023380753e-5
-7.005751617505239	-1.5732854010959584e-5
-6.99004365423729	-1.5844046007743906e-5
-6.97433569096934	-1.595630175049173e-5
-6.9586277277013915	-1.6069634164315944e-5
-6.942919764433443	-1.6184056365995614e-5
-6.927211801165494	-1.629958166735061e-5
-6.911503837897545	-1.6416223578686286e-5
-6.895795874629596	-1.653399581231044e-5
-6.880087911361647	-1.665291228612114e-5
-6.864379948093698	-1.6772987127270642e-5
-6.848671984825749	-1.6894234675902915e-5
-6.8329640215578	-1.701666948897199e-5
-6.817256058289851	-1.7140306344137583e-5
-6.801548095021902	-1.726516024374347e-5
-6.785840131753953	-1.7391246418879117e-5
-6.770132168486004	-1.7518580333528087e-5
-6.754424205218055	-1.7647177688801954e-5
-6.738716241950106	-1.777705442726701e-5
-6.7230082786821574	-1.7908226737359362e-5
-6.707300315414209	-1.8040711057897963e-5
-6.69159235214626	-1.8174524082691547e-5
-6.675884388878311	-1.8309682765246108e-5
-6.660176425610361	-1.8446204323573678e-5
-6.644468462342412	-1.8584106245103515e-5
-6.628760499074463	-1.872340629170219e-5
-6.613052535806514	-1.886412250480187e-5
-6.5973445725385655	-1.9006273210638335e-5
-6.581636609270617	-1.9149877025608386e-5
-6.565928646002668	-1.9294952861740515e-5
-6.550220682734719	-1.9441519932289177e-5
-6.53451271946677	-1.9589597757450155e-5
-6.51880475619882	-1.973920617020539e-5
-6.503096792930871	-1.989036532229653e-5
-6.4873888296629225	-2.004309569033119e-5
-6.471680866394974	-2.0197418082028544e-5
-6.455972903127025	-2.0353353642601493e-5
-6.440264939859076	-2.0510923861286452e-5
-6.424556976591127	-2.0670150578020183e-5
-6.408849013323178	-2.0831055990266525e-5
-6.393141050055229	-2.0993662660000163e-5
-6.37743308678728	-2.1157993520850057e-5
-6.3617251235193315	-2.1324071885407333e-5
-6.346017160251382	-2.1491921452698562e-5
-6.330309196983433	-2.1661566315837454e-5
-6.314601233715484	-2.1833030969846607e-5
-6.298893270447535	-2.2006340319669332e-5
-6.283185307179586	-2.2181519688362354e-5
-6.267477343911637	-2.2358594825481346e-5
-6.2517693806436885	-2.2537591915669424e-5
-6.23606141737574	-2.2718537587439298e-5
-6.220353454107791	-2.2901458922174086e-5
-6.204645490839841	-2.3086383463329817e-5
-6.188937527571892	-2.3273339225871428e-5
-6.173229564303943	-2.3462354705922064e-5
-6.157521601035994	-2.3653458890654166e-5
-6.1418136377680455	-2.3846681268412728e-5
-6.126105674500097	-2.404205183908782e-5
-6.110397711232148	-2.4239601124737762e-5
-6.094689747964199	-2.4439360180472454e-5
-6.07898178469625	-2.464136060560058e-5
-6.063273821428301	-2.484563455505695e-5
-6.047565858160352	-2.5052214751106353e-5
-6.031857894892402	-2.5261134495338926e-5
-6.0161499316244536	-2.547242768096637e-5
-6.000441968356505	-2.568612880542424e-5
-5.984734005088556	-2.5902272983287878e-5
-5.969026041820607	-2.6120895959517895e-5
-5.953318078552658	-2.6342034123038616e-5
-5.937610115284709	-2.6565724520660434e-5
-5.92190215201676	-2.679200487135657e-5
-5.906194188748811	-2.7020913580911112e-5
-5.890486225480862	-2.725248975693413e-5
-5.874778262212913	-2.7486773224271745e-5
-5.859070298944964	-2.77238045408132e-5
-5.843362335677015	-2.7963625013709617e-5
-5.827654372409066	-2.820627671601411e-5
-5.811946409141117	-2.845180250376528e-5
-5.796238445873168	-2.870024603351242e-5
-5.7805304826052195	-2.8951651780310975e-5
-5.764822519337271	-2.9206065056195983e-5
-5.749114556069322	-2.9463532029144883e-5
-5.733406592801373	-2.9724099742554103e-5
-5.717698629533423	-2.9987816135236465e-5
-5.701990666265474	-3.025473006196213e-5
-5.686282702997525	-3.052489131455864e-5
-5.6705747397295765	-3.079835064358366e-5
-5.654866776461628	-3.1075159780596106e-5
-5.639158813193679	-3.135537146104037e-5
-5.62345084992573	-3.163903944776341e-5
-5.607742886657781	-3.192621855518723e-5
-5.592034923389832	-3.2216964674155164e-5
-5.576326960121882	-3.2511334797478966e-5
-5.5606189968539335	-3.280938704620793e-5
-5.544911033585985	-3.311118069663424e-5
-5.529203070318036	-3.3416776208083465e-5
-5.513495107050087	-3.37262352514859e-5
-5.497787143782138	-3.4039620738780036e-5
-5.482079180514189	-3.4356996853164665e-5
-5.46637121724624	-3.467842908022807e-5
-5.450663253978291	-3.500398423999098e-5
-5.4349552907103424	-3.5333730519888114e-5
-5.419247327442394	-3.566773750872765e-5
-5.403539364174444	-3.600607623165667e-5
-5.387831400906495	-3.634881918616747e-5
-5.372123437638546	-3.669604037919367e-5
-5.356415474370597	-3.704781536531676e-5
-5.340707511102648	-3.740422128613717e-5
-5.324999547834699	-3.7765336910849176e-5
-5.3092915845667505	-3.813124267805312e-5
-5.293583621298802	-3.850202073886748e-5
-5.277875658030853	-3.8877755001374964e-5
-5.262167694762903	-3.92585311764575e-5
-5.246459731494954	-3.964443682507151e-5
-5.230751768227005	-4.003556140701763e-5
-5.215043804959056	-4.043199633126383e-5
-5.1993358416911075	-4.083383500787337e-5
-5.183627878423159	-4.1241172901612516e-5
-5.16791991515521	-4.165410758728785e-5
-5.152211951887261	-4.207273880689504e-5
-5.136503988619312	-4.249716852864218e-5
-5.120796025351363	-4.292750100791937e-5
-5.105088062083414	-4.336384285030619e-5
-5.0893800988154645	-4.380630307668215e-5
-5.073672135547516	-4.4254993190539495e-5
-5.057964172279567	-4.4710027247580715e-5
-5.042256209011618	-4.517152192769825e-5
-5.026548245743669	-4.5639596609440326e-5
-5.01084028247572	-4.611437344705916e-5
-4.995132319207771	-4.65959774502617e-5
-4.979424355939822	-4.7084536566771725e-5
-4.9637163926718735	-4.758018176783081e-5
-4.948008429403924	-4.808304713676791e-5
-4.932300466135975	-4.8593269960767825e-5
-4.916592502868026	-4.9110990825993676e-5
-4.900884539600077	-4.963635371620839e-5
-4.885176576332128	-5.016950611506857e-5
-4.869468613064179	-5.0710599112237076e-5
-4.8537606497962305	-5.125978751353338e-5
-4.838052686528282	-5.181722995528798e-5
-4.822344723260333	-5.238308902312086e-5
-4.806636759992384	-5.2957531375356024e-5
-4.790928796724435	-5.354072787132368e-5
-4.775220833456485	-5.41328537047817e-5
-4.759512870188536	-5.47340885427453e-5
-4.743804906920587	-5.534461667001032e-5
-4.7280969436526386	-5.596462713967843e-5
-4.71238898038469	-5.65943139300443e-5
-4.696681017116741	-5.72338761081904e-5
-4.680973053848792	-5.788351800071254e-5
-4.665265090580843	-5.8543449372025e-5
-4.649557127312894	-5.921388561069913e-5
-4.633849164044944	-5.9895047924442757e-5
-4.6181412007769955	-6.05871635442614e-5
-4.602433237509047	-6.129046593854697e-5
-4.586725274241098	-6.200519503784754e-5
-4.571017310973149	-6.273159747125249e-5
-4.5553093477052	-6.346992681545915e-5
-4.539601384437251	-6.422044385780631e-5
-4.523893421169302	-6.49834168748622e-5
-4.508185457901353	-6.575912192851914e-5
-4.4924774946334045	-6.654784318214768e-5
-4.476769531365456	-6.734987324015671e-5
-4.461061568097506	-6.816551351559846e-5
-4.445353604829557	-6.899507463234855e-5
-4.429645641561608	-6.983887687160231e-5
-4.413937678293659	-7.069725067769412e-5
-4.39822971502571	-7.157053724751001e-5
-4.3825217517577615	-7.24590892447754e-5
-4.366813788489813	-7.336327171312232e-5
-4.351105825221864	-7.428346332852485e-5
-4.335397861953915	-7.522005827661327e-5
-4.319689898685965	-7.617346938089187e-5
-4.303981935418016	-7.714413398388317e-5
-4.288273972150067	-7.813252660461712e-5
-4.2725660088821185	-7.913919076720077e-5
-4.25685804561417	-8.016483604065058e-5
-4.241150082346221	-8.121072443270251e-5
-4.225442119078272	-8.228105322138885e-5
-4.209734155810323	-8.342371834982918e-5
-4.194026192542374	-8.47513448143569e-5
-4.178318229274425	-8.560072086083513e-5
-4.162610266006476	-8.673572139139843e-5
-4.146902302738527	-8.790305403589847e-5
-4.131194339470578	-8.909646346741171e-5
-4.115486376202629	-9.031676488013749e-5
-4.09977841293468	-9.15681053541136e-5
-4.084070449666731	-9.286455076881087e-5
-4.068362486398782	-9.428645242663034e-5
-4.052654523130833	-9.838582749511911e-5
-4.036946559862884	-9.755320392489343e-5
-4.0212385965949355	-9.825008372913608e-5
-4.005530633326986	-9.957505363707202e-5
-3.9898226700590373	-0.00010098740206632164
-3.9741147067910885	-0.00010244944606362117
-3.958406743523139	-0.00010395961592251657
-3.9426987802551903	-0.00010553341320410031
-3.9269908169872414	-0.00010723886310946581
-3.9112828537192925	-0.0001096177955882836
-3.8955748904513436	-0.0003691274661040112
-3.8798669271833943	-0.00011297598134964253
-3.8641589639154454	-0.00011396427667637861
-3.8484510006474966	-0.00011578759048094059
-3.8327430373795477	-0.00011887562771547704
-3.817035074111599	-0.00020240420657796407
-3.8013271108436495	-0.00012198180862219959
-3.7856191475757006	-0.00012316782776631015
-3.7699111843077517	-0.0001251365379980128
-3.754203221039803	-0.0001280712695482875
-3.738495257771854	-0.00013335744446036548
-3.7227872945039047	-0.00013212138426452227
-3.707079331235956	-0.00013520347943604173
-3.691371367968007	-0.00014122265841768922
-3.675663404700058	-0.00018471383712651517
-3.659955441432109	-0.00021200217563873585
-3.64424747816416	-0.0001493742165377114
-3.628539514896211	-0.00014747759746465547
-3.612831551628262	-0.00014911543703307077
-3.597123588360313	-0.00015218814653245844
-3.5814156250923643	-0.00015522032307365734
-3.565707661824415	-0.00015984522277408034
-3.549999698556466	-0.0001695470395339672
-3.5342917352885173	-0.0003263820750675672
-3.5185837720205684	-0.0009673934124525337
-3.5028758087526195	-0.00023547996796020168
-3.48716784548467	-0.00018494190681876238
-3.4714598822167213	-0.00018251924999787287
-3.4557519189487724	-0.00019249786479368455
-3.4400439556808236	-0.0011572300492731248
-3.4243359924128747	-0.0002070341030710519
-3.4086280291449254	-0.00020274012716954703
-3.3929200658769765	-0.00026227103339223126
-3.3772121026090276	-0.00030612617594351214
-3.3615041393410787	-0.0008445017213038547
-3.34579617607313	-0.00022648966009787338
-3.3300882128051805	-0.00023248883478921363
-3.3143802495372316	-0.0002650904216048442
-3.2986722862692828	-0.0004978479602550932
-3.282964323001334	-0.0028685416722655428
-3.267256359733385	-0.00033826959748721176
-3.2515483964654357	-0.00029300940143309277
-3.235840433197487	-0.0009957955652269111
-3.220132469929538	-0.00032601813967002296
-3.204424506661589	-0.0002959109476841209
-3.18871654339364	-0.000319849452089351
-3.173008580125691	-0.00042312623626102617
-3.157300616857742	-0.008312926808802362
-3.141592653589793	-0.0038997062012783726
-3.1258846903218442	-0.0015763373710488758
-3.1101767270538954	-0.0004822102681258808
-3.094468763785946	-0.00040013517237069587
-3.078760800517997	-0.0011058620109434128
-3.0630528372500483	-0.00039885703437554605
-3.0473448739820994	-0.0004403190797102658
-3.0316369107141505	-0.0005996595602597774
-3.015928947446201	-0.0017227150864201504
-3.0002209841782523	-0.013479182019476735
-2.9845130209103035	-0.003800300000373923
-2.9688050576423546	-0.0006085754937490861
-2.9530970943744057	-0.0005007295312910703
-2.9373891311064564	-0.0005027348008599848
-2.9216811678385075	-0.0006731479351183
-2.9059732045705586	-0.0011229245858322369
-2.8902652413026098	-0.0007340482145753439
-2.874557278034661	-0.0050641866909120654
-2.8588493147667116	-0.007820489220837936
-2.8431413514987627	-0.004817915483323886
-2.827433388230814	-0.0011964833353064809
-2.811725424962865	-0.0009677168946105154
-2.796017461694916	-0.0013752057008096295
-2.7803094984269667	-0.011850206726864073
-2.764601535159018	-0.0212275039801634
-2.748893571891069	-0.001675934523241727
-2.73318560862312	-0.0014488750494478307
-2.7174776453551712	-0.004606149728693504
-2.701769682087222	-0.028988540040810556
-2.686061718819273	-0.0017767438329828527
-2.670353755551324	-0.0017947220753600588
-2.6546457922833753	-0.0030151134914685753
-2.6389378290154264	-0.010084419574027809
-2.623229865747477	-1.7623340805648553
-2.607521902479528	-0.030996618333202337
-2.5918139392115793	-0.003804539137821775
-2.5761059759436304	-0.003858950744025429
-2.5603980126756816	-0.002788015194405618
-2.5446900494077322	-0.002494637587767826
-2.5289820861397834	-0.003522431132510289
-2.5132741228718345	-0.004271598771094348
-2.4975661596038856	-0.027066992313821252
-2.4818581963359367	-0.07986546857898154
-2.4661502330679874	-0.097841394475975
-2.4504422698000385	-0.009139426714482623
-2.4347343065320897	-0.004038829211713431
-2.419026343264141	-0.013114842214479987
-2.403318379996192	-0.0033119276982401798
-2.3876104167282426	-0.012565387367482469
-2.3719024534602937	-0.006747776340384976
-2.356194490192345	-0.011979639306866255
-2.340486526924396	-1.7509562956995945
-2.324778563656447	-0.05151210532147003
-2.3090706003884978	-0.007709394470027026
-2.293362637120549	-0.00402938401998648
-2.2776546738526	-0.004172748976691178
-2.261946710584651	-0.009780439025917215
-2.2462387473167023	-0.03220778198728347
-2.230530784048753	-0.7307122519187601
-2.214822820780804	-0.010358663579921346
-2.199114857512855	-0.03101119334891439
-2.1834068942449063	-0.0847807187482772
-2.1676989309769574	-0.017499602806924593
-2.151990967709008	-0.009827692779116635
-2.1362830044410592	-0.016423921156270782
-2.1205750411731104	-0.09168671375587294
-2.1048670779051615	-0.2660783096237187
-2.0891591146372126	-0.07824169661700697
-2.0734511513692633	-0.017971770768534213
-2.0577431881013144	-0.011419441886063584
-2.0420352248333655	-0.036851462542005775
-2.0263272615654166	-0.01783260069338748
-2.0106192982974678	-0.03563364082352058
-1.9949113350295187	-0.02685248845701318
-1.9792033717615696	-0.07941821869295144
-1.9634954084936207	-2.381879622457623
-1.9477874452256718	-8.241028603041256
-1.9320794819577227	-0.06791412739176783
-1.9163715186897738	-0.025547684217872457
-1.9006635554218247	-0.01825217243323916
-1.8849555921538759	-0.04202296108631042
-1.869247628885927	-0.5082667343114814
-1.853539665617978	-0.04016840410495844
-1.837831702350029	-0.0426628006393699
-1.82212373908208	-0.2262888656044836
-1.806415775814131	-3.6233860564276648
-1.7907078125461822	-0.13197624835921426
-1.774999849278233	-0.03498437533271243
-1.7592918860102842	-0.02606927422274496
-1.743583922742335	-0.03847394448362198
-1.7278759594743862	-0.447305412630682
-1.7121679962064373	-0.32886657448894246
-1.6964600329384882	-0.0496823949952225
-1.6807520696705394	-0.03606214026676281
-1.6650441064025903	-3.0415335240064434
-1.6493361431346414	-0.06397085083150526
-1.6336281798666925	-0.029591130178372158
-1.6179202165987434	-0.03500566865613361
-1.6022122533307945	-0.09739307830558239
-1.5865042900628454	-2.914087953111138
-1.5707963267948966	-1.9508721140322283
-1.5550883635269477	-0.26517023453939453
-1.5393804002589986	-0.048383926804195364
-1.5236724369910497	-0.037341872713493714
-1.5079644737231006	-0.06170395185916896
-1.4922565104551517	-0.04112084408445242
-1.4765485471872029	-0.24717807467518674
-1.4608405839192538	-0.10851093258220551
-1.4451326206513049	-0.7629367219979983
-1.4294246573833558	-1.193204918247065
-1.413716694115407	-0.4930926764421959
-1.398008730847458	-0.06065516645574813
-1.382300767579509	-0.038359220137901044
-1.36659280431156	-0.03915452115640555
-1.350884841043611	-0.16748159945086574
-1.335176877775662	-0.07685546738298032
-1.3194689145077132	-0.10244783656026434
-1.303760951239764	-0.19729028436429086
-1.2880529879718152	-5.4472119767502365
-1.2723450247038661	-1.1705324030791064
-1.2566370614359172	-0.11671665237832446
-1.2409290981679684	-0.08950483044254079
-1.2252211349000193	-0.17951862978509295
-1.2095131716320704	-12.056044496069147
-1.1938052083641213	-5.73442143592733
-1.1780972450961724	-0.13117763860766926
-1.1623892818282235	-0.07297410524930442
-1.1466813185602744	-0.10517406630181572
-1.1309733552923256	-2.1712559109061607
-1.1152653920243765	-0.10564649460024206
-1.0995574287564276	-0.1245084512463139
-1.0838494654884787	-0.26083225454910486
-1.0681415022205296	-1.563727100732871
-1.0524335389525807	-10.922120105323488
-1.0367255756846316	-1.0103336768106297
-1.0210176124166828	-0.2075372450657595
-1.0053096491487339	-0.11152637104434233
-0.9896016858807848	-0.09302007802767939
-0.9738937226128359	-0.15599456211442117
-0.9581857593448869	-0.15405236491445945
-0.9424777960769379	-0.17962875673888237
-0.926769832808989	-0.4967984348553457
-0.91106186954104	-11.753940430071992
-0.8953539062730911	-2.4284159122481443
-0.8796459430051421	-0.352560704317074
-0.8639379797371931	-0.14837894120213055
-0.8482300164692441	-0.10463921587700349
-0.8325220532012951	-0.14787903585366727
-0.8168140899333463	-5.532729361904768
-0.8011061266653973	-0.2015739517810683
-0.7853981633974483	-0.1219339577387597
-0.7696902001294993	-0.46028818648268605
-0.7539822368615503	-4.572639560737485
-0.7382742735936014	-0.18030149876130824
-0.7225663103256524	-0.09257640951478155
-0.7068583470577035	-0.1346261738000325
-0.6911503837897545	-0.8651866297359206
-0.6754424205218055	-0.9738556676220476
-0.6597344572538566	-3.6482171483766126
-0.6440264939859076	-0.17262094068852338
-0.6283185307179586	-0.09620533853155191
-0.6126105674500096	-0.5187629950132402
-0.5969026041820606	-0.12471664396421672
-0.5811946409141118	-0.10499180494285756
-0.5654866776461628	-0.18052749205699606
-0.5497787143782138	-0.5825031539537571
-0.5340707511102648	-38.331449304611105
-0.5183627878423158	-0.9645574943925543
-0.5026548245743669	-0.24818985400552257
-0.48694686130641796	-0.11536637815988178
-0.47123889803846897	-0.08328326593254884
-0.45553093477052	-0.18728232350659743
-0.43982297150257105	-0.0926531259771292
-0.42411500823462206	-0.13119039343063132
-0.4084070449666731	-0.27585819052167937
-0.39269908169872414	-1.3169086072659315
-0.37699111843077515	-15.877990498568009
-0.3612831551628262	-0.580817621280072
-0.34557519189487723	-0.21836250993913947
-0.3298672286269283	-0.196970270429717
-0.3141592653589793	-0.7026694975249671
-0.2984513020910303	-2.633747852553777
-0.2827433388230814	-0.2999556886320022
-0.2670353755551324	-0.10941354504504637
-0.25132741228718347	-0.1177068442237076
-0.23561944901923448	-0.579482111791961
-0.21991148575128552	-0.4228580170590986
-0.20420352248333656	-0.1598702380746065
-0.18849555921538758	-0.23612639962450252
-0.17278759594743862	-0.6582679989280055
-0.15707963267948966	-9.88086216801424
-0.1413716694115407	-2.582917004095201
-0.12566370614359174	-0.4182071701741785
-0.10995574287564276	-0.16397377833176527
-0.09424777960769379	-0.08693008098160414
-0.07853981633974483	-0.14687224568214863
-0.06283185307179587	-0.03455273156237016
-0.047123889803846894	-0.02120538777004912
-0.031415926535897934	-0.012622059723020508
-0.015707963267948967	-0.005927587469331417
0.0	-2.822282274947451e-17
0.015707963267948967	0.005927587469331528
0.031415926535897934	0.012622059723020627
0.047123889803846894	0.021205387770049013
0.06283185307179587	0.03455273156237007
0.07853981633974483	0.1468722456821488
0.09424777960769379	0.0869300809816042
0.10995574287564276	0.1639737783317654
0.12566370614359174	0.41820717017417947
0.1413716694115407	2.5829170040951914
0.15707963267948966	9.880862168014232
0.17278759594743862	0.6582679989280054
0.18849555921538758	0.23612639962450266
0.20420352248333656	0.15987023807460635
0.21991148575128552	0.4228580170590951
0.23561944901923448	0.5794821117919611
0.25132741228718347	0.1177068442237079
0.2670353755551324	0.10941354504504693
0.2827433388230814	0.2999556886320028
0.2984513020910303	2.633747852553772
0.3141592653589793	0.7026694975249675
0.3298672286269283	0.19697027042971765
0.34557519189487723	0.21836250993913922
0.3612831551628262	0.5808176212800714
0.37699111843077515	15.87799049856797
0.39269908169872414	1.316908607265934
0.4084070449666731	0.2758581905216791
0.42411500823462206	0.1311903934306314
0.43982297150257105	0.09265312597713002
0.45553093477052	0.18728232350660007
0.47123889803846897	0.08328326593254887
0.48694686130641796	0.11536637815988178
0.5026548245743669	0.24818985400552324
0.5183627878423158	0.9645574943925536
0.5340707511102648	38.331449304611326
0.5497787143782138	0.5825031539537591
0.5654866776461628	0.18052749205699634
0.5811946409141118	0.10499180494285727
0.5969026041820606	0.12471664396421807
0.6126105674500096	0.5187629950132373
0.6283185307179586	0.09620533853155348
0.6440264939859076	0.17262094068852363
0.6597344572538566	3.648217148376639
0.6754424205218055	0.97385566762205
0.6911503837897545	0.8651866297359326
0.7068583470577035	0.1346261738000327
0.7225663103256524	0.09257640951478288
0.7382742735936014	0.18030149876131277
0.7539822368615503	4.572639560737541
0.7696902001294993	0.4602881864826905
0.7853981633974483	0.12193395773876076
0.8011061266653973	0.20157395178106807
0.8168140899333463	5.532729361904779
0.8325220532012951	0.14787903585366785
0.8482300164692441	0.10463921587700381
0.8639379797371931	0.14837894120213171
0.8796459430051421	0.3525607043170755
0.8953539062730911	2.42841591224816
0.91106186954104	11.753940430072474
0.926769832808989	0.49679843485535347
0.9424777960769379	0.17962875673889217
0.9581857593448869	0.15405236491446078
0.9738937226128359	0.15599456211442267
0.9896016858807848	0.09302007802768214
1.0053096491487339	0.11152637104434536
1.0210176124166828	0.20753724506576432
1.0367255756846316	1.0103336768106534
1.0524335389525807	10.922120105323819
1.0681415022205296	1.5637271007329427
1.0838494654884787	0.2608322545491101
1.0995574287564276	0.12450845124631747
1.1152653920243765	0.10564649460024807
1.1309733552923256	2.1712559109062757
1.1466813185602744	0.10517406630182112
1.1623892818282235	0.07297410524930592
1.1780972450961724	0.13117763860767556
1.1938052083641213	5.734421435927757
1.2095131716320704	12.05604449607001
1.2252211349000193	0.17951862978510716
1.2409290981679684	0.08950483044254652
1.2566370614359172	0.11671665237833016
1.2723450247038661	1.1705324030791597
1.2880529879718152	5.447211976750451
1.303760951239764	0.19729028436430224
1.3194689145077132	0.10244783656027111
1.335176877775662	0.07685546738298298
1.350884841043611	0.16748159945087185
1.36659280431156	0.039154521156407086
1.382300767579509	0.03835922013790272
1.398008730847458	0.060655166455751044
1.413716694115407	0.49309267644223176
1.4294246573833558	1.1932049182471356
1.4451326206513049	0.7629367219980526
1.4608405839192538	0.1085109325822124
1.4765485471872029	0.24717807467520153
1.4922565104551517	0.0411208440844542
1.5079644737231006	0.061703951859172844
1.5236724369910497	0.037341872713495455
1.5393804002589986	0.048383926804199166
1.5550883635269477	0.26517023453940775
1.5707963267948966	1.950872114032343
1.5865042900628454	2.9140879531113533
1.6022122533307945	0.09739307830558866
1.6179202165987434	0.035005668656135316
1.6336281798666925	0.029591130178373684
1.6493361431346414	0.06397085083150862
1.6650441064025903	3.041533524006634
1.6807520696705394	0.03606214026676471
1.6964600329384882	0.0496823949952253
1.7121679962064373	0.32886657448895523
1.7278759594743862	0.44730541263070883
1.743583922742335	0.038473944483623956
1.7592918860102842	0.026069274222746887
1.774999849278233	0.034984375332713986
1.7907078125461822	0.13197624835921998
1.806415775814131	3.623386056427841
1.82212373908208	0.22628886560449424
1.837831702350029	0.042662800639371806
1.853539665617978	0.04016840410495999
1.869247628885927	0.5082667343115047
1.8849555921538759	0.04202296108631208
1.9006635554218247	0.01825217243324005
1.9163715186897738	0.025547684217873987
1.9320794819577227	0.06791412739177095
1.9477874452256718	8.241028603041517
1.9634954084936207	2.3818796224576975
1.9792033717615696	0.07941821869295468
1.9949113350295187	0.02685248845701445
2.0106192982974678	0.03563364082352185
2.0263272615654166	0.01783260069338812
2.0420352248333655	0.036851462542007406
2.0577431881013144	0.011419441886064198
2.0734511513692633	0.01797177076853486
2.0891591146372126	0.07824169661701011
2.1048670779051615	0.26607830962373374
2.1205750411731104	0.09168671375587728
2.1362830044410592	0.016423921156271486
2.151990967709008	0.009827692779116982
2.1676989309769574	0.017499602806925075
2.1834068942449063	0.08478071874827886
2.199114857512855	0.03101119334891557
2.214822820780804	0.010358663579921604
2.230530784048753	0.730712251918799
2.2462387473167023	0.03220778198728442
2.261946710584651	0.00978043902591747
2.2776546738526	0.004172748976691334
2.293362637120549	0.004029384019986646
2.3090706003884978	0.007709394470027297
2.324778563656447	0.05151210532147199
2.340486526924396	1.7509562956996547
2.356194490192345	0.011979639306866824
2.3719024534602937	0.006747776340385124
2.3876104167282426	0.012565387367483062
2.403318379996192	0.00331192769824026
2.419026343264141	0.01311484221447947
2.4347343065320897	0.004038829211713543
2.4504422698000385	0.00913942671448286
2.4661502330679874	0.09784139447597828
2.4818581963359367	0.07986546857898458
2.4975661596038856	0.027066992313821914
2.5132741228718345	0.004271598771094447
2.5289820861397834	0.0035224311325104413
2.5446900494077322	0.002494637587767881
2.5603980126756816	0.0027880151944055715
2.5761059759436304	0.003858950744025506
2.5918139392115793	0.003804539137821856
2.607521902479528	0.030996618333203062
2.623229865747477	1.7623340805648882
2.6389378290154264	0.010084419574028006
2.6546457922833753	0.003015113491468703
2.670353755551324	0.0017947220753600748
2.686061718819273	0.001776743832982859
2.701769682087222	0.02898854004081345
2.7174776453551712	0.004606149728693644
2.73318560862312	0.0014488750494478899
2.748893571891069	0.0016759345232417455
2.764601535159018	0.02122750398016341
2.7803094984269667	0.011850206726864194
2.796017461694916	0.0013752057008096189
2.811725424962865	0.0009677168946105508
2.827433388230814	0.0011964833353065234
2.8431413514987627	0.004817915483323988
2.8588493147667116	0.007820489220838103
2.874557278034661	0.005064186690912187
2.8902652413026098	0.0007340482145753616
2.9059732045705586	0.0011229245858322397
2.9216811678385075	0.0006731479351183115
2.9373891311064564	0.0005027348008599958
2.9530970943744057	0.0005007295312910846
2.9688050576423546	0.0006085754937490976
2.9845130209103035	0.0038003000003742804
3.0002209841782523	0.013479182019476652
3.015928947446201	0.0017227150864201545
3.0316369107141505	0.0005996595602597911
3.0473448739820994	0.00044031907971028394
3.0630528372500483	0.00039885703437555754
3.078760800517997	0.001105862010943408
3.094468763785946	0.00040013517237070514
3.1101767270538954	0.00048221026812589286
3.1258846903218442	0.0015763373710489185
3.141592653589793	0.0038997062012784333
3.157300616857742	0.008312926808802211
3.173008580125691	0.00042312623626103945
3.18871654339364	0.00031984945208936245
3.204424506661589	0.00029591094768412733
3.220132469929538	0.00032601813967002925
3.235840433197487	0.0009957955652269178
3.2515483964654357	0.00029300940143309976
3.267256359733385	0.00033826959748721534
3.282964323001334	0.002868541672265575
3.2986722862692828	0.0004978479602551063
3.3143802495372316	0.0002650904216048526
3.3300882128051805	0.00023248883478922216
3.34579617607313	0.00022648966009788102
3.3615041393410787	0.0008445017213038742
3.3772121026090276	0.00030612617594351956
3.3929200658769765	0.0002622710333922382
3.4086280291449254	0.00020274012716955318
3.4243359924128747	0.0002070341030710563
3.4400439556808236	0.0011572300492731283
3.4557519189487724	0.0001924978647936836
3.4714598822167213	0.0001825192499978749
3.48716784548467	0.00018494190681876373
3.5028758087526195	0.0002354799679602033
3.5185837720205684	0.0009673934124525388
3.5342917352885173	0.0003263820750675693
3.549999698556466	0.00016954703953395815
3.565707661824415	0.00015984522277408153
3.5814156250923643	0.00015522032307366043
3.597123588360313	0.00015218814653246158
3.612831551628262	0.0001491154370330726
3.628539514896211	0.0001474775974646592
3.64424747816416	0.00014937421653771384
3.659955441432109	0.00021200217563873991
3.675663404700058	0.00018471383712651693
3.691371367968007	0.00014122265841769256
3.707079331235956	0.00013520347943604466
3.7227872945039047	0.00013212138426452576
3.738495257771854	0.00013335744446036856
3.754203221039803	0.00012807126954829354
3.7699111843077517	0.00012513653799801832
3.7856191475757006	0.000123167827766316
3.8013271108436495	0.00012198180862220612
3.817035074111599	0.00020240420657796634
3.8327430373795477	0.00011887562771548109
3.8484510006474966	0.00011578759048094645
3.8641589639154454	0.00011396427667638556
3.8798669271833943	0.00011297598134964926
3.8955748904513436	0.00036912746610401163
3.9112828537192925	0.00010961779558829085
3.9269908169872414	0.00010723886310947119
3.9426987802551903	0.00010553341320410615
3.958406743523139	0.00010395961592252178
3.9741147067910885	0.00010244944606362783
3.9898226700590373	0.0001009874020663273
4.005530633326986	9.957505363707771e-5
4.0212385965949355	9.825008372914188e-5
4.036946559862884	9.755320392489748e-5
4.052654523130833	9.838582749512281e-5
4.068362486398782	9.428645242663614e-5
4.084070449666731	9.286455076881427e-5
4.09977841293468	9.156810535411866e-5
4.115486376202629	9.031676488013992e-5
4.131194339470578	8.909646346741526e-5
4.146902302738527	8.790305403590017e-5
4.162610266006476	8.673572139139607e-5
4.178318229274425	8.560072086083159e-5
4.194026192542374	8.475134481435326e-5
4.209734155810323	8.342371834982283e-5
4.225442119078272	8.228105322138611e-5
4.241150082346221	8.121072443270079e-5
4.25685804561417	8.01648360406499e-5
4.2725660088821185	7.913919076719969e-5
4.288273972150067	7.813252660461842e-5
4.303981935418016	7.714413398388286e-5
4.319689898685965	7.617346938089371e-5
4.335397861953915	7.52200582766144e-5
4.351105825221864	7.428346332852443e-5
4.366813788489813	7.336327171312328e-5
4.3825217517577615	7.245908924477518e-5
4.39822971502571	7.157053724751043e-5
4.413937678293659	7.069725067769669e-5
4.429645641561608	6.983887687160444e-5
4.445353604829557	6.89950746323503e-5
4.461061568097506	6.816551351560112e-5
4.476769531365456	6.734987324015902e-5
4.4924774946334045	6.654784318214777e-5
4.508185457901353	6.575912192852104e-5
4.523893421169302	6.498341687486488e-5
4.539601384437251	6.42204438578092e-5
4.5553093477052	6.34699268154587e-5
4.571017310973149	6.273159747125264e-5
4.586725274241098	6.200519503784945e-5
4.602433237509047	6.129046593854808e-5
4.6181412007769955	6.0587163544262356e-5
4.633849164044944	5.9895047924444817e-5
4.649557127312894	5.921388561070113e-5
4.665265090580843	5.854344937202769e-5
4.680973053848792	5.788351800071603e-5
4.696681017116741	5.7233876108193296e-5
4.71238898038469	5.659431393004784e-5
4.7280969436526386	5.596462713968121e-5
4.743804906920587	5.534461667001413e-5
4.759512870188536	5.473408854274861e-5
4.775220833456485	5.413285370478441e-5
4.790928796724435	5.354072787132569e-5
4.806636759992384	5.295753137535957e-5
4.822344723260333	5.2383089023122136e-5
4.838052686528282	5.181722995529051e-5
4.8537606497962305	5.125978751353528e-5
4.869468613064179	5.071059911223911e-5
4.885176576332128	5.0169506115069884e-5
4.900884539600077	4.9636353716210975e-5
4.916592502868026	4.911099082599503e-5
4.932300466135975	4.859326996077009e-5
4.948008429403924	4.8083047136770534e-5
4.9637163926718735	4.758018176783312e-5
4.979424355939822	4.708453656677317e-5
4.995132319207771	4.659597745026388e-5
5.01084028247572	4.611437344706056e-5
5.026548245743669	4.563959660944236e-5
5.042256209011618	4.5171521927700066e-5
5.057964172279567	4.471002724758126e-5
5.073672135547516	4.4254993190541007e-5
5.0893800988154645	4.380630307668329e-5
5.105088062083414	4.33638428503042e-5
5.120796025351363	4.2927501007916575e-5
5.136503988619312	4.249716852864031e-5
5.152211951887261	4.207273880689377e-5
5.16791991515521	4.165410758728614e-5
5.183627878423159	4.124117290161155e-5
5.1993358416911075	4.083383500787314e-5
5.215043804959056	4.0431996331263565e-5
5.230751768227005	4.0035561407017424e-5
5.246459731494954	3.9644436825071424e-5
5.262167694762903	3.92585311764576e-5
5.277875658030853	3.887775500137519e-5
5.293583621298802	3.8502020738867524e-5
5.3092915845667505	3.813124267805321e-5
5.324999547834699	3.776533691084963e-5
5.340707511102648	3.740422128613753e-5
5.356415474370597	3.704781536531656e-5
5.372123437638546	3.669604037919413e-5
5.387831400906495	3.634881918616815e-5
5.403539364174444	3.600607623165789e-5
5.419247327442394	3.566773750872806e-5
5.4349552907103424	3.5333730519887585e-5
5.450663253978291	3.5003984239990585e-5
5.46637121724624	3.467842908022866e-5
5.482079180514189	3.435699685316559e-5
5.497787143782138	3.403962073878122e-5
5.513495107050087	3.372623525148642e-5
5.529203070318036	3.3416776208084624e-5
5.544911033585985	3.3111180696634225e-5
5.5606189968539335	3.280938704620806e-5
5.576326960121882	3.2511334797479996e-5
5.592034923389832	3.221696467415503e-5
5.607742886657781	3.192621855518772e-5
5.62345084992573	3.1639039447763605e-5
5.639158813193679	3.135537146104139e-5
5.654866776461628	3.107515978059656e-5
5.6705747397295765	3.079835064358511e-5
5.686282702997525	3.052489131455971e-5
5.701990666265474	3.025473006196417e-5
5.717698629533423	2.9987816135237458e-5
5.733406592801373	2.9724099742554814e-5
5.749114556069322	2.9463532029146103e-5
5.764822519337271	2.9206065056197176e-5
5.7805304826052195	2.89516517803122e-5
5.796238445873168	2.8700246033512932e-5
5.811946409141117	2.8451802503766215e-5
5.827654372409066	2.8206276716015086e-5
5.843362335677015	2.796362501371071e-5
5.859070298944964	2.772380454081457e-5
5.874778262212913	2.7486773224273313e-5
5.890486225480862	2.7252489756936035e-5
5.906194188748811	2.7020913580912115e-5
5.92190215201676	2.679200487135719e-5
5.937610115284709	2.656572452066111e-5
5.953318078552658	2.6342034123039554e-5
5.969026041820607	2.612089595951884e-5
5.984734005088556	2.590227298328863e-5
6.000441968356505	2.5686128805425572e-5
6.0161499316244536	2.5472427680967666e-5
6.031857894892402	2.526113449534016e-5
6.047565858160352	2.5052214751107454e-5
6.063273821428301	2.4845634555058628e-5
6.07898178469625	2.464136060560168e-5
6.094689747964199	2.4439360180473575e-5
6.110397711232148	2.4239601124739215e-5
6.126105674500097	2.404205183908903e-5
6.1418136377680455	2.3846681268413856e-5
6.157521601035994	2.3653458890655183e-5
6.173229564303943	2.3462354705923406e-5
6.188937527571892	2.3273339225872865e-5
6.204645490839841	2.308638346333147e-5
6.220353454107791	2.290145892217465e-5
6.23606141737574	2.271853758744078e-5
6.2517693806436885	2.2537591915670356e-5
6.267477343911637	2.2358594825481976e-5
6.283185307179586	2.21815196883625e-5
6.298893270447535	2.2006340319669468e-5
6.314601233715484	2.183303096984658e-5
6.330309196983433	2.1661566315836932e-5
6.346017160251382	2.1491921452697708e-5
6.3617251235193315	2.1324071885406483e-5
6.37743308678728	2.1157993520849325e-5
6.393141050055229	2.0993662659999166e-5
6.408849013323178	2.0831055990265722e-5
6.424556976591127	2.0670150578019655e-5
6.440264939859076	2.051092386128558e-5
6.455972903127025	2.0353353642600785e-5
6.471680866394974	2.019741808202726e-5
6.4873888296629225	2.004309569033066e-5
6.503096792930871	1.9890365322296144e-5
6.51880475619882	1.9739206170204666e-5
6.53451271946677	1.95895977574494e-5
6.550220682734719	1.9441519932287744e-5
6.565928646002668	1.9294952861740146e-5
6.581636609270617	1.9149877025607864e-5
6.5973445725385655	1.9006273210637976e-5
6.613052535806514	1.8864122504801758e-5
6.628760499074463	1.8723406291702027e-5
6.644468462342412	1.85841062451035e-5
6.660176425610361	1.8446204323573478e-5
6.675884388878311	1.8309682765246173e-5
6.69159235214626	1.817452408269158e-5
6.707300315414209	1.8040711057898078e-5
6.7230082786821574	1.7908226737359247e-5
6.738716241950106	1.7777054427266875e-5
6.754424205218055	1.7647177688802046e-5
6.770132168486004	1.751858033352834e-5
6.785840131753953	1.7391246418879422e-5
6.801548095021902	1.7265160243743627e-5
6.817256058289851	1.7140306344138162e-5
6.8329640215578	1.7016669488972318e-5
6.848671984825749	1.6894234675903552e-5
6.864379948093698	1.6772987127271035e-5
6.880087911361647	1.665291228612154e-5
6.895795874629596	1.653399581231095e-5
6.911503837897545	1.6416223578686394e-5
6.927211801165494	1.6299581667350808e-5
6.942919764433443	1.6184056365995994e-5
6.9586277277013915	1.6069634164316164e-5
6.97433569096934	1.5956301750492128e-5
6.99004365423729	1.5844046007744384e-5
7.005751617505239	1.5732854010960007e-5
7.021459580773188	1.5622713023380912e-5
7.037167544041137	1.5513610493366365e-5
7.052875507309086	1.5405534051210087e-5
7.0685834705770345	1.52984715060305e-5
7.084291433844983	1.5192410842715728e-5
7.099999397112932	1.5087340218932975e-5
7.115707360380881	1.4983247962192473e-5
7.13141532364883	1.4880122566975935e-5
7.147123286916779	1.477795269191296e-5
7.162831250184729	1.4676727157020107e-5
7.1785392134526775	1.4576434940988198e-5
7.194247176720626	1.4477065178526463e-5
7.209955139988575	1.4378607157755122e-5
7.225663103256524	1.4281050317650607e-5
7.241371066524473	1.4184384245537701e-5
7.257079029792422	1.4088598674631309e-5
7.272786993060371	1.3993683481627064e-5
7.28849495632832	1.3899628684333532e-5
7.304202919596269	1.3806424439353067e-5
7.319910882864218	1.371406103980751e-5
7.335618846132167	1.3622528913101087e-5
7.351326809400116	1.3531818618735608e-5
7.367034772668065	1.3441920846155405e-5
7.382742735936014	1.3352826412642388e-5
7.398450699203963	1.3264526261243959e-5
7.414158662471912	1.3177011458745505e-5
7.4298666257398605	1.3090273193674014e-5
7.445574589007809	1.3004302774345607e-5
7.461282552275758	1.291909162694314e-5
7.476990515543708	1.283463129363486e-5
7.492698478811657	1.2750913430724882e-5
7.508406442079606	1.2667929806836093e-5
7.524114405347555	1.2585672301131579e-5
7.5398223686155035	1.250413290156318e-5
7.555530331883452	1.2423303703155738e-5
7.571238295151401	1.2343176906320188e-5
7.58694625841935	1.226374481520021e-5
7.602654221687299	1.2184999836045002e-5
7.618362184955249	1.2106934475614877e-5
7.634070148223198	1.2029541339614577e-5
7.6497781114911465	1.1952813131152995e-5
7.665486074759095	1.1876742649233037e-5
7.681194038027044	1.1801322787269206e-5
7.696902001294993	1.172654653162543e-5
7.712609964562942	1.165240696018975e-5
7.728317927830891	1.1578897240963049e-5
7.74402589109884	1.150601063067932e-5
7.759733854366789	1.143374047345073e-5
7.7754418176347375	1.1362080199432189e-5
7.791149780902687	1.1291023323514536e-5
7.806857744170636	1.1220563444034742e-5
7.822565707438585	1.1150694241515245e-5
7.838273670706534	1.1081409477420949e-5
7.853981633974483	1.101270299293905e-5
7.869689597242432	1.0944568707780007e-5
7.8853975605103805	1.0877000618999507e-5
7.901105523778329	1.0809992799840401e-5
7.916813487046278	1.0743539398597325e-5
7.932521450314228	1.0677634637493558e-5
7.948229413582177	1.061227281158746e-5
7.963937376850126	1.0547448287688765e-5
7.979645340118075	1.0483155503297902e-5
7.995353303386024	1.0419388965563278e-5
8.011061266653972	1.0356143250255117e-5
8.026769229921921	1.0293413000755807e-5
8.042477193189871	1.0231192927070847e-5
8.058185156457819	1.0169477804851057e-5
8.073893119725769	1.0108262474439729e-5
8.089601082993717	1.0047541839924693e-5
8.105309046261667	9.987310868215602e-6
8.121017009529615	9.927564588133474e-6
8.136724972797564	9.868298089513425e-6
8.152432936065512	9.809506522324256e-6
8.168140899333462	9.751185095805694e-6
8.183848862601412	9.693329077611811e-6
8.19955682586936	9.635933792977799e-6
8.21526478913731	9.578994623893928e-6
8.230972752405258	9.522507008297985e-6
8.246680715673207	9.466466439274985e-6
8.262388678941155	9.410868464276984e-6
8.278096642209105	9.355708684349908e-6
8.293804605477053	9.300982753376635e-6
8.309512568745003	9.246686377330985e-6
8.325220532012953	9.19281531354271e-6
8.3409284952809	9.139365369977747e-6
8.35663645854885	9.086332404526277e-6
8.372344421816798	9.033712324305489e-6
8.388052385084748	8.981501084969668e-6
8.403760348352696	8.929694690037922e-6
8.419468311620646	8.878289190223624e-6
8.435176274888594	8.827280682784219e-6
8.450884238156544	8.776665310873624e-6
8.466592201424492	8.72643926291004e-6
8.482300164692441	8.676598771949598e-6
8.498008127960391	8.627140115075925e-6
8.51371609122834	8.578059612791842e-6
8.529424054496289	8.529353628425975e-6
8.545132017764237	8.481018567549236e-6
8.560839981032187	8.433050877394004e-6
8.576547944300135	8.385447046292436e-6
8.592255907568084	8.338203603113968e-6
8.607963870836032	8.291317116716378e-6
8.623671834103982	8.244784195407015e-6
8.63937979737193	8.19860148640769e-6
8.65508776063988	8.152765675331073e-6
8.67079572390783	8.107273485665211e-6
8.686503687175778	8.062121678264803e-6
8.702211650443727	8.017307050850304e-6
8.717919613711675	7.972826437516546e-6
8.733627576979625	7.928676708245508e-6
8.749335540247573	7.884854768431372e-6
8.765043503515523	7.841357558408466e-6
8.780751466783471	7.79818205298823e-6
8.79645943005142	7.75532526100347e-6
8.81216739331937	7.712784224858916e-6
8.827875356587318	7.670556020089577e-6
8.843583319855268	7.6286377549244344e-6
8.859291283123216	7.587026569857519e-6
8.874999246391166	7.545719637225457e-6
8.890707209659114	7.5047141607917395e-6
8.906415172927064	7.464007375335418e-6
8.922123136195012	7.423596546249398e-6
8.937831099462962	7.383478969140259e-6
8.953539062730911	7.3436519694385905e-6
8.96924702599886	7.304112902012136e-6
8.984954989266809	7.264859150784975e-6
9.000662952534757	7.225888128364125e-6
9.016370915802707	7.187197275670053e-6
9.032078879070655	7.148784061572699e-6
9.047786842338605	7.110645982533383e-6
9.063494805606553	7.0727805622532585e-6
9.079202768874502	7.035185351323421e-6
9.09491073214245	6.997857926883491e-6
9.1106186954104	6.960795892284375e-6
9.12632665867835	6.923996876754316e-6
9.142034621946298	6.88745853507279e-6
9.157742585214248	6.851178547246073e-6
9.173450548482196	6.81515461818866e-6
9.189158511750145	6.779384477411444e-6
9.204866475018093	6.743865878710737e-6
9.220574438286043	6.70859659986412e-6
9.236282401553991	6.673574442330157e-6
9.25199036482194	6.6387972309526285e-6
9.267698328089889	6.604262813667755e-6
9.283406291357839	6.5699690612182525e-6
9.299114254625788	6.5359138668687785e-6
9.314822217893736	6.502095146126464e-6
9.330530181161686	6.468510836466246e-6
9.346238144429634	6.435158897058618e-6
9.361946107697584	6.402037308502378e-6
9.377654070965532	6.369144072560814e-6
9.393362034233482	6.336477211901337e-6
9.40906999750143	6.304034769839227e-6
9.42477796076938	6.271814810084616e-6
9.44048592403733	6.23981541649306e-6
9.456193887305277	6.208034692821173e-6
9.471901850573227	6.176470762481809e-6
9.487609813841175	6.14512176830729e-6
9.503317777109125	6.113985872312732e-6
9.519025740377073	6.083061255464056e-6
9.534733703645022	6.052346117448805e-6
9.55044166691297	6.021838676450253e-6
9.56614963018092	5.991537168924559e-6
9.58185759344887	5.961439849381436e-6
9.597565556716818	5.931544990167117e-6
9.613273519984768	5.9018508812505254e-6
9.628981483252716	5.872355830012856e-6
9.644689446520665	5.843058161040414e-6
9.660397409788613	5.813956215917925e-6
9.676105373056563	5.785048353027757e-6
9.691813336324511	5.756332947350075e-6
9.707521299592461	5.727808390266089e-6
9.723229262860409	5.699473089364291e-6
9.738937226128359	5.671325468248041e-6
9.754645189396308	5.643363966348865e-6
9.770353152664256	5.615587038737734e-6
9.786061115932206	5.587993155943271e-6
9.801769079200154	5.560580803769483e-6
9.817477042468104	5.533348483116899e-6
9.833185005736052	5.506294709807776e-6
9.848892969004002	5.47941801440913e-6
9.86460093227195	5.452716942063945e-6
9.8803088955399	5.426190052319961e-6
9.896016858807847	5.399835918963507e-6
9.911724822075797	5.373653129853547e-6
9.927432785343747	5.347640286760165e-6
9.943140748611695	5.321796005203236e-6
9.958848711879645	5.296118914293763e-6
9.974556675147593	5.2706076565790485e-6
9.990264638415542	5.245260887886021e-6
10.00597260168349	5.220077277170648e-6
10.02168056495144	5.195055506367729e-6
10.037388528219388	5.170194270241906e-6
10.053096491487338	5.145492276241484e-6
10.068804454755288	5.120948244354714e-6
10.084512418023236	5.096560906966188e-6
10.100220381291185	5.072329008716929e-6
10.115928344559133	5.0482513063655224e-6
10.131636307827083	5.0243265686509196e-6
10.147344271095031	5.000553576156883e-6
10.163052234362981	4.976931121179209e-6
10.178760197630929	4.953458007593186e-6
10.194468160898879	4.930133050724425e-6
10.210176124166829	4.9069550772195266e-6
10.225884087434777	4.8839229249197885e-6
10.241592050702726	4.861035442736378e-6
10.257300013970674	4.838291490526386e-6
10.273007977238624	4.81568993897092e-6
10.288715940506572	4.793229669455071e-6
10.304423903774522	4.770909573948733e-6
10.32013186704247	4.748728554889634e-6
10.33583983031042	4.726685525066985e-6
10.351547793578368	4.704779407507835e-6
10.367255756846317	4.683009135363615e-6
10.382963720114267	4.6613736517989225e-6
10.398671683382215	4.639871909881026e-6
10.414379646650165	4.618502872472253e-6
10.430087609918113	4.597265512121275e-6
10.445795573186063	4.576158810958385e-6
10.46150353645401	4.555181760589846e-6
10.47721149972196	4.534333361995423e-6
10.492919462989908	4.513612625425628e-6
10.508627426257858	4.493018570301657e-6
10.524335389525806	4.472550225115387e-6
10.540043352793756	4.452206627331256e-6
10.555751316061706	4.431986823289665e-6
10.571459279329654	4.41188986810991e-6
10.587167242597603	4.391914825597232e-6
10.602875205865551	4.372060768147973e-6
10.618583169133501	4.3523267766579095e-6
10.634291132401449	4.3327119404307854e-6
10.649999095669399	4.313215357088662e-6
10.665707058937347	4.293836132482176e-6
10.681415022205297	4.274573380604163e-6
10.697122985473246	4.2554262235004464e-6
10.712830948741194	4.236393791187033e-6
10.728538912009144	4.217475221562771e-6
10.744246875277092	4.198669660327606e-6
10.759954838545042	4.179976260898905e-6
10.77566280181299	4.161394184330332e-6
10.79137076508094	4.142922599230828e-6
10.807078728348888	4.12456068168549e-6
10.822786691616837	4.106307615176101e-6
10.838494654884787	4.0881625905043625e-6
10.854202618152735	4.070124805714095e-6
10.869910581420685	4.052193466015816e-6
10.885618544688633	4.034367783712229e-6
10.901326507956583	4.0166469781231964e-6
10.91703447122453	3.999030275513179e-6
10.93274243449248	3.981516909018893e-6
10.948450397760428	3.96410611857787e-6
10.964158361028378	3.946797150857346e-6
10.979866324296326	3.92958925918509e-6
10.995574287564276	3.912481703480707e-6
11.011282250832226	3.895473750186443e-6
11.026990214100174	3.878564672200905e-6
11.042698177368123	3.8617537488127615e-6
11.058406140636071	3.845040265633028e-6
11.074114103904021	3.828423514533242e-6
11.08982206717197	3.8119027935783703e-6
11.105530030439919	3.79547740696521e-6
11.121237993707867	3.779146664959077e-6
11.136945956975817	3.7629098838319905e-6
11.152653920243765	3.7467663858009643e-6
11.168361883511714	3.7307154989685345e-6
11.184069846779664	3.7147565572615717e-6
11.199777810047612	3.698888900373517e-6
11.215485773315562	3.6831118737057e-6
11.23119373658351	3.667424828308261e-6
11.24690169985146	3.651827120824912e-6
11.262609663119408	3.6363181134355513e-6
11.278317626387357	3.620897173800706e-6
11.294025589655305	3.605563675006449e-6
11.309733552923255	3.5903169955096776e-6
11.325441516191205	3.575156519084802e-6
11.341149479459153	3.560081634769992e-6
11.356857442727103	3.545091736814579e-6
11.37256540599505	3.5301862246279154e-6
11.388273369263	3.5153645027264786e-6
11.403981332530948	3.50062598068415e-6
11.419689295798898	3.4859700730816395e-6
11.435397259066846	3.4713961994570456e-6
11.451105222334796	3.4569037842559925e-6
11.466813185602746	3.4424922567836926e-6
11.482521148870694	3.428161051157537e-6
11.498229112138644	3.413909606257711e-6
11.513937075406592	3.3997373656823568e-6
11.529645038674541	3.3856437777002008e-6
11.54535300194249	3.3716282952044804e-6
11.561060965210439	3.357690375668285e-6
11.576768928478387	3.3438294810987045e-6
11.592476891746337	3.330045077993758e-6
11.608184855014285	3.316336637297281e-6
11.623892818282235	3.3027036343568275e-6
11.639600781550184	3.2891455488795336e-6
11.655308744818132	3.275661864890745e-6
11.671016708086082	3.2622520706912285e-6
11.68672467135403	3.248915658816889e-6
11.70243263462198	3.235652125996245e-6
11.718140597889928	3.2224609731112432e-6
11.733848561157878	3.2093417051564164e-6
11.749556524425826	3.1962938311996266e-6
11.765264487693775	3.1833168643425654e-6
11.780972450961723	3.170410321682028e-6
11.796680414229673	3.1575737242715978e-6
11.812388377497623	3.1448065970840084e-6
11.82809634076557	3.132108468973214e-6
11.84380430403352	3.119478872637485e-6
11.859512267301469	3.1069173445825605e-6
11.875220230569418	3.094423425085762e-6
11.890928193837366	3.081996658159674e-6
11.906636157105316	3.0696365915166084e-6
11.922344120373264	3.0573427765340277e-6
11.938052083641214	3.045114768218911e-6
11.953760046909164	3.032952125174734e-6
11.969468010177112	3.020854409565863e-6
11.985175973445061	3.0088211870855764e-6
12.00088393671301	2.9968520269212706e-6
12.01659189998096	2.984946501722659e-6
12.032299863248907	2.9731041875687416e-6
12.048007826516857	2.961324663936021e-6
12.063715789784805	2.94960751366596e-6
12.079423753052755	2.937952322934102e-6
12.095131716320704	2.9263586812190656e-6
12.110839679588652	2.9148261812706487e-6
12.126547642856602	2.903354419080586e-6
12.14225560612455	2.891942993851622e-6
12.1579635693925	2.8805915079678247e-6
12.173671532660448	2.869299566965534e-6
12.189379495928398	2.85806677950307e-6
12.205087459196346	2.846892757332775e-6
12.220795422464295	2.835777115272032e-6
12.236503385732243	2.8247194711752565e-6
12.252211349000193	2.8137194459051157e-6
12.267919312268143	2.8027766633063555e-6
12.283627275536091	2.7918907501762345e-6
12.29933523880404	2.781061336239297e-6
12.315043202071989	2.7702880541197756e-6
12.330751165339938	2.759570539314911e-6
12.346459128607886	2.748908430168883e-6
12.362167091875836	2.7383013678466807e-6
12.377875055143784	2.7277489963085076e-6
12.393583018411734	2.7172509622845755e-6
12.409290981679682	2.7068069152488742e-6
12.424998944947632	2.6964165073958757e-6
12.440706908215581	2.686079393614163e-6
12.45641487148353	2.675795231463229e-6
12.47212283475148	2.665563681148968e-6
12.487830798019427	2.655384405499291e-6
12.503538761287377	2.6452570699410836e-6
12.519246724555325	2.635181342476436e-6
12.534954687823275	2.625156893659883e-6
12.550662651091223	2.6151833965747714e-6
12.566370614359172	2.6052605268111344e-6
