-12.566370614359172	-2.5712363356832217e-6
-12.550662651091223	-2.5810284745863866e-6
-12.534954687823275	-2.590870566049853e-6
-12.519246724555325	-2.600762930095876e-6
-12.503538761287377	-2.610705889218535e-6
-12.487830798019427	-2.620699768406281e-6
-12.47212283475148	-2.63074489516461e-6
-12.45641487148353	-2.64084159953875e-6
-12.440706908215581	-2.650990214136921e-6
-12.424998944947632	-2.661191074153493e-6
-12.409290981679682	-2.6714445173928035e-6
-12.393583018411734	-2.681750884292689e-6
-12.377875055143784	-2.6921105179488e-6
-12.362167091875836	-2.702523764138798e-6
-12.346459128607886	-2.7129909713469672e-6
-12.330751165339938	-2.7235124907890167e-6
-12.315043202071989	-2.7340886764372878e-6
-12.29933523880404	-2.7447198850460326e-6
-12.283627275536091	-2.7554064761770355e-6
-12.267919312268143	-2.766148812225555e-6
-12.252211349000193	-2.776947258446587e-6
-12.236503385732243	-2.7878021829811296e-6
-12.220795422464295	-2.7987139568830333e-6
-12.205087459196346	-2.8096829541461286e-6
-12.189379495928398	-2.820709551731318e-6
-12.173671532660448	-2.831794129594365e-6
-12.1579635693925	-2.842937070713667e-6
-12.14225560612455	-2.8541387611186026e-6
-12.126547642856602	-2.8653995899177837e-6
-12.110839679588652	-2.8767199493281285e-6
-12.095131716320704	-2.888100234703791e-6
-12.079423753052755	-2.899540844565698e-6
-12.063715789784805	-2.911042180631293e-6
-12.048007826516857	-2.922604647844445e-6
-12.032299863248907	-2.934228654406052e-6
-12.01659189998096	-2.9459146118046082e-6
-12.00088393671301	-2.9576629348473486e-6
-11.985175973445061	-2.969474041691633e-6
-11.969468010177112	-2.981348353876541e-6
-11.953760046909164	-2.993286296355179e-6
-11.938052083641214	-3.0052882975268253e-6
-11.922344120373264	-3.0173547892700437e-6
-11.906636157105316	-3.0294862069755627e-6
-11.890928193837366	-3.0416829895798424e-6
-11.875220230569418	-3.053945579598865e-6
-11.859512267301469	-3.066274423162687e-6
-11.84380430403352	-3.0786699700496166e-6
-11.82809634076557	-3.0911326737215723e-6
-11.812388377497623	-3.1036629913591938e-6
-11.796680414229673	-3.116261383897886e-6
-11.780972450961723	-3.1289283160636495e-6
-11.765264487693775	-3.141664256409983e-6
-11.749556524425826	-3.154469677354693e-6
-11.733848561157878	-3.1673450552172748e-6
-11.718140597889928	-3.180290870256718e-6
-11.70243263462198	-3.1933076067097465e-6
-11.68672467135403	-3.206395752829544e-6
-11.671016708086082	-3.2195558009246417e-6
-11.655308744818132	-3.2327882473985646e-6
-11.639600781550184	-3.246093592789788e-6
-11.623892818282235	-3.259472341812216e-6
-11.608184855014285	-3.2729250033957526e-6
-11.592476891746337	-3.28645209072801e-6
-11.576768928478387	-3.3000541212957554e-6
-11.561060965210439	-3.3137316169274126e-6
-11.54535300194249	-3.327485103835625e-6
-11.529645038674541	-3.3413151126605814e-6
-11.513937075406592	-3.355222178513661e-6
-11.498229112138644	-3.369206841021661e-6
-11.482521148870694	-3.3832696443715526e-6
-11.466813185602746	-3.397411137355566e-6
-11.451105222334796	-3.411631873416985e-6
-11.435397259066846	-3.425932410696515e-6
-11.419689295798898	-3.4403133120788e-6
-11.403981332530948	-3.4547751452400274e-6
-11.388273369263	-3.4693184826955283e-6
-11.37256540599505	-3.4839439018484417e-6
-11.356857442727103	-3.4986519850383556e-6
-11.341149479459153	-3.513443319591208e-6
-11.325441516191205	-3.528318497869102e-6
-11.309733552923255	-3.54327811732108e-6
-11.294025589655305	-3.5583227805343214e-6
-11.278317626387357	-3.5734530952862285e-6
-11.262609663119408	-3.5886696745965343e-6
-11.24690169985146	-3.6039731367807138e-6
-11.23119373658351	-3.6193641055033876e-6
-11.215485773315562	-3.6348432098328585e-6
-11.199777810047612	-3.6504110842958332e-6
-11.184069846779664	-3.6660683689333223e-6
-11.168361883511714	-3.6818157093565083e-6
-11.152653920243765	-3.6976537568039145e-6
-11.136945956975817	-3.7135831681988467e-6
-11.121237993707867	-3.729604606207821e-6
-11.105530030439919	-3.745718739299119e-6
-11.08982206717197	-3.761926241802776e-6
-11.074114103904021	-3.778227793970823e-6
-11.058406140636071	-3.794624082038191e-6
-11.042698177368123	-3.8111157982846075e-6
-11.026990214100174	-3.827703641097085e-6
-11.011282250832226	-3.844388315033195e-6
-10.995574287564276	-3.861170530884913e-6
-10.979866324296326	-3.878051005743591e-6
-10.964158361028378	-3.895030463065259e-6
-10.948450397760428	-3.9121096327371994e-6
-10.93274243449248	-3.929289251144877e-6
-10.91703447122453	-3.946570061239924e-6
-10.901326507956583	-3.963952812608879e-6
-10.885618544688633	-3.9814382615426875e-6
-10.869910581420685	-3.999027171107222e-6
-10.854202618152735	-4.016720311214456e-6
-10.838494654884787	-4.034518458694531e-6
-10.822786691616837	-4.052422397368863e-6
-10.807078728348888	-4.070432918123934e-6
-10.79137076508094	-4.088550818986152e-6
-10.77566280181299	-4.106776905197335e-6
-10.759954838545042	-4.12511198929156e-6
-10.744246875277092	-4.143556891172557e-6
-10.728538912009144	-4.162112438192239e-6
-10.712830948741194	-4.180779465230104e-6
-10.697122985473246	-4.199558814773874e-6
-10.681415022205297	-4.218451337000487e-6
-10.665707058937347	-4.237457889858994e-6
-10.649999095669399	-4.2565793391536e-6
-10.634291132401449	-4.2758165586284535e-6
-10.618583169133501	-4.295170430052837e-6
-10.602875205865551	-4.3146418433079765e-6
-10.587167242597603	-4.334231696474642e-6
-10.571459279329654	-4.353940895921736e-6
-10.555751316061706	-4.373770356396351e-6
-10.540043352793756	-4.393721001114474e-6
-10.524335389525806	-4.413793761853318e-6
-10.508627426257858	-4.433989579044491e-6
-10.492919462989908	-4.454309401868328e-6
-10.47721149972196	-4.474754188349468e-6
-10.46150353645401	-4.495324905453841e-6
-10.445795573186063	-4.516022529186718e-6
-10.430087609918113	-4.5368480446915166e-6
-10.414379646650165	-4.5578024463509296e-6
-10.398671683382215	-4.5788867378882495e-6
-10.382963720114267	-4.600101932470635e-6
-10.367255756846317	-4.621449052813533e-6
-10.351547793578368	-4.642929131286239e-6
-10.33583983031042	-4.664543210019153e-6
-10.32013186704247	-4.68629234101206e-6
-10.304423903774522	-4.708177586243935e-6
-10.288715940506572	-4.730200017784257e-6
-10.273007977238624	-4.752360717905616e-6
-10.257300013970674	-4.774660779197763e-6
-10.241592050702726	-4.7971013046832505e-6
-10.225884087434777	-4.819683407934365e-6
-10.210176124166829	-4.8424082131918865e-6
-10.194468160898879	-4.865276855485007e-6
-10.178760197630929	-4.888290480753059e-6
-10.163052234362981	-4.911450245968663e-6
-10.147344271095031	-4.934757319262812e-6
-10.131636307827083	-4.958212880050982e-6
-10.115928344559133	-4.981818119161559e-6
-10.100220381291185	-5.005574238965408e-6
-10.084512418023236	-5.029482453507507e-6
-10.068804454755288	-5.05354398864003e-6
-10.053096491487338	-5.077760082157527e-6
-10.037388528219388	-5.102131983933257e-6
-10.02168056495144	-5.126660956058263e-6
-10.00597260168349	-5.1513482729812495e-6
-9.990264638415542	-5.176195221651171e-6
-9.974556675147593	-5.201203101661146e-6
-9.958848711879645	-5.226373225394519e-6
-9.943140748611695	-5.251706918173031e-6
-9.927432785343747	-5.277205518406264e-6
-9.911724822075797	-5.30287037774416e-6
-9.896016858807847	-5.328702861230677e-6
-9.8803088955399	-5.354704347459817e-6
-9.86460093227195	-5.380876228733903e-6
-9.848892969004002	-5.40721991122374e-6
-9.833185005736052	-5.43373681513112e-6
-9.817477042468104	-5.460428374853157e-6
-9.801769079200154	-5.487296039149545e-6
-9.786061115932206	-5.5143412713112865e-6
-9.770353152664256	-5.541565549332208e-6
-9.754645189396308	-5.568970366082748e-6
-9.738937226128359	-5.596557229485887e-6
-9.723229262860409	-5.624327662695654e-6
-9.707521299592461	-5.652283204278074e-6
-9.691813336324511	-5.680425408394775e-6
-9.676105373056563	-5.708755844988444e-6
-9.660397409788613	-5.737276099971496e-6
-9.644689446520665	-5.765987775417279e-6
-9.628981483252716	-5.794892489753569e-6
-9.613273519984768	-5.82399187795904e-6
-9.597565556716818	-5.8532875917621195e-6
-9.58185759344887	-5.882781299843223e-6
-9.56614963018092	-5.912474688038965e-6
-9.55044166691297	-5.942369459549953e-6
-9.534733703645022	-5.972467335150932e-6
-9.519025740377073	-6.00277005340447e-6
-9.503317777109125	-6.033279370876671e-6
-9.487609813841175	-6.063997062357057e-6
-9.471901850573227	-6.094924921080737e-6
-9.456193887305277	-6.126064758953984e-6
-9.44048592403733	-6.157418406782822e-6
-9.42477796076938	-6.188987714505272e-6
-9.40906999750143	-6.220774551426251e-6
-9.393362034233482	-6.25278080645646e-6
-9.377654070965532	-6.285008388353983e-6
-9.361946107697584	-6.317459225970024e-6
-9.346238144429634	-6.35013526849763e-6
-9.330530181161686	-6.383038485724024e-6
-9.314822217893736	-6.416170868286867e-6
-9.299114254625788	-6.449534427934005e-6
-9.283406291357839	-6.483131197786734e-6
-9.267698328089889	-6.516963232607204e-6
-9.25199036482194	-6.551032609069442e-6
-9.236282401553991	-6.585341426034491e-6
-9.220574438286043	-6.619891804829293e-6
-9.204866475018093	-6.6546858895299165e-6
-9.189158511750145	-6.689725847248292e-6
-9.173450548482196	-6.725013868424192e-6
-9.157742585214248	-6.760552167120223e-6
-9.142034621946298	-6.796342981322217e-6
-9.12632665867835	-6.832388573243204e-6
-9.1106186954104	-6.868691229632421e-6
-9.09491073214245	-6.905253262088369e-6
-9.079202768874502	-6.942077007377035e-6
-9.063494805606553	-6.979164827754187e-6
-9.047786842338605	-7.0165191112931505e-6
-9.032078879070655	-7.054142272216671e-6
-9.016370915802707	-7.092036751234368e-6
-9.000662952534757	-7.130205015884758e-6
-8.984954989266809	-7.168649560882669e-6
-8.96924702599886	-7.207372908471501e-6
-8.953539062730911	-7.246377608781362e-6
-8.937831099462962	-7.285666240191915e-6
-8.922123136195012	-7.325241409700797e-6
-8.906415172927064	-7.365105753298314e-6
-8.890707209659114	-7.405261936346482e-6
-8.874999246391166	-7.445712653965274e-6
-8.859291283123216	-7.486460631423389e-6
-8.843583319855268	-7.527508624535799e-6
-8.827875356587318	-7.56885942006725e-6
-8.81216739331937	-7.61051583614122e-6
-8.79645943005142	-7.652480722656417e-6
-8.780751466783471	-7.694756961708128e-6
-8.765043503515523	-7.737347468017335e-6
-8.749335540247573	-7.780255189365644e-6
-8.733627576979625	-7.823483107037101e-6
-8.717919613711675	-7.867034236267112e-6
-8.702211650443727	-7.910911626697776e-6
-8.686503687175778	-7.955118362840861e-6
-8.67079572390783	-7.999657564547388e-6
-8.65508776063988	-8.044532387484874e-6
-8.63937979737193	-8.089746023622293e-6
-8.623671834103982	-8.13530170172181e-6
-8.607963870836032	-8.181202687838818e-6
-8.592255907568084	-8.227452285829953e-6
-8.576547944300135	-8.274053837868443e-6
-8.560839981032187	-8.321010724968157e-6
-8.545132017764237	-8.368326367515824e-6
-8.529424054496289	-8.416004225811318e-6
-8.51371609122834	-8.464047800617006e-6
-8.498008127960391	-8.512460633715639e-6
-8.482300164692441	-8.561246308477061e-6
-8.466592201424492	-8.610408450433698e-6
-8.450884238156544	-8.659950727865955e-6
-8.435176274888594	-8.709876852396596e-6
-8.419468311620646	-8.76019057959423e-6
-8.403760348352696	-8.810895709587513e-6
-8.388052385084748	-8.861996087688511e-6
-8.372344421816798	-8.913495605026046e-6
-8.35663645854885	-8.965398199190255e-6
-8.3409284952809	-9.017707854886253e-6
-8.325220532012953	-9.07042860459959e-6
-8.309512568745003	-9.123564529272334e-6
-8.293804605477053	-9.177119758989391e-6
-8.278096642209105	-9.231098473677067e-6
-8.262388678941155	-9.285504903812947e-6
-8.246680715673207	-9.340343331146726e-6
-8.230972752405258	-9.395618089434061e-6
-8.21526478913731	-9.451333565181271e-6
-8.19955682586936	-9.507494198403645e-6
-8.183848862601412	-9.564104483395436e-6
-8.168140899333462	-9.621168969513165e-6
-8.152432936065512	-9.678692261971865e-6
-8.136724972797564	-9.736679022654312e-6
-8.121017009529615	-9.795133970934586e-6
-8.105309046261667	-9.854061884514417e-6
-8.089601082993717	-9.913467600274995e-6
-8.073893119725769	-9.973356015141562e-6
-8.058185156457819	-1.0033732086964006e-5
-8.042477193189871	-1.00946008354115e-5
-8.026769229921921	-1.0155967342882996e-5
-8.011061266653972	-1.0217836755432388e-5
-7.995353303386024	-1.0280214283710601e-5
-7.979645340118075	-1.0343105203922846e-5
-7.963937376850126	-1.0406514858802542e-5
-7.948229413582177	-1.04704486586024e-5
-7.932521450314228	-1.0534912082102157e-5
-7.916813487046278	-1.059991067763399e-5
-7.901105523778329	-1.0665450064125281e-5
-7.8853975605103805	-1.0731535932159692e-5
-7.869689597242432	-1.079817404505753e-5
-7.853981633974483	-1.0865370239973276e-5
-7.838273670706534	-1.0933130429013793e-5
-7.822565707438585	-1.1001460600375144e-5
-7.806857744170636	-1.1070366819500536e-5
-7.791149780902687	-1.1139855230257494e-5
-7.7754418176347375	-1.1209932056135852e-5
-7.759733854366789	-1.128060360146815e-5
-7.74402589109884	-1.1351876252670922e-5
-7.728317927830891	-1.1423756479507093e-5
-7.712609964562942	-1.1496250836372687e-5
-7.696902001294993	-1.1569365963605647e-5
-7.681194038027044	-1.1643108588818003e-5
-7.665486074759095	-1.1717485528252057e-5
-7.6497781114911465	-1.1792503688161172e-5
-7.634070148223198	-1.18681700662151e-5
-7.618362184955249	-1.1944491752931731e-5
-7.602654221687299	-1.2021475933133233e-5
-7.58694625841935	-1.2099129887430349e-5
-7.571238295151401	-1.217746099373229e-5
-7.555530331883452	-1.2256476728785858e-5
-7.5398223686155035	-1.2336184669740457e-5
-7.524114405347555	-1.2416592495744896e-5
-7.508406442079606	-1.2497707989570496e-5
-7.492698478811657	-1.2579539039266972e-5
-7.476990515543708	-1.2662093639846353e-5
-7.461282552275758	-1.2745379895000705e-5
-7.445574589007809	-1.282940601884999e-5
-7.4298666257398605	-1.2914180337723035e-5
-7.414158662471912	-1.2999711291972286e-5
-7.398450699203963	-1.3086007437822136e-5
-7.382742735936014	-1.3173077449252531e-5
-7.367034772668065	-1.3260930119917191e-5
-7.351326809400116	-1.3349574365098884e-5
-7.335618846132167	-1.3439019223701862e-5
-7.319910882864218	-1.3529273860281412e-5
-7.304202919596269	-1.362034756711299e-5
-7.28849495632832	-1.3712249766300068e-5
-7.272786993060371	-1.3804990011923136e-5
-7.257079029792422	-1.389857799222941e-5
-7.241371066524473	-1.3993023531865195e-5
-7.225663103256524	-1.4088336594151077e-5
-7.209955139988575	-1.4184527283401115e-5
-7.194247176720626	-1.4281605847287785e-5
-7.1785392134526775	-1.4379582679251827e-5
-7.162831250184729	-1.447846832096032e-5
-7.147123286916779	-1.4578273464811947e-5
-7.13141532364883	-1.467900895649309e-5
-7.115707360380881	-1.47806857975809e-5
-7.099999397112932	-1.48833151482029e-5
-7.084291433844983	-1.4986908329743837e-5
-7.0685834705770345	-1.5091476827610623e-5
-7.052875507309086	-1.5197032294049634e-5
-7.037167544041137	-1.530358655102124e-5
-7.021459580773188	-1.541115159313296e-5
-7.005751617505239	-1.5519739590629592e-5
-6.99004365423729	-1.5629362892444697e-5
-6.97433569096934	-1.574003402931405e-5
-6.9586277277013915	-1.585176571695092e-5
-6.942919764433443	-1.5964570859287892e-5
-6.927211801165494	-1.6078462551782776e-5
-6.911503837897545	-1.619345408479266e-5
-6.895795874629596	-1.630955894701854e-5
-6.880087911361647	-1.6426790829018795e-5
-6.864379948093698	-1.6545163626796145e-5
-6.848671984825749	-1.666469144545876e-5
-6.8329640215578	-1.678538860295755e-5
-6.817256058289851	-1.690726963390049e-5
-6.801548095021902	-1.7030349293447483e-5
-6.785840131753953	-1.7154642561285524e-5
-6.770132168486004	-1.7280164645689322e-5
-6.754424205218055	-1.7406930987665326e-5
-6.738716241950106	-1.7534957265184443e-5
-6.7230082786821574	-1.766425939750474e-5
-6.707300315414209	-1.779485354958497e-5
-6.69159235214626	-1.7926756136593243e-5
-6.675884388878311	-1.8059983828511427e-5
-6.660176425610361	-1.8194553554839288e-5
-6.644468462342412	-1.8330482509398253e-5
-6.628760499074463	-1.8467788155240848e-5
-6.613052535806514	-1.860648822966516e-5
-6.5973445725385655	-1.8746600749338526e-5
-6.581636609270617	-1.888814401553327e-5
-6.565928646002668	-1.9031136619476658e-5
-6.550220682734719	-1.9175597447817793e-5
-6.53451271946677	-1.9321545688216534e-5
-6.51880475619882	-1.9469000835053065e-5
-6.503096792930871	-1.9617982695266813e-5
-6.4873888296629225	-1.97685113943229e-5
-6.471680866394974	-1.992060738231339e-5
-6.455972903127025	-2.0074291440193347e-5
-6.440264939859076	-2.0229584686158507e-5
-6.424556976591127	-2.0386508582165068e-5
-6.408849013323178	-2.054508494059852e-5
-6.393141050055229	-2.0705335931091818e-5
-6.37743308678728	-2.086728408749971e-5
-6.3617251235193315	-2.103095231503264e-5
-6.346017160251382	-2.1196363897553036e-5
-6.330309196983433	-2.136354250503982e-5
-6.314601233715484	-2.1532512201224976e-5
-6.298893270447535	-2.1703297451407484e-5
-6.283185307179586	-2.1875923130446873e-5
-6.267477343911637	-2.205041453094499e-5
-6.2517693806436885	-2.2226797371619125e-5
-6.23606141737574	-2.240509780586915e-5
-6.220353454107791	-2.258534243054973e-5
-6.204645490839841	-2.2767558294947003e-5
-6.188937527571892	-2.2951772909970476e-5
-6.173229564303943	-2.3138014257561712e-5
-6.157521601035994	-2.3326310800329883e-5
-6.1418136377680455	-2.3516691491416278e-5
-6.126105674500097	-2.3709185784597196e-5
-6.110397711232148	-2.3903823644631625e-5
-6.094689747964199	-2.4100635557857637e-5
-6.07898178469625	-2.4299652543049295e-5
-6.063273821428301	-2.450090616253628e-5
-6.047565858160352	-2.4704428533597506e-5
-6.031857894892402	-2.491025234013453e-5
-6.0161499316244536	-2.5118410844634672e-5
-6.000441968356505	-2.532893790042736e-5
-5.984734005088556	-2.5541867964249165e-5
-5.969026041820607	-2.5757236109122116e-5
-5.953318078552658	-2.597507803755206e-5
-5.937610115284709	-2.6195430095063536e-5
-5.92190215201676	-2.641832928407388e-5
-5.906194188748811	-2.6643813278119907e-5
-5.890486225480862	-2.6871920436448858e-5
-5.874778262212913	-2.7102689818980375e-5
-5.859070298944964	-2.733616120165312e-5
-5.843362335677015	-2.7572375092168805e-5
-5.827654372409066	-2.7811372746141765e-5
-5.811946409141117	-2.80531961836699e-5
-5.796238445873168	-2.82978882063371e-5
-5.7805304826052195	-2.8545492414662575e-5
-5.764822519337271	-2.8796053226007752e-5
-5.749114556069322	-2.9049615892958743e-5
-5.733406592801373	-2.9306226522194184e-5
-5.717698629533423	-2.9565932093858866e-5
-5.701990666265474	-2.982878048145298e-5
-5.686282702997525	-3.0094820472258656e-5
-5.6705747397295765	-3.036410178831678e-5
-5.654866776461628	-3.0636675107972966e-5
-5.639158813193679	-3.091259208801018e-5
-5.62345084992573	-3.119190538638746e-5
-5.607742886657781	-3.1474668685603495e-5
-5.592034923389832	-3.1760936716703994e-5
-5.576326960121882	-3.205076528395615e-5
-5.5606189968539335	-3.2344211290210175e-5
-5.544911033585985	-3.2641332762970114e-5
-5.529203070318036	-3.2942188881196624e-5
-5.513495107050087	-3.324684000286996e-5
-5.497787143782138	-3.355534769333084e-5
-5.482079180514189	-3.386777475443264e-5
-5.46637121724624	-3.418418525452659e-5
-5.450663253978291	-3.450464455931104e-5
-5.4349552907103424	-3.482921936357358e-5
-5.419247327442394	-3.515797772385241e-5
-5.403539364174444	-3.549098909205615e-5
-5.387831400906495	-3.582832435006657e-5
-5.372123437638546	-3.617005584536402e-5
-5.356415474370597	-3.651625742770796e-5
-5.340707511102648	-3.6867004486910394e-5
-5.324999547834699	-3.7222373991741544e-5
-5.3092915845667505	-3.7582444530005e-5
-5.293583621298802	-3.7947296349826434e-5
-5.277875658030853	-3.831701140219714e-5
-5.262167694762903	-3.869167338482107e-5
-5.246459731494954	-3.907136778730491e-5
-5.230751768227005	-3.9456181937751096e-5
-5.215043804959056	-3.984620505079197e-5
-5.1993358416911075	-4.024152827713108e-5
-5.183627878423159	-4.064224475463577e-5
-5.16791991515521	-4.104844966104675e-5
-5.152211951887261	-4.146024026836366e-5
-5.136503988619312	-4.187771599896374e-5
-5.120796025351363	-4.2300978483530235e-5
-5.105088062083414	-4.2730131620848e-5
-5.0893800988154645	-4.31652816395476e-5
-5.073672135547516	-4.360653716186585e-5
-5.057964172279567	-4.405400926950776e-5
-5.042256209011618	-4.4507811571686474e-5
-5.026548245743669	-4.4968060275430135e-5
-5.01084028247572	-4.543487425824785e-5
-4.995132319207771	-4.5908375143242407e-5
-4.979424355939822	-4.6388687376777646e-5
-4.9637163926718735	-4.68759383087964e-5
-4.948008429403924	-4.737025827589839e-5
-4.932300466135975	-4.7871780687298244e-5
-4.916592502868026	-4.838064211377836e-5
-4.900884539600077	-4.8896982379756766e-5
-4.885176576332128	-4.9420944658614005e-5
-4.869468613064179	-4.995267557140689e-5
-4.8537606497962305	-5.049232528912011e-5
-4.838052686528282	-5.104004763860332e-5
-4.822344723260333	-5.159600021236036e-5
-4.806636759992384	-5.216034448235798e-5
-4.790928796724435	-5.2733245918027923e-5
-4.775220833456485	-5.331487410865634e-5
-4.759512870188536	-5.390540289035459e-5
-4.743804906920587	-5.450501047781982e-5
-4.7280969436526386	-5.511387960111071e-5
-4.71238898038469	-5.573219764765947e-5
-4.696681017116741	-5.6360156809782535e-5
-4.680973053848792	-5.69979542379311e-5
-4.665265090580843	-5.7645792199972974e-5
-4.649557127312894	-5.8303878246781405e-5
-4.633849164044944	-5.8972425384452825e-5
-4.6181412007769955	-5.965165225346768e-5
-4.602433237509047	-6.0341783315151055e-5
-4.586725274241098	-6.104304904578929e-5
-4.571017310973149	-6.175568613880782e-5
-4.5553093477052	-6.247993771540758e-5
-4.539601384437251	-6.321605354411948e-5
-4.523893421169302	-6.39642902697318e-5
-4.508185457901353	-6.472491165210657e-5
-4.4924774946334045	-6.549818881540475e-5
-4.476769531365456	-6.628440050830784e-5
-4.461061568097506	-6.70838333758312e-5
-4.445353604829557	-6.789678224339989e-5
-4.429645641561608	-6.872355041387125e-5
-4.413937678293659	-6.956444997826849e-5
-4.39822971502571	-7.041980214102825e-5
-4.3825217517577615	-7.128993756063071e-5
-4.366813788489813	-7.217519670655021e-5
-4.351105825221864	-7.307593023352984e-5
-4.335397861953915	-7.399249937427882e-5
-4.319689898685965	-7.492527635176338e-5
-4.303981935418016	-7.587464481237515e-5
-4.288273972150067	-7.684100028135434e-5
-4.2725660088821185	-7.782475064199261e-5
-4.25685804561417	-7.88263166402358e-5
-4.241150082346221	-7.984613241650375e-5
-4.225442119078272	-8.088464606667243e-5
-4.209734155810323	-8.194232023437887e-5
-4.194026192542374	-8.301963273701212e-5
-4.178318229274425	-8.411707722799938e-5
-4.162610266006476	-8.523516389826613e-5
-4.146902302738527	-8.637442022006515e-5
-4.131194339470578	-8.753539173671835e-5
-4.115486376202629	-8.87186429022401e-5
-4.09977841293468	-8.992475797525404e-5
-4.084070449666731	-9.115434197219614e-5
-4.068362486398782	-9.240802168539202e-5
-4.052654523130833	-9.368644677237174e-5
-4.036946559862884	-9.49902909236316e-5
-4.0212385965949355	-9.632025311708981e-5
-4.005530633326986	-9.767705896869952e-5
-3.9898226700590373	-9.906146219014283e-5
-3.9741147067910885	-0.000100474246166285
-3.958406743523139	-0.00010191622566718598
-3.9426987802551903	-0.00010338824871204477
-3.9269908169872414	-0.0001048911986056537
-3.9112828537192925	-0.00010642599617184655
-3.8955748904513436	-0.00010799360221332742
-3.8798669271833943	-0.0001095950202334481
-3.8641589639154454	-0.00011123129946331917
-3.8484510006474966	-0.00011290353824765883
-3.8327430373795477	-0.00011461288785576675
-3.817035074111599	-0.00011636055680094678
-3.8013271108436495	-0.0001181478157741412
-3.7856191475757006	-0.00011997600332744343
-3.7699111843077517	-0.00012184653248373096
-3.754203221039803	-0.00012376089850419983
-3.738495257771854	-0.00012572068812279085
-3.7227872945039047	-0.00012772759066533994
-3.707079331235956	-0.0001297834116271764
-3.691371367968007	-0.00013189008950977536
-3.675663404700058	-0.0001340497170533357
-3.659955441432109	-0.0001362645685100577
-3.64424747816416	-0.00013853713538597965
-3.628539514896211	-0.00014087017431416548
-3.612831551628262	-0.00014326677271743991
-3.597123588360313	-0.00014573044123103676
-3.5814156250923643	-0.0001482652475183315
-3.565707661824415	-0.000150876016119235
-3.549999698556466	-0.0001535686373173845
-3.5342917352885173	-0.00015635056308620684
-3.5185837720205684	-0.0001592316385070491
-3.5028758087526195	-0.00016222556610811275
-3.48716784548467	-0.0001653526376490328
-3.4714598822167213	-0.00016864519161509622
-3.4557519189487724	-0.0001721594676208892
-3.4400439556808236	-0.00017600422394806797
-3.4243359924128747	-0.0001804201307989294
-3.4086280291449254	-0.00018604727782519422
-3.3929200658769765	-0.00019513934353076218
-3.3772121026090276	-0.0002210620309680226
-3.3615041393410787	-0.0007035474281223994
-3.34579617607313	-0.0003265707828464121
-3.3300882128051805	-0.00022136848560133448
-3.3143802495372316	-0.0002130075209266921
-3.2986722862692828	-0.00021385418033101412
-3.282964323001334	-0.00021722451437225875
-3.267256359733385	-0.00022178595237540424
-3.2515483964654357	-0.0002272143631800977
-3.235840433197487	-0.00023352442231656492
-3.220132469929538	-0.00024095904629423291
-3.204424506661589	-0.00025007325952613183
-3.18871654339364	-0.00026205774482621937
-3.173008580125691	-0.00027971724892547525
-3.157300616857742	-0.0003109514278855059
-3.141592653589793	-0.00038581877738461015
-3.1258846903218442	-0.0007137370453961942
-3.1101767270538954	-0.023903218214549916
-3.094468763785946	-0.001083237369321713
-3.078760800517997	-0.0004578746676270164
-3.0630528372500483	-0.0003672179427513936
-3.0473448739820994	-0.0003437617120859681
-3.0316369107141505	-0.0003392953523198435
-3.015928947446201	-0.00034291582629552365
-3.0002209841782523	-0.0003513499491615955
-2.9845130209103035	-0.00036376365915701816
-2.9688050576423546	-0.0003805965974829382
-2.9530970943744057	-0.00040359906405063815
-2.9373891311064564	-0.0004368981311831028
-2.9216811678385075	-0.0004905743716417969
-2.9059732045705586	-0.0005941003849182049
-2.8902652413026098	-0.000868096869999563
-2.874557278034661	-0.0023413020283812283
-2.8588493147667116	-0.24295611032219033
-2.8431413514987627	-0.002090652680555736
-2.827433388230814	-0.0011554556089532386
-2.811725424962865	-0.001765840242402007
-2.796017461694916	-0.07654096180426807
-2.7803094984269667	-0.0023971317758885945
-2.764601535159018	-0.0009686025969023533
-2.748893571891069	-0.0007531520006062687
-2.73318560862312	-0.0007012317710031232
-2.7174776453551712	-0.000701152344719592
-2.701769682087222	-0.0007291042302102607
-2.686061718819273	-0.0007818014489998187
-2.670353755551324	-0.0008676857888604449
-2.6546457922833753	-0.0010166844448376545
-2.6389378290154264	-0.0013507056306026415
-2.623229865747477	-0.0031219016890438925
-2.607521902479528	-0.016814613133269977
-2.5918139392115793	-0.00297624435554667
-2.5761059759436304	-0.004657587961780902
-2.5603980126756816	-0.016909316365423848
-2.5446900494077322	-1.4688368449505076
-2.5289820861397834	-0.012961542827418052
-2.5132741228718345	-0.0044951024803518355
-2.4975661596038856	-0.0052276184244684516
-2.4818581963359367	-0.007675916612872402
-2.4661502330679874	-0.002126615700043571
-2.4504422698000385	-0.001738659214514261
-2.4347343065320897	-0.0016902102251554233
-2.419026343264141	-0.0017754372469594396
-2.403318379996192	-0.001977582137149192
-2.3876104167282426	-0.002357947472630867
-2.3719024534602937	-0.003500975351429626
-2.356194490192345	-0.004804514329405818
-2.340486526924396	-0.006411214390855643
-2.324778563656447	-0.013877210438416497
-2.3090706003884978	-0.07091220790982619
-2.293362637120549	-0.4622871761881986
-2.2776546738526	-0.025915218102153935
-2.261946710584651	-0.014223557219583694
-2.2462387473167023	-0.056873619100950394
-2.230530784048753	-0.6992731412621218
-2.214822820780804	-0.0128224384041415
-2.199114857512855	-0.005669207682049409
-2.1834068942449063	-0.004050890172732374
-2.1676989309769574	-0.00351903395257388
-2.151990967709008	-0.0034041215739551217
-2.1362830044410592	-0.0035465832443749875
-2.1205750411731104	-0.003942253312106061
-2.1048670779051615	-0.004718862239228968
-2.0891591146372126	-0.006338227287433631
-2.0734511513692633	-0.011063258164805275
-2.0577431881013144	-0.05728680393809588
-2.0420352248333655	-0.06955455763540469
-2.0263272615654166	-0.022459631862595794
-2.0106192982974678	-0.04102304635007326
-1.9949113350295187	-0.43481415251895267
-1.9792033717615696	-0.934869335312567
-1.9634954084936207	-0.059405400010442075
-1.9477874452256718	-0.03264385933573114
-1.9320794819577227	-0.1726773704940413
-1.9163715186897738	-0.07014773438293888
-1.9006635554218247	-0.01647671466048497
-1.8849555921538759	-0.01048472408900387
-1.869247628885927	-0.009008076029226228
-1.853539665617978	-0.00898662261440523
-1.837831702350029	-0.00993108117909352
-1.82212373908208	-0.012115924389188197
-1.806415775814131	-0.022047428794686807
-1.7907078125461822	-0.02393370890196959
-1.774999849278233	-0.03976274897516094
-1.7592918860102842	-0.10089276688513527
-1.743583922742335	-2.2268879760976397
-1.7278759594743862	-0.8023553247635773
-1.7121679962064373	-0.12438953218599738
-1.6964600329384882	-0.14711831494737318
-1.6807520696705394	-4.2816208200437185
-1.6650441064025903	-0.25204066879913833
-1.6493361431346414	-0.0592003787892731
-1.6336281798666925	-0.034523189314644216
-1.6179202165987434	-0.1748525098046511
-1.6022122533307945	-0.01793180062194459
-1.5865042900628454	-0.013748244302112902
-1.5707963267948966	-0.012619280363912612
-1.5550883635269477	-0.012799748926421594
-1.5393804002589986	-0.014267515180517078
-1.5236724369910497	-0.018096148510750427
-1.5079644737231006	-0.031144545212245252
-1.4922565104551517	-0.2773862882143947
-1.4765485471872029	-0.07924828679216782
-1.4608405839192538	-0.07557610463101326
-1.4451326206513049	-0.25252844569973687
-1.4294246573833558	-47.078355545002275
-1.413716694115407	-0.25091552282627655
-1.398008730847458	-0.09992445046549309
-1.382300767579509	-0.1764703357395387
-1.36659280431156	-5.102774476209629
-1.350884841043611	-0.22900332998105302
-1.335176877775662	-0.06054892114158949
-1.3194689145077132	-0.033734878556712554
-1.303760951239764	-0.02530872989060071
-1.2880529879718152	-0.022447918185613255
-1.2723450247038661	-0.022325026774735787
-1.2566370614359172	-0.024543066914757654
-1.2409290981679684	-0.07778593937449386
-1.2252211349000193	-0.037648459419232796
-1.2095131716320704	-0.05817009663783778
-1.1938052083641213	-0.17246608539404273
-1.1780972450961724	-1.386019432537283
-1.1623892818282235	-0.16886886293269768
-1.1466813185602744	-0.26831670433316024
-1.1309733552923256	-1.0836130968333286
-1.1152653920243765	-151.4315003534041
-1.0995574287564276	-0.8533296483597103
-1.0838494654884787	-0.26612573736246226
-1.0681415022205296	-0.3605525528819062
-1.0524335389525807	-0.7875845686515044
-1.0367255756846316	-0.1036373698139103
-1.0210176124166828	-0.059177569941786835
-1.0053096491487339	-0.046538321788125454
-0.9896016858807848	-0.04298177467246958
-0.9738937226128359	-0.044737930969462894
-0.9581857593448869	-0.05221709247582836
-0.9424777960769379	-0.07613241364809674
-0.926769832808989	-0.14119629943440276
-0.91106186954104	-0.16209648725363776
-0.8953539062730911	-0.3729114276123363
-0.8796459430051421	-2.0317096974167406
-0.8639379797371931	-16.20990711140382
-0.8482300164692441	-0.7487638847632703
-0.8325220532012951	-0.3844965803537251
-0.8168140899333463	-1.9159381782987448
-0.8011061266653973	-1.8972191464211645
-0.7853981633974483	-0.18718179078142574
-0.7696902001294993	-0.0880395262765861
-0.7539822368615503	-0.05762137042550417
-0.7382742735936014	-0.04273867479111368
-0.7225663103256524	-0.035708063267070905
-0.7068583470577035	-0.03254242640180505
-0.6911503837897545	-0.03234361312097332
-0.6754424205218055	-0.036027821353079775
-0.6597344572538566	-0.045752204922378394
-0.6440264939859076	-0.0805812493249754
-0.6283185307179586	-0.6627579119869835
-0.6126105674500096	-0.6083927876337603
-0.5969026041820606	-0.14904382134598637
-0.5811946409141118	-0.2789688831587722
-0.5654866776461628	-6.427568723907876
-0.5497787143782138	-0.827109651950502
-0.5340707511102648	-0.23231738785947675
-0.5183627878423158	-0.3611236858157853
-0.5026548245743669	-3.545683795490561
-0.48694686130641796	-1.7365615142651167
-0.47123889803846897	-0.2609395941188596
-0.45553093477052	-0.11094302220818951
-0.43982297150257105	-0.06763214178853134
-0.42411500823462206	-0.05052536972507565
-0.4084070449666731	-0.04373480464129538
-0.39269908169872414	-0.04343286734250597
-0.37699111843077515	-0.07138257788090413
-0.3612831551628262	-0.061295450482243434
-0.34557519189487723	-0.07751025832670315
-0.3298672286269283	-0.16344570415362114
-0.3141592653589793	-22.060244516239912
-0.2984513020910303	-0.29901614396472087
-0.2827433388230814	-0.3726382919829234
-0.2670353755551324	-1.1552177976030022
-0.25132741228718347	-36.187415477076016
-0.23561944901923448	-2.6097809266502585
-0.21991148575128552	-0.5180020084278516
-0.20420352248333656	-0.21518648522193398
-0.18849555921538758	-0.12391589606581604
-0.17278759594743862	-0.07334007960208391
-0.15707963267948966	-0.049845632352676784
-0.1413716694115407	-0.035759541857338165
-0.12566370614359174	-0.026586430364858193
-0.10995574287564276	-0.020278273911450498
-0.09424777960769379	-0.015958083724014242
-0.07853981633974483	-0.015141303702720786
-0.06283185307179587	-0.06902237127515512
-0.047123889803846894	-0.008431916413831734
-0.031415926535897934	-0.004449339119372754
-0.015707963267948967	-0.002093034606659868
0.0	-1.692386767465752e-18
0.015707963267948967	0.002093034606659865
0.031415926535897934	0.004449339119372756
0.047123889803846894	0.008431916413831729
0.06283185307179587	0.06902237127515512
0.07853981633974483	0.01514130370272079
0.09424777960769379	0.01595808372401422
0.10995574287564276	0.020278273911450487
0.12566370614359174	0.026586430364858197
0.1413716694115407	0.03575954185733819
0.15707963267948966	0.0498456323526767
0.17278759594743862	0.073340079602084
0.18849555921538758	0.1239158960658159
0.20420352248333656	0.2151864852219337
0.21991148575128552	0.5180020084278516
0.23561944901923448	2.6097809266502585
0.25132741228718347	36.187415477076
0.2670353755551324	1.1552177976030031
0.2827433388230814	0.372638291982924
0.2984513020910303	0.2990161439647207
0.3141592653589793	22.06024451623999
0.3298672286269283	0.163445704153621
0.34557519189487723	0.07751025832670314
0.3612831551628262	0.061295450482243656
0.37699111843077515	0.07138257788090409
0.39269908169872414	0.0434328673425058
0.4084070449666731	0.04373480464129543
0.42411500823462206	0.050525369725075576
0.43982297150257105	0.06763214178853127
0.45553093477052	0.11094302220818952
0.47123889803846897	0.2609395941188592
0.48694686130641796	1.7365615142651187
0.5026548245743669	3.5456837954905587
0.5183627878423158	0.36112368581578513
0.5340707511102648	0.23231738785947723
0.5497787143782138	0.827109651950505
0.5654866776461628	6.4275687239079
0.5811946409141118	0.27896888315877205
0.5969026041820606	0.1490438213459865
0.6126105674500096	0.6083927876337609
0.6283185307179586	0.6627579119869833
0.6440264939859076	0.08058124932497547
0.6597344572538566	0.045752204922378414
0.6754424205218055	0.036027821353079706
0.6911503837897545	0.03234361312097328
0.7068583470577035	0.032542426401805054
0.7225663103256524	0.03570806326707095
0.7382742735936014	0.04273867479111363
0.7539822368615503	0.05762137042550416
0.7696902001294993	0.08803952627658554
0.7853981633974483	0.18718179078142555
0.8011061266653973	1.897219146421231
0.8168140899333463	1.9159381782987437
0.8325220532012951	0.3844965803537262
0.8482300164692441	0.7487638847632732
0.8639379797371931	16.20990711140388
0.8796459430051421	2.031709697416738
0.8953539062730911	0.3729114276123368
0.91106186954104	0.16209648725363768
0.926769832808989	0.14119629943439924
0.9424777960769379	0.07613241364809685
0.9581857593448869	0.05221709247582836
0.9738937226128359	0.04473793096946292
0.9896016858807848	0.04298177467246947
1.0053096491487339	0.046538321788125385
1.0210176124166828	0.059177569941787
1.0367255756846316	0.10363736981391046
1.0524335389525807	0.7875845686515044
1.0681415022205296	0.3605525528819081
1.0838494654884787	0.2661257373624632
1.0995574287564276	0.8533296483597119
1.1152653920243765	151.43150035340423
1.1309733552923256	1.0836130968333293
1.1466813185602744	0.26831670433316096
1.1623892818282235	0.1688688629326974
1.1780972450961724	1.3860194325372857
1.1938052083641213	0.17246608539404337
1.2095131716320704	0.05817009663783802
1.2252211349000193	0.037648459419232866
1.2409290981679684	0.07778593937449409
1.2566370614359172	0.02454306691475768
1.2723450247038661	0.022325026774735933
1.2880529879718152	0.022447918185613317
1.303760951239764	0.02530872989060081
1.3194689145077132	0.03373487855671261
1.335176877775662	0.060548921141589794
1.350884841043611	0.2290033299810535
1.36659280431156	5.10277447620964
1.382300767579509	0.17647033573953858
1.398008730847458	0.09992445046549261
1.413716694115407	0.2509155228262778
1.4294246573833558	47.07835554500249
1.4451326206513049	0.2525284456997376
1.4608405839192538	0.07557610463101366
1.4765485471872029	0.07924828679216799
1.4922565104551517	0.27738628821439426
1.5079644737231006	0.03114454521224523
1.5236724369910497	0.018096148510750424
1.5393804002589986	0.014267515180517115
1.5550883635269477	0.012799748926421642
1.5707963267948966	0.012619280363912586
1.5865042900628454	0.01374824430211297
1.6022122533307945	0.017931800621944556
1.6179202165987434	0.17485250980465183
1.6336281798666925	0.03452318931464429
1.6493361431346414	0.05920037878927315
1.6650441064025903	0.2520406687991392
1.6807520696705394	4.2816208200437265
1.6964600329384882	0.14711831494737335
1.7121679962064373	0.12438953218599738
1.7278759594743862	0.8023553247635792
1.743583922742335	2.2268879760976326
1.7592918860102842	0.10089276688513589
1.774999849278233	0.03976274897516096
1.7907078125461822	0.02393370890196964
1.806415775814131	0.02204742879468629
1.82212373908208	0.012115924389188213
1.837831702350029	0.00993108117909354
1.853539665617978	0.008986622614405257
1.869247628885927	0.009008076029226257
1.8849555921538759	0.010484724089003913
1.9006635554218247	0.01647671466048503
1.9163715186897738	0.07014773438293911
1.9320794819577227	0.17267737049404214
1.9477874452256718	0.03264385933573118
1.9634954084936207	0.05940540001044223
1.9792033717615696	0.9348693353125678
1.9949113350295187	0.4348141525189471
2.0106192982974678	0.04102304635007304
2.0263272615654166	0.02245963186259572
2.0420352248333655	0.06955455763540341
2.0577431881013144	0.057286803938097076
2.0734511513692633	0.011063258164805396
2.0891591146372126	0.006338227287433589
2.1048670779051615	0.004718862239228992
2.1205750411731104	0.003942253312106073
2.1362830044410592	0.0035465832443750027
2.151990967709008	0.0034041215739551178
2.1676989309769574	0.0035190339525739116
2.1834068942449063	0.004050890172732383
2.199114857512855	0.005669207682049477
2.214822820780804	0.0128224384041416
2.230530784048753	0.699273141262191
2.2462387473167023	0.05687361910095165
2.261946710584651	0.014223557219583684
2.2776546738526	0.025915218102153848
2.293362637120549	0.4622871761881785
2.3090706003884978	0.07091220790982758
2.324778563656447	0.013877210438416302
2.340486526924396	0.006411214390855604
2.356194490192345	0.004804514329405774
2.3719024534602937	0.0035009753514296848
2.3876104167282426	0.002357947472630872
2.403318379996192	0.0019775821371491972
2.419026343264141	0.0017754372469594448
2.4347343065320897	0.0016902102251554155
2.4504422698000385	0.0017386592145142588
2.4661502330679874	0.0021266157000435605
2.4818581963359367	0.007675916612872599
2.4975661596038856	0.005227618424468401
2.5132741228718345	0.004495102480351858
2.5289820861397834	0.012961542827418156
2.5446900494077322	1.4688368449506617
2.5603980126756816	0.016909316365424035
2.5761059759436304	0.004657587961780945
2.5918139392115793	0.002976244355546651
2.607521902479528	0.01681461313326932
2.623229865747477	0.003121901689043912
2.6389378290154264	0.0013507056306026265
2.6546457922833753	0.0010166844448376545
2.670353755551324	0.0008676857888604497
2.686061718819273	0.0007818014489998245
2.701769682087222	0.0007291042302102568
2.7174776453551712	0.0007011523447195956
2.73318560862312	0.0007012317710031268
2.748893571891069	0.0007531520006062707
2.764601535159018	0.0009686025969023499
2.7803094984269667	0.0023971317758885702
2.796017461694916	0.07654096180426152
2.811725424962865	0.0017658402424019864
2.827433388230814	0.0011554556089532363
2.8431413514987627	0.0020906526805557447
2.8588493147667116	0.2429561103222038
2.874557278034661	0.002341302028381256
2.8902652413026098	0.0008680968699995676
2.9059732045705586	0.0005941003849182019
2.9216811678385075	0.000490574371641798
2.9373891311064564	0.0004368981311831047
2.9530970943744057	0.0004035990640506355
2.9688050576423546	0.0003805965974829411
2.9845130209103035	0.0003637636591570183
3.0002209841782523	0.00035134994916159436
3.015928947446201	0.00034291582629552365
3.0316369107141505	0.0003392953523198448
3.0473448739820994	0.00034376171208596657
3.0630528372500483	0.00036721794275139093
3.078760800517997	0.000457874667627018
3.094468763785946	0.001083237369321693
3.1101767270538954	0.023903218214548032
3.1258846903218442	0.0007137370453961878
3.141592653589793	0.00038581877738460413
3.157300616857742	0.00031095142788550726
3.173008580125691	0.0002797172489254752
3.18871654339364	0.00026205774482622045
3.204424506661589	0.0002500732595261309
3.220132469929538	0.00024095904629423283
3.235840433197487	0.0002335244223165658
3.2515483964654357	0.00022721436318009773
3.267256359733385	0.0002217859523754033
3.282964323001334	0.00021722451437225962
3.2986722862692828	0.00021385418033101453
3.3143802495372316	0.00021300752092669133
3.3300882128051805	0.0002213684856013353
3.34579617607313	0.0003265707828464075
3.3615041393410787	0.0007035474281224181
3.3772121026090276	0.00022106203096802389
3.3929200658769765	0.0001951393435307614
3.4086280291449254	0.0001860472778251934
3.4243359924128747	0.00018042013079893083
3.4400439556808236	0.00017600422394806607
3.4557519189487724	0.00017215946762089032
3.4714598822167213	0.00016864519161509674
3.48716784548467	0.00016535263764903152
3.5028758087526195	0.0001622255661081128
3.5185837720205684	0.00015923163850704817
3.5342917352885173	0.00015635056308620628
3.549999698556466	0.00015356863731738417
3.565707661824415	0.0001508760161192348
3.5814156250923643	0.00014826524751833297
3.597123588360313	0.00014573044123103655
3.612831551628262	0.00014326677271743994
3.628539514896211	0.00014087017431416537
3.64424747816416	0.0001385371353859792
3.659955441432109	0.00013626456851005778
3.675663404700058	0.00013404971705333583
3.691371367968007	0.00013189008950977471
3.707079331235956	0.00012978341162717675
3.7227872945039047	0.00012772759066533937
3.738495257771854	0.00012572068812279042
3.754203221039803	0.00012376089850420094
3.7699111843077517	0.00012184653248373069
3.7856191475757006	0.00011997600332744405
3.8013271108436495	0.00011814781577414097
3.817035074111599	0.00011636055680094662
3.8327430373795477	0.00011461288785576662
3.8484510006474966	0.00011290353824765864
3.8641589639154454	0.0001112312994633185
3.8798669271833943	0.00010959502023344844
3.8955748904513436	0.00010799360221332767
3.9112828537192925	0.00010642599617184701
3.9269908169872414	0.00010489119860565401
3.9426987802551903	0.00010338824871204509
3.958406743523139	0.00010191622566718594
3.9741147067910885	0.00010047424616628544
3.9898226700590373	9.906146219014218e-5
4.005530633326986	9.767705896869994e-5
4.0212385965949355	9.632025311708996e-5
4.036946559862884	9.499029092363221e-5
4.052654523130833	9.368644677237142e-5
4.068362486398782	9.240802168539201e-5
4.084070449666731	9.11543419721963e-5
4.09977841293468	8.992475797525383e-5
4.115486376202629	8.87186429022401e-5
4.131194339470578	8.753539173671768e-5
4.146902302738527	8.637442022006615e-5
4.162610266006476	8.52351638982664e-5
4.178318229274425	8.411707722799957e-5
4.194026192542374	8.30196327370115e-5
4.209734155810323	8.194232023437859e-5
4.225442119078272	8.088464606667267e-5
4.241150082346221	7.984613241650386e-5
4.25685804561417	7.88263166402357e-5
4.2725660088821185	7.782475064199242e-5
4.288273972150067	7.684100028135478e-5
4.303981935418016	7.587464481237507e-5
4.319689898685965	7.492527635176342e-5
4.335397861953915	7.399249937427824e-5
4.351105825221864	7.307593023352948e-5
4.366813788489813	7.217519670654975e-5
4.3825217517577615	7.128993756063137e-5
4.39822971502571	7.041980214102859e-5
4.413937678293659	6.956444997826834e-5
4.429645641561608	6.872355041387168e-5
4.445353604829557	6.789678224340039e-5
4.461061568097506	6.708383337583145e-5
4.476769531365456	6.628440050830762e-5
4.4924774946334045	6.549818881540484e-5
4.508185457901353	6.472491165210626e-5
4.523893421169302	6.396429026973185e-5
4.539601384437251	6.321605354411933e-5
4.5553093477052	6.247993771540787e-5
4.571017310973149	6.175568613880779e-5
4.586725274241098	6.104304904578957e-5
4.602433237509047	6.034178331515122e-5
4.6181412007769955	5.9651652253467886e-5
4.633849164044944	5.897242538445325e-5
4.649557127312894	5.830387824678166e-5
4.665265090580843	5.764579219997318e-5
4.680973053848792	5.699795423793126e-5
4.696681017116741	5.636015680978271e-5
4.71238898038469	5.5732197647659396e-5
4.7280969436526386	5.511387960111073e-5
4.743804906920587	5.450501047782017e-5
4.759512870188536	5.390540289035482e-5
4.775220833456485	5.331487410865615e-5
4.790928796724435	5.273324591802803e-5
4.806636759992384	5.216034448235824e-5
4.822344723260333	5.159600021236041e-5
4.838052686528282	5.104004763860332e-5
4.8537606497962305	5.049232528912022e-5
4.869468613064179	4.9952675571407056e-5
4.885176576332128	4.94209446586138e-5
4.900884539600077	4.8896982379756794e-5
4.916592502868026	4.838064211377866e-5
4.932300466135975	4.78717806872985e-5
4.948008429403924	4.737025827589817e-5
4.9637163926718735	4.687593830879649e-5
4.979424355939822	4.638868737677744e-5
4.995132319207771	4.590837514324232e-5
5.01084028247572	4.5434874258247515e-5
5.026548245743669	4.496806027543056e-5
5.042256209011618	4.450781157168646e-5
5.057964172279567	4.405400926950782e-5
5.073672135547516	4.3606537161865724e-5
5.0893800988154645	4.3165281639547436e-5
5.105088062083414	4.273013162084827e-5
5.120796025351363	4.230097848353007e-5
5.136503988619312	4.187771599896369e-5
5.152211951887261	4.1460240268363764e-5
5.16791991515521	4.104844966104675e-5
5.183627878423159	4.0642244754635804e-5
5.1993358416911075	4.024152827713079e-5
5.215043804959056	3.98462050507921e-5
5.230751768227005	3.9456181937750825e-5
5.246459731494954	3.9071367787304876e-5
5.262167694762903	3.8691673384820966e-5
5.277875658030853	3.8317011402197247e-5
5.293583621298802	3.794729634982656e-5
5.3092915845667505	3.7582444530005064e-5
5.324999547834699	3.722237399174166e-5
5.340707511102648	3.6867004486910454e-5
5.356415474370597	3.65162574277076e-5
5.372123437638546	3.617005584536416e-5
5.387831400906495	3.5828324350066584e-5
5.403539364174444	3.549098909205631e-5
5.419247327442394	3.5157977723852634e-5
5.4349552907103424	3.4829219363573836e-5
5.450663253978291	3.45046445593113e-5
5.46637121724624	3.418418525452654e-5
5.482079180514189	3.386777475443259e-5
5.497787143782138	3.355534769333072e-5
5.513495107050087	3.324684000286982e-5
5.529203070318036	3.294218888119666e-5
5.544911033585985	3.264133276297025e-5
5.5606189968539335	3.234421129021044e-5
5.576326960121882	3.205076528395623e-5
5.592034923389832	3.1760936716703696e-5
5.607742886657781	3.147466868560337e-5
5.62345084992573	3.1191905386387715e-5
5.639158813193679	3.091259208801034e-5
5.654866776461628	3.063667510797304e-5
5.6705747397295765	3.0364101788316697e-5
5.686282702997525	3.009482047225884e-5
5.701990666265474	2.9828780481453066e-5
5.717698629533423	2.9565932093858916e-5
5.733406592801373	2.9306226522194116e-5
5.749114556069322	2.9049615892958875e-5
5.764822519337271	2.8796053226007718e-5
5.7805304826052195	2.8545492414662622e-5
5.796238445873168	2.8297888206337002e-5
5.811946409141117	2.8053196183669933e-5
5.827654372409066	2.781137274614189e-5
5.843362335677015	2.7572375092168862e-5
5.859070298944964	2.7336161201653348e-5
5.874778262212913	2.7102689818980233e-5
5.890486225480862	2.6871920436449197e-5
5.906194188748811	2.6643813278120086e-5
5.92190215201676	2.641832928407393e-5
5.937610115284709	2.619543009506362e-5
5.953318078552658	2.5975078037552018e-5
5.969026041820607	2.5757236109122238e-5
5.984734005088556	2.554186796424945e-5
6.000441968356505	2.5328937900427287e-5
6.0161499316244536	2.511841084463501e-5
6.031857894892402	2.491025234013451e-5
6.047565858160352	2.4704428533597756e-5
6.063273821428301	2.4500906162536316e-5
6.07898178469625	2.4299652543049088e-5
6.094689747964199	2.4100635557857586e-5
6.110397711232148	2.3903823644631906e-5
6.126105674500097	2.3709185784597046e-5
6.1418136377680455	2.3516691491416427e-5
6.157521601035994	2.332631080032988e-5
6.173229564303943	2.3138014257561455e-5
6.188937527571892	2.2951772909970524e-5
6.204645490839841	2.2767558294946973e-5
6.220353454107791	2.2585342430549758e-5
6.23606141737574	2.2405097805869215e-5
6.2517693806436885	2.2226797371619206e-5
6.267477343911637	2.205041453094499e-5
6.283185307179586	2.1875923130446873e-5
6.298893270447535	2.170329745140754e-5
6.314601233715484	2.1532512201224945e-5
6.330309196983433	2.1363542505039754e-5
6.346017160251382	2.1196363897552955e-5
6.3617251235193315	2.1030952315032825e-5
6.37743308678728	2.0867284087499746e-5
6.393141050055229	2.0705335931091747e-5
6.408849013323178	2.054508494059874e-5
6.424556976591127	2.038650858216501e-5
6.440264939859076	2.022958468615839e-5
6.455972903127025	2.007429144019359e-5
6.471680866394974	1.992060738231341e-5
6.4873888296629225	1.9768511394322798e-5
6.503096792930871	1.961798269526666e-5
6.51880475619882	1.946900083505294e-5
6.53451271946677	1.932154568821647e-5
6.550220682734719	1.9175597447817847e-5
6.565928646002668	1.903113661947661e-5
6.581636609270617	1.888814401553335e-5
6.5973445725385655	1.8746600749338404e-5
6.613052535806514	1.8606488229665275e-5
6.628760499074463	1.8467788155240706e-5
6.644468462342412	1.833048250939834e-5
6.660176425610361	1.81945535548393e-5
6.675884388878311	1.805998382851151e-5
6.69159235214626	1.7926756136593145e-5
6.707300315414209	1.7794853549584896e-5
6.7230082786821574	1.7664259397504885e-5
6.738716241950106	1.7534957265184314e-5
6.754424205218055	1.7406930987665248e-5
6.770132168486004	1.7280164645689237e-5
6.785840131753953	1.7154642561285564e-5
6.801548095021902	1.70303492934475e-5
6.817256058289851	1.6907269633900503e-5
6.8329640215578	1.6785388602957518e-5
6.848671984825749	1.6664691445458583e-5
6.864379948093698	1.6545163626796064e-5
6.880087911361647	1.6426790829018907e-5
6.895795874629596	1.6309558947018562e-5
6.911503837897545	1.6193454084792617e-5
6.927211801165494	1.6078462551782918e-5
6.942919764433443	1.5964570859287926e-5
6.9586277277013915	1.5851765716951042e-5
6.97433569096934	1.5740034029313864e-5
6.99004365423729	1.5629362892444636e-5
7.005751617505239	1.5519739590629657e-5
7.021459580773188	1.541115159313292e-5
7.037167544041137	1.530358655102128e-5
7.052875507309086	1.519703229404958e-5
7.0685834705770345	1.5091476827610677e-5
7.084291433844983	1.4986908329743898e-5
7.099999397112932	1.4883315148202834e-5
7.115707360380881	1.478068579758096e-5
7.13141532364883	1.4679008956492951e-5
7.147123286916779	1.4578273464812101e-5
7.162831250184729	1.4478468320960158e-5
7.1785392134526775	1.4379582679251817e-5
7.194247176720626	1.428160584728775e-5
7.209955139988575	1.4184527283401137e-5
7.225663103256524	1.4088336594151094e-5
7.241371066524473	1.3993023531865094e-5
7.257079029792422	1.3898577992229434e-5
7.272786993060371	1.3804990011923195e-5
7.28849495632832	1.3712249766300258e-5
7.304202919596269	1.3620347567112906e-5
7.319910882864218	1.3529273860281409e-5
7.335618846132167	1.3439019223701867e-5
7.351326809400116	1.3349574365098965e-5
7.367034772668065	1.326093011991712e-5
7.382742735936014	1.3173077449252604e-5
7.398450699203963	1.308600743782204e-5
7.414158662471912	1.2999711291972288e-5
7.4298666257398605	1.2914180337723072e-5
7.445574589007809	1.282940601885e-5
7.461282552275758	1.2745379895000712e-5
7.476990515543708	1.2662093639846323e-5
7.492698478811657	1.2579539039266862e-5
7.508406442079606	1.2497707989570444e-5
7.524114405347555	1.2416592495744793e-5
7.5398223686155035	1.2336184669740402e-5
7.555530331883452	1.225647672878582e-5
7.571238295151401	1.2177460993732261e-5
7.58694625841935	1.209912988743047e-5
7.602654221687299	1.2021475933133233e-5
7.618362184955249	1.1944491752931792e-5
7.634070148223198	1.1868170066215195e-5
7.6497781114911465	1.1792503688161248e-5
7.665486074759095	1.1717485528252096e-5
7.681194038027044	1.1643108588818071e-5
7.696902001294993	1.1569365963605681e-5
7.712609964562942	1.1496250836372602e-5
7.728317927830891	1.1423756479507003e-5
7.74402589109884	1.1351876252670872e-5
7.759733854366789	1.1280603601468257e-5
7.7754418176347375	1.1209932056135897e-5
7.791149780902687	1.1139855230257414e-5
7.806857744170636	1.107036681950045e-5
7.822565707438585	1.1001460600375225e-5
7.838273670706534	1.0933130429013813e-5
7.853981633974483	1.086537023997328e-5
7.869689597242432	1.0798174045057525e-5
7.8853975605103805	1.0731535932159812e-5
7.901105523778329	1.066545006412524e-5
7.916813487046278	1.0599910677634036e-5
7.932521450314228	1.053491208210211e-5
7.948229413582177	1.047044865860243e-5
7.963937376850126	1.0406514858802571e-5
7.979645340118075	1.0343105203922967e-5
7.995353303386024	1.0280214283710759e-5
8.011061266653972	1.021783675543246e-5
8.026769229921921	1.0155967342883068e-5
8.042477193189871	1.0094600835411548e-5
8.058185156457819	1.0033732086964042e-5
8.073893119725769	9.973356015141537e-6
8.089601082993717	9.913467600275034e-6
8.105309046261667	9.854061884514451e-6
8.121017009529615	9.795133970934527e-6
8.136724972797564	9.736679022654329e-6
8.152432936065512	9.678692261971787e-6
8.168140899333462	9.621168969513155e-6
8.183848862601412	9.564104483395406e-6
8.19955682586936	9.507494198403607e-6
8.21526478913731	9.451333565181217e-6
8.230972752405258	9.395618089434068e-6
8.246680715673207	9.340343331146786e-6
8.262388678941155	9.285504903812946e-6
8.278096642209105	9.231098473676992e-6
8.293804605477053	9.177119758989342e-6
8.309512568745003	9.123564529272393e-6
8.325220532012953	9.070428604599602e-6
8.3409284952809	9.017707854886233e-6
8.35663645854885	8.965398199190167e-6
8.372344421816798	8.913495605026042e-6
8.388052385084748	8.861996087688373e-6
8.403760348352696	8.810895709587574e-6
8.419468311620646	8.76019057959418e-6
8.435176274888594	8.709876852396575e-6
8.450884238156544	8.659950727866023e-6
8.466592201424492	8.610408450433595e-6
8.482300164692441	8.561246308477032e-6
8.498008127960391	8.512460633715712e-6
8.51371609122834	8.464047800616984e-6
8.529424054496289	8.41600422581133e-6
8.545132017764237	8.368326367515814e-6
8.560839981032187	8.321010724968116e-6
8.576547944300135	8.27405383786852e-6
8.592255907568084	8.227452285829914e-6
8.607963870836032	8.181202687838844e-6
8.623671834103982	8.135301701721742e-6
8.63937979737193	8.089746023622242e-6
8.65508776063988	8.044532387484964e-6
8.67079572390783	7.999657564547354e-6
8.686503687175778	7.955118362840871e-6
8.702211650443727	7.910911626697823e-6
8.717919613711675	7.867034236267166e-6
8.733627576979625	7.823483107037193e-6
8.749335540247573	7.78025518936566e-6
8.765043503515523	7.737347468017316e-6
8.780751466783471	7.69475696170812e-6
8.79645943005142	7.65248072265648e-6
8.81216739331937	7.61051583614115e-6
8.827875356587318	7.5688594200672166e-6
8.843583319855268	7.527508624535737e-6
8.859291283123216	7.486460631423353e-6
8.874999246391166	7.445712653965276e-6
8.890707209659114	7.40526193634653e-6
8.906415172927064	7.3651057532982395e-6
8.922123136195012	7.325241409700876e-6
8.937831099462962	7.285666240191946e-6
8.953539062730911	7.246377608781358e-6
8.96924702599886	7.207372908471474e-6
8.984954989266809	7.168649560882619e-6
9.000662952534757	7.13020501588471e-6
9.016370915802707	7.092036751234428e-6
9.032078879070655	7.054142272216675e-6
9.047786842338605	7.016519111293099e-6
9.063494805606553	6.9791648277541384e-6
9.079202768874502	6.942077007376966e-6
9.09491073214245	6.905253262088349e-6
9.1106186954104	6.868691229632443e-6
9.12632665867835	6.832388573243269e-6
9.142034621946298	6.796342981322275e-6
9.157742585214248	6.760552167120234e-6
9.173450548482196	6.725013868424137e-6
9.189158511750145	6.689725847248255e-6
9.204866475018093	6.654685889529871e-6
9.220574438286043	6.619891804829273e-6
9.236282401553991	6.585341426034469e-6
9.25199036482194	6.551032609069362e-6
9.267698328089889	6.516963232607202e-6
9.283406291357839	6.483131197786761e-6
9.299114254625788	6.449534427933992e-6
9.314822217893736	6.416170868286837e-6
9.330530181161686	6.383038485723944e-6
9.346238144429634	6.350135268497655e-6
9.361946107697584	6.317459225969967e-6
9.377654070965532	6.285008388353956e-6
9.393362034233482	6.252780806456432e-6
9.40906999750143	6.220774551426264e-6
9.42477796076938	6.188987714505226e-6
9.44048592403733	6.1574184067828725e-6
9.456193887305277	6.1260647589539945e-6
9.471901850573227	6.094924921080737e-6
9.487609813841175	6.063997062357115e-6
9.503317777109125	6.033279370876667e-6
9.519025740377073	6.002770053404492e-6
9.534733703645022	5.972467335150989e-6
9.55044166691297	5.942369459549964e-6
9.56614963018092	5.912474688038988e-6
9.58185759344887	5.882781299843219e-6
9.597565556716818	5.853287591762106e-6
9.613273519984768	5.823991877959111e-6
9.628981483252716	5.794892489753598e-6
9.644689446520665	5.765987775417236e-6
9.660397409788613	5.737276099971515e-6
9.676105373056563	5.708755844988386e-6
9.691813336324511	5.680425408394777e-6
9.707521299592461	5.652283204278045e-6
9.723229262860409	5.624327662695601e-6
9.738937226128359	5.596557229485822e-6
9.754645189396308	5.568970366082774e-6
9.770353152664256	5.5415655493321605e-6
9.786061115932206	5.514341271311333e-6
9.801769079200154	5.487296039149576e-6
9.817477042468104	5.460428374853199e-6
9.833185005736052	5.433736815131165e-6
9.848892969004002	5.407219911223738e-6
9.86460093227195	5.3808762287338915e-6
9.8803088955399	5.354704347459776e-6
9.896016858807847	5.328702861230631e-6
9.911724822075797	5.302870377744145e-6
9.927432785343747	5.277205518406278e-6
9.943140748611695	5.2517069181730395e-6
9.958848711879645	5.226373225394506e-6
9.974556675147593	5.201203101661143e-6
9.990264638415542	5.176195221651154e-6
10.00597260168349	5.151348272981224e-6
10.02168056495144	5.126660956058178e-6
10.037388528219388	5.102131983933216e-6
10.053096491487338	5.07776008215749e-6
10.068804454755288	5.053543988640032e-6
10.084512418023236	5.029482453507477e-6
10.100220381291185	5.0055742389654235e-6
10.115928344559133	4.981818119161506e-6
10.131636307827083	4.958212880051019e-6
10.147344271095031	4.934757319262876e-6
10.163052234362981	4.9114502459686475e-6
10.178760197630929	4.888290480752985e-6
10.194468160898879	4.865276855484992e-6
10.210176124166829	4.842408213191926e-6
10.225884087434777	4.819683407934335e-6
10.241592050702726	4.797101304683214e-6
10.257300013970674	4.774660779197781e-6
10.273007977238624	4.752360717905615e-6
10.288715940506572	4.730200017784237e-6
10.304423903774522	4.708177586243935e-6
10.32013186704247	4.686292341012086e-6
10.33583983031042	4.664543210019113e-6
10.351547793578368	4.642929131286181e-6
10.367255756846317	4.621449052813497e-6
10.382963720114267	4.600101932470654e-6
10.398671683382215	4.578886737888196e-6
10.414379646650165	4.557802446350941e-6
10.430087609918113	4.536848044691523e-6
10.445795573186063	4.5160225291867305e-6
10.46150353645401	4.49532490545383e-6
10.47721149972196	4.474754188349512e-6
10.492919462989908	4.454309401868332e-6
10.508627426257858	4.433989579044562e-6
10.524335389525806	4.413793761853333e-6
10.540043352793756	4.393721001114523e-6
10.555751316061706	4.3737703563962894e-6
10.571459279329654	4.353940895921781e-6
10.587167242597603	4.334231696474637e-6
10.602875205865551	4.31464184330798e-6
10.618583169133501	4.295170430052832e-6
10.634291132401449	4.275816558628443e-6
10.649999095669399	4.256579339153609e-6
10.665707058937347	4.2374578898589665e-6
10.681415022205297	4.2184513370005365e-6
10.697122985473246	4.199558814773894e-6
10.712830948741194	4.180779465230129e-6
10.728538912009144	4.1621124381922595e-6
10.744246875277092	4.143556891172566e-6
10.759954838545042	4.125111989291571e-6
10.77566280181299	4.106776905197313e-6
10.79137076508094	4.088550818986144e-6
10.807078728348888	4.070432918123893e-6
10.822786691616837	4.05242239736883e-6
10.838494654884787	4.03451845869451e-6
10.854202618152735	4.016720311214449e-6
10.869910581420685	3.9990271711072316e-6
10.885618544688633	3.98143826154266e-6
10.901326507956583	3.963952812608861e-6
10.91703447122453	3.946570061239954e-6
10.93274243449248	3.9292892511448866e-6
10.948450397760428	3.912109632737241e-6
10.964158361028378	3.895030463065277e-6
10.979866324296326	3.878051005743581e-6
10.995574287564276	3.861170530884914e-6
11.011282250832226	3.844388315033186e-6
11.026990214100174	3.827703641097089e-6
11.042698177368123	3.8111157982846303e-6
11.058406140636071	3.7946240820381618e-6
11.074114103904021	3.7782277939708438e-6
11.08982206717197	3.761926241802721e-6
11.105530030439919	3.7457187392991503e-6
11.121237993707867	3.7296046062078083e-6
11.136945956975817	3.7135831681988666e-6
11.152653920243765	3.6976537568039378e-6
11.168361883511714	3.6818157093564926e-6
11.184069846779664	3.666068368933308e-6
11.199777810047612	3.6504110842958883e-6
11.215485773315562	3.6348432098328382e-6
11.23119373658351	3.6193641055033724e-6
11.24690169985146	3.603973136780665e-6
11.262609663119408	3.5886696745965674e-6
11.278317626387357	3.5734530952862196e-6
11.294025589655305	3.5583227805343375e-6
11.309733552923255	3.5432781173210655e-6
11.325441516191205	3.5283184978691293e-6
11.341149479459153	3.5134433195912326e-6
11.356857442727103	3.4986519850383404e-6
11.37256540599505	3.483943901848456e-6
11.388273369263	3.4693184826955427e-6
11.403981332530948	3.454775145240015e-6
11.419689295798898	3.4403133120788307e-6
11.435397259066846	3.425932410696524e-6
11.451105222334796	3.411631873417004e-6
11.466813185602746	3.397411137355564e-6
11.482521148870694	3.383269644371554e-6
11.498229112138644	3.3692068410216396e-6
11.513937075406592	3.3552221785136525e-6
11.529645038674541	3.3413151126605877e-6
11.54535300194249	3.327485103835603e-6
11.561060965210439	3.31373161692739e-6
11.576768928478387	3.300054121295723e-6
11.592476891746337	3.286452090728007e-6
11.608184855014285	3.2729250033957446e-6
11.623892818282235	3.2594723418121744e-6
11.639600781550184	3.246093592789839e-6
11.655308744818132	3.232788247398581e-6
11.671016708086082	3.2195558009246214e-6
11.68672467135403	3.2063957528295165e-6
11.70243263462198	3.193307606709762e-6
11.718140597889928	3.1802908702566916e-6
11.733848561157878	3.1673450552172557e-6
11.749556524425826	3.1544696773546794e-6
11.765264487693775	3.1416642564099727e-6
11.780972450961723	3.128928316063634e-6
11.796680414229673	3.116261383897816e-6
11.812388377497623	3.103662991359193e-6
11.82809634076557	3.091132673721576e-6
11.84380430403352	3.0786699700496014e-6
11.859512267301469	3.06627442316268e-6
11.875220230569418	3.0539455795988645e-6
11.890928193837366	3.0416829895798123e-6
11.906636157105316	3.0294862069755436e-6
11.922344120373264	3.017354789270048e-6
11.938052083641214	3.005288297526842e-6
11.953760046909164	2.9932862963551593e-6
11.969468010177112	2.9813483538765153e-6
11.985175973445061	2.9694740416916107e-6
12.00088393671301	2.9576629348473655e-6
12.01659189998096	2.9459146118046104e-6
12.032299863248907	2.9342286544060466e-6
12.048007826516857	2.922604647844434e-6
12.063715789784805	2.9110421806312986e-6
12.079423753052755	2.899540844565733e-6
12.095131716320704	2.8881002347038125e-6
12.110839679588652	2.8767199493281153e-6
12.126547642856602	2.8653995899178074e-6
12.14225560612455	2.8541387611185844e-6
12.1579635693925	2.8429370707136697e-6
12.173671532660448	2.831794129594363e-6
12.189379495928398	2.8207095517313007e-6
12.205087459196346	2.8096829541461515e-6
12.220795422464295	2.7987139568830414e-6
12.236503385732243	2.7878021829811317e-6
12.252211349000193	2.776947258446588e-6
12.267919312268143	2.7661488122255764e-6
12.283627275536091	2.755406476177043e-6
12.29933523880404	2.74471988504601e-6
12.315043202071989	2.7340886764372903e-6
12.330751165339938	2.7235124907890206e-6
12.346459128607886	2.7129909713469486e-6
12.362167091875836	2.7025237641388124e-6
12.377875055143784	2.6921105179488043e-6
12.393583018411734	2.6817508842926867e-6
12.409290981679682	2.6714445173927924e-6
12.424998944947632	2.661191074153482e-6
12.440706908215581	2.6509902141369152e-6
12.45641487148353	2.6408415995387523e-6
12.47212283475148	2.6307448951646107e-6
12.487830798019427	2.620699768406276e-6
12.503538761287377	2.6107058892185492e-6
12.519246724555325	2.6007629300958834e-6
12.534954687823275	2.5908705660498697e-6
12.550662651091223	2.581028474586352e-6
12.566370614359172	2.57123633568322e-6
