-12.566370614359172	-2.544141399157371e-6
-12.550662651091223	-2.553830854372842e-6
-12.534954687823275	-2.5635697416599917e-6
-12.519246724555325	-2.573358377733141e-6
-12.503538761287377	-2.5831970817533185e-6
-12.487830798019427	-2.5930861753503054e-6
-12.47212283475148	-2.6030259826452603e-6
-12.45641487148353	-2.613016830273009e-6
-12.440706908215581	-2.6230590474051428e-6
-12.424998944947632	-2.6331529657730696e-6
-12.409290981679682	-2.6432989196912803e-6
-12.393583018411734	-2.653497246081043e-6
-12.377875055143784	-2.663748284494005e-6
-12.362167091875836	-2.6740523771367453e-6
-12.346459128607886	-2.684409868894448e-6
-12.330751165339938	-2.6948211073560673e-6
-12.315043202071989	-2.7052864428388594e-6
-12.29933523880404	-2.715806228413624e-6
-12.283627275536091	-2.7263808199299874e-6
-12.267919312268143	-2.7370105760421425e-6
-12.252211349000193	-2.7476958582346963e-6
-12.236503385732243	-2.75843703084887e-6
-12.220795422464295	-2.769234461109018e-6
-12.205087459196346	-2.7800885191493372e-6
-12.189379495928398	-2.7909995780408736e-6
-12.173671532660448	-2.8019680138189876e-6
-12.1579635693925	-2.8129942055106953e-6
-12.14225560612455	-2.8240785351629572e-6
-12.126547642856602	-2.835221387870501e-6
-12.110839679588652	-2.846423151804636e-6
-12.095131716320704	-2.857684218241991e-6
-12.079423753052755	-2.8690049815935106e-6
-12.063715789784805	-2.8803858394340383e-6
-12.048007826516857	-2.8918271925321166e-6
-12.032299863248907	-2.9033294448799447e-6
-12.01659189998096	-2.9148930037238434e-6
-12.00088393671301	-2.926518279595011e-6
-11.985175973445061	-2.938205686340605e-6
-11.969468010177112	-2.9499556411551003e-6
-11.953760046909164	-2.9617685646121427e-6
-11.938052083641214	-2.9736448806964965e-6
-11.922344120373264	-2.9855850168366336e-6
-11.906636157105316	-2.99758940393746e-6
-11.890928193837366	-3.0096584764135544e-6
-11.875220230569418	-3.0217926722225885e-6
-11.859512267301469	-3.0339924328992366e-6
-11.84380430403352	-3.046258203589616e-6
-11.82809634076557	-3.058590433085769e-6
-11.812388377497623	-3.070989573860586e-6
-11.796680414229673	-3.0834560821034993e-6
-11.780972450961723	-3.0959904177561183e-6
-11.765264487693775	-3.1085930445484085e-6
-11.749556524425826	-3.1212644300354267e-6
-11.733848561157878	-3.1340050456340935e-6
-11.718140597889928	-3.1468153666609306e-6
-11.70243263462198	-3.159695872369683e-6
-11.68672467135403	-3.172647045989608e-6
-11.671016708086082	-3.185669374764162e-6
-11.655308744818132	-3.198763349990208e-6
-11.639600781550184	-3.2119294670574423e-6
-11.623892818282235	-3.2251682254884952e-6
-11.608184855014285	-3.238480128979338e-6
-11.592476891746337	-3.2518656854401984e-6
-11.576768928478387	-3.265325407036935e-6
-11.561060965210439	-3.2788598102328123e-6
-11.54535300194249	-3.2924694158309367e-6
-11.529645038674541	-3.3061547490169126e-6
-11.513937075406592	-3.319916339402101e-6
-11.498229112138644	-3.3337547210675807e-6
-11.482521148870694	-3.3476704326081185e-6
-11.466813185602746	-3.3616640171771325e-6
-11.451105222334796	-3.3757360225318987e-6
-11.435397259066846	-3.3898870010793925e-6
-11.419689295798898	-3.4041175099224617e-6
-11.403981332530948	-3.418428110906836e-6
-11.388273369263	-3.4328193706683934e-6
-11.37256540599505	-3.447291860681153e-6
-11.356857442727103	-3.4618461573056735e-6
-11.341149479459153	-3.4764828418381535e-6
-11.325441516191205	-3.491202500559992e-6
-11.309733552923255	-3.5060057247880265e-6
-11.294025589655305	-3.5208931109251817e-6
-11.278317626387357	-3.5358652605118502e-6
-11.262609663119408	-3.5509227802778787e-6
-11.24690169985146	-3.566066282195056e-6
-11.23119373658351	-3.581296383530309e-6
-11.215485773315562	-3.5966137068993296e-6
-11.199777810047612	-3.612018880321248e-6
-11.184069846779664	-3.6275125372733664e-6
-11.168361883511714	-3.643095316747026e-6
-11.152653920243765	-3.6587678633039468e-6
-11.136945956975817	-3.6745308271330357e-6
-11.121237993707867	-3.6903848641083702e-6
-11.105530030439919	-3.706330635847108e-6
-11.08982206717197	-3.72236880976899e-6
-11.074114103904021	-3.738500059155746e-6
-11.058406140636071	-3.7547250632116377e-6
-11.042698177368123	-3.7710445071245877e-6
-11.026990214100174	-3.787459082128177e-6
-11.011282250832226	-3.8039694855640436e-6
-10.995574287564276	-3.820576420945403e-6
-10.979866324296326	-3.83728059802118e-6
-10.964158361028378	-3.854082732840859e-6
-10.948450397760428	-3.8709835478200105e-6
-10.93274243449248	-3.887983771806931e-6
-10.91703447122453	-3.905084140149872e-6
-10.901326507956583	-3.922285394764914e-6
-10.885618544688633	-3.93958828420512e-6
-10.869910581420685	-3.95699356372989e-6
-10.854202618152735	-3.974501995375883e-6
-10.838494654884787	-3.992114348028168e-6
-10.822786691616837	-4.009831397492505e-6
-10.807078728348888	-4.027653926568619e-6
-10.79137076508094	-4.045582725124143e-6
-10.77566280181299	-4.063618590169531e-6
-10.759954838545042	-4.081762325933993e-6
-10.744246875277092	-4.100014743942024e-6
-10.728538912009144	-4.118376663091637e-6
-10.712830948741194	-4.13684890973241e-6
-10.697122985473246	-4.155432317745538e-6
-10.681415022205297	-4.174127728624312e-6
-10.665707058937347	-4.192935991555669e-6
-10.649999095669399	-4.21185796350285e-6
-10.634291132401449	-4.230894509289099e-6
-10.618583169133501	-4.250046501682237e-6
-10.602875205865551	-4.2693148214803314e-6
-10.587167242597603	-4.288700357598663e-6
-10.571459279329654	-4.308204007157346e-6
-10.555751316061706	-4.327826675570532e-6
-10.540043352793756	-4.347569276636185e-6
-10.524335389525806	-4.367432732627573e-6
-10.508627426257858	-4.387417974385318e-6
-10.492919462989908	-4.40752594141106e-6
-10.47721149972196	-4.427757581962132e-6
-10.46150353645401	-4.448113853147144e-6
-10.445795573186063	-4.468595721023517e-6
-10.430087609918113	-4.489204160695229e-6
-10.414379646650165	-4.509940156412756e-6
-10.398671683382215	-4.530804701673627e-6
-10.382963720114267	-4.551798799324603e-6
-10.367255756846317	-4.572923461664947e-6
-10.351547793578368	-4.594179710551235e-6
-10.33583983031042	-4.615568577503147e-6
-10.32013186704247	-4.637091103811039e-6
-10.304423903774522	-4.658748340644587e-6
-10.288715940506572	-4.680541349162941e-6
-10.273007977238624	-4.70247120062621e-6
-10.257300013970674	-4.724538976508497e-6
-10.241592050702726	-4.74674576861232e-6
-10.225884087434777	-4.7690926791845744e-6
-10.210176124166829	-4.791580821033793e-6
-10.194468160898879	-4.814211317649119e-6
-10.178760197630929	-4.8369853033209105e-6
-10.163052234362981	-4.859903923262523e-6
-10.147344271095031	-4.882968333734293e-6
-10.131636307827083	-4.906179702168295e-6
-10.115928344559133	-4.929539207295638e-6
-10.100220381291185	-4.9530480392745e-6
-10.084512418023236	-4.976707399821031e-6
-10.068804454755288	-5.000518502340576e-6
-10.053096491487338	-5.024482572061689e-6
-10.037388528219388	-5.048600846171481e-6
-10.02168056495144	-5.072874573952703e-6
-10.00597260168349	-5.097305016923011e-6
-9.990264638415542	-5.121893448975293e-6
-9.974556675147593	-5.146641156521131e-6
-9.958848711879645	-5.171549438634729e-6
-9.943140748611695	-5.196619607199719e-6
-9.927432785343747	-5.221852987057796e-6
-9.911724822075797	-5.2472509161587975e-6
-9.896016858807847	-5.272814745713652e-6
-9.8803088955399	-5.298545840348485e-6
-9.86460093227195	-5.324445578261368e-6
-9.848892969004002	-5.350515351381133e-6
-9.833185005736052	-5.376756565528082e-6
-9.817477042468104	-5.403170640576998e-6
-9.801769079200154	-5.429759010622507e-6
-9.786061115932206	-5.45652312414625e-6
-9.770353152664256	-5.483464444186726e-6
-9.754645189396308	-5.5105844485114975e-6
-9.738937226128359	-5.537884629791558e-6
-9.723229262860409	-5.5653664957774545e-6
-9.707521299592461	-5.593031569479403e-6
-9.691813336324511	-5.620881389348358e-6
-9.676105373056563	-5.648917509460074e-6
-9.660397409788613	-5.6771414997018796e-6
-9.644689446520665	-5.705554945961997e-6
-9.628981483252716	-5.734159450321195e-6
-9.613273519984768	-5.7629566312472435e-6
-9.597565556716818	-5.791948123792201e-6
-9.58185759344887	-5.8211355797922e-6
-9.56614963018092	-5.8505206680701396e-6
-9.55044166691297	-5.880105074641149e-6
-9.534733703645022	-5.909890502920963e-6
-9.519025740377073	-5.939878673937516e-6
-9.503317777109125	-5.970071326544263e-6
-9.487609813841175	-6.000470217638381e-6
-9.471901850573227	-6.0310771223806155e-6
-9.456193887305277	-6.061893834418519e-6
-9.44048592403733	-6.092922166113225e-6
-9.42477796076938	-6.124163948769214e-6
-9.40906999750143	-6.155621032866953e-6
-9.393362034233482	-6.187295288299465e-6
-9.377654070965532	-6.21918860461185e-6
-9.361946107697584	-6.251302891244564e-6
-9.346238144429634	-6.283640077779354e-6
-9.330530181161686	-6.316202114190041e-6
-9.314822217893736	-6.348990971095516e-6
-9.299114254625788	-6.382008640017363e-6
-9.283406291357839	-6.415257133640529e-6
-9.267698328089889	-6.448738486078307e-6
-9.25199036482194	-6.482454753140835e-6
-9.236282401553991	-6.516408012606979e-6
-9.220574438286043	-6.55060036450157e-6
-9.204866475018093	-6.58503393137486e-6
-9.189158511750145	-6.619710858587661e-6
-9.173450548482196	-6.6546333145995224e-6
-9.157742585214248	-6.689803491261589e-6
-9.142034621946298	-6.725223604113699e-6
-9.12632665867835	-6.760895892685869e-6
-9.1106186954104	-6.796822620803973e-6
-9.09491073214245	-6.833006076900275e-6
-9.079202768874502	-6.869448574328192e-6
-9.063494805606553	-6.906152451681824e-6
-9.047786842338605	-6.943120073120475e-6
-9.032078879070655	-6.98035382869748e-6
-9.016370915802707	-7.017856134694439e-6
-9.000662952534757	-7.055629433959911e-6
-8.984954989266809	-7.093676196253693e-6
-8.96924702599886	-7.131998918595687e-6
-8.953539062730911	-7.170600125620733e-6
-8.937831099462962	-7.209482369937677e-6
-8.922123136195012	-7.248648232494963e-6
-8.906415172927064	-7.28810032295115e-6
-8.890707209659114	-7.327841280050926e-6
-8.874999246391166	-7.36787377200722e-6
-8.859291283123216	-7.40820049688864e-6
-8.843583319855268	-7.448824183013353e-6
-8.827875356587318	-7.4897475893483256e-6
-8.81216739331937	-7.530973505915148e-6
-8.79645943005142	-7.5725047542018226e-6
-8.780751466783471	-7.614344187580841e-6
-8.765043503515523	-7.656494691734066e-6
-8.749335540247573	-7.698959185083314e-6
-8.733627576979625	-7.741740619228454e-6
-8.717919613711675	-7.784841979391912e-6
-8.702211650443727	-7.828266284869862e-6
-8.686503687175778	-7.872016589490549e-6
-8.67079572390783	-7.916095982080158e-6
-8.65508776063988	-7.960507586935103e-6
-8.63937979737193	-8.00525456430225e-6
-8.623671834103982	-8.050340110866883e-6
-8.607963870836032	-8.095767460247415e-6
-8.592255907568084	-8.141539883498868e-6
-8.576547944300135	-8.187660689623434e-6
-8.560839981032187	-8.234133226089909e-6
-8.545132017764237	-8.280960879360461e-6
-8.529424054496289	-8.328147075426557e-6
-8.51371609122834	-8.37569528035273e-6
-8.498008127960391	-8.423609000829428e-6
-8.482300164692441	-8.471891784734512e-6
-8.466592201424492	-8.520547221703706e-6
-8.450884238156544	-8.56957894371016e-6
-8.435176274888594	-8.618990625653478e-6
-8.419468311620646	-8.668785985957892e-6
-8.403760348352696	-8.718968787180677e-6
-8.388052385084748	-8.769542836629322e-6
-8.372344421816798	-8.820511986990093e-6
-8.35663645854885	-8.871880136965552e-6
-8.3409284952809	-8.923651231923123e-6
-8.325220532012953	-8.975829264553928e-6
-8.309512568745003	-9.028418275542729e-6
-8.293804605477053	-9.081422354248238e-6
-8.278096642209105	-9.13484563939518e-6
-8.262388678941155	-9.188692319777493e-6
-8.246680715673207	-9.242966634972938e-6
-8.230972752405258	-9.297672876069776e-6
-8.21526478913731	-9.35281538640544e-6
-8.19955682586936	-9.408398562317255e-6
-8.183848862601412	-9.464426853905705e-6
-8.168140899333462	-9.520904765810738e-6
-8.152432936065512	-9.57783685800041e-6
-8.136724972797564	-9.635227746573487e-6
-8.121017009529615	-9.693082104574636e-6
-8.105309046261667	-9.751404662824247e-6
-8.089601082993717	-9.810200210761568e-6
-8.073893119725769	-9.869473597302419e-6
-8.058185156457819	-9.929229731710791e-6
-8.042477193189871	-9.989473584486696e-6
-8.026769229921921	-1.0050210188267055e-5
-8.011061266653972	-1.011144463874428e-5
-7.995353303386024	-1.0173182095598007e-5
-7.979645340118075	-1.0235427783445395e-5
-7.963937376850126	-1.0298186992805536e-5
-7.948229413582177	-1.0361465081081492e-5
-7.932521450314228	-1.0425267473559939e-5
-7.916813487046278	-1.0489599664426106e-5
-7.901105523778329	-1.055446721779882e-5
-7.8853975605103805	-1.0619875768780896e-5
-7.869689597242432	-1.0685831024530157e-5
-7.853981633974483	-1.0752338765347913e-5
-7.838273670706534	-1.081940484578627e-5
-7.822565707438585	-1.0887035195776202e-5
-7.806857744170636	-1.0955235821773429e-5
-7.791149780902687	-1.1024012807926543e-5
-7.7754418176347375	-1.1093372317264662e-5
-7.759733854366789	-1.1163320592905995e-5
-7.74402589109884	-1.1233863959288596e-5
-7.728317927830891	-1.1305008823422403e-5
-7.712609964562942	-1.137676167616387e-5
-7.696902001294993	-1.144912909351343e-5
-7.681194038027044	-1.1522117737936265e-5
-7.665486074759095	-1.1595734359706291e-5
-7.6497781114911465	-1.1669985798275558e-5
-7.634070148223198	-1.1744878983666754e-5
-7.618362184955249	-1.1820420937892648e-5
-7.602654221687299	-1.1896618776399666e-5
-7.58694625841935	-1.1973479709539116e-5
-7.571238295151401	-1.2051011044064852e-5
-7.555530331883452	-1.2129220184657362e-5
-7.5398223686155035	-1.22081146354776e-5
-7.524114405347555	-1.2287702001747703e-5
-7.508406442079606	-1.2367989991362161e-5
-7.492698478811657	-1.244898641652758e-5
-7.476990515543708	-1.2530699195434286e-5
-7.461282552275758	-1.261313635395715e-5
-7.445574589007809	-1.2696306027390239e-5
-7.4298666257398605	-1.2780216462211812e-5
-7.414158662471912	-1.2864876017883775e-5
-7.398450699203963	-1.2950293168684348e-5
-7.382742735936014	-1.3036476505575435e-5
-7.367034772668065	-1.3123434738104954e-5
-7.351326809400116	-1.3211176696345485e-5
-7.335618846132167	-1.3299711332869951e-5
-7.319910882864218	-1.338904772476374e-5
-7.304202919596269	-1.3479195075676796e-5
-7.28849495632832	-1.3570162717914123e-5
-7.272786993060371	-1.3661960114565644e-5
-7.257079029792422	-1.3754596861679227e-5
-7.241371066524473	-1.3848082690472776e-5
-7.225663103256524	-1.39424274695918e-5
-7.209955139988575	-1.4037641207408773e-5
-7.194247176720626	-1.41337340543684e-5
-7.1785392134526775	-1.4230716305377871e-5
-7.162831250184729	-1.4328598402244378e-5
-7.147123286916779	-1.4427390936160437e-5
-7.13141532364883	-1.4527104650237217e-5
-7.115707360380881	-1.4627750442089207e-5
-7.099999397112932	-1.4729339366468831e-5
-7.084291433844983	-1.4831882637953888e-5
-7.0685834705770345	-1.4935391633688238e-5
-7.052875507309086	-1.5039877896177055e-5
-7.037167544041137	-1.5145353136138617e-5
-7.021459580773188	-1.525182923541227e-5
-7.005751617505239	-1.535931824992542e-5
-6.99004365423729	-1.5467832412720743e-5
-6.97433569096934	-1.557738413704431e-5
-6.9586277277013915	-1.568798601949542e-5
-6.942919764433443	-1.579965084324259e-5
-6.927211801165494	-1.5912391581303152e-5
-6.911503837897545	-1.6026221399891668e-5
-6.895795874629596	-1.614115366183527e-5
-6.880087911361647	-1.6257201930060926e-5
-6.864379948093698	-1.637437997115418e-5
-6.848671984825749	-1.6492701758991036e-5
-6.8329640215578	-1.6612181478446223e-5
-6.817256058289851	-1.673283352917817e-5
-6.801548095021902	-1.6854672529492696e-5
-6.785840131753953	-1.69777133202892e-5
-6.770132168486004	-1.710197096908775e-5
-6.754424205218055	-1.7227460774143158e-5
-6.738716241950106	-1.7354198268644348e-5
-6.7230082786821574	-1.7482199225003847e-5
-6.707300315414209	-1.761147965923836e-5
-6.69159235214626	-1.7742055835443305e-5
-6.675884388878311	-1.7873944270361813e-5
-6.660176425610361	-1.8007161738053715e-5
-6.644468462342412	-1.8141725274664004e-5
-6.628760499074463	-1.8277652183294662e-5
-6.613052535806514	-1.8414960038981696e-5
-6.5973445725385655	-1.8553666693782365e-5
-6.581636609270617	-1.869379028197048e-5
-6.565928646002668	-1.8835349225347894e-5
-6.550220682734719	-1.8978362238672387e-5
-6.53451271946677	-1.9122848335203264e-5
-6.51880475619882	-1.9268826832372276e-5
-6.503096792930871	-1.9416317357578796e-5
-6.4873888296629225	-1.956533985411395e-5
-6.471680866394974	-1.971591458721738e-5
-6.455972903127025	-1.9868062150270363e-5
-6.440264939859076	-2.0021803471127308e-5
-6.424556976591127	-2.0177159818589688e-5
-6.408849013323178	-2.0334152809027915e-5
-6.393141050055229	-2.049280441315247e-5
-6.37743308678728	-2.065313696293968e-5
-6.3617251235193315	-2.0815173158715973e-5
-6.346017160251382	-2.097893607640437e-5
-6.330309196983433	-2.1144449174937946e-5
-6.314601233715484	-2.131173630384484e-5
-6.298893270447535	-2.148082171100858e-5
-6.283185307179586	-2.1651730050609626e-5
-6.267477343911637	-2.1824486391251094e-5
-6.2517693806436885	-2.1999116224276857e-5
-6.23606141737574	-2.2175645472282764e-5
-6.220353454107791	-2.235410049783067e-5
-6.204645490839841	-2.2534508112368337e-5
-6.188937527571892	-2.271689558536048e-5
-6.173229564303943	-2.2901290653637666e-5
-6.157521601035994	-2.308772153097114e-5
-6.1418136377680455	-2.3276216917875005e-5
-6.126105674500097	-2.3466806011645348e-5
-6.110397711232148	-2.365951851664422e-5
-6.094689747964199	-2.385438465483108e-5
-6.07898178469625	-2.405143517655231e-5
-6.063273821428301	-2.4250701371594815e-5
-6.047565858160352	-2.4452215080510174e-5
-6.031857894892402	-2.465600870622013e-5
-6.0161499316244536	-2.486211522590691e-5
-6.000441968356505	-2.5070568203201008e-5
-5.984734005088556	-2.5281401800671145e-5
-5.969026041820607	-2.549465079263052e-5
-5.953318078552658	-2.571035057826021e-5
-5.937610115284709	-2.5928537195067394e-5
-5.92190215201676	-2.6149247332684335e-5
-5.906194188748811	-2.637251834701593e-5
-5.890486225480862	-2.659838827475239e-5
-5.874778262212913	-2.6826895848251254e-5
-5.859070298944964	-2.705808051080362e-5
-5.843362335677015	-2.7291982432295668e-5
-5.827654372409066	-2.752864252527609e-5
-5.811946409141117	-2.776810246144223e-5
-5.796238445873168	-2.8010404688559466e-5
-5.7805304826052195	-2.8255592447823154e-5
-5.764822519337271	-2.8503709791680283e-5
-5.749114556069322	-2.8754801602124132e-5
-5.733406592801373	-2.9008913609474488e-5
-5.717698629533423	-2.9266092411661505e-5
-5.701990666265474	-2.9526385494026462e-5
-5.686282702997525	-2.9789841249657746e-5
-5.6705747397295765	-3.005650900027641e-5
-5.654866776461628	-3.0326439017692118e-5
-5.639158813193679	-3.0599682545841985e-5
-5.62345084992573	-3.0876291823440115e-5
-5.607742886657781	-3.115632010724562e-5
-5.592034923389832	-3.143982169598028e-5
-5.576326960121882	-3.1726851954908904e-5
-5.5606189968539335	-3.20174673411086e-5
-5.544911033585985	-3.231172542944751e-5
-5.529203070318036	-3.260968493929641e-5
-5.513495107050087	-3.291140576199884e-5
-5.497787143782138	-3.3216948989121784e-5
-5.482079180514189	-3.352637694151873e-5
-5.46637121724624	-3.3839753199225285e-5
-5.450663253978291	-3.415714263222132e-5
-5.4349552907103424	-3.4478611432085156e-5
-5.419247327442394	-3.4804227144575366e-5
-5.403539364174444	-3.513405870316281e-5
-5.387831400906495	-3.5468176463558114e-5
-5.372123437638546	-3.5806652239257486e-5
-5.356415474370597	-3.614955933815023e-5
-5.340707511102648	-3.6496972600222586e-5
-5.324999547834699	-3.684896843639492e-5
-5.3092915845667505	-3.7205624868536275e-5
-5.293583621298802	-3.7567021570696084e-5
-5.277875658030853	-3.7933239911594996e-5
-5.262167694762903	-3.8304362998426386e-5
-5.246459731494954	-3.868047572200895e-5
-5.230751768227005	-3.90616648033453e-5
-5.215043804959056	-3.9448018841636536e-5
-5.1993358416911075	-3.983962836380525e-5
-5.183627878423159	-4.0236585875586996e-5
-5.16791991515521	-4.0638985914245385e-5
-5.152211951887261	-4.104692510297426e-5
-5.136503988619312	-4.1460502207051017e-5
-5.120796025351363	-4.187981819180914e-5
-5.105088062083414	-4.2304976282496584e-5
-5.0893800988154645	-4.273608202609809e-5
-5.073672135547516	-4.31732433551946e-5
-5.057964172279567	-4.3616570653943686e-5
-5.042256209011618	-4.406617682626009e-5
-5.026548245743669	-4.452217736629081e-5
-5.01084028247572	-4.498469043127028e-5
-4.995132319207771	-4.5453836916860135e-5
-4.979424355939822	-4.592974053506631e-5
-4.9637163926718735	-4.6412527894849906e-5
-4.948008429403924	-4.6902328585533375e-5
-4.932300466135975	-4.739927526312786e-5
-4.916592502868026	-4.790350373969939e-5
-4.900884539600077	-4.841515307590755e-5
-4.885176576332128	-4.893436567684995e-5
-4.869468613064179	-4.9461287391356365e-5
-4.8537606497962305	-4.999606761488488e-5
-4.838052686528282	-5.053885939617849e-5
-4.822344723260333	-5.108981954784767e-5
-4.806636759992384	-5.164910876106019e-5
-4.790928796724435	-5.221689172451463e-5
-4.775220833456485	-5.279333724790981e-5
-4.759512870188536	-5.337861839010056e-5
-4.743804906920587	-5.3972912592174265e-5
-4.7280969436526386	-5.4576401815666664e-5
-4.71238898038469	-5.518927268617646e-5
-4.696681017116741	-5.581171664262612e-5
-4.680973053848792	-5.6443930092453455e-5
-4.665265090580843	-5.7086114573025867e-5
-4.649557127312894	-5.7738476919579365e-5
-4.633849164044944	-5.840122944002496e-5
-4.6181412007769955	-5.9074590096963444e-5
-4.602433237509047	-5.9758782697289176e-5
-4.586725274241098	-6.045403708977335e-5
-4.571017310973149	-6.116058937106254e-5
-4.5553093477052	-6.187868210053527e-5
-4.539601384437251	-6.260856452450448e-5
-4.523893421169302	-6.335049281029285e-5
-4.508185457901353	-6.410473029072416e-5
-4.4924774946334045	-6.487154771963562e-5
-4.476769531365456	-6.56512235390502e-5
-4.461061568097506	-6.644404415870171e-5
-4.445353604829557	-6.725030424864628e-5
-4.429645641561608	-6.807030704577749e-5
-4.413937678293659	-6.890436467509748e-5
-4.39822971502571	-6.9752798486695e-5
-4.3825217517577615	-7.061593940944467e-5
-4.366813788489813	-7.149412832253827e-5
-4.351105825221864	-7.238771644605451e-5
-4.335397861953915	-7.329706575188914e-5
-4.319689898685965	-7.42225493964924e-5
-4.303981935418016	-7.51645521769946e-5
-4.288273972150067	-7.612347101247261e-5
-4.2725660088821185	-7.709971545228336e-5
-4.25685804561417	-7.809370821359615e-5
-4.241150082346221	-7.910588575050259e-5
-4.225442119078272	-8.013669885734655e-5
-4.209734155810323	-8.118661330924094e-5
-4.194026192542374	-8.22561105430907e-5
-4.178318229274425	-8.334568838289563e-5
-4.162610266006476	-8.445586181358107e-5
-4.146902302738527	-8.55871638082305e-5
-4.131194339470578	-8.674014621427326e-5
-4.115486376202629	-8.791538070505028e-5
-4.09977841293468	-8.9113459804197e-5
-4.084070449666731	-9.033499799151281e-5
-4.068362486398782	-9.158063290051616e-5
-4.052654523130833	-9.285102661973777e-5
-4.036946559862884	-9.414686711213466e-5
-4.0212385965949355	-9.546886976990939e-5
-4.005530633326986	-9.681777912567776e-5
-3.9898226700590373	-9.819437074564506e-5
-3.9741147067910885	-9.959945333644871e-5
-3.958406743523139	-0.00010103387110521278
-3.9426987802551903	-0.00010249850642269353
-3.9269908169872414	-0.00010399428285316414
-3.9112828537192925	-0.00010552216863320492
-3.8955748904513436	-0.00010708318070691438
-3.8798669271833943	-0.0001086783894599535
-3.8641589639154454	-0.00011030892434391219
-3.8484510006474966	-0.00011197598065219909
-3.8327430373795477	-0.00011368082780955682
-3.817035074111599	-0.00011542481968561399
-3.8013271108436495	-0.00011720940766509071
-3.7856191475757006	-0.00011903615754665689
-3.7699111843077517	-0.00012090677187205096
-3.754203221039803	-0.00012282312013272998
-3.738495257771854	-0.00012478728068647017
-3.7227872945039047	-0.00012680160054889488
-3.707079331235956	-0.0001288687832763031
-3.691371367968007	-0.00013099202243941263
-3.675663404700058	-0.00013317521179900203
-3.659955441432109	-0.00013542328987988054
-3.64424747816416	-0.00013774283126942024
-3.628539514896211	-0.00014014311606422568
-3.612831551628262	-0.0001426381873574201
-3.597123588360313	-0.00014525111513545943
-3.5814156250923643	-0.00014802368566111014
-3.565707661824415	-0.0001510411890153993
-3.549999698556466	-0.00015450682716987285
-3.5342917352885173	-0.00015902333549131786
-3.5185837720205684	-0.00016714922359398614
-3.5028758087526195	-0.0002026144112356556
-3.48716784548467	-0.00204395184987419
-3.4714598822167213	-0.00019328327074088637
-3.4557519189487724	-0.00017758172773738883
-3.4400439556808236	-0.00017702220016819947
-3.4243359924128747	-0.00017911673512664665
-3.4086280291449254	-0.00018214369982685687
-3.3929200658769765	-0.000185682280790835
-3.3772121026090276	-0.00018961848670206945
-3.3615041393410787	-0.00019395267483408727
-3.34579617607313	-0.00019875973749193795
-3.3300882128051805	-0.00020420314604090517
-3.3143802495372316	-0.00021060027333721747
-3.2986722862692828	-0.0002185953108565599
-3.282964323001334	-0.00022964505335616332
-3.267256359733385	-0.00024764862875721697
-3.2515483964654357	-0.00028625677027713096
-3.235840433197487	-0.00042470899369610716
-3.220132469929538	-0.0031762070624566934
-3.204424506661589	-0.0011996893562843433
-3.18871654339364	-0.0003834788039471906
-3.173008580125691	-0.0003018601095346442
-3.157300616857742	-0.00028254922359704474
-3.141592653589793	-0.00027865865295808635
-3.1258846903218442	-0.0002807229363306841
-3.1101767270538954	-0.0002859352275448597
-3.094468763785946	-0.000293365488511907
-3.078760800517997	-0.0003028375482746501
-3.0630528372500483	-0.0003146535805595333
-3.0473448739820994	-0.00032965032708839615
-3.0316369107141505	-0.00034958112103917934
-3.015928947446201	-0.00037821238384870586
-3.0002209841782523	-0.00042468819505726233
-2.9845130209103035	-0.0005164732806914305
-2.9688050576423546	-0.0007738651856767573
-2.9530970943744057	-0.0024778492440994233
-2.9373891311064564	-0.029100844914361042
-2.9216811678385075	-0.0015897312558244528
-2.9059732045705586	-0.003178949844394815
-2.8902652413026098	-0.006621512738012967
-2.874557278034661	-0.0009695761126015563
-2.8588493147667116	-0.00063675040118071
-2.8431413514987627	-0.0005582686808312691
-2.827433388230814	-0.0005380448214423331
-2.811725424962865	-0.0005409848633026489
-2.796017461694916	-0.00055751283354698
-2.7803094984269667	-0.0005853177973000141
-2.764601535159018	-0.0006256262791767946
-2.748893571891069	-0.0006831079572250877
-2.73318560862312	-0.0007684613118039789
-2.7174776453551712	-0.0009075868675759165
-2.701769682087222	-0.0011812668593639821
-2.686061718819273	-0.002051516553747684
-2.670353755551324	-0.04981499541039584
-2.6546457922833753	-0.004550256589221891
-2.6389378290154264	-0.009706741410607303
-2.623229865747477	-0.8393924918613311
-2.607521902479528	-0.13293078567966546
-2.5918139392115793	-0.004129653668510615
-2.5761059759436304	-0.002129250472579036
-2.5603980126756816	-0.0015480197197987012
-2.5446900494077322	-0.0013248638792855416
-2.5289820861397834	-0.001243042127702208
-2.5132741228718345	-0.001236032713279248
-2.4975661596038856	-0.0012814328178664776
-2.4818581963359367	-0.0013756985478511306
-2.4661502330679874	-0.0015286493842114068
-2.4504422698000385	-0.0017673822140928765
-2.4347343065320897	-0.002153974791916673
-2.419026343264141	-0.002854781599814551
-2.403318379996192	-0.004978874951453582
-2.3876104167282426	-0.008072187712975748
-2.3719024534602937	-0.016939389281046803
-2.356194490192345	-0.1515991904728865
-2.340486526924396	-0.13920004726404514
-2.324778563656447	-0.03046672910200054
-2.3090706003884978	-0.10178255110302031
-2.293362637120549	-0.01678143208916236
-2.2776546738526	-0.005457054460854892
-2.261946710584651	-0.0036003506544742946
-2.2462387473167023	-0.002954939586031346
-2.230530784048753	-0.002707170399174197
-2.214822820780804	-0.0026583613280393706
-2.199114857512855	-0.002746929697591273
-2.1834068942449063	-0.0029636373621439636
-2.1676989309769574	-0.0033357862636643723
-2.151990967709008	-0.003940312342113832
-2.1362830044410592	-0.0049608943042897076
-2.1205750411731104	-0.006897260940697029
-2.1048670779051615	-0.011646984020845274
-2.0891591146372126	-0.035793682842668935
-2.0734511513692633	-0.47567088081447084
-2.0577431881013144	-0.25679967337506765
-2.0420352248333655	-0.16745668894728497
-2.0263272615654166	-0.7343776694780562
-2.0106192982974678	-0.19626004250814835
-1.9949113350295187	-0.026072381509455005
-1.9792033717615696	-0.012945856711947671
-1.9634954084936207	-0.008849215413460492
-1.9477874452256718	-0.00717198461416418
-1.9320794819577227	-0.006498031480634143
-1.9163715186897738	-0.006383092471381232
-1.9006635554218247	-0.006683113668269613
-1.8849555921538759	-0.0073944736688609115
-1.869247628885927	-0.008629124718715119
-1.853539665617978	-0.01067088844862248
-1.837831702350029	-0.014186717608867186
-1.82212373908208	-0.021117843203354126
-1.806415775814131	-0.06934517140664632
-1.7907078125461822	-0.3019322754340933
-1.774999849278233	-0.21493153349142927
-1.7592918860102842	-32.590709759167446
-1.743583922742335	-19.223520216953847
-1.7278759594743862	-0.786909735741909
-1.7121679962064373	-0.0993323969934272
-1.6964600329384882	-0.03169635835984608
-1.6807520696705394	-0.02015567361769675
-1.6650441064025903	-0.014963090194430276
-1.6493361431346414	-0.012315824079823411
-1.6336281798666925	-0.010980221481888043
-1.6179202165987434	-0.010468652460245495
-1.6022122533307945	-0.010599662547541501
-1.5865042900628454	-0.011371645491643684
-1.5707963267948966	-0.012962189260442479
-1.5550883635269477	-0.01585847140531222
-1.5393804002589986	-0.02137929305428531
-1.5236724369910497	-0.036305570461559925
-1.5079644737231006	-0.06802545181959826
-1.4922565104551517	-0.30926500515900013
-1.4765485471872029	-1.1401339901697811
-1.4608405839192538	-0.8301111676265295
-1.4451326206513049	-0.4249174471348089
-1.4294246573833558	-1.4732936688398341
-1.413716694115407	-0.2787641425317692
-1.398008730847458	-0.06314071700754542
-1.382300767579509	-0.03335893324423641
-1.36659280431156	-0.02368073895695104
-1.350884841043611	-0.019718045862738363
-1.335176877775662	-0.018243594323834263
-1.3194689145077132	-0.01825630244434929
-1.303760951239764	-0.019477345384402735
-1.2880529879718152	-0.02201217663177909
-1.2723450247038661	-0.02636296089312193
-1.2566370614359172	-0.03376560628495
-1.2409290981679684	-0.04747019160986852
-1.2252211349000193	-0.07962722602278956
-1.2095131716320704	-0.2299804444631054
-1.1938052083641213	-2.985599029465645
-1.1780972450961724	-1.0963155247031238
-1.1623892818282235	-2.0462590203440167
-1.1466813185602744	-6.992468900998698
-1.1309733552923256	-1.3000824778043771
-1.1152653920243765	-0.21302649429178805
-1.0995574287564276	-0.1024470607421959
-1.0838494654884787	-0.06427402671491188
-1.0681415022205296	-0.046951885852398394
-1.0524335389525807	-0.03829915739486775
-1.0367255756846316	-0.03419844758869774
-1.0210176124166828	-0.03307491528705791
-1.0053096491487339	-0.03445342536382666
-0.9896016858807848	-0.038589122588760176
-0.9738937226128359	-0.04661406683688937
-0.9581857593448869	-0.06142647740250539
-0.9424777960769379	-0.09155438694084185
-0.926769832808989	-0.294447490243605
-0.91106186954104	-0.675321700983842
-0.8953539062730911	-1.1742763921542547
-0.8796459430051421	-200.9518582249687
-0.8639379797371931	-24.794630977724534
-0.8482300164692441	-0.6932279908474306
-0.8325220532012951	-0.6801187346404469
-0.8168140899333463	-0.12186845161068624
-0.8011061266653973	-0.07418355957599232
-0.7853981633974483	-0.052816878652061104
-0.7696902001294993	-0.041369294433419114
-0.7539822368615503	-0.03491844759874329
-0.7382742735936014	-0.03148709600518909
-0.7225663103256524	-0.030249128220840776
-0.7068583470577035	-0.031000024418453554
-0.6911503837897545	-0.03407429164143545
-0.6754424205218055	-0.04064469261669141
-0.6597344572538566	-0.0540138994616135
-0.6440264939859076	-0.08894884419793826
-0.6283185307179586	-0.18101274617613525
-0.6126105674500096	-1.2917906721944585
-0.5969026041820606	-2.0748121044261505
-0.5811946409141118	-1.394278986798824
-0.5654866776461628	-1.1983295348010394
-0.5497787143782138	-6.587405166077193
-0.5340707511102648	-1.2077573463904168
-0.5183627878423158	-0.2349771311204696
-0.5026548245743669	-0.1068833914663578
-0.48694686130641796	-0.06595939961743197
-0.47123889803846897	-0.048226362733652224
-0.45553093477052	-0.039678174759309674
-0.43982297150257105	-0.0358801945523858
-0.42411500823462206	-0.035245084729331314
-0.4084070449666731	-0.037401091777714064
-0.39269908169872414	-0.04285081118657471
-0.37699111843077515	-0.053351517656325224
-0.3612831551628262	-0.07388975581110836
-0.34557519189487723	-0.12604395961601159
-0.3298672286269283	-0.38329935070538557
-0.3141592653589793	-3.2188898586683847
-0.2984513020910303	-0.7177245228009743
-0.2827433388230814	-3.6297633110761844
-0.2670353755551324	-14.171312653569966
-0.25132741228718347	-0.9131244706552905
-0.23561944901923448	-0.29998364591850707
-0.21991148575128552	-0.1481469506536751
-0.20420352248333656	-0.0881169794005372
-0.18849555921538758	-0.058229041497821286
-0.17278759594743862	-0.041116349104343176
-0.15707963267948966	-0.03033941793631404
-0.1413716694115407	-0.023060603378606177
-0.12566370614359174	-0.0178715989193028
-0.10995574287564276	-0.014014102121311902
-0.09424777960769379	-0.011069665044512997
-0.07853981633974483	-0.008878121432017843
-0.06283185307179587	-0.008067932868486923
-0.047123889803846894	-0.08074055525272639
-0.031415926535897934	-0.007082315449932597
-0.015707963267948967	-0.04423745269533471
0.0	5.513122680228641e-19
0.015707963267948967	0.04423745269533497
0.031415926535897934	0.007082315449932589
0.047123889803846894	0.08074055525272636
0.06283185307179587	0.008067932868486918
0.07853981633974483	0.008878121432017822
0.09424777960769379	0.011069665044513049
0.10995574287564276	0.01401410212131189
0.12566370614359174	0.0178715989193028
0.1413716694115407	0.023060603378606204
0.15707963267948966	0.030339417936314027
0.17278759594743862	0.04111634910434327
0.18849555921538758	0.05822904149782146
0.20420352248333656	0.08811697940053728
0.21991148575128552	0.14814695065367517
0.23561944901923448	0.299983645918507
0.25132741228718347	0.9131244706552901
0.2670353755551324	14.171312653569986
0.2827433388230814	3.6297633110761884
0.2984513020910303	0.7177245228009745
0.3141592653589793	3.2188898586683905
0.3298672286269283	0.38329935070538684
0.34557519189487723	0.12604395961601172
0.3612831551628262	0.07388975581110833
0.37699111843077515	0.0533515176563253
0.39269908169872414	0.042850811186574855
0.4084070449666731	0.03740109177771406
0.42411500823462206	0.03524508472933132
0.43982297150257105	0.035880194552385794
0.45553093477052	0.039678174759309626
0.47123889803846897	0.04822636273365215
0.48694686130641796	0.065959399617432
0.5026548245743669	0.10688339146635772
0.5183627878423158	0.2349771311204701
0.5340707511102648	1.207757346390416
0.5497787143782138	6.5874051660771995
0.5654866776461628	1.1983295348010679
0.5811946409141118	1.394278986798823
0.5969026041820606	2.0748121044261514
0.6126105674500096	1.2917906721944663
0.6283185307179586	0.18101274617613547
0.6440264939859076	0.08894884419793832
0.6597344572538566	0.054013899461613384
0.6754424205218055	0.04064469261669145
0.6911503837897545	0.03407429164143537
0.7068583470577035	0.03100002441845359
0.7225663103256524	0.03024912822084071
0.7382742735936014	0.03148709600518906
0.7539822368615503	0.03491844759874335
0.7696902001294993	0.04136929443341924
0.7853981633974483	0.052816878652061146
0.8011061266653973	0.07418355957599243
0.8168140899333463	0.12186845161068612
0.8325220532012951	0.6801187346404473
0.8482300164692441	0.6932279908474301
0.8639379797371931	24.79463097772444
0.8796459430051421	200.95185822496902
0.8953539062730911	1.1742763921542558
0.91106186954104	0.6753217009838438
0.926769832808989	0.2944474902435955
0.9424777960769379	0.09155438694084218
0.9581857593448869	0.06142647740250538
0.9738937226128359	0.046614066836889394
0.9896016858807848	0.038589122588760155
1.0053096491487339	0.03445342536382662
1.0210176124166828	0.03307491528705795
1.0367255756846316	0.034198447588697695
1.0524335389525807	0.038299157394867715
1.0681415022205296	0.04695188585239846
1.0838494654884787	0.06427402671491174
1.0995574287564276	0.1024470607421957
1.1152653920243765	0.21302649429178844
1.1309733552923256	1.3000824778043782
1.1466813185602744	6.992468900998691
1.1623892818282235	2.046259020344013
1.1780972450961724	1.0963155247031282
1.1938052083641213	2.985599029465651
1.2095131716320704	0.22998044446310661
1.2252211349000193	0.07962722602279
1.2409290981679684	0.04747019160986871
1.2566370614359172	0.03376560628494996
1.2723450247038661	0.02636296089312195
1.2880529879718152	0.022012176631779054
1.303760951239764	0.019477345384402756
1.3194689145077132	0.018256302444349257
1.335176877775662	0.018243594323834284
1.350884841043611	0.019718045862738412
1.36659280431156	0.023680738956950973
1.382300767579509	0.033358933244236506
1.398008730847458	0.06314071700754563
1.413716694115407	0.278764142531769
1.4294246573833558	1.4732936688398341
1.4451326206513049	0.4249174471347897
1.4608405839192538	0.8301111676265333
1.4765485471872029	1.1401339901697864
1.4922565104551517	0.3092650051590008
1.5079644737231006	0.06802545181959847
1.5236724369910497	0.03630557046155972
1.5393804002589986	0.021379293054285292
1.5550883635269477	0.01585847140531226
1.5707963267948966	0.012962189260442528
1.5865042900628454	0.011371645491643715
1.6022122533307945	0.010599662547541548
1.6179202165987434	0.010468652460245585
1.6336281798666925	0.010980221481888118
1.6493361431346414	0.01231582407982351
1.6650441064025903	0.014963090194430352
1.6807520696705394	0.020155673617696667
1.6964600329384882	0.031696358359846036
1.7121679962064373	0.09933239699343004
1.7278759594743862	0.786909735741906
1.743583922742335	19.22352021695366
1.7592918860102842	32.59070975916721
1.774999849278233	0.2149315334914299
1.7907078125461822	0.30193227543410367
1.806415775814131	0.06934517140664642
1.82212373908208	0.021117843203354095
1.837831702350029	0.0141867176088672
1.853539665617978	0.010670888448622424
1.869247628885927	0.008629124718715136
1.8849555921538759	0.007394473668860949
1.9006635554218247	0.006683113668269644
1.9163715186897738	0.006383092471381265
1.9320794819577227	0.006498031480634154
1.9477874452256718	0.007171984614164188
1.9634954084936207	0.008849215413460487
1.9792033717615696	0.01294585671194774
1.9949113350295187	0.02607238150945494
2.0106192982974678	0.19626004250815554
2.0263272615654166	0.7343776694780818
2.0420352248333655	0.16745668894728255
2.0577431881013144	0.2567996733750819
2.0734511513692633	0.4756708808145011
2.0891591146372126	0.03579368284266956
2.1048670779051615	0.011646984020845309
2.1205750411731104	0.006897260940697043
2.1362830044410592	0.004960894304289762
2.151990967709008	0.003940312342113834
2.1676989309769574	0.0033357862636643676
2.1834068942449063	0.002963637362143957
2.199114857512855	0.002746929697591282
2.214822820780804	0.002658361328039388
2.230530784048753	0.0027071703991742185
2.2462387473167023	0.002954939586031346
2.261946710584651	0.003600350654474288
2.2776546738526	0.005457054460854909
2.293362637120549	0.0167814320891621
2.3090706003884978	0.1017825511030254
2.324778563656447	0.03046672910200088
2.340486526924396	0.13920004726404667
2.356194490192345	0.1515991904728829
2.3719024534602937	0.01693938928104662
2.3876104167282426	0.008072187712975699
2.403318379996192	0.004978874951453592
2.419026343264141	0.002854781599814574
2.4347343065320897	0.0021539747919166745
2.4504422698000385	0.001767382214092882
2.4661502330679874	0.001528649384211407
2.4818581963359367	0.0013756985478511222
2.4975661596038856	0.0012814328178664752
2.5132741228718345	0.0012360327132792462
2.5289820861397834	0.0012430421277022125
2.5446900494077322	0.0013248638792855468
2.5603980126756816	0.0015480197197986789
2.5761059759436304	0.002129250472579035
2.5918139392115793	0.004129653668510589
2.607521902479528	0.13293078567965305
2.623229865747477	0.8393924918613959
2.6389378290154264	0.009706741410607154
2.6546457922833753	0.004550256589221921
2.670353755551324	0.04981499541039234
2.686061718819273	0.0020515165537476785
2.701769682087222	0.0011812668593639795
2.7174776453551712	0.0009075868675759125
2.73318560862312	0.0007684613118039869
2.748893571891069	0.0006831079572250803
2.764601535159018	0.0006256262791768006
2.7803094984269667	0.000585317797300014
2.796017461694916	0.0005575128335469766
2.811725424962865	0.0005409848633026489
2.827433388230814	0.0005380448214423336
2.8431413514987627	0.0005582686808312702
2.8588493147667116	0.0006367504011807141
2.874557278034661	0.0009695761126015507
2.8902652413026098	0.0066215127380127485
2.9059732045705586	0.0031789498443948586
2.9216811678385075	0.0015897312558244433
2.9373891311064564	0.029100844914359224
2.9530970943744057	0.0024778492440993786
2.9688050576423546	0.0007738651856767561
2.9845130209103035	0.0005164732806914289
3.0002209841782523	0.0004246881950572641
3.015928947446201	0.0003782123838487043
3.0316369107141505	0.0003495811210391799
3.0473448739820994	0.0003296503270883964
3.0630528372500483	0.00031465358055953385
3.078760800517997	0.00030283754827464804
3.094468763785946	0.0002933654885119077
3.1101767270538954	0.00028593522754486004
3.1258846903218442	0.00028072293633068515
3.141592653589793	0.0002786586529580864
3.157300616857742	0.0002825492235970448
3.173008580125691	0.00030186010953464724
3.18871654339364	0.0003834788039471904
3.204424506661589	0.0011996893562843283
3.220132469929538	0.003176207062456832
3.235840433197487	0.0004247089936961067
3.2515483964654357	0.0002862567702771314
3.267256359733385	0.0002476486287572149
3.282964323001334	0.0002296450533561632
3.2986722862692828	0.00021859531085656003
3.3143802495372316	0.00021060027333721812
3.3300882128051805	0.00020420314604090628
3.34579617607313	0.00019875973749193884
3.3615041393410787	0.00019395267483408702
3.3772121026090276	0.00018961848670206926
3.3929200658769765	0.00018568228079083536
3.4086280291449254	0.00018214369982685552
3.4243359924128747	0.00017911673512664708
3.4400439556808236	0.00017702220016819906
3.4557519189487724	0.00017758172773739008
3.4714598822167213	0.00019328327074088686
3.48716784548467	0.0020439518498743736
3.5028758087526195	0.0002026144112356562
3.5185837720205684	0.000167149223593986
3.5342917352885173	0.00015902333549131767
3.549999698556466	0.00015450682716987204
3.565707661824415	0.00015104118901540053
3.5814156250923643	0.00014802368566110935
3.597123588360313	0.00014525111513545938
3.612831551628262	0.00014263818735742016
3.628539514896211	0.00014014311606422539
3.64424747816416	0.00013774283126942054
3.659955441432109	0.00013542328987987994
3.675663404700058	0.0001331752117990024
3.691371367968007	0.00013099202243941222
3.707079331235956	0.00012886878327630433
3.7227872945039047	0.0001268016005488955
3.738495257771854	0.00012478728068646993
3.754203221039803	0.00012282312013273036
3.7699111843077517	0.00012090677187205107
3.7856191475757006	0.00011903615754665731
3.8013271108436495	0.0001172094076650904
3.817035074111599	0.00011542481968561402
3.8327430373795477	0.00011368082780955636
3.8484510006474966	0.00011197598065219905
3.8641589639154454	0.00011030892434391185
3.8798669271833943	0.00010867838945995362
3.8955748904513436	0.00010708318070691372
3.9112828537192925	0.0001055221686332055
3.9269908169872414	0.00010399428285316427
3.9426987802551903	0.00010249850642269345
3.958406743523139	0.00010103387110521306
3.9741147067910885	9.959945333644864e-5
3.9898226700590373	9.81943707456452e-5
4.005530633326986	9.68177791256779e-5
4.0212385965949355	9.546886976990904e-5
4.036946559862884	9.414686711213463e-5
4.052654523130833	9.285102661973789e-5
4.068362486398782	9.158063290051634e-5
4.084070449666731	9.033499799151265e-5
4.09977841293468	8.911345980419751e-5
4.115486376202629	8.791538070505037e-5
4.131194339470578	8.674014621427318e-5
4.146902302738527	8.55871638082304e-5
4.162610266006476	8.445586181358148e-5
4.178318229274425	8.334568838289497e-5
4.194026192542374	8.22561105430913e-5
4.209734155810323	8.118661330924096e-5
4.225442119078272	8.013669885734732e-5
4.241150082346221	7.910588575050305e-5
4.25685804561417	7.809370821359717e-5
4.2725660088821185	7.709971545228332e-5
4.288273972150067	7.612347101247241e-5
4.303981935418016	7.516455217699395e-5
4.319689898685965	7.422254939649196e-5
4.335397861953915	7.329706575188877e-5
4.351105825221864	7.238771644605425e-5
4.366813788489813	7.149412832253775e-5
4.3825217517577615	7.061593940944552e-5
4.39822971502571	6.975279848669533e-5
4.413937678293659	6.890436467509717e-5
4.429645641561608	6.807030704577748e-5
4.445353604829557	6.72503042486465e-5
4.461061568097506	6.64440441587011e-5
4.476769531365456	6.565122353905002e-5
4.4924774946334045	6.487154771963485e-5
4.508185457901353	6.410473029072445e-5
4.523893421169302	6.335049281029257e-5
4.539601384437251	6.260856452450468e-5
4.5553093477052	6.187868210053468e-5
4.571017310973149	6.116058937106254e-5
4.586725274241098	6.045403708977325e-5
4.602433237509047	5.975878269728906e-5
4.6181412007769955	5.9074590096964033e-5
4.633849164044944	5.840122944002497e-5
4.649557127312894	5.7738476919579216e-5
4.665265090580843	5.708611457302616e-5
4.680973053848792	5.644393009245325e-5
4.696681017116741	5.581171664262582e-5
4.71238898038469	5.5189272686176275e-5
4.7280969436526386	5.45764018156667e-5
4.743804906920587	5.3972912592174495e-5
4.759512870188536	5.33786183901008e-5
4.775220833456485	5.2793337247909396e-5
4.790928796724435	5.221689172451465e-5
4.806636759992384	5.164910876106048e-5
4.822344723260333	5.108981954784772e-5
4.838052686528282	5.053885939617859e-5
4.8537606497962305	4.99960676148852e-5
4.869468613064179	4.946128739135659e-5
4.885176576332128	4.893436567685003e-5
4.900884539600077	4.841515307590736e-5
4.916592502868026	4.790350373969958e-5
4.932300466135975	4.739927526312806e-5
4.948008429403924	4.690232858553341e-5
4.9637163926718735	4.641252789484994e-5
4.979424355939822	4.592974053506631e-5
4.995132319207771	4.5453836916860365e-5
5.01084028247572	4.4984690431270446e-5
5.026548245743669	4.452217736629056e-5
5.042256209011618	4.406617682626024e-5
5.057964172279567	4.361657065394364e-5
5.073672135547516	4.317324335519465e-5
5.0893800988154645	4.273608202609804e-5
5.105088062083414	4.2304976282496564e-5
5.120796025351363	4.187981819180883e-5
5.136503988619312	4.1460502207050895e-5
5.152211951887261	4.104692510297402e-5
5.16791991515521	4.0638985914245785e-5
5.183627878423159	4.0236585875587064e-5
5.1993358416911075	3.9839628363805307e-5
5.215043804959056	3.944801884163615e-5
5.230751768227005	3.906166480334511e-5
5.246459731494954	3.868047572200901e-5
5.262167694762903	3.8304362998426725e-5
5.277875658030853	3.79332399115947e-5
5.293583621298802	3.7567021570695955e-5
5.3092915845667505	3.720562486853631e-5
5.324999547834699	3.684896843639487e-5
5.340707511102648	3.649697260022242e-5
5.356415474370597	3.6149559338150547e-5
5.372123437638546	3.580665223925733e-5
5.387831400906495	3.5468176463557904e-5
5.403539364174444	3.5134058703162766e-5
5.419247327442394	3.4804227144575183e-5
5.4349552907103424	3.447861143208533e-5
5.450663253978291	3.4157142632221516e-5
5.46637121724624	3.383975319922536e-5
5.482079180514189	3.3526376941518584e-5
5.497787143782138	3.321694898912206e-5
5.513495107050087	3.2911405761998915e-5
5.529203070318036	3.260968493929646e-5
5.544911033585985	3.2311725429447425e-5
5.5606189968539335	3.2017467341108685e-5
5.576326960121882	3.1726851954908856e-5
5.592034923389832	3.143982169598057e-5
5.607742886657781	3.115632010724557e-5
5.62345084992573	3.087629182344007e-5
5.639158813193679	3.059968254584196e-5
5.654866776461628	3.0326439017692202e-5
5.6705747397295765	3.0056509000276354e-5
5.686282702997525	2.9789841249657645e-5
5.701990666265474	2.9526385494026344e-5
5.717698629533423	2.926609241166137e-5
5.733406592801373	2.9008913609474617e-5
5.749114556069322	2.8754801602124254e-5
5.764822519337271	2.8503709791680236e-5
5.7805304826052195	2.8255592447823052e-5
5.796238445873168	2.8010404688559452e-5
5.811946409141117	2.7768102461442518e-5
5.827654372409066	2.7528642525276174e-5
5.843362335677015	2.729198243229569e-5
5.859070298944964	2.7058080510803608e-5
5.874778262212913	2.682689584825149e-5
5.890486225480862	2.6598388274752473e-5
5.906194188748811	2.6372518347015776e-5
5.92190215201676	2.6149247332684342e-5
5.937610115284709	2.5928537195067468e-5
5.953318078552658	2.5710350578260445e-5
5.969026041820607	2.5494650792630445e-5
5.984734005088556	2.5281401800671162e-5
6.000441968356505	2.5070568203200713e-5
6.0161499316244536	2.4862115225906877e-5
6.031857894892402	2.4656008706220107e-5
6.047565858160352	2.4452215080510123e-5
6.063273821428301	2.425070137159491e-5
6.07898178469625	2.405143517655241e-5
6.094689747964199	2.3854384654831206e-5
6.110397711232148	2.3659518516644282e-5
6.126105674500097	2.3466806011645517e-5
6.1418136377680455	2.3276216917875164e-5
6.157521601035994	2.3087721530971358e-5
6.173229564303943	2.290129065363764e-5
6.188937527571892	2.271689558536037e-5
6.204645490839841	2.2534508112367975e-5
6.220353454107791	2.2354100497830804e-5
6.23606141737574	2.2175645472282588e-5
6.2517693806436885	2.1999116224276887e-5
6.267477343911637	2.182448639125105e-5
6.283185307179586	2.1651730050609477e-5
6.298893270447535	2.148082171100868e-5
6.314601233715484	2.1311736303844833e-5
6.330309196983433	2.114444917493792e-5
6.346017160251382	2.0978936076404586e-5
6.3617251235193315	2.081517315871606e-5
6.37743308678728	2.065313696293989e-5
6.393141050055229	2.0492804413152404e-5
6.408849013323178	2.0334152809027952e-5
6.424556976591127	2.0177159818589562e-5
6.440264939859076	2.0021803471127295e-5
6.455972903127025	1.9868062150270312e-5
6.471680866394974	1.97159145872174e-5
6.4873888296629225	1.9565339854113828e-5
6.503096792930871	1.941631735757862e-5
6.51880475619882	1.92688268323722e-5
6.53451271946677	1.912284833520326e-5
6.550220682734719	1.8978362238672215e-5
6.565928646002668	1.8835349225348077e-5
6.581636609270617	1.8693790281970363e-5
6.5973445725385655	1.8553666693782392e-5
6.613052535806514	1.841496003898185e-5
6.628760499074463	1.8277652183294645e-5
6.644468462342412	1.8141725274663994e-5
6.660176425610361	1.800716173805369e-5
6.675884388878311	1.7873944270361643e-5
6.69159235214626	1.7742055835443284e-5
6.707300315414209	1.761147965923847e-5
6.7230082786821574	1.74821992250039e-5
6.738716241950106	1.7354198268644294e-5
6.754424205218055	1.722746077414318e-5
6.770132168486004	1.7101970969087865e-5
6.785840131753953	1.6977713320289067e-5
6.801548095021902	1.685467252949277e-5
6.817256058289851	1.673283352917831e-5
6.8329640215578	1.661218147844624e-5
6.848671984825749	1.6492701758991118e-5
6.864379948093698	1.6374379971154085e-5
6.880087911361647	1.6257201930060984e-5
6.895795874629596	1.614115366183534e-5
6.911503837897545	1.6026221399891722e-5
6.927211801165494	1.591239158130317e-5
6.942919764433443	1.5799650843242618e-5
6.9586277277013915	1.5687986019495413e-5
6.97433569096934	1.55773841370442e-5
6.99004365423729	1.5467832412720743e-5
7.005751617505239	1.5359318249925514e-5
7.021459580773188	1.5251829235412324e-5
7.037167544041137	1.514535313613865e-5
7.052875507309086	1.5039877896177027e-5
7.0685834705770345	1.4935391633688207e-5
7.084291433844983	1.4831882637953859e-5
7.099999397112932	1.472933936646869e-5
7.115707360380881	1.4627750442089176e-5
7.13141532364883	1.4527104650237123e-5
7.147123286916779	1.4427390936160613e-5
7.162831250184729	1.4328598402244474e-5
7.1785392134526775	1.4230716305377818e-5
7.194247176720626	1.4133734054368395e-5
7.209955139988575	1.4037641207408794e-5
7.225663103256524	1.3942427469591904e-5
7.241371066524473	1.3848082690472776e-5
7.257079029792422	1.3754596861679283e-5
7.272786993060371	1.3661960114565773e-5
7.28849495632832	1.357016271791418e-5
7.304202919596269	1.3479195075676874e-5
7.319910882864218	1.338904772476372e-5
7.335618846132167	1.3299711332869988e-5
7.351326809400116	1.3211176696345448e-5
7.367034772668065	1.3123434738104891e-5
7.382742735936014	1.3036476505575344e-5
7.398450699203963	1.295029316868443e-5
7.414158662471912	1.2864876017883844e-5
7.4298666257398605	1.2780216462211858e-5
7.445574589007809	1.269630602739025e-5
7.461282552275758	1.2613136353957121e-5
7.476990515543708	1.253069919543418e-5
7.492698478811657	1.2448986416527516e-5
7.508406442079606	1.2367989991362051e-5
7.524114405347555	1.2287702001747691e-5
7.5398223686155035	1.2208114635477664e-5
7.555530331883452	1.2129220184657382e-5
7.571238295151401	1.205101104406487e-5
7.58694625841935	1.1973479709539097e-5
7.602654221687299	1.1896618776399583e-5
7.618362184955249	1.182042093789259e-5
7.634070148223198	1.1744878983666712e-5
7.6497781114911465	1.1669985798275534e-5
7.665486074759095	1.1595734359706245e-5
7.681194038027044	1.1522117737936267e-5
7.696902001294993	1.1449129093513387e-5
7.712609964562942	1.1376761676163904e-5
7.728317927830891	1.130500882342243e-5
7.74402589109884	1.1233863959288655e-5
7.759733854366789	1.116332059290597e-5
7.7754418176347375	1.109337231726459e-5
7.791149780902687	1.1024012807926628e-5
7.806857744170636	1.0955235821773356e-5
7.822565707438585	1.0887035195776182e-5
7.838273670706534	1.0819404845786324e-5
7.853981633974483	1.0752338765347915e-5
7.869689597242432	1.068583102453007e-5
7.8853975605103805	1.0619875768780958e-5
7.901105523778329	1.055446721779883e-5
7.916813487046278	1.0489599664426094e-5
7.932521450314228	1.0425267473559991e-5
7.948229413582177	1.0361465081081627e-5
7.963937376850126	1.0298186992805624e-5
7.979645340118075	1.0235427783445556e-5
7.995353303386024	1.0173182095598073e-5
8.011061266653972	1.0111444638744193e-5
8.026769229921921	1.0050210188267145e-5
8.042477193189871	9.989473584486684e-6
8.058185156457819	9.929229731710913e-6
8.073893119725769	9.869473597302481e-6
8.089601082993717	9.810200210761675e-6
8.105309046261667	9.751404662824207e-6
8.121017009529615	9.693082104574655e-6
8.136724972797564	9.635227746573455e-6
8.152432936065512	9.577836858000347e-6
8.168140899333462	9.520904765810744e-6
8.183848862601412	9.464426853905696e-6
8.19955682586936	9.40839856231725e-6
8.21526478913731	9.352815386405516e-6
8.230972752405258	9.297672876069785e-6
8.246680715673207	9.242966634972892e-6
8.262388678941155	9.188692319777449e-6
8.278096642209105	9.134845639395091e-6
8.293804605477053	9.081422354248243e-6
8.309512568745003	9.028418275542748e-6
8.325220532012953	8.975829264553945e-6
8.3409284952809	8.92365123192314e-6
8.35663645854885	8.87188013696561e-6
8.372344421816798	8.820511986990058e-6
8.388052385084748	8.769542836629246e-6
8.403760348352696	8.718968787180647e-6
8.419468311620646	8.668785985957841e-6
8.435176274888594	8.618990625653483e-6
8.450884238156544	8.569578943710154e-6
8.466592201424492	8.520547221703714e-6
8.482300164692441	8.471891784734485e-6
8.498008127960391	8.423609000829413e-6
8.51371609122834	8.375695280352625e-6
8.529424054496289	8.328147075426528e-6
8.545132017764237	8.28096087936043e-6
8.560839981032187	8.234133226089895e-6
8.576547944300135	8.187660689623463e-6
8.592255907568084	8.141539883498827e-6
8.607963870836032	8.09576746024742e-6
8.623671834103982	8.050340110866876e-6
8.63937979737193	8.0052545643023e-6
8.65508776063988	7.96050758693506e-6
8.67079572390783	7.916095982080192e-6
8.686503687175778	7.872016589490608e-6
8.702211650443727	7.828266284869868e-6
8.717919613711675	7.784841979391861e-6
8.733627576979625	7.74174061922842e-6
8.749335540247573	7.698959185083272e-6
8.765043503515523	7.656494691734024e-6
8.780751466783471	7.61434418758081e-6
8.79645943005142	7.5725047542018115e-6
8.81216739331937	7.530973505915157e-6
8.827875356587318	7.48974758934836e-6
8.843583319855268	7.448824183013379e-6
8.859291283123216	7.408200496888606e-6
8.874999246391166	7.367873772007226e-6
8.890707209659114	7.327841280050953e-6
8.906415172927064	7.288100322951182e-6
8.922123136195012	7.2486482324949925e-6
8.937831099462962	7.20948236993768e-6
8.953539062730911	7.170600125620766e-6
8.96924702599886	7.131998918595698e-6
8.984954989266809	7.093676196253657e-6
9.000662952534757	7.055629433959939e-6
9.016370915802707	7.017856134694439e-6
9.032078879070655	6.980353828697505e-6
9.047786842338605	6.943120073120478e-6
9.063494805606553	6.906152451681808e-6
9.079202768874502	6.8694485743282245e-6
9.09491073214245	6.833006076900338e-6
9.1106186954104	6.796822620804004e-6
9.12632665867835	6.76089589268579e-6
9.142034621946298	6.725223604113639e-6
9.157742585214248	6.689803491261571e-6
9.173450548482196	6.654633314599559e-6
9.189158511750145	6.619710858587682e-6
9.204866475018093	6.585033931374893e-6
9.220574438286043	6.550600364501563e-6
9.236282401553991	6.516408012606998e-6
9.25199036482194	6.482454753140785e-6
9.267698328089889	6.448738486078357e-6
9.283406291357839	6.415257133640529e-6
9.299114254625788	6.382008640017366e-6
9.314822217893736	6.348990971095548e-6
9.330530181161686	6.316202114190087e-6
9.346238144429634	6.283640077779398e-6
9.361946107697584	6.251302891244557e-6
9.377654070965532	6.219188604611905e-6
9.393362034233482	6.187295288299465e-6
9.40906999750143	6.155621032866943e-6
9.42477796076938	6.124163948769231e-6
9.44048592403733	6.092922166113278e-6
9.456193887305277	6.061893834418531e-6
9.471901850573227	6.031077122380606e-6
9.487609813841175	6.000470217638367e-6
9.503317777109125	5.970071326544273e-6
9.519025740377073	5.939878673937518e-6
9.534733703645022	5.90989050292104e-6
9.55044166691297	5.880105074641114e-6
9.56614963018092	5.8505206680701734e-6
9.58185759344887	5.821135579792266e-6
9.597565556716818	5.791948123792233e-6
9.613273519984768	5.762956631247241e-6
9.628981483252716	5.7341594503212e-6
9.644689446520665	5.705554945962003e-6
9.660397409788613	5.677141499701849e-6
9.676105373056563	5.648917509460113e-6
9.691813336324511	5.62088138934834e-6
9.707521299592461	5.593031569479394e-6
9.723229262860409	5.5653664957774655e-6
9.738937226128359	5.537884629791521e-6
9.754645189396308	5.510584448511475e-6
9.770353152664256	5.483464444186657e-6
9.786061115932206	5.456523124146253e-6
9.801769079200154	5.429759010622501e-6
9.817477042468104	5.403170640577015e-6
9.833185005736052	5.376756565528073e-6
9.848892969004002	5.350515351381136e-6
9.86460093227195	5.324445578261394e-6
9.8803088955399	5.298545840348484e-6
9.896016858807847	5.272814745713656e-6
9.911724822075797	5.247250916158846e-6
9.927432785343747	5.221852987057765e-6
9.943140748611695	5.1966196071997626e-6
9.958848711879645	5.171549438634748e-6
9.974556675147593	5.146641156521175e-6
9.990264638415542	5.121893448975306e-6
10.00597260168349	5.097305016922987e-6
10.02168056495144	5.0728745739527335e-6
10.037388528219388	5.048600846171511e-6
10.053096491487338	5.0244825720616934e-6
10.068804454755288	5.000518502340559e-6
10.084512418023236	4.976707399821057e-6
10.100220381291185	4.953048039274517e-6
10.115928344559133	4.929539207295608e-6
10.131636307827083	4.906179702168295e-6
10.147344271095031	4.88296833373431e-6
10.163052234362981	4.8599039232626e-6
10.178760197630929	4.836985303320881e-6
10.194468160898879	4.814211317649077e-6
10.210176124166829	4.791580821033737e-6
10.225884087434777	4.769092679184522e-6
10.241592050702726	4.74674576861239e-6
10.257300013970674	4.724538976508483e-6
10.273007977238624	4.702471200626152e-6
10.288715940506572	4.6805413491629025e-6
10.304423903774522	4.658748340644575e-6
10.32013186704247	4.637091103811012e-6
10.33583983031042	4.615568577503105e-6
10.351547793578368	4.59417971055124e-6
10.367255756846317	4.572923461664956e-6
10.382963720114267	4.551798799324556e-6
10.398671683382215	4.530804701673634e-6
10.414379646650165	4.509940156412736e-6
10.430087609918113	4.489204160695233e-6
10.445795573186063	4.46859572102347e-6
10.46150353645401	4.448113853147144e-6
10.47721149972196	4.4277575819620985e-6
10.492919462989908	4.407525941411055e-6
10.508627426257858	4.387417974385303e-6
10.524335389525806	4.367432732627601e-6
10.540043352793756	4.347569276636177e-6
10.555751316061706	4.327826675570511e-6
10.571459279329654	4.3082040071573325e-6
10.587167242597603	4.288700357598616e-6
10.602875205865551	4.269314821480369e-6
10.618583169133501	4.2500465016822156e-6
10.634291132401449	4.2308945092891464e-6
10.649999095669399	4.2118579635028635e-6
10.665707058937347	4.1929359915556595e-6
10.681415022205297	4.174127728624292e-6
10.697122985473246	4.155432317745577e-6
10.712830948741194	4.136848909732399e-6
10.728538912009144	4.118376663091613e-6
10.744246875277092	4.1000147439420035e-6
10.759954838545042	4.081762325933974e-6
10.77566280181299	4.063618590169526e-6
10.79137076508094	4.045582725124148e-6
10.807078728348888	4.027653926568583e-6
10.822786691616837	4.009831397492509e-6
10.838494654884787	3.99211434802817e-6
10.854202618152735	3.9745019953759034e-6
10.869910581420685	3.956993563729905e-6
10.885618544688633	3.939588284205062e-6
10.901326507956583	3.922285394764933e-6
10.91703447122453	3.905084140149871e-6
10.93274243449248	3.88798377180694e-6
10.948450397760428	3.870983547819998e-6
10.964158361028378	3.85408273284085e-6
10.979866324296326	3.837280598021215e-6
10.995574287564276	3.820576420945397e-6
11.011282250832226	3.803969485564024e-6
11.026990214100174	3.7874590821281436e-6
11.042698177368123	3.7710445071245932e-6
11.058406140636071	3.754725063211663e-6
11.074114103904021	3.738500059155762e-6
11.08982206717197	3.7223688097689797e-6
11.105530030439919	3.7063306358471243e-6
11.121237993707867	3.6903848641083372e-6
11.136945956975817	3.6745308271330962e-6
11.152653920243765	3.658767863303927e-6
11.168361883511714	3.6430953167470478e-6
11.184069846779664	3.6275125372733143e-6
11.199777810047612	3.612018880321228e-6
11.215485773315562	3.596613706899326e-6
11.23119373658351	3.581296383530302e-6
11.24690169985146	3.566066282195053e-6
11.262609663119408	3.5509227802778524e-6
11.278317626387357	3.5358652605118053e-6
11.294025589655305	3.5208931109251512e-6
11.309733552923255	3.506005724787982e-6
11.325441516191205	3.491202500560012e-6
11.341149479459153	3.476482841838181e-6
11.356857442727103	3.4618461573056583e-6
11.37256540599505	3.4472918606811336e-6
11.388273369263	3.4328193706684006e-6
11.403981332530948	3.4184281109068808e-6
11.419689295798898	3.4041175099224583e-6
11.435397259066846	3.3898870010793476e-6
11.451105222334796	3.375736022531884e-6
11.466813185602746	3.36166401717708e-6
11.482521148870694	3.347670432608083e-6
11.498229112138644	3.33375472106757e-6
11.513937075406592	3.3199163394021287e-6
11.529645038674541	3.3061547490169024e-6
11.54535300194249	3.292469415830927e-6
11.561060965210439	3.2788598102328245e-6
11.576768928478387	3.265325407036937e-6
11.592476891746337	3.2518656854401963e-6
11.608184855014285	3.2384801289793182e-6
11.623892818282235	3.2251682254884863e-6
11.639600781550184	3.2119294670574423e-6
11.655308744818132	3.1987633499902418e-6
11.671016708086082	3.1856693747641846e-6
11.68672467135403	3.1726470459895913e-6
11.70243263462198	3.159695872369693e-6
11.718140597889928	3.1468153666609467e-6
11.733848561157878	3.1340050456340973e-6
11.749556524425826	3.121264430035425e-6
11.765264487693775	3.1085930445484326e-6
11.780972450961723	3.0959904177561234e-6
11.796680414229673	3.0834560821034845e-6
11.812388377497623	3.070989573860561e-6
11.82809634076557	3.0585904330857474e-6
11.84380430403352	3.046258203589607e-6
11.859512267301469	3.0339924328992396e-6
11.875220230569418	3.021792672222571e-6
11.890928193837366	3.009658476413575e-6
11.906636157105316	2.9975894039374636e-6
11.922344120373264	2.9855850168366307e-6
11.938052083641214	2.9736448806964868e-6
11.953760046909164	2.961768564612135e-6
11.969468010177112	2.949955641155111e-6
11.985175973445061	2.938205686340605e-6
12.00088393671301	2.9265182795950074e-6
12.01659189998096	2.9148930037238358e-6
12.032299863248907	2.9033294448799697e-6
12.048007826516857	2.891827192532108e-6
12.063715789784805	2.8803858394340324e-6
12.079423753052755	2.8690049815934967e-6
12.095131716320704	2.8576842182420044e-6
12.110839679588652	2.8464231518046485e-6
12.126547642856602	2.8352213878705366e-6
12.14225560612455	2.8240785351629297e-6
12.1579635693925	2.812994205510694e-6
12.173671532660448	2.801968013819014e-6
12.189379495928398	2.79099957804089e-6
12.205087459196346	2.780088519149294e-6
12.220795422464295	2.769234461109016e-6
12.236503385732243	2.758437030848878e-6
12.252211349000193	2.747695858234689e-6
12.267919312268143	2.7370105760421437e-6
12.283627275536091	2.7263808199300276e-6
12.29933523880404	2.715806228413639e-6
12.315043202071989	2.7052864428388793e-6
12.330751165339938	2.6948211073560995e-6
12.346459128607886	2.6844098688944463e-6
12.362167091875836	2.6740523771367504e-6
12.377875055143784	2.6637482844940326e-6
12.393583018411734	2.6534972460810162e-6
12.409290981679682	2.643298919691263e-6
12.424998944947632	2.633152965773072e-6
12.440706908215581	2.6230590474051635e-6
12.45641487148353	2.613016830273011e-6
12.47212283475148	2.6030259826452616e-6
12.487830798019427	2.5930861753503025e-6
12.503538761287377	2.583197081753316e-6
12.519246724555325	2.573358377733133e-6
12.534954687823275	2.5635697416599942e-6
12.550662651091223	2.5538308543728143e-6
12.566370614359172	2.544141399157356e-6
