-12.566370614359172	-2.605260590779968e-6
-12.550662651091223	-2.6151834607836877e-6
-12.534954687823275	-2.625156958110213e-6
-12.519246724555325	-2.6351814071694106e-6
-12.503538761287377	-2.6452571348777595e-6
-12.487830798019427	-2.6553844706810444e-6
-12.47212283475148	-2.6655637465770746e-6
-12.45641487148353	-2.6757952971389096e-6
-12.440706908215581	-2.6860794595385136e-6
-12.424998944947632	-2.6964165735701133e-6
-12.409290981679682	-2.706806981674492e-6
-12.393583018411734	-2.717251028962614e-6
-12.377875055143784	-2.7277490632404446e-6
-12.362167091875836	-2.73830143503363e-6
-12.346459128607886	-2.748908497612197e-6
-12.330751165339938	-2.759570607015987e-6
-12.315043202071989	-2.7702881220799217e-6
-12.29933523880404	-2.781061404459772e-6
-12.283627275536091	-2.7918908186582867e-6
-12.267919312268143	-2.8027767320513962e-6
-12.252211349000193	-2.813719514914747e-6
-12.236503385732243	-2.8247195404503195e-6
-12.220795422464295	-2.835777184814289e-6
-12.205087459196346	-2.846892827143484e-6
-12.189379495928398	-2.8580668495835457e-6
-12.173671532660448	-2.869299637317318e-6
-12.1579635693925	-2.8805915785923807e-6
-12.14225560612455	-2.8919430647500567e-6
-12.126547642856602	-2.9033544902545418e-6
-12.110839679588652	-2.9148262527214925e-6
-12.095131716320704	-2.926358752948264e-6
-12.079423753052755	-2.9379523949432e-6
-12.063715789784805	-2.949607585956163e-6
-12.048007826516857	-2.9613247365089045e-6
-12.032299863248907	-2.973104260425869e-6
-12.01659189998096	-2.984946574865313e-6
-12.00088393671301	-2.9968521003511485e-6
-11.985175973445061	-3.0088212608040777e-6
-11.969468010177112	-3.020854483574633e-6
-11.953760046909164	-3.032952199475035e-6
-11.938052083641214	-3.045114842812479e-6
-11.922344120373264	-3.0573428514221757e-6
-11.906636157105316	-3.069636666701222e-6
-11.890928193837366	-3.0819967336421194e-6
-11.875220230569418	-3.094423500867808e-6
-11.859512267301469	-3.1069174206656243e-6
-11.84380430403352	-3.119478949023071e-6
-11.82809634076557	-3.13210854566311e-6
-11.812388377497623	-3.144806674079747e-6
-11.796680414229673	-3.1575738015748057e-6
-11.780972450961723	-3.1704103992942854e-6
-11.765264487693775	-3.183316942265609e-6
-11.749556524425826	-3.1962939094352505e-6
-11.733848561157878	-3.2093417837061303e-6
-11.718140597889928	-3.222461051976685e-6
-11.70243263462198	-3.2356522051791233e-6
-11.68672467135403	-3.2489157383189067e-6
-11.671016708086082	-3.262252150514311e-6
-11.655308744818132	-3.2756619450363036e-6
-11.639600781550184	-3.289145629349573e-6
-11.623892818282235	-3.302703715152908e-6
-11.608184855014285	-3.316336718421285e-6
-11.592476891746337	-3.3300451594472282e-6
-11.576768928478387	-3.343829562883695e-6
-11.561060965210439	-3.3576904577864075e-6
-11.54535300194249	-3.3716283776577913e-6
-11.529645038674541	-3.385643860490289e-6
-11.513937075406592	-3.399737448811208e-6
-11.498229112138644	-3.413909689726959e-6
-11.482521148870694	-3.4281611349691077e-6
-11.466813185602746	-3.4424923409397625e-6
-11.451105222334796	-3.4569038687580622e-6
-11.435397259066846	-3.4713962843072582e-6
-11.419689295798898	-3.485970158281918e-6
-11.403981332530948	-3.5006260662362408e-6
-11.388273369263	-3.5153645886324796e-6
-11.37256540599505	-3.530186310889651e-6
-11.356857442727103	-3.5450918234341457e-6
-11.341149479459153	-3.5600817217491326e-6
-11.325441516191205	-3.575156606425718e-6
-11.309733552923255	-3.590317083214349e-6
-11.294025589655305	-3.605563763076853e-6
-11.278317626387357	-3.62089726223897e-6
-11.262609663119408	-3.636318202243633e-6
-11.24690169985146	-3.651827210004844e-6
-11.23119373658351	-3.667424917862135e-6
-11.215485773315562	-3.6831119636355964e-6
-11.199777810047612	-3.6988889906818157e-6
-11.184069846779664	-3.7147566479500063e-6
-11.168361883511714	-3.7307155900392732e-6
-11.152653920243765	-3.7467664772563847e-6
-11.136945956975817	-3.7629099756740674e-6
-11.121237993707867	-3.779146757190198e-6
-11.105530030439919	-3.7954774995873396e-6
-11.08982206717197	-3.8119028865938006e-6
-11.074114103904021	-3.82842360794417e-6
-11.058406140636071	-3.845040359441885e-6
-11.042698177368123	-3.861753843021472e-6
-11.026990214100174	-3.878564766812316e-6
-11.011282250832226	-3.89547384520233e-6
-10.995574287564276	-3.91248179890351e-6
-10.979866324296326	-3.929589355017129e-6
-10.964158361028378	-3.946797247100918e-6
-10.948450397760428	-3.964106215235314e-6
-10.93274243449248	-3.98151700609274e-6
-10.91703447122453	-3.999030373005705e-6
-10.901326507956583	-4.01664707603673e-6
-10.885618544688633	-4.034367882049387e-6
-10.869910581420685	-4.052193564779004e-6
-10.854202618152735	-4.070124904905662e-6
-10.838494654884787	-4.088162690126922e-6
-10.822786691616837	-4.1063077152321625e-6
-10.807078728348888	-4.124560782177415e-6
-10.79137076508094	-4.14292270016124e-6
-10.77566280181299	-4.161394285701717e-6
-10.759954838545042	-4.1799763627138305e-6
-10.744246875277092	-4.198669762588717e-6
-10.728538912009144	-4.217475324272728e-6
-10.712830948741194	-4.236393894348229e-6
-10.697122985473246	-4.255426327115947e-6
-10.681415022205297	-4.274573484676188e-6
-10.665707058937347	-4.293836237013792e-6
-10.649999095669399	-4.313215462082223e-6
-10.634291132401449	-4.332712045888989e-6
-10.618583169133501	-4.35232688258371e-6
-10.602875205865551	-4.372060874544167e-6
-10.587167242597603	-4.391914932466574e-6
-10.571459279329654	-4.4118899754551775e-6
-10.555751316061706	-4.431986931113534e-6
-10.540043352793756	-4.452206735636854e-6
-10.524335389525806	-4.472550333905391e-6
-10.508627426257858	-4.493018679579032e-6
-10.492919462989908	-4.513612735193198e-6
-10.47721149972196	-4.534333472256177e-6
-10.46150353645401	-4.55518187134685e-6
-10.445795573186063	-4.576158922214461e-6
-10.430087609918113	-4.597265623879504e-6
-10.414379646650165	-4.618502984735552e-6
-10.398671683382215	-4.639872022652567e-6
-10.382963720114267	-4.661373765081504e-6
-10.367255756846317	-4.683009249160525e-6
-10.351547793578368	-4.704779521822238e-6
-10.33583983031042	-4.726685639901867e-6
-10.32013186704247	-4.748728670248191e-6
-10.304423903774522	-4.770909689834367e-6
-10.288715940506572	-4.793229785870801e-6
-10.273007977238624	-4.815690055919933e-6
-10.257300013970674	-4.838291608011993e-6
-10.241592050702726	-4.861035560761869e-6
-10.225884087434777	-4.883923043488444e-6
-10.210176124166829	-4.90695519633463e-6
-10.194468160898879	-4.930133170389436e-6
-10.178760197630929	-4.953458127811499e-6
-10.163052234362981	-4.976931241954028e-6
-10.147344271095031	-5.000553697491802e-6
-10.131636307827083	-5.024326690549467e-6
-10.115928344559133	-5.048251428831211e-6
-10.100220381291185	-5.072329131753118e-6
-10.084512418023236	-5.096561030576298e-6
-10.068804454755288	-5.120948368542626e-6
-10.053096491487338	-5.145492401010725e-6
-10.037388528219388	-5.170194395595929e-6
-10.02168056495144	-5.195055632310293e-6
-10.00597260168349	-5.220077403705525e-6
-9.990264638415542	-5.245261015016757e-6
-9.974556675147593	-5.270607784309613e-6
-9.958848711879645	-5.296119042627843e-6
-9.943140748611695	-5.321796134144322e-6
-9.927432785343747	-5.347640416312325e-6
-9.911724822075797	-5.373653260020514e-6
-9.896016858807847	-5.399836049749185e-6
-9.8803088955399	-5.426190183728498e-6
-9.86460093227195	-5.452717074098896e-6
-9.848892969004002	-5.4794181470745875e-6
-9.833185005736052	-5.506294843107971e-6
-9.817477042468104	-5.53334861705587e-6
-9.801769079200154	-5.560580938350953e-6
-9.786061115932206	-5.587993291171856e-6
-9.770353152664256	-5.615587174617379e-6
-9.754645189396308	-5.64336410288367e-6
-9.738937226128359	-5.67132560544235e-6
-9.723229262860409	-5.699473227222084e-6
-9.707521299592461	-5.727808528791989e-6
-9.691813336324511	-5.7563330865482796e-6
-9.676105373056563	-5.7850484929024575e-6
-9.660397409788613	-5.81395635647358e-6
-9.644689446520665	-5.843058302281586e-6
-9.628981483252716	-5.872355971943876e-6
-9.613273519984768	-5.901851023875566e-6
-9.597565556716818	-5.931545133490859e-6
-9.58185759344887	-5.96143999340871e-6
-9.56614963018092	-5.991537313659963e-6
-9.55044166691297	-6.021838821898179e-6
-9.534733703645022	-6.052346263614084e-6
-9.519025740377073	-6.083061402351469e-6
-9.503317777109125	-6.113986019926885e-6
-9.487609813841175	-6.145121916653005e-6
-9.471901850573227	-6.17647091156392e-6
-9.456193887305277	-6.208034842644469e-6
-9.44048592403733	-6.2398155670627535e-6
-9.42477796076938	-6.271814961405073e-6
-9.40906999750143	-6.30403492191595e-6
-9.393362034233482	-6.336477364739253e-6
-9.377654070965532	-6.369144226164954e-6
-9.361946107697584	-6.402037462877778e-6
-9.346238144429634	-6.435159052210429e-6
-9.330530181161686	-6.468510992399739e-6
-9.314822217893736	-6.502095302846864e-6
-9.299114254625788	-6.5359140243812195e-6
-9.283406291357839	-6.569969219528213e-6
-9.267698328089889	-6.604262972780716e-6
-9.25199036482194	-6.638797390873883e-6
-9.236282401553991	-6.673574603065358e-6
-9.220574438286043	-6.708596761418704e-6
-9.204866475018093	-6.743866041090169e-6
-9.189158511750145	-6.779384640621224e-6
-9.173450548482196	-6.815154782234515e-6
-9.157742585214248	-6.851178712133608e-6
-9.142034621946298	-6.887458700808143e-6
-9.12632665867835	-6.9239970433429404e-6
-9.1106186954104	-6.96079605973214e-6
-9.09491073214245	-6.997858095196427e-6
-9.079202768874502	-7.035185520507406e-6
-9.063494805606553	-7.072780732314573e-6
-9.047786842338605	-7.110646153477853e-6
-9.032078879070655	-7.148784233406025e-6
-9.016370915802707	-7.187197448398837e-6
-9.000662952534757	-7.225888301994495e-6
-8.984954989266809	-7.264859325323149e-6
-8.96924702599886	-7.304113077464302e-6
-8.953539062730911	-7.343652145811413e-6
-8.937831099462962	-7.383479146439961e-6
-8.922123136195012	-7.42359672448257e-6
-8.906415172927064	-7.464007554508707e-6
-8.890707209659114	-7.504714340911332e-6
-8.874999246391166	-7.5457198182984615e-6
-8.859291283123216	-7.5870267518903e-6
-8.843583319855268	-7.628637937923864e-6
-8.827875356587318	-7.670556204062633e-6
-8.81216739331937	-7.712784409812283e-6
-8.79645943005142	-7.755325446944196e-6
-8.780751466783471	-7.79818223992354e-6
-8.765043503515523	-7.841357746345175e-6
-8.749335540247573	-7.884854957376767e-6
-8.733627576979625	-7.92867689820644e-6
-8.717919613711675	-7.97282662850011e-6
-8.702211650443727	-8.017307242864688e-6
-8.686503687175778	-8.062121871316785e-6
-8.67079572390783	-8.107273679762377e-6
-8.65508776063988	-8.152765870480878e-6
-8.63937979737193	-8.198601682617692e-6
-8.623671834103982	-8.244784392685261e-6
-8.607963870836032	-8.291317315070372e-6
-8.592255907568084	-8.338203802551341e-6
-8.576547944300135	-8.385447246821421e-6
-8.560839981032187	-8.433051079022385e-6
-8.545132017764237	-8.481018770284374e-6
-8.529424054496289	-8.52935383227681e-6
-8.51371609122834	-8.578059817766046e-6
-8.498008127960391	-8.627140321182165e-6
-8.482300164692441	-8.676598979196037e-6
-8.466592201424492	-8.726439471304331e-6
-8.450884238156544	-8.776665520425258e-6
-8.435176274888594	-8.827280893501345e-6
-8.419468311620646	-8.878289402114774e-6
-8.403760348352696	-8.92969490311185e-6
-8.388052385084748	-8.98150129923536e-6
-8.372344421816798	-9.033712539771364e-6
-8.35663645854885	-9.086332621201743e-6
-8.3409284952809	-9.139365587871467e-6
-8.325220532012953	-9.192815532663808e-6
-8.309512568745003	-9.246686597688282e-6
-8.293804605477053	-9.300982974980239e-6
-8.278096642209105	-9.3557089072086e-6
-8.262388678941155	-9.410868688400386e-6
-8.246680715673207	-9.466466664672792e-6
-8.230972752405258	-9.52250723497955e-6
-8.21526478913731	-9.578994851869173e-6
-8.19955682586936	-9.635934022256065e-6
-8.183848862601412	-9.693329308203367e-6
-8.168140899333462	-9.75118532772036e-6
-8.152432936065512	-9.809506755572725e-6
-8.136724972797564	-9.868298324104997e-6
-8.121017009529615	-9.927564824079e-6
-8.105309046261667	-9.987311105525379e-6
-8.089601082993717	-1.0047542078608728e-5
-8.073893119725769	-1.0108262714509161e-5
-8.058185156457819	-1.0169478046316537e-5
-8.042477193189871	-1.023119316994229e-5
-8.026769229921921	-1.0293413245045055e-5
-8.011061266653972	-1.0356143495973007e-5
-7.995353303386024	-1.0419389212720768e-5
-7.979645340118075	-1.0483155751905906e-5
-7.963937376850126	-1.0547448537758688e-5
-7.948229413582177	-1.061227306313102e-5
-7.932521450314228	-1.0677634890522191e-5
-7.916813487046278	-1.0743539653122048e-5
-7.901105523778329	-1.0809993055873755e-5
-7.8853975605103805	-1.0877000876552362e-5
-7.869689597242432	-1.0944568966864585e-5
-7.853981633974483	-1.101270325356789e-5
-7.838273670706534	-1.1081409739606118e-5
-7.822565707438585	-1.1150694505269033e-5
-7.806857744170636	-1.122056370936963e-5
-7.791149780902687	-1.129102359044331e-5
-7.7754418176347375	-1.1362080467967614e-5
-7.759733854366789	-1.1433740743605413e-5
-7.74402589109884	-1.1506010902466058e-5
-7.728317927830891	-1.1578897514394832e-5
-7.712609964562942	-1.1652407235280238e-5
-7.696902001294993	-1.1726546808387922e-5
-7.681194038027044	-1.1801323065716519e-5
-7.665486074759095	-1.1876742929379469e-5
-7.6497781114911465	-1.1952813413011846e-5
-7.634070148223198	-1.2029541623199988e-5
-7.618362184955249	-1.2106934760940765e-5
-7.602654221687299	-1.2185000123125134e-5
-7.58694625841935	-1.2263745104049135e-5
-7.571238295151401	-1.2343177196952898e-5
-7.555530331883452	-1.2423303995585672e-5
-7.5398223686155035	-1.250413319580601e-5
-7.524114405347555	-1.2585672597201718e-5
-7.508406442079606	-1.2667930104748826e-5
-7.492698478811657	-1.2750913730495192e-5
-7.476990515543708	-1.283463159527851e-5
-7.461282552275758	-1.291909193047517e-5
-7.445574589007809	-1.3004303079781225e-5
-7.4298666257398605	-1.3090273501030073e-5
-7.414158662471912	-1.3177011768037128e-5
-7.398450699203963	-1.3264526572487552e-5
-7.382742735936014	-1.3352826725853894e-5
-7.367034772668065	-1.3441921161351708e-5
-7.351326809400116	-1.3531818935933183e-5
-7.335618846132167	-1.3622529232317017e-5
-7.319910882864218	-1.3714061361058137e-5
-7.304202919596269	-1.3806424762656458e-5
-7.28849495632832	-1.389962900970653e-5
-7.272786993060371	-1.399368380908721e-5
-7.257079029792422	-1.4088599004196335e-5
-7.241371066524473	-1.4184384577225053e-5
-7.225663103256524	-1.4281050651479136e-5
-7.209955139988575	-1.4378607493742551e-5
-7.194247176720626	-1.4477065516691097e-5
-7.1785392134526775	-1.4576435281348725e-5
-7.162831250184729	-1.4676727499595533e-5
-7.147123286916779	-1.4777953036722446e-5
-7.13141532364883	-1.4880122914038429e-5
-7.115707360380881	-1.4983248311527627e-5
-7.099999397112932	-1.5087340570560006e-5
-7.084291433844983	-1.519241119665516e-5
-7.0685834705770345	-1.5298471862301834e-5
-7.052875507309086	-1.540553440983356e-5
-7.037167544041137	-1.551361085436268e-5
-7.021459580773188	-1.562271338677134e-5
-7.005751617505239	-1.573285437676433e-5
-6.99004365423729	-1.584404637598458e-5
-6.97433569096934	-1.5956302121188924e-5
-6.9586277277013915	-1.6069634537491935e-5
-6.942919764433443	-1.6184056741672036e-5
-6.927211801165494	-1.6299582045549352e-5
-6.911503837897545	-1.6416223959429615e-5
-6.895795874629596	-1.6533996195620864e-5
-6.880087911361647	-1.6652912672022043e-5
-6.864379948093698	-1.6772987515784126e-5
-6.848671984825749	-1.6894235067053074e-5
-6.8329640215578	-1.7016669882782377e-5
-6.817256058289851	-1.7140306740631425e-5
-6.801548095021902	-1.7265160642944976e-5
-6.785840131753953	-1.739124682081264e-5
-6.770132168486004	-1.7518580738217966e-5
-6.754424205218055	-1.7647178096273506e-5
-6.738716241950106	-1.7777054837545033e-5
-6.7230082786821574	-1.790822715046933e-5
-6.707300315414209	-1.8040711473865676e-5
-6.69159235214626	-1.8174524501542742e-5
-6.675884388878311	-1.830968318700724e-5
-6.660176425610361	-1.844620474827095e-5
-6.644468462342412	-1.858410667276405e-5
-6.628760499074463	-1.8723406722353496e-5
-6.613052535806514	-1.886412293847062e-5
-6.5973445725385655	-1.9006273647352598e-5
-6.581636609270617	-1.914987746539614e-5
-6.565928646002668	-1.9294953304630126e-5
-6.550220682734719	-1.9441520378308904e-5
-6.53451271946677	-1.9589598206629402e-5
-6.51880475619882	-1.973920662257338e-5
-6.503096792930871	-1.9890365777882752e-5
-6.4873888296629225	-2.004309614916591e-5
-6.471680866394974	-2.0197418544141863e-5
-6.455972903127025	-2.035335410802377e-5
-6.440264939859076	-2.0510924330049125e-5
-6.424556976591127	-2.067015105015437e-5
-6.408849013323178	-2.0831056465803937e-5
-6.393141050055229	-2.099366313897271e-5
-6.37743308678728	-2.1157994003290608e-5
-6.3617251235193315	-2.1324072371348173e-5
-6.346017160251382	-2.1491921942172844e-5
-6.330309196983433	-2.166156680887876e-5
-6.314601233715484	-2.1833031466488922e-5
-6.298893270447535	-2.200634081994701e-5
-6.283185307179586	-2.2181520192309546e-5
-6.267477343911637	-2.235859533313342e-5
-6.2517693806436885	-2.2537592427061673e-5
-6.23606141737574	-2.2718538102608247e-5
-6.220353454107791	-2.2901459441155147e-5
-6.204645490839841	-2.3086383986160277e-5
-6.188937527571892	-2.327333975258797e-5
-6.173229564303943	-2.346235523656283e-5
-6.157521601035994	-2.3653459425256694e-5
-6.1418136377680455	-2.384668180701516e-5
-6.126105674500097	-2.40420523817294e-5
-6.110397711232148	-2.4239601671457336e-5
-6.094689747964199	-2.4439360731309672e-5
-6.07898178469625	-2.4641361160596262e-5
-6.063273821428301	-2.4845635114251575e-5
-6.047565858160352	-2.505221531454061e-5
-6.031857894892402	-2.5261135063054268e-5
-6.0161499316244536	-2.5472428253005435e-5
-6.000441968356505	-2.5686129381828762e-5
-5.984734005088556	-2.5902273564101355e-5
-5.969026041820607	-2.6120896544783845e-5
-5.953318078552658	-2.6342034712800877e-5
-5.937610115284709	-2.656572511496317e-5
-5.92190215201676	-2.679200547024623e-5
-5.906194188748811	-2.702091418443206e-5
-5.890486225480862	-2.725249036513261e-5
-5.874778262212913	-2.7486773837194546e-5
-5.859070298944964	-2.7723805158507136e-5
-5.843362335677015	-2.796362563622209e-5
-5.827654372409066	-2.820627734339365e-5
-5.811946409141117	-2.84518031360606e-5
-5.796238445873168	-2.870024667077256e-5
-5.7805304826052195	-2.895165242258641e-5
-5.764822519337271	-2.9206065703536536e-5
-5.749114556069322	-2.9463532681602155e-5
-5.733406592801373	-2.972410040017908e-5
-5.717698629533423	-2.9987816798081868e-5
-5.701990666265474	-3.025473073008106e-5
-5.686282702997525	-3.0524891988003616e-5
-5.6705747397295765	-3.0798351322408616e-5
-5.654866776461628	-3.1075160464855626e-5
-5.639158813193679	-3.135537215079018e-5
-5.62345084992573	-3.1639040143059354e-5
-5.607742886657781	-3.192621925608497e-5
-5.592034923389832	-3.221696538071238e-5
-5.576326960121882	-3.251133550975364e-5
-5.5606189968539335	-3.280938776425786e-5
-5.544911033585985	-3.311118142051821e-5
-5.529203070318036	-3.3416776937861485e-5
-5.513495107050087	-3.372623598721822e-5
-5.497787143782138	-3.403962148052764e-5
-5.482079180514189	-3.435699760098923e-5
-5.46637121724624	-3.4678429834191436e-5
-5.450663253978291	-3.5003985000156475e-5
-5.4349552907103424	-3.5333731286319533e-5
-5.419247327442394	-3.566773828148989e-5
-5.403539364174444	-3.600607701081363e-5
-5.387831400906495	-3.634881997178549e-5
-5.372123437638546	-3.669604117133907e-5
-5.356415474370597	-3.704781616405577e-5
-5.340707511102648	-3.740422209153882e-5
-5.324999547834699	-3.7765337722981845e-5
-5.3092915845667505	-3.8131243496984665e-5
-5.293583621298802	-3.85020215646695e-5
-5.277875658030853	-3.8877755834116744e-5
-5.262167694762903	-3.92585320162111e-5
-5.246459731494954	-3.964443767190865e-5
-5.230751768227005	-4.003556226101139e-5
-5.215043804959056	-4.0431997192487465e-5
-5.1993358416911075	-4.083383587640087e-5
-5.183627878423159	-4.124117377751772e-5
-5.16791991515521	-4.165410847064703e-5
-5.152211951887261	-4.2072739697784584e-5
-5.136503988619312	-4.2497169427138765e-5
-5.120796025351363	-4.292750191410028e-5
-5.105088062083414	-4.3363843764251005e-5
-5.0893800988154645	-4.3806303998467316e-5
-5.073672135547516	-4.425499412024604e-5
-5.057964172279567	-4.47100281852886e-5
-5.042256209011618	-4.5171522873487975e-5
-5.026548245743669	-4.563959756339335e-5
-5.01084028247572	-4.611437440925848e-5
-4.995132319207771	-4.6595978420788735e-5
-4.979424355939822	-4.708453754570959e-5
-4.9637163926718735	-4.7580182755264164e-5
-4.948008429403924	-4.8083048132780856e-5
-4.932300466135975	-4.8593270965444175e-5
-4.916592502868026	-4.9110991839418744e-5
-4.900884539600077	-4.9636354738469885e-5
-4.885176576332128	-5.0169507146250085e-5
-4.869468613064179	-5.0710600152425776e-5
-4.8537606497962305	-5.1259788562816606e-5
-4.838052686528282	-5.18172310137529e-5
-4.822344723260333	-5.2383090090854295e-5
-4.806636759992384	-5.29575324524458e-5
-4.790928796724435	-5.354072895785843e-5
-4.775220833456485	-5.413285480084775e-5
-4.759512870188536	-5.473408964843205e-5
-4.743804906920587	-5.534461778540474e-5
-4.7280969436526386	-5.596462826486938e-5
-4.71238898038469	-5.659431506511936e-5
-4.696681017116741	-5.7233877253235866e-5
-4.680973053848792	-5.78835191558183e-5
-4.665265090580843	-5.854345053727379e-5
-4.649557127312894	-5.921388678618086e-5
-4.633849164044944	-5.9895049110240825e-5
-4.6181412007769955	-6.058716474046075e-5
-4.602433237509047	-6.129046714523354e-5
-4.586725274241098	-6.200519625510325e-5
-4.571017310973149	-6.273159869915855e-5
-4.5553093477052	-6.346992805409647e-5
-4.539601384437251	-6.422044510725453e-5
-4.523893421169302	-6.498341813519995e-5
-4.508185457901353	-6.575912319982124e-5
-4.4924774946334045	-6.65478444644858e-5
-4.476769531365456	-6.734987453360274e-5
-4.461061568097506	-6.816551482022085e-5
-4.445353604829557	-6.89950759482135e-5
-4.429645641561608	-6.983887819877206e-5
-4.413937678293659	-7.069725201622422e-5
-4.39822971502571	-7.157053859745646e-5
-4.3825217517577615	-7.245909060618834e-5
-4.366813788489813	-7.33632730860478e-5
-4.351105825221864	-7.428346471300138e-5
-4.335397861953915	-7.522005967267375e-5
-4.319689898685965	-7.617347078856256e-5
-4.303981935418016	-7.714413540318232e-5
-4.288273972150067	-7.81325280355537e-5
-4.2725660088821185	-7.913919220976863e-5
-4.25685804561417	-8.016483749482926e-5
-4.241150082346221	-8.121072589843551e-5
-4.225442119078272	-8.228105469850464e-5
-4.209734155810323	-8.342371983683171e-5
-4.194026192542374	-8.475134630664928e-5
-4.178318229274425	-8.560072237205275e-5
-4.162610266006476	-8.673572291413691e-5
-4.146902302738527	-8.790305556967702e-5
-4.131194339470578	-8.909646501184294e-5
-4.115486376202629	-9.031676643461945e-5
-4.09977841293468	-9.15681069174461e-5
-4.084070449666731	-9.28645523376891e-5
-4.068362486398782	-9.42864539854922e-5
-4.052654523130833	-9.838582863696773e-5
-4.036946559862884	-9.755320541013292e-5
-4.0212385965949355	-9.825008532710063e-5
-4.005530633326986	-9.957505525527573e-5
-3.9898226700590373	-0.0001009874036952614
-3.9741147067910885	-0.00010244944769943867
-3.958406743523139	-0.00010395961756113716
-3.9426987802551903	-0.00010553341483751367
-3.9269908169872414	-0.00010723886471256481
-3.9112828537192925	-0.00010961779699809354
-3.8955748904513436	-0.0003691274016732491
-3.8798669271833943	-0.00011297598276152039
-3.8641589639154454	-0.0001139642782878654
-3.8484510006474966	-0.00011578759211449561
-3.8327430373795477	-0.00011887562925926875
-3.817035074111599	-0.0002024042019450494
-3.8013271108436495	-0.00012198181021162606
-3.7856191475757006	-0.00012316782940434274
-3.7699111843077517	-0.00012513653962032632
-3.754203221039803	-0.00012807127103624702
-3.738495257771854	-0.00013335744550711733
-3.7227872945039047	-0.00013212138573323766
-3.707079331235956	-0.00013520348074747444
-3.691371367968007	-0.0001412226591336607
-3.675663404700058	-0.00018471383156208336
-3.659955441432109	-0.00021200216626034282
-3.64424747816416	-0.00014937421699697968
-3.628539514896211	-0.00014747759854140226
-3.612831551628262	-0.00014911543818642338
-3.597123588360313	-0.00015218814758158426
-3.5814156250923643	-0.00015522032386755617
-3.565707661824415	-0.00015984522293398766
-3.549999698556466	-0.00016954703726618076
-3.5342917352885173	-0.0003263819949517765
-3.5185837720205684	-0.000967393225167021
-3.5028758087526195	-0.00023547995302989594
-3.48716784548467	-0.00018494190449176284
-3.4714598822167213	-0.0001825192489967263
-3.4557519189487724	-0.00019249786234227723
-3.4400439556808236	-0.001157229840294857
-3.4243359924128747	-0.00020703409874612186
-3.4086280291449254	-0.00020274012410092753
-3.3929200658769765	-0.0002622710139758857
-3.3772121026090276	-0.0003061261463044117
-3.3615041393410787	-0.0008445016255575991
-3.34579617607313	-0.00022648965552274982
-3.3300882128051805	-0.00023248882902915174
-3.3143802495372316	-0.0002650904082875277
-3.2986722862692828	-0.000497847873095404
-3.282964323001334	-0.0028685410357515606
-3.267256359733385	-0.0003382695698635231
-3.2515483964654357	-0.0002930093857118112
-3.235840433197487	-0.000995795373610218
-3.220132469929538	-0.00032601811782154806
-3.204424506661589	-0.0002959109345514991
-3.18871654339364	-0.000319849434081153
-3.173008580125691	-0.00042312619529974644
-3.157300616857742	-0.008312925311587335
-3.141592653589793	-0.0038997043933201637
-3.1258846903218442	-0.001576336987416195
-3.1101767270538954	-0.0004822102116827258
-3.094468763785946	-0.0004001351483298144
-3.078760800517997	-0.001105862025646069
-3.0630528372500483	-0.00039885701860834595
-3.0473448739820994	-0.0004403190589544567
-3.0316369107141505	-0.0005996595204665829
-3.015928947446201	-0.0017227149113845728
-3.0002209841782523	-0.013479180425522038
-2.9845130209103035	-0.0038002988244653793
-2.9688050576423546	-0.0006085754410308677
-2.9530970943744057	-0.0005007295059353994
-2.9373891311064564	-0.0005027347802049886
-2.9216811678385075	-0.0006731478942193166
-2.9059732045705586	-0.001122924515802353
-2.8902652413026098	-0.0007340481683262021
-2.874557278034661	-0.005064185203893786
-2.8588493147667116	-0.007820488716828262
-2.8431413514987627	-0.004817915138072033
-2.827433388230814	-0.0011964832408733943
-2.811725424962865	-0.0009677168039804405
-2.796017461694916	-0.0013752055005720508
-2.7803094984269667	-0.011850204075480784
-2.764601535159018	-0.021227498542230792
-2.748893571891069	-0.0016759342327731955
-2.73318560862312	-0.001448874769642431
-2.7174776453551712	-0.004606148116681564
-2.701769682087222	-0.028988540128187343
-2.686061718819273	-0.001776743673382026
-2.670353755551324	-0.001794721839264573
-2.6546457922833753	-0.0030151130012100566
-2.6389378290154264	-0.010084417616970268
-2.623229865747477	-1.7623337405496842
-2.607521902479528	-0.030996609142858386
-2.5918139392115793	-0.003804538398538814
-2.5761059759436304	-0.0038589495862325607
-2.5603980126756816	-0.0027880145507154126
-2.5446900494077322	-0.002494637366702101
-2.5289820861397834	-0.003522431042407946
-2.5132741228718345	-0.004271598346238668
-2.4975661596038856	-0.027066988005008057
-2.4818581963359367	-0.07986545737682374
-2.4661502330679874	-0.09784138796128838
-2.4504422698000385	-0.009139426068676524
-2.4347343065320897	-0.004038828949209685
-2.419026343264141	-0.01311484023504694
-2.403318379996192	-0.0033119276022113716
-2.3876104167282426	-0.012565388718864522
-2.3719024534602937	-0.006747776282324343
-2.356194490192345	-0.011979637937834952
-2.340486526924396	-1.7509560527809624
-2.324778563656447	-0.05151209973615374
-2.3090706003884978	-0.007709393535649159
-2.293362637120549	-0.004029383655846121
-2.2776546738526	-0.004172748582959023
-2.261946710584651	-0.009780437459984633
-2.2462387473167023	-0.032207776327190546
-2.230530784048753	-0.7307123473588014
-2.214822820780804	-0.010358663004666896
-2.199114857512855	-0.03101118806834804
-2.1834068942449063	-0.08478070330331364
-2.1676989309769574	-0.017499600008207872
-2.151990967709008	-0.009827692058028224
-2.1362830044410592	-0.01642392025806168
-2.1205750411731104	-0.09168671165800729
-2.1048670779051615	-0.2660782758465333
-2.0891591146372126	-0.07824168248647452
-2.0734511513692633	-0.017971769369249803
-2.0577431881013144	-0.011419441050366227
-2.0420352248333655	-0.03685145797783897
-2.0263272615654166	-0.017832599778024642
-2.0106192982974678	-0.035633636554402166
-1.9949113350295187	-0.026852488144561884
-1.9792033717615696	-0.07941821738525968
-1.9634954084936207	-2.381879668925822
-1.9477874452256718	-8.24102791509031
-1.9320794819577227	-0.0679141247745271
-1.9163715186897738	-0.025547683780735655
-1.9006635554218247	-0.018252172411776367
-1.8849555921538759	-0.04202295878176422
-1.869247628885927	-0.5082667809767225
-1.853539665617978	-0.04016840513643348
-1.837831702350029	-0.04266279971343862
-1.82212373908208	-0.22628884929397813
-1.806415775814131	-3.6233860064915913
-1.7907078125461822	-0.13197624808676914
-1.774999849278233	-0.034984375653663476
-1.7592918860102842	-0.026069275423403
-1.743583922742335	-0.03847394811647023
-1.7278759594743862	-0.4473054560867983
-1.7121679962064373	-0.32886661817111923
-1.6964600329384882	-0.049682399095712336
-1.6807520696705394	-0.03606213980258834
-1.6650441064025903	-3.0415330756684718
-1.6493361431346414	-0.0639708459388957
-1.6336281798666925	-0.02959113141406149
-1.6179202165987434	-0.03500567024931024
-1.6022122533307945	-0.09739308266151579
-1.5865042900628454	-2.9140880448566393
-1.5707963267948966	-1.9508723660341871
-1.5550883635269477	-0.265170282096831
-1.5393804002589986	-0.04838393107783006
-1.5236724369910497	-0.03734187327675699
-1.5079644737231006	-0.0617039474443269
-1.4922565104551517	-0.04112084618841919
-1.4765485471872029	-0.2471781559430999
-1.4608405839192538	-0.10851093511743688
-1.4451326206513049	-0.7629367345137156
-1.4294246573833558	-1.193204926448827
-1.413716694115407	-0.49309271967419144
-1.398008730847458	-0.060655167745464034
-1.382300767579509	-0.03835922111467581
-1.36659280431156	-0.039154522344912915
-1.350884841043611	-0.167481618450494
-1.335176877775662	-0.07685548124364827
-1.3194689145077132	-0.10244785893942232
-1.303760951239764	-0.19729028261724163
-1.2880529879718152	-5.44721183864397
-1.2723450247038661	-1.1705323837282253
-1.2566370614359172	-0.11671665233808974
-1.2409290981679684	-0.08950483313731537
-1.2252211349000193	-0.17951864038010967
-1.2095131716320704	-12.0560453631364
-1.1938052083641213	-5.734421864908049
-1.1780972450961724	-0.13117764882446176
-1.1623892818282235	-0.0729741077873222
-1.1466813185602744	-0.1051740644841167
-1.1309733552923256	-2.1712557599222193
-1.1152653920243765	-0.10564649486391417
-1.0995574287564276	-0.1245084551007443
-1.0838494654884787	-0.26083226490717154
-1.0681415022205296	-1.563727275220479
-1.0524335389525807	-10.922120293127708
-1.0367255756846316	-1.010333721039202
-1.0210176124166828	-0.20753725182339233
-1.0053096491487339	-0.11152637411302964
-0.9896016858807848	-0.0930200806404081
-0.9738937226128359	-0.15599458102385455
-0.9581857593448869	-0.15405237819096507
-0.9424777960769379	-0.1796287556702568
-0.926769832808989	-0.49679843267047324
-0.91106186954104	-11.753941800113
-0.8953539062730911	-2.428415770701281
-0.8796459430051421	-0.35256069056159023
-0.8639379797371931	-0.148378940609799
-0.8482300164692441	-0.10463922469025322
-0.8325220532012951	-0.1478790741770646
-0.8168140899333463	-5.532731788087398
-0.8011061266653973	-0.2015740194114394
-0.7853981633974483	-0.121933980844117
-0.7696902001294993	-0.4602882631686737
-0.7539822368615503	-4.572639009663861
-0.7382742735936014	-0.18030151236112033
-0.7225663103256524	-0.09257641951730464
-0.7068583470577035	-0.13462619124597996
-0.6911503837897545	-0.8651867360866593
-0.6754424205218055	-0.9738557979360309
-0.6597344572538566	-3.6482181648052463
-0.6440264939859076	-0.17262097800834
-0.6283185307179586	-0.09620535293821803
-0.6126105674500096	-0.518763044899048
-0.5969026041820606	-0.12471665308585271
-0.5811946409141118	-0.10499181203275026
-0.5654866776461628	-0.18052750224788516
-0.5497787143782138	-0.582503183519427
-0.5340707511102648	-38.33145116733885
-0.5183627878423158	-0.9645575557305002
-0.5026548245743669	-0.24818987646333482
-0.48694686130641796	-0.11536638508656372
-0.47123889803846897	-0.08328327040272093
-0.45553093477052	-0.1872823341323562
-0.43982297150257105	-0.0926531303413805
-0.42411500823462206	-0.13119039969595145
-0.4084070449666731	-0.2758582042411423
-0.39269908169872414	-1.316908675879894
-0.37699111843077515	-15.877991341198047
-0.3612831551628262	-0.5808176514925406
-0.34557519189487723	-0.21836251644838775
-0.3298672286269283	-0.1969702686750221
-0.3141592653589793	-0.702669463973096
-0.2984513020910303	-2.633747709634867
-0.2827433388230814	-0.2999556980442698
-0.2670353755551324	-0.10941354214232074
-0.25132741228718347	-0.1177068426518392
-0.23561944901923448	-0.5794821179664568
-0.21991148575128552	-0.4228580190344498
-0.20420352248333656	-0.15987023202189068
-0.18849555921538758	-0.23612638581453796
-0.17278759594743862	-0.6582679555004607
-0.15707963267948966	-9.880861495084602
-0.1413716694115407	-2.582916828731962
-0.12566370614359174	-0.4182071423491926
-0.10995574287564276	-0.163973767705
-0.09424777960769379	-0.08693007558978304
-0.07853981633974483	-0.14687224448802882
-0.06283185307179587	-0.03455272964239719
-0.047123889803846894	-0.021205386548082322
-0.031415926535897934	-0.012622058997900677
-0.015707963267948967	-0.0059275871301497736
0.0	-4.6101366303009536e-17
0.015707963267948967	0.005927587130149804
0.031415926535897934	0.012622058997900653
0.047123889803846894	0.021205386548082437
0.06283185307179587	0.03455272964239706
0.07853981633974483	0.1468722444880285
0.09424777960769379	0.0869300755897829
0.10995574287564276	0.16397376770499994
0.12566370614359174	0.41820714234919315
0.1413716694115407	2.5829168287319604
0.15707963267948966	9.880861495084615
0.17278759594743862	0.6582679555004609
0.18849555921538758	0.2361263858145379
0.20420352248333656	0.1598702320218902
0.21991148575128552	0.42285801903444775
0.23561944901923448	0.5794821179664562
0.25132741228718347	0.11770684265183975
0.2670353755551324	0.10941354214232162
0.2827433388230814	0.2999556980442721
0.2984513020910303	2.633747709634867
0.3141592653589793	0.7026694639730948
0.3298672286269283	0.1969702686750212
0.34557519189487723	0.2183625164483876
0.3612831551628262	0.580817651492539
0.37699111843077515	15.877991341198031
0.39269908169872414	1.316908675879898
0.4084070449666731	0.2758582042411416
0.42411500823462206	0.13119039969595134
0.43982297150257105	0.09265313034138133
0.45553093477052	0.18728233413235812
0.47123889803846897	0.08328327040272107
0.48694686130641796	0.1153663850865643
0.5026548245743669	0.24818987646333385
0.5183627878423158	0.9645575557304986
0.5340707511102648	38.33145116733902
0.5497787143782138	0.5825031835194281
0.5654866776461628	0.18052750224788683
0.5811946409141118	0.10499181203275071
0.5969026041820606	0.1247166530858543
0.6126105674500096	0.5187630448990492
0.6283185307179586	0.09620535293821929
0.6440264939859076	0.17262097800834075
0.6597344572538566	3.6482181648052583
0.6754424205218055	0.9738557979360404
0.6911503837897545	0.8651867360866602
0.7068583470577035	0.1346261912459807
0.7225663103256524	0.09257641951730729
0.7382742735936014	0.1803015123611228
0.7539822368615503	4.5726390096639085
0.7696902001294993	0.4602882631686843
0.7853981633974483	0.12193398084411773
0.8011061266653973	0.20157401941143915
0.8168140899333463	5.532731788087435
0.8325220532012951	0.14787907417706522
0.8482300164692441	0.10463922469025472
0.8639379797371931	0.1483789406097997
0.8796459430051421	0.35256069056159106
0.8953539062730911	2.428415770701312
0.91106186954104	11.75394180011358
0.926769832808989	0.49679843267048
0.9424777960769379	0.17962875567026532
0.9581857593448869	0.15405237819096562
0.9738937226128359	0.15599458102385658
0.9896016858807848	0.09302008064041259
1.0053096491487339	0.11152637411303269
1.0210176124166828	0.2075372518234002
1.0367255756846316	1.0103337210392298
1.0524335389525807	10.922120293128012
1.0681415022205296	1.5637272752205644
1.0838494654884787	0.2608322649071778
1.0995574287564276	0.12450845510074644
1.1152653920243765	0.10564649486391951
1.1309733552923256	2.171255759922327
1.1466813185602744	0.10517406448412052
1.1623892818282235	0.07297410778732427
1.1780972450961724	0.1311776488244656
1.1938052083641213	5.734421864908421
1.2095131716320704	12.056045363137263
1.2252211349000193	0.1795186403801228
1.2409290981679684	0.08950483313732085
1.2566370614359172	0.11671665233809345
1.2723450247038661	1.1705323837282742
1.2880529879718152	5.44721183864419
1.303760951239764	0.19729028261725484
1.3194689145077132	0.10244785893942905
1.335176877775662	0.076855481243651
1.350884841043611	0.1674816184504989
1.36659280431156	0.03915452234491412
1.382300767579509	0.03835922111467687
1.398008730847458	0.06065516774546751
1.413716694115407	0.4930927196742213
1.4294246573833558	1.193204926448892
1.4451326206513049	0.7629367345137744
1.4608405839192538	0.10851093511744533
1.4765485471872029	0.24717815594311968
1.4922565104551517	0.04112084618842087
1.5079644737231006	0.06170394744433042
1.5236724369910497	0.03734187327675882
1.5393804002589986	0.04838393107783273
1.5550883635269477	0.2651702820968449
1.5707963267948966	1.9508723660342977
1.5865042900628454	2.914088044856773
1.6022122533307945	0.09739308266152308
1.6179202165987434	0.035005670249312136
1.6336281798666925	0.029591131414063086
1.6493361431346414	0.06397084593889853
1.6650441064025903	3.0415330756686196
1.6807520696705394	0.03606213980259046
1.6964600329384882	0.04968239909571454
1.7121679962064373	0.32886661817113483
1.7278759594743862	0.4473054560868269
1.743583922742335	0.038473948116472284
1.7592918860102842	0.02606927542340483
1.774999849278233	0.03498437565366494
1.7907078125461822	0.1319762480867753
1.806415775814131	3.6233860064917596
1.82212373908208	0.22628884929399198
1.837831702350029	0.04266279971344033
1.853539665617978	0.040168405136435
1.869247628885927	0.5082667809767507
1.8849555921538759	0.042022958781766
1.9006635554218247	0.01825217241177702
1.9163715186897738	0.025547683780737053
1.9320794819577227	0.06791412477453046
1.9477874452256718	8.241027915090635
1.9634954084936207	2.3818796689258726
1.9792033717615696	0.07941821738526252
1.9949113350295187	0.026852488144563355
2.0106192982974678	0.035633636554403866
2.0263272615654166	0.017832599778025197
2.0420352248333655	0.036851457977840466
2.0577431881013144	0.011419441050366689
2.0734511513692633	0.017971769369250268
2.0891591146372126	0.07824168248647702
2.1048670779051615	0.2660782758465451
2.1205750411731104	0.09168671165801208
2.1362830044410592	0.016423920258062132
2.151990967709008	0.009827692058028628
2.1676989309769574	0.017499600008208296
2.1834068942449063	0.08478070330331607
2.199114857512855	0.031011188068349595
2.214822820780804	0.010358663004667309
2.230530784048753	0.7307123473588369
2.2462387473167023	0.03220777632719182
2.261946710584651	0.009780437459984968
2.2776546738526	0.0041727485829591736
2.293362637120549	0.004029383655846287
2.3090706003884978	0.007709393535649396
2.324778563656447	0.051512099736156045
2.340486526924396	1.7509560527810113
2.356194490192345	0.01197963793783555
2.3719024534602937	0.006747776282324616
2.3876104167282426	0.012565388718864937
2.403318379996192	0.003311927602211467
2.419026343264141	0.01311484023504637
2.4347343065320897	0.004038828949209836
2.4504422698000385	0.00913942606867683
2.4661502330679874	0.09784138796129159
2.4818581963359367	0.0798654573768258
2.4975661596038856	0.027066988005008497
2.5132741228718345	0.004271598346238773
2.5289820861397834	0.003522431042408078
2.5446900494077322	0.0024946373667021913
2.5603980126756816	0.002788014550715428
2.5761059759436304	0.0038589495862327555
2.5918139392115793	0.003804538398538956
2.607521902479528	0.030996609142859458
2.623229865747477	1.7623337405497324
2.6389378290154264	0.010084417616970504
2.6546457922833753	0.003015113001210107
2.670353755551324	0.0017947218392646198
2.686061718819273	0.0017767436733820855
2.701769682087222	0.028988540128190392
2.7174776453551712	0.004606148116681698
2.73318560862312	0.001448874769642477
2.748893571891069	0.001675934232773242
2.764601535159018	0.021227498542231153
2.7803094984269667	0.011850204075481095
2.796017461694916	0.0013752055005720575
2.811725424962865	0.0009677168039804523
2.827433388230814	0.001196483240873422
2.8431413514987627	0.004817915138072145
2.8588493147667116	0.007820488716828358
2.874557278034661	0.00506418520389389
2.8902652413026098	0.0007340481683262231
2.9059732045705586	0.001122924515802336
2.9216811678385075	0.0006731478942193115
2.9373891311064564	0.0005027347802049977
2.9530970943744057	0.0005007295059353999
2.9688050576423546	0.0006085754410308817
2.9845130209103035	0.003800298824465694
3.0002209841782523	0.013479180425522142
3.015928947446201	0.0017227149113846216
3.0316369107141505	0.0005996595204665943
3.0473448739820994	0.00044031905895447005
3.0630528372500483	0.00039885701860835554
3.078760800517997	0.0011058620256460838
3.094468763785946	0.0004001351483298349
3.1101767270538954	0.0004822102116827295
3.1258846903218442	0.0015763369874162254
3.141592653589793	0.003899704393320255
3.157300616857742	0.008312925311587324
3.173008580125691	0.0004231261952997528
3.18871654339364	0.0003198494340811654
3.204424506661589	0.00029591093455151124
3.220132469929538	0.000326018117821561
3.235840433197487	0.000995795373610191
3.2515483964654357	0.0002930093857118223
3.267256359733385	0.00033826956986352896
3.282964323001334	0.002868541035751616
3.2986722862692828	0.0004978478730954225
3.3143802495372316	0.00026509040828754244
3.3300882128051805	0.00023248882902915906
3.34579617607313	0.00022648965552276302
3.3615041393410787	0.0008445016255576236
3.3772121026090276	0.00030612614630442055
3.3929200658769765	0.00026227101397589256
3.4086280291449254	0.00020274012410093846
3.4243359924128747	0.00020703409874612517
3.4400439556808236	0.0011572298402948568
3.4557519189487724	0.0001924978623422819
3.4714598822167213	0.0001825192489967267
3.48716784548467	0.0001849419044917682
3.5028758087526195	0.00023547995302989683
3.5185837720205684	0.0009673932251670095
3.5342917352885173	0.0003263819949517802
3.549999698556466	0.00016954703726617396
3.565707661824415	0.0001598452229339862
3.5814156250923643	0.00015522032386755817
3.597123588360313	0.0001521881475815831
3.612831551628262	0.0001491154381864228
3.628539514896211	0.000147477598541404
3.64424747816416	0.00014937421699698337
3.659955441432109	0.00021200216626034418
3.675663404700058	0.00018471383156208908
3.691371367968007	0.00014122265913366414
3.707079331235956	0.0001352034807474816
3.7227872945039047	0.0001321213857332419
3.738495257771854	0.00013335744550712245
3.754203221039803	0.00012807127103625342
3.7699111843077517	0.0001251365396203314
3.7856191475757006	0.00012316782940434743
3.8013271108436495	0.00012198181021163274
3.817035074111599	0.00020240420194505676
3.8327430373795477	0.00011887562925927335
3.8484510006474966	0.00011578759211450275
3.8641589639154454	0.00011396427828787122
3.8798669271833943	0.00011297598276152637
3.8955748904513436	0.0003691274016732588
3.9112828537192925	0.00010961779699810131
3.9269908169872414	0.00010723886471257077
3.9426987802551903	0.00010553341483752046
3.958406743523139	0.00010395961756114343
3.9741147067910885	0.00010244944769944369
3.9898226700590373	0.00010098740369526567
4.005530633326986	9.957505525528001e-5
4.0212385965949355	9.82500853271051e-5
4.036946559862884	9.755320541013587e-5
4.052654523130833	9.838582863697163e-5
4.068362486398782	9.42864539854945e-5
4.084070449666731	9.286455233769283e-5
4.09977841293468	9.15681069174471e-5
4.115486376202629	9.031676643462235e-5
4.131194339470578	8.90964650118447e-5
4.146902302738527	8.790305556968e-5
4.162610266006476	8.673572291413241e-5
4.178318229274425	8.560072237204656e-5
4.194026192542374	8.475134630664286e-5
4.209734155810323	8.342371983682778e-5
4.225442119078272	8.228105469850038e-5
4.241150082346221	8.121072589843182e-5
4.25685804561417	8.016483749482893e-5
4.2725660088821185	7.913919220976606e-5
4.288273972150067	7.81325280355536e-5
4.303981935418016	7.714413540318185e-5
4.319689898685965	7.617347078856204e-5
4.335397861953915	7.522005967267357e-5
4.351105825221864	7.428346471300132e-5
4.366813788489813	7.336327308604756e-5
4.3825217517577615	7.245909060618879e-5
4.39822971502571	7.157053859745709e-5
4.413937678293659	7.069725201622523e-5
4.429645641561608	6.983887819877236e-5
4.445353604829557	6.899507594821419e-5
4.461061568097506	6.816551482022135e-5
4.476769531365456	6.734987453360418e-5
4.4924774946334045	6.654784446448639e-5
4.508185457901353	6.57591231998234e-5
4.523893421169302	6.49834181352028e-5
4.539601384437251	6.422044510725618e-5
4.5553093477052	6.346992805409725e-5
4.571017310973149	6.273159869916027e-5
4.586725274241098	6.200519625510439e-5
4.602433237509047	6.129046714523575e-5
4.6181412007769955	6.0587164740464286e-5
4.633849164044944	5.989504911024322e-5
4.649557127312894	5.921388678618308e-5
4.665265090580843	5.854345053727555e-5
4.680973053848792	5.7883519155820406e-5
4.696681017116741	5.723387725323867e-5
4.71238898038469	5.659431506512244e-5
4.7280969436526386	5.5964628264871695e-5
4.743804906920587	5.5344617785407375e-5
4.759512870188536	5.47340896484346e-5
4.775220833456485	5.413285480084846e-5
4.790928796724435	5.354072895786059e-5
4.806636759992384	5.295753245244881e-5
4.822344723260333	5.238309009085622e-5
4.838052686528282	5.181723101375475e-5
4.8537606497962305	5.1259788562819215e-5
4.869468613064179	5.0710600152427735e-5
4.885176576332128	5.016950714625282e-5
4.900884539600077	4.9636354738471274e-5
4.916592502868026	4.911099183942101e-5
4.932300466135975	4.859327096544596e-5
4.948008429403924	4.8083048132783505e-5
4.9637163926718735	4.758018275526686e-5
4.979424355939822	4.708453754571177e-5
4.995132319207771	4.659597842078989e-5
5.01084028247572	4.611437440926001e-5
5.026548245743669	4.563959756339595e-5
5.042256209011618	4.517152287348936e-5
5.057964172279567	4.4710028185289806e-5
5.073672135547516	4.425499412024808e-5
5.0893800988154645	4.3806303998467994e-5
5.105088062083414	4.336384376424909e-5
5.120796025351363	4.292750191409868e-5
5.136503988619312	4.2497169427135824e-5
5.152211951887261	4.207273969778251e-5
5.16791991515521	4.165410847064435e-5
5.183627878423159	4.1241173777516e-5
5.1993358416911075	4.083383587639859e-5
5.215043804959056	4.043199719248551e-5
5.230751768227005	4.003556226101071e-5
5.246459731494954	3.9644437671908666e-5
5.262167694762903	3.925853201621077e-5
5.277875658030853	3.8877755834116826e-5
5.293583621298802	3.850202156466949e-5
5.3092915845667505	3.8131243496984265e-5
5.324999547834699	3.776533772298127e-5
5.340707511102648	3.7404222091539674e-5
5.356415474370597	3.704781616405625e-5
5.372123437638546	3.6696041171339025e-5
5.387831400906495	3.634881997178604e-5
5.403539364174444	3.600607701081435e-5
5.419247327442394	3.566773828148989e-5
5.4349552907103424	3.533373128632021e-5
5.450663253978291	3.5003985000156563e-5
5.46637121724624	3.4678429834192506e-5
5.482079180514189	3.435699760099004e-5
5.497787143782138	3.4039621480527885e-5
5.513495107050087	3.372623598721963e-5
5.529203070318036	3.341677693786274e-5
5.544911033585985	3.3111181420519885e-5
5.5606189968539335	3.280938776425814e-5
5.576326960121882	3.251133550975367e-5
5.592034923389832	3.221696538071287e-5
5.607742886657781	3.192621925608538e-5
5.62345084992573	3.163904014305953e-5
5.639158813193679	3.135537215079057e-5
5.654866776461628	3.107516046485669e-5
5.6705747397295765	3.079835132240967e-5
5.686282702997525	3.052489198800481e-5
5.701990666265474	3.0254730730081633e-5
5.717698629533423	2.9987816798082745e-5
5.733406592801373	2.9724100400179417e-5
5.749114556069322	2.946353268160337e-5
5.764822519337271	2.9206065703537627e-5
5.7805304826052195	2.895165242258763e-5
5.796238445873168	2.8700246670773837e-5
5.811946409141117	2.8451803136062306e-5
5.827654372409066	2.820627734339493e-5
5.843362335677015	2.7963625636223285e-5
5.859070298944964	2.772380515850876e-5
5.874778262212913	2.7486773837195515e-5
5.890486225480862	2.7252490365133592e-5
5.906194188748811	2.7020914184433146e-5
5.92190215201676	2.6792005470247495e-5
5.937610115284709	2.6565725114964503e-5
5.953318078552658	2.634203471280216e-5
5.969026041820607	2.6120896544784725e-5
5.984734005088556	2.5902273564103103e-5
6.000441968356505	2.5686129381830354e-5
6.0161499316244536	2.547242825300689e-5
6.031857894892402	2.5261135063056023e-5
6.047565858160352	2.5052215314541976e-5
6.063273821428301	2.4845635114253324e-5
6.07898178469625	2.4641361160596984e-5
6.094689747964199	2.4439360731310722e-5
6.110397711232148	2.4239601671458627e-5
6.126105674500097	2.4042052381730245e-5
6.1418136377680455	2.38466818070167e-5
6.157521601035994	2.3653459425257754e-5
6.173229564303943	2.346235523656406e-5
6.188937527571892	2.327333975258936e-5
6.204645490839841	2.3086383986160846e-5
6.220353454107791	2.2901459441156337e-5
6.23606141737574	2.271853810260947e-5
6.2517693806436885	2.2537592427062398e-5
6.267477343911637	2.2358595333134344e-5
6.283185307179586	2.2181520192310054e-5
6.298893270447535	2.2006340819947428e-5
6.314601233715484	2.1833031466489542e-5
6.330309196983433	2.1661566808877772e-5
6.346017160251382	2.1491921942172177e-5
6.3617251235193315	2.1324072371346957e-5
6.37743308678728	2.115799400328945e-5
6.393141050055229	2.0993663138972554e-5
6.408849013323178	2.083105646580279e-5
6.424556976591127	2.0670151050153343e-5
6.440264939859076	2.0510924330047953e-5
6.455972903127025	2.0353354108022777e-5
6.471680866394974	2.0197418544140884e-5
6.4873888296629225	2.004309614916527e-5
6.503096792930871	1.9890365777882193e-5
6.51880475619882	1.973920662257308e-5
6.53451271946677	1.9589598206628725e-5
6.550220682734719	1.944152037830835e-5
6.565928646002668	1.929495330462959e-5
6.581636609270617	1.9149877465395803e-5
6.5973445725385655	1.9006273647352547e-5
6.613052535806514	1.886412293846999e-5
6.628760499074463	1.8723406722352656e-5
6.644468462342412	1.85841066727639e-5
6.660176425610361	1.8446204748270868e-5
6.675884388878311	1.8309683187007082e-5
6.69159235214626	1.8174524501542695e-5
6.707300315414209	1.8040711473865384e-5
6.7230082786821574	1.790822715046924e-5
6.738716241950106	1.7777054837545352e-5
6.754424205218055	1.7647178096273578e-5
6.770132168486004	1.7518580738218054e-5
6.785840131753953	1.7391246820812686e-5
6.801548095021902	1.7265160642945284e-5
6.817256058289851	1.7140306740631974e-5
6.8329640215578	1.701666988278263e-5
6.848671984825749	1.6894235067053795e-5
6.864379948093698	1.6772987515784773e-5
6.880087911361647	1.665291267202242e-5
6.895795874629596	1.653399619562153e-5
6.911503837897545	1.6416223959430123e-5
6.927211801165494	1.629958204554951e-5
6.942919764433443	1.6184056741672595e-5
6.9586277277013915	1.60696345374925e-5
6.97433569096934	1.5956302121189836e-5
6.99004365423729	1.5844046375984937e-5
7.005751617505239	1.5732854376764928e-5
7.021459580773188	1.5622713386771718e-5
7.037167544041137	1.5513610854363164e-5
7.052875507309086	1.5405534409834418e-5
7.0685834705770345	1.5298471862302305e-5
7.084291433844983	1.5192411196655332e-5
7.099999397112932	1.508734057056031e-5
7.115707360380881	1.4983248311528391e-5
7.13141532364883	1.4880122914038956e-5
7.147123286916779	1.4777953036722903e-5
7.162831250184729	1.4676727499595958e-5
7.1785392134526775	1.457643528134909e-5
7.194247176720626	1.4477065516691766e-5
7.209955139988575	1.4378607493743366e-5
7.225663103256524	1.4281050651479626e-5
7.241371066524473	1.4184384577225998e-5
7.257079029792422	1.4088599004197155e-5
7.272786993060371	1.3993683809088214e-5
7.28849495632832	1.3899629009706882e-5
7.304202919596269	1.3806424762657293e-5
7.319910882864218	1.3714061361059083e-5
7.335618846132167	1.3622529232317388e-5
7.351326809400116	1.3531818935934058e-5
7.367034772668065	1.3441921161352414e-5
7.382742735936014	1.3352826725854562e-5
7.398450699203963	1.3264526572487923e-5
7.414158662471912	1.3177011768038017e-5
7.4298666257398605	1.3090273501030761e-5
7.445574589007809	1.3004303079782145e-5
7.461282552275758	1.2919091930475555e-5
7.476990515543708	1.2834631595278928e-5
7.492698478811657	1.2750913730496065e-5
7.508406442079606	1.2667930104749507e-5
7.524114405347555	1.2585672597202528e-5
7.5398223686155035	1.2504133195806565e-5
7.555530331883452	1.2423303995586341e-5
7.571238295151401	1.2343177196953005e-5
7.58694625841935	1.2263745104049787e-5
7.602654221687299	1.2185000123125783e-5
7.618362184955249	1.2106934760941571e-5
7.634070148223198	1.2029541623200426e-5
7.6497781114911465	1.1952813413012473e-5
7.665486074759095	1.1876742929379977e-5
7.681194038027044	1.1801323065716995e-5
7.696902001294993	1.1726546808388642e-5
7.712609964562942	1.165240723528082e-5
7.728317927830891	1.1578897514395095e-5
7.74402589109884	1.1506010902466482e-5
7.759733854366789	1.1433740743605814e-5
7.7754418176347375	1.1362080467968212e-5
7.791149780902687	1.129102359044367e-5
7.806857744170636	1.1220563709370237e-5
7.822565707438585	1.115069450526947e-5
7.838273670706534	1.1081409739606474e-5
7.853981633974483	1.1012703253568326e-5
7.869689597242432	1.094456896686488e-5
7.8853975605103805	1.0877000876552338e-5
7.901105523778329	1.0809993055873428e-5
7.916813487046278	1.0743539653121576e-5
7.932521450314228	1.067763489052156e-5
7.948229413582177	1.0612273063130241e-5
7.963937376850126	1.0547448537757958e-5
7.979645340118075	1.0483155751905337e-5
7.995353303386024	1.041938921272034e-5
8.011061266653972	1.035614349597235e-5
8.026769229921921	1.0293413245044884e-5
8.042477193189871	1.0231193169941737e-5
8.058185156457819	1.0169478046316093e-5
8.073893119725769	1.010826271450826e-5
8.089601082993717	1.0047542078608173e-5
8.105309046261667	9.987311105524815e-6
8.121017009529615	9.927564824078562e-6
8.136724972797564	9.868298324104644e-6
8.152432936065512	9.809506755572316e-6
8.168140899333462	9.751185327720001e-6
8.183848862601412	9.693329308202945e-6
8.19955682586936	9.635934022256018e-6
8.21526478913731	9.578994851868953e-6
8.230972752405258	9.522507234979421e-6
8.246680715673207	9.46646666467265e-6
8.262388678941155	9.410868688400235e-6
8.278096642209105	9.355708907208654e-6
8.293804605477053	9.300982974979971e-6
8.309512568745003	9.246686597688276e-6
8.325220532012953	9.19281553266371e-6
8.3409284952809	9.139365587871413e-6
8.35663645854885	9.086332621201445e-6
8.372344421816798	9.033712539771267e-6
8.388052385084748	8.981501299235303e-6
8.403760348352696	8.92969490311172e-6
8.419468311620646	8.878289402114568e-6
8.435176274888594	8.827280893500934e-6
8.450884238156544	8.776665520424762e-6
8.466592201424492	8.72643947130443e-6
8.482300164692441	8.67659897919598e-6
8.498008127960391	8.627140321182065e-6
8.51371609122834	8.578059817765951e-6
8.529424054496289	8.529353832276744e-6
8.545132017764237	8.48101877028445e-6
8.560839981032187	8.433051079022121e-6
8.576547944300135	8.385447246821289e-6
8.592255907568084	8.338203802551367e-6
8.607963870836032	8.291317315070464e-6
8.623671834103982	8.244784392685312e-6
8.63937979737193	8.198601682617995e-6
8.65508776063988	8.15276587048112e-6
8.67079572390783	8.107273679762753e-6
8.686503687175778	8.062121871316981e-6
8.702211650443727	8.01730724286498e-6
8.717919613711675	7.972826628500357e-6
8.733627576979625	7.928676898206678e-6
8.749335540247573	7.884854957376914e-6
8.765043503515523	7.841357746345383e-6
8.780751466783471	7.798182239923627e-6
8.79645943005142	7.75532544694447e-6
8.81216739331937	7.712784409812483e-6
8.827875356587318	7.670556204062856e-6
8.843583319855268	7.6286379379240655e-6
8.859291283123216	7.587026751890533e-6
8.874999246391166	7.545719818298654e-6
8.890707209659114	7.5047143409115915e-6
8.906415172927064	7.464007554508833e-6
8.922123136195012	7.423596724482814e-6
8.937831099462962	7.383479146439996e-6
8.953539062730911	7.343652145811638e-6
8.96924702599886	7.304113077464565e-6
8.984954989266809	7.264859325323155e-6
9.000662952534757	7.225888301994521e-6
9.016370915802707	7.187197448398939e-6
9.032078879070655	7.148784233405988e-6
9.047786842338605	7.110646153477834e-6
9.063494805606553	7.072780732314516e-6
9.079202768874502	7.035185520507599e-6
9.09491073214245	6.997858095196638e-6
9.1106186954104	6.960796059732345e-6
9.12632665867835	6.9239970433432055e-6
9.142034621946298	6.887458700808393e-6
9.157742585214248	6.8511787121337715e-6
9.173450548482196	6.815154782234568e-6
9.189158511750145	6.779384640621269e-6
9.204866475018093	6.743866041090259e-6
9.220574438286043	6.7085967614188705e-6
9.236282401553991	6.673574603065602e-6
9.25199036482194	6.638797390874101e-6
9.267698328089889	6.60426297278099e-6
9.283406291357839	6.569969219528488e-6
9.299114254625788	6.535914024381496e-6
9.314822217893736	6.50209530284727e-6
9.330530181161686	6.468510992399982e-6
9.346238144429634	6.43515905221067e-6
9.361946107697584	6.402037462877853e-6
9.377654070965532	6.369144226165248e-6
9.393362034233482	6.336477364739477e-6
9.40906999750143	6.304034921916026e-6
9.42477796076938	6.271814961405397e-6
9.44048592403733	6.2398155670630525e-6
9.456193887305277	6.208034842644775e-6
9.471901850573227	6.176470911564312e-6
9.487609813841175	6.145121916653393e-6
9.503317777109125	6.113986019927147e-6
9.519025740377073	6.083061402351716e-6
9.534733703645022	6.0523462636143075e-6
9.55044166691297	6.021838821898473e-6
9.56614963018092	5.99153731366028e-6
9.58185759344887	5.9614399934090575e-6
9.597565556716818	5.931545133491332e-6
9.613273519984768	5.901851023875841e-6
9.628981483252716	5.872355971944003e-6
9.644689446520665	5.843058302281843e-6
9.660397409788613	5.81395635647382e-6
9.676105373056563	5.7850484929025185e-6
9.691813336324511	5.756333086548412e-6
9.707521299592461	5.727808528792285e-6
9.723229262860409	5.699473227222498e-6
9.738937226128359	5.6713256054427185e-6
9.754645189396308	5.643364102884061e-6
9.770353152664256	5.615587174617616e-6
9.786061115932206	5.587993291172042e-6
9.801769079200154	5.560580938351294e-6
9.817477042468104	5.533348617055935e-6
9.833185005736052	5.506294843108096e-6
9.848892969004002	5.479418147074867e-6
9.86460093227195	5.452717074099018e-6
9.8803088955399	5.426190183728302e-6
9.896016858807847	5.399836049749197e-6
9.911724822075797	5.373653260020474e-6
9.927432785343747	5.347640416312218e-6
9.943140748611695	5.321796134144237e-6
9.958848711879645	5.296119042627766e-6
9.974556675147593	5.2706077843094875e-6
9.990264638415542	5.24526101501657e-6
10.00597260168349	5.220077403705416e-6
10.02168056495144	5.195055632310259e-6
10.037388528219388	5.170194395595672e-6
10.053096491487338	5.1454924010105625e-6
10.068804454755288	5.12094836854245e-6
10.084512418023236	5.0965610305760924e-6
10.100220381291185	5.072329131752898e-6
10.115928344559133	5.048251428830975e-6
10.131636307827083	5.02432669054916e-6
10.147344271095031	5.000553697491556e-6
10.163052234362981	4.976931241953923e-6
10.178760197630929	4.953458127811248e-6
10.194468160898879	4.930133170389273e-6
10.210176124166829	4.9069551963345216e-6
10.225884087434777	4.883923043488299e-6
10.241592050702726	4.861035560761658e-6
10.257300013970674	4.838291608011756e-6
10.273007977238624	4.815690055919726e-6
10.288715940506572	4.793229785870584e-6
10.304423903774522	4.770909689834124e-6
10.32013186704247	4.748728670248029e-6
10.33583983031042	4.726685639901747e-6
10.351547793578368	4.7047795218219895e-6
10.367255756846317	4.683009249160574e-6
10.382963720114267	4.661373765081334e-6
10.398671683382215	4.639872022652334e-6
10.414379646650165	4.618502984735591e-6
10.430087609918113	4.597265623879448e-6
10.445795573186063	4.576158922214447e-6
10.46150353645401	4.555181871346501e-6
10.47721149972196	4.5343334722559905e-6
10.492919462989908	4.513612735193198e-6
10.508627426257858	4.493018679578871e-6
10.524335389525806	4.472550333905187e-6
10.540043352793756	4.452206735636859e-6
10.555751316061706	4.431986931113541e-6
10.571459279329654	4.41188997545515e-6
10.587167242597603	4.39191493246642e-6
10.602875205865551	4.372060874544006e-6
10.618583169133501	4.352326882583676e-6
10.634291132401449	4.332712045888969e-6
10.649999095669399	4.313215462082077e-6
10.665707058937347	4.2938362370137155e-6
10.681415022205297	4.274573484676058e-6
10.697122985473246	4.2554263271158955e-6
10.712830948741194	4.236393894348335e-6
10.728538912009144	4.217475324272575e-6
10.744246875277092	4.198669762588698e-6
10.759954838545042	4.1799763627139245e-6
10.77566280181299	4.16139428570169e-6
10.79137076508094	4.142922700161184e-6
10.807078728348888	4.124560782177442e-6
10.822786691616837	4.106307715232169e-6
10.838494654884787	4.088162690126931e-6
10.854202618152735	4.070124904905739e-6
10.869910581420685	4.052193564778958e-6
10.885618544688633	4.0343678820494125e-6
10.901326507956583	4.016647076036854e-6
10.91703447122453	3.999030373005867e-6
10.93274243449248	3.981517006092735e-6
10.948450397760428	3.9641062152353685e-6
10.964158361028378	3.946797247100889e-6
10.979866324296326	3.9295893550173016e-6
10.995574287564276	3.912481798903672e-6
11.011282250832226	3.895473845202367e-6
11.026990214100174	3.878564766812419e-6
11.042698177368123	3.861753843021567e-6
11.058406140636071	3.845040359441978e-6
11.074114103904021	3.828423607944334e-6
11.08982206717197	3.81190288659396e-6
11.105530030439919	3.795477499587396e-6
11.121237993707867	3.7791467571902928e-6
11.136945956975817	3.7629099756740475e-6
11.152653920243765	3.746766477256571e-6
11.168361883511714	3.730715590039397e-6
11.184069846779664	3.71475664795002e-6
11.199777810047612	3.698888990681838e-6
11.215485773315562	3.683111963635837e-6
11.23119373658351	3.6674249178622515e-6
11.24690169985146	3.6518272100048892e-6
11.262609663119408	3.6363182022437862e-6
11.278317626387357	3.6208972622389848e-6
11.294025589655305	3.605563763076952e-6
11.309733552923255	3.590317083214425e-6
11.325441516191205	3.5751566064257887e-6
11.341149479459153	3.560081721749236e-6
11.356857442727103	3.5450918234342003e-6
11.37256540599505	3.530186310889842e-6
11.388273369263	3.515364588632471e-6
11.403981332530948	3.500626066236388e-6
11.419689295798898	3.4859701582819782e-6
11.435397259066846	3.4713962843074077e-6
11.451105222334796	3.4569038687582062e-6
11.466813185602746	3.4424923409399726e-6
11.482521148870694	3.4281611349692224e-6
11.498229112138644	3.4139096897270625e-6
11.513937075406592	3.3997374488112663e-6
11.529645038674541	3.3856438604904047e-6
11.54535300194249	3.371628377657901e-6
11.561060965210439	3.357690457786461e-6
11.576768928478387	3.3438295628839034e-6
11.592476891746337	3.3300451594473794e-6
11.608184855014285	3.316336718421407e-6
11.623892818282235	3.302703715153049e-6
11.639600781550184	3.2891456293495796e-6
11.655308744818132	3.275661945036478e-6
11.671016708086082	3.2622521505143967e-6
11.68672467135403	3.2489157383190706e-6
11.70243263462198	3.2356522051792817e-6
11.718140597889928	3.222461051976817e-6
11.733848561157878	3.209341783706245e-6
11.749556524425826	3.1962939094352564e-6
11.765264487693775	3.1833169422658997e-6
11.780972450961723	3.1704103992944336e-6
11.796680414229673	3.1575738015749526e-6
11.812388377497623	3.1448066740797975e-6
11.82809634076557	3.1321085456632455e-6
11.84380430403352	3.1194789490233194e-6
11.859512267301469	3.106917420665763e-6
11.875220230569418	3.0944235008678756e-6
11.890928193837366	3.081996733642301e-6
11.906636157105316	3.0696366667011896e-6
11.922344120373264	3.0573428514222934e-6
11.938052083641214	3.045114842812498e-6
11.953760046909164	3.032952199475132e-6
11.969468010177112	3.020854483574702e-6
11.985175973445061	3.0088212608042175e-6
12.00088393671301	2.99685210035125e-6
12.01659189998096	2.9849465748654967e-6
12.032299863248907	2.973104260425977e-6
12.048007826516857	2.9613247365089883e-6
12.063715789784805	2.949607585956259e-6
12.079423753052755	2.9379523949432e-6
12.095131716320704	2.926358752948332e-6
12.110839679588652	2.9148262527215674e-6
12.126547642856602	2.9033544902546256e-6
12.14225560612455	2.891943064750148e-6
12.1579635693925	2.8805915785924506e-6
12.173671532660448	2.8692996373174494e-6
12.189379495928398	2.858066849583611e-6
12.205087459196346	2.8468928271434282e-6
12.220795422464295	2.8357771848142835e-6
12.236503385732243	2.8247195404503674e-6
12.252211349000193	2.8137195149146945e-6
12.267919312268143	2.8027767320514424e-6
12.283627275536091	2.791890818658363e-6
12.29933523880404	2.7810614044598446e-6
12.315043202071989	2.7702881220800043e-6
12.330751165339938	2.759570607016014e-6
12.346459128607886	2.748908497612196e-6
12.362167091875836	2.738301435033677e-6
12.377875055143784	2.7277490632403464e-6
12.393583018411734	2.717251028962441e-6
12.409290981679682	2.7068069816743906e-6
12.424998944947632	2.6964165735700286e-6
12.440706908215581	2.686079459538395e-6
12.45641487148353	2.6757952971387762e-6
12.47212283475148	2.665563746576928e-6
12.487830798019427	2.655384470680987e-6
12.503538761287377	2.6452571348777384e-6
12.519246724555325	2.6351814071692653e-6
12.534954687823275	2.6251569581101357e-6
12.550662651091223	2.6151834607836153e-6
12.566370614359172	2.605260590779834e-6
