-12.566370614359172	-4.667202329128888e-6
-12.550662651091223	-4.685176532391352e-6
-12.534954687823275	-4.703243723838227e-6
-12.519246724555325	-4.721404509347749e-6
-12.503538761287377	-4.739659499570888e-6
-12.487830798019427	-4.758009309976817e-6
-12.47212283475148	-4.776454560896208e-6
-12.45641487148353	-4.7949958775671995e-6
-12.440706908215581	-4.813633890180697e-6
-12.424998944947632	-4.832369233926877e-6
-12.409290981679682	-4.851202549041439e-6
-12.393583018411734	-4.870134480852414e-6
-12.377875055143784	-4.889165679829027e-6
-12.362167091875836	-4.908296801628311e-6
-12.346459128607886	-4.927528507144976e-6
-12.330751165339938	-4.946861462559983e-6
-12.315043202071989	-4.96629633938999e-6
-12.29933523880404	-4.985833814538775e-6
-12.283627275536091	-5.005474570346551e-6
-12.267919312268143	-5.025219294642457e-6
-12.252211349000193	-5.045068680795819e-6
-12.236503385732243	-5.0650234277690536e-6
-12.220795422464295	-5.085084240170537e-6
-12.205087459196346	-5.105251828308213e-6
-12.189379495928398	-5.125526908243632e-6
-12.173671532660448	-5.145910201847135e-6
-12.1579635693925	-5.1664024368529056e-6
-12.14225560612455	-5.187004346915963e-6
-12.126547642856602	-5.207716671666561e-6
-12.110839679588652	-5.2285401567702295e-6
-12.095131716320704	-5.24947555398395e-6
-12.079423753052755	-5.270523621214693e-6
-12.063715789784805	-5.29168512257966e-6
-12.048007826516857	-5.312960828464739e-6
-12.032299863248907	-5.334351515586461e-6
-12.01659189998096	-5.355857967052131e-6
-12.00088393671301	-5.377480972421846e-6
-11.985175973445061	-5.3992213277714716e-6
-11.969468010177112	-5.421079835755311e-6
-11.953760046909164	-5.443057305670845e-6
-11.938052083641214	-5.4651545535225655e-6
-11.922344120373264	-5.4873724020879184e-6
-11.906636157105316	-5.509711680982872e-6
-11.890928193837366	-5.53217322672968e-6
-11.875220230569418	-5.554757882824052e-6
-11.859512267301469	-5.5774664998030805e-6
-11.84380430403352	-5.600299935314769e-6
-11.82809634076557	-5.623259054188552e-6
-11.812388377497623	-5.6463447285051096e-6
-11.796680414229673	-5.6695578376688225e-6
-11.780972450961723	-5.692899268478846e-6
-11.765264487693775	-5.716369915203772e-6
-11.749556524425826	-5.739970679654676e-6
-11.733848561157878	-5.763702471260403e-6
-11.718140597889928	-5.787566207142876e-6
-11.70243263462198	-5.8115628121943955e-6
-11.68672467135403	-5.8356932191540464e-6
-11.671016708086082	-5.8599583686873736e-6
-11.655308744818132	-5.884359209464527e-6
-11.639600781550184	-5.90889669824075e-6
-11.623892818282235	-5.933571799938039e-6
-11.608184855014285	-5.958385487726108e-6
-11.592476891746337	-5.983338743106588e-6
-11.576768928478387	-6.00843255599616e-6
-11.561060965210439	-6.033667924811349e-6
-11.54535300194249	-6.05904585655516e-6
-11.529645038674541	-6.084567366903829e-6
-11.513937075406592	-6.110233480293915e-6
-11.498229112138644	-6.136045230012305e-6
-11.482521148870694	-6.162003658285465e-6
-11.466813185602746	-6.188109816371207e-6
-11.451105222334796	-6.214364764650065e-6
-11.435397259066846	-6.24076957271935e-6
-11.419689295798898	-6.267325319486344e-6
-11.403981332530948	-6.29403309326472e-6
-11.388273369263	-6.320893991870251e-6
-11.37256540599505	-6.347909122719621e-6
-11.356857442727103	-6.375079602928146e-6
-11.341149479459153	-6.402406559410374e-6
-11.325441516191205	-6.42989112898094e-6
-11.309733552923255	-6.4575344584577195e-6
-11.294025589655305	-6.4853377047644014e-6
-11.278317626387357	-6.513302035036017e-6
-11.262609663119408	-6.5414286267255685e-6
-11.24690169985146	-6.5697186677099915e-6
-11.23119373658351	-6.598173356399924e-6
-11.215485773315562	-6.6267939018501945e-6
-11.199777810047612	-6.6555815238691365e-6
-11.184069846779664	-6.684537453133699e-6
-11.168361883511714	-6.713662931301893e-6
-11.152653920243765	-6.742959211128596e-6
-11.136945956975817	-6.7724275565826386e-6
-11.121237993707867	-6.802069242964312e-6
-11.105530030439919	-6.831885557026042e-6
-11.08982206717197	-6.861877797093032e-6
-11.074114103904021	-6.8920472731854275e-6
-11.058406140636071	-6.922395307143077e-6
-11.042698177368123	-6.952923232750909e-6
-11.026990214100174	-6.983632395866498e-6
-11.011282250832226	-7.01452415454745e-6
-10.995574287564276	-7.045599879183747e-6
-10.979866324296326	-7.076860952627605e-6
-10.964158361028378	-7.108308770328965e-6
-10.948450397760428	-7.139944740469e-6
-10.93274243449248	-7.171770284098172e-6
-10.91703447122453	-7.203786835273643e-6
-10.901326507956583	-7.2359958412014375e-6
-10.885618544688633	-7.268398762376485e-6
-10.869910581420685	-7.3009970727272214e-6
-10.854202618152735	-7.333792259761716e-6
-10.838494654884787	-7.366785824714396e-6
-10.822786691616837	-7.3999792826954804e-6
-10.807078728348888	-7.4333741628425826e-6
-10.79137076508094	-7.466972008472846e-6
-10.77566280181299	-7.500774377239103e-6
-10.759954838545042	-7.534782841285554e-6
-10.744246875277092	-7.5689989874078215e-6
-10.728538912009144	-7.6034244172133505e-6
-10.712830948741194	-7.63806074728388e-6
-10.697122985473246	-7.672909609341787e-6
-10.681415022205297	-7.707972650415953e-6
-10.665707058937347	-7.743251533012198e-6
-10.649999095669399	-7.778747935283297e-6
-10.634291132401449	-7.814463551203812e-6
-10.618583169133501	-7.850400090745374e-6
-10.602875205865551	-7.886559280055152e-6
-10.587167242597603	-7.922942861636125e-6
-10.571459279329654	-7.959552594529948e-6
-10.555751316061706	-7.99639025450084e-6
-10.540043352793756	-8.033457634225537e-6
-10.524335389525806	-8.070756543481032e-6
-10.508627426257858	-8.108288809337305e-6
-10.492919462989908	-8.146056276352962e-6
-10.47721149972196	-8.184060806772513e-6
-10.46150353645401	-8.222304280725445e-6
-10.445795573186063	-8.260788596429936e-6
-10.430087609918113	-8.299515670397816e-6
-10.414379646650165	-8.338487437641703e-6
-10.398671683382215	-8.37770585188653e-6
-10.382963720114267	-8.41717288578279e-6
-10.367255756846317	-8.456890531122863e-6
-10.351547793578368	-8.496860799059868e-6
-10.33583983031042	-8.53708572032952e-6
-10.32013186704247	-8.577567345476166e-6
-10.304423903774522	-8.618307745079165e-6
-10.288715940506572	-8.659309009985031e-6
-10.273007977238624	-8.700573251540842e-6
-10.257300013970674	-8.742102601831882e-6
-10.241592050702726	-8.783899213921376e-6
-10.225884087434777	-8.825965262095325e-6
-10.210176124166829	-8.868302942107091e-6
-10.194468160898879	-8.910914471429854e-6
-10.178760197630929	-8.953802089508878e-6
-10.163052234362981	-8.996968058018483e-6
-10.147344271095031	-9.040414661122943e-6
-10.131636307827083	-9.084144205740637e-6
-10.115928344559133	-9.128159021810781e-6
-10.100220381291185	-9.17246146256413e-6
-10.084512418023236	-9.217053904799744e-6
-10.068804454755288	-9.261938749162267e-6
-10.053096491487338	-9.307118420424317e-6
-10.037388528219388	-9.35259536777303e-6
-10.02168056495144	-9.398372065100135e-6
-10.00597260168349	-9.444451011296441e-6
-9.990264638415542	-9.490834730550183e-6
-9.974556675147593	-9.537525772648162e-6
-9.958848711879645	-9.584526713284479e-6
-9.943140748611695	-9.631840154368969e-6
-9.927432785343747	-9.67946872434409e-6
-9.911724822075797	-9.727415078503612e-6
-9.896016858807847	-9.775681899315932e-6
-9.8803088955399	-9.824271896754592e-6
-9.86460093227195	-9.87318780862897e-6
-9.848892969004002	-9.922432400923214e-6
-9.833185005736052	-9.972008468138463e-6
-9.817477042468104	-1.002191883364108e-5
-9.801769079200154	-1.0072166350012218e-5
-9.786061115932206	-1.0122753899407898e-5
-9.770353152664256	-1.0173684393919869e-5
-9.754645189396308	-1.022496077594182e-5
-9.738937226128359	-1.0276586018544874e-5
-9.723229262860409	-1.0328563125852125e-5
-9.707521299592461	-1.0380895133424126e-5
-9.691813336324511	-1.0433585108646668e-5
-9.676105373056563	-1.048663615112487e-5
-9.660397409788613	-1.054005139308422e-5
-9.644689446520665	-1.0593833999774979e-5
-9.628981483252716	-1.0647987169883908e-5
-9.613273519984768	-1.0702514135952049e-5
-9.597565556716818	-1.0757418164798948e-5
-9.58185759344887	-1.0812702557949452e-5
-9.56614963018092	-1.0868370652074224e-5
-9.55044166691297	-1.0924425819426787e-5
-9.534733703645022	-1.0980871468295784e-5
-9.519025740377073	-1.1037711043458744e-5
-9.503317777109125	-1.1094948026643798e-5
-9.487609813841175	-1.1152585936999162e-5
-9.471901850573227	-1.1210628331567089e-5
-9.456193887305277	-1.1269078805768157e-5
-9.44048592403733	-1.132794099388941e-5
-9.42477796076938	-1.1387218569581508e-5
-9.40906999750143	-1.144691524636435e-5
-9.393362034233482	-1.1507034778136637e-5
-9.377654070965532	-1.156758095969593e-5
-9.361946107697584	-1.1628557627266158e-5
-9.346238144429634	-1.168996865903191e-5
-9.330530181161686	-1.1751817975681834e-5
-9.314822217893736	-1.1814109540959083e-5
-9.299114254625788	-1.1876847362220788e-5
-9.283406291357839	-1.1940035491006146e-5
-9.267698328089889	-1.2003678023612258e-5
-9.25199036482194	-1.2067779101679257e-5
-9.236282401553991	-1.2132342912784146e-5
-9.220574438286043	-1.2197373691044323e-5
-9.204866475018093	-1.2262875717728002e-5
-9.189158511750145	-1.2328853321877378e-5
-9.173450548482196	-1.2395310880937791e-5
-9.157742585214248	-1.2462252821400854e-5
-9.142034621946298	-1.2529683619451212e-5
-9.12632665867835	-1.2597607801630338e-5
-9.1106186954104	-1.2666029945504264e-5
-9.09491073214245	-1.2734954680346935e-5
-9.079202768874502	-1.2804386687829465e-5
-9.063494805606553	-1.2874330702723195e-5
-9.047786842338605	-1.2944791513613768e-5
-9.032078879070655	-1.3015773963623022e-5
-9.016370915802707	-1.308728295114757e-5
-9.000662952534757	-1.3159323430601412e-5
-8.984954989266809	-1.3231900413178885e-5
-8.96924702599886	-1.3305018967623105e-5
-8.953539062730911	-1.3378684221009328e-5
-8.937831099462962	-1.3452901359538761e-5
-8.922123136195012	-1.3527675629348113e-5
-8.906415172927064	-1.3603012337329417e-5
-8.890707209659114	-1.3678916851962314e-5
-8.874999246391166	-1.3755394604163101e-5
-8.859291283123216	-1.3832451088142595e-5
-8.843583319855268	-1.3910091862281535e-5
-8.827875356587318	-1.398832255001857e-5
-8.81216739331937	-1.4067148840752192e-5
-8.79645943005142	-1.4146576490758408e-5
-8.780751466783471	-1.4226611324121139e-5
-8.765043503515523	-1.4307259233678547e-5
-8.749335540247573	-1.438852618198774e-5
-8.733627576979625	-1.4470418202300291e-5
-8.717919613711675	-1.4552941399555985e-5
-8.702211650443727	-1.4636101951392661e-5
-8.686503687175778	-1.4719906109173303e-5
-8.67079572390783	-1.480436019902817e-5
-8.65508776063988	-1.4889470622917741e-5
-8.63937979737193	-1.4975243859704992e-5
-8.623671834103982	-1.5061686466257399e-5
-8.607963870836032	-1.514880507855658e-5
-8.592255907568084	-1.5236606412831889e-5
-8.576547944300135	-1.5325097266710653e-5
-8.560839981032187	-1.5414284520389655e-5
-8.545132017764237	-1.5504175137822067e-5
-8.529424054496289	-1.5594776167932935e-5
-8.51371609122834	-1.5686094745841376e-5
-8.498008127960391	-1.577813809411807e-5
-8.482300164692441	-1.5870913524052606e-5
-8.466592201424492	-1.596442843694903e-5
-8.450884238156544	-1.6058690325440194e-5
-8.435176274888594	-1.6153706774826147e-5
-8.419468311620646	-1.624948546443315e-5
-8.403760348352696	-1.6346034168997387e-5
-8.388052385084748	-1.6443360760073692e-5
-8.372344421816798	-1.654147320746485e-5
-8.35663645854885	-1.664037958067971e-5
-8.3409284952809	-1.6740088050412372e-5
-8.325220532012953	-1.684060689004936e-5
-8.309512568745003	-1.6941944477202487e-5
-8.293804605477053	-1.7044109295269126e-5
-8.278096642209105	-1.7147109935016765e-5
-8.262388678941155	-1.7250955096200373e-5
-8.246680715673207	-1.735565358920078e-5
-8.230972752405258	-1.7461214336699103e-5
-8.21526478913731	-1.7567646375375143e-5
-8.19955682586936	-1.767495885764011e-5
-8.183848862601412	-1.778316105339699e-5
-8.168140899333462	-1.7892262351833462e-5
-8.152432936065512	-1.8002272263242755e-5
-8.136724972797564	-1.8113200420887454e-5
-8.121017009529615	-1.8225056582880785e-5
-8.105309046261667	-1.833785063411736e-5
-8.089601082993717	-1.8451592588228592e-5
-8.073893119725769	-1.8566292589574918e-5
-8.058185156457819	-1.8681960915278093e-5
-8.042477193189871	-1.8798607977285038e-5
-8.026769229921921	-1.8916244324472336e-5
-8.011061266653972	-1.903488064478889e-5
-7.995353303386024	-1.9154527767435145e-5
-7.979645340118075	-1.9275196665083938e-5
-7.963937376850126	-1.939689845614393e-5
-7.948229413582177	-1.9519644407062542e-5
-7.932521450314228	-1.9643445934666744e-5
-7.916813487046278	-1.976831460855858e-5
-7.901105523778329	-1.9894262153541974e-5
-7.8853975605103805	-2.0021300452106808e-5
-7.869689597242432	-2.0149441546948584e-5
-7.853981633974483	-2.027869764354154e-5
-7.838273670706534	-2.0409081112758434e-5
-7.822565707438585	-2.0540604493539087e-5
-7.806857744170636	-2.0673280495610347e-5
-7.791149780902687	-2.080712200225507e-5
-7.7754418176347375	-2.0942142073134545e-5
-7.759733854366789	-2.1078353947167735e-5
-7.74402589109884	-2.1215771045459277e-5
-7.728317927830891	-2.1354406974287226e-5
-7.712609964562942	-2.149427552814855e-5
-7.696902001294993	-2.1635390692862775e-5
-7.681194038027044	-2.177776664872958e-5
-7.665486074759095	-2.192141777375731e-5
-7.6497781114911465	-2.2066358646947744e-5
-7.634070148223198	-2.2212604051642212e-5
-7.618362184955249	-2.236016897894145e-5
-7.602654221687299	-2.250906863118467e-5
-7.58694625841935	-2.265931842549878e-5
-7.571238295151401	-2.281093399741831e-5
-7.555530331883452	-2.2963931204576265e-5
-7.5398223686155035	-2.311832613046977e-5
-7.524114405347555	-2.3274135088292506e-5
-7.508406442079606	-2.3431374624854934e-5
-7.492698478811657	-2.3590061524574334e-5
-7.476990515543708	-2.3750212813545938e-5
-7.461282552275758	-2.3911845763699908e-5
-7.445574589007809	-2.407497789703584e-5
-7.4298666257398605	-2.4239626989944114e-5
-7.414158662471912	-2.440581107762058e-5
-7.398450699203963	-2.4573548458563345e-5
-7.382742735936014	-2.474285769916485e-5
-7.367034772668065	-2.4913757638395997e-5
-7.351326809400116	-2.5086267392585362e-5
-7.335618846132167	-2.5260406360302895e-5
-7.319910882864218	-2.5436194227336117e-5
-7.304202919596269	-2.5613650971771042e-5
-7.28849495632832	-2.5792796869184404e-5
-7.272786993060371	-2.5973652497933733e-5
-7.257079029792422	-2.61562387445681e-5
-7.241371066524473	-2.634057680934344e-5
-7.225663103256524	-2.6526688211861512e-5
-7.209955139988575	-2.6714594796818134e-5
-7.194247176720626	-2.6904318739881807e-5
-7.1785392134526775	-2.7095882553694738e-5
-7.162831250184729	-2.728930909399423e-5
-7.147123286916779	-2.7484621565874887e-5
-7.13141532364883	-2.768184353017924e-5
-7.115707360380881	-2.7880998910025057e-5
-7.099999397112932	-2.80821119974775e-5
-7.084291433844983	-2.8285207460357075e-5
-7.0685834705770345	-2.849031034920748e-5
-7.052875507309086	-2.8697446104401832e-5
-7.037167544041137	-2.8906640563416187e-5
-7.021459580773188	-2.9117919968249413e-5
-7.005751617505239	-2.933131097301793e-5
-6.99004365423729	-2.9546840651711574e-5
-6.97433569096934	-2.9764536506123742e-5
-6.9586277277013915	-2.9984426473950687e-5
-6.942919764433443	-3.020653893708063e-5
-6.927211801165494	-3.0430902730064117e-5
-6.911503837897545	-3.065754714877305e-5
-6.895795874629596	-3.08865019592518e-5
-6.880087911361647	-3.1117797406780296e-5
-6.864379948093698	-3.1351464225124255e-5
-6.848671984825749	-3.1587533646012e-5
-6.8329640215578	-3.182603740881719e-5
-6.817256058289851	-3.206700777046841e-5
-6.801548095021902	-3.231047751558366e-5
-6.785840131753953	-3.255647996684215e-5
-6.770132168486004	-3.2805048995591e-5
-6.754424205218055	-3.3056219032701796e-5
-6.738716241950106	-3.331002507968051e-5
-6.7230082786821574	-3.356650272003458e-5
-6.707300315414209	-3.382568813090873e-5
-6.69159235214626	-3.408761809499714e-5
-6.675884388878311	-3.435233001273017e-5
-6.660176425610361	-3.461986191476528e-5
-6.644468462342412	-3.489025247475245e-5
-6.628760499074463	-3.5163541022426365e-5
-6.613052535806514	-3.543976755700976e-5
-6.5973445725385655	-3.571897276092366e-5
-6.581636609270617	-3.6001198013847835e-5
-6.565928646002668	-3.628648540711906e-5
-6.550220682734719	-3.6574877758468034e-5
-6.53451271946677	-3.686641862713644e-5
-6.51880475619882	-3.716115232935111e-5
-6.503096792930871	-3.7459123954184524e-5
-6.4873888296629225	-3.776037937980915e-5
-6.471680866394974	-3.806496529015797e-5
-6.455972903127025	-3.837292919199519e-5
-6.440264939859076	-3.868431943242355e-5
-6.424556976591127	-3.8999185216821e-5
-6.408849013323178	-3.931757662724568e-5
-6.393141050055229	-3.96395446412928e-5
-6.37743308678728	-3.996514115144677e-5
-6.3617251235193315	-4.029441898491561e-5
-6.346017160251382	-4.062743192398792e-5
-6.330309196983433	-4.09642347269028e-5
-6.314601233715484	-4.130488314927427e-5
-6.298893270447535	-4.1649433966063104e-5
-6.283185307179586	-4.199794499412669e-5
-6.267477343911637	-4.2350475115368746e-5
-6.2517693806436885	-4.270708430048561e-5
-6.23606141737574	-4.306783363335428e-5
-6.220353454107791	-4.3432785336063115e-5
-6.204645490839841	-4.3802002794618715e-5
-6.188937527571892	-4.417555058533894e-5
-6.173229564303943	-4.4553494501952216e-5
-6.157521601035994	-4.493590158345146e-5
-6.1418136377680455	-4.532284014268093e-5
-6.126105674500097	-4.5714379795728446e-5
-6.110397711232148	-4.61105914921152e-5
-6.094689747964199	-4.6511547545819776e-5
-6.07898178469625	-4.6917321667166744e-5
-6.063273821428301	-4.73279889956091e-5
-6.047565858160352	-4.774362613341762e-5
-6.031857894892402	-4.8164311180338836e-5
-6.0161499316244536	-4.85901237692187e-5
-6.000441968356505	-4.902114510265029e-5
-5.984734005088556	-4.945745799066793e-5
-5.969026041820607	-4.989914688952318e-5
-5.953318078552658	-5.03462979415916e-5
-5.937610115284709	-5.079899901643766e-5
-5.92190215201676	-5.125733975306935e-5
-5.906194188748811	-5.172141160345764e-5
-5.890486225480862	-5.2191307877326486e-5
-5.874778262212913	-5.266712378828263e-5
-5.859070298944964	-5.3148956501327294e-5
-5.843362335677015	-5.363690518179584e-5
-5.827654372409066	-5.4131071045786185e-5
-5.811946409141117	-5.463155741212117e-5
-5.796238445873168	-5.513846975590282e-5
-5.7805304826052195	-5.5651915763731075e-5
-5.764822519337271	-5.6172005390630776e-5
-5.749114556069322	-5.669885091877963e-5
-5.733406592801373	-5.723256701806073e-5
-5.717698629533423	-5.7773270808574876e-5
-5.701990666265474	-5.8321081925130463e-5
-5.686282702997525	-5.887612258384091e-5
-5.6705747397295765	-5.9438517650868794e-5
-5.654866776461628	-6.0008394713470444e-5
-5.639158813193679	-6.0585884153357966e-5
-5.62345084992573	-6.117111922256338e-5
-5.607742886657781	-6.17642361218645e-5
-5.592034923389832	-6.236537408190836e-5
-5.576326960121882	-6.297467544717772e-5
-5.5606189968539335	-6.359228576291618e-5
-5.544911033585985	-6.42183538651828e-5
-5.529203070318036	-6.485303197421621e-5
-5.513495107050087	-6.549647579129963e-5
-5.497787143782138	-6.614884459931534e-5
-5.482079180514189	-6.681030136729504e-5
-5.46637121724624	-6.748101285919068e-5
-5.450663253978291	-6.816114974727175e-5
-5.4349552907103424	-6.88508867304871e-5
-5.419247327442394	-6.955040265834567e-5
-5.403539364174444	-7.02598806608898e-5
-5.387831400906495	-7.097950828554099e-5
-5.372123437638546	-7.170947764182205e-5
-5.356415474370597	-7.244998555525948e-5
-5.340707511102648	-7.320123373222453e-5
-5.324999547834699	-7.396342893810054e-5
-5.3092915845667505	-7.473678319223356e-5
-5.293583621298802	-7.552151398444794e-5
-5.277875658030853	-7.631784452028837e-5
-5.262167694762903	-7.712600400577891e-5
-5.246459731494954	-7.794622798819885e-5
-5.230751768227005	-7.877875877928422e-5
-5.215043804959056	-7.962384600390259e-5
-5.1993358416911075	-8.048174734706579e-5
-5.183627878423159	-8.13527296273761e-5
-5.16791991515521	-8.22370704315757e-5
-5.152211951887261	-8.313506076249417e-5
-5.136503988619312	-8.404700962403576e-5
-5.120796025351363	-8.497325256610573e-5
-5.105088062083414	-8.591416901435284e-5
-5.0893800988154645	-8.687022119697559e-5
-5.073672135547516	-8.78420537632513e-5
-5.057964172279567	-8.883079821894289e-5
-5.042256209011618	-8.983928257062504e-5
-5.026548245743669	-9.087954086149815e-5
-5.01084028247572	-9.210873057952932e-5
-4.995132319207771	-9.364022514214738e-5
-4.979424355939822	-9.407474519969814e-5
-4.9637163926718735	-9.521285893041042e-5
-4.948008429403924	-0.00010322288564902865
-4.932300466135975	-9.75121220473015e-5
-4.916592502868026	-9.848647137640765e-5
-4.900884539600077	-9.961856085626727e-5
-4.885176576332128	-0.00010078808285160456
-4.869468613064179	-0.00010198277459676877
-4.8537606497962305	-0.00010320022528546588
-4.838052686528282	-0.00010444014587590303
-4.822344723260333	-0.00010570309382427428
-4.806636759992384	-0.00010699045647079056
-4.790928796724435	-0.00010830551861681098
-4.775220833456485	-0.0001096588397376625
-4.759512870188536	-0.00011111153457408004
-4.743804906920587	-0.00011495879199241247
-4.7280969436526386	-0.00011425404603437737
-4.71238898038469	-0.00011529605349312563
-4.696681017116741	-0.0001168647535911511
-4.680973053848792	-0.00012468143592032089
-4.665265090580843	-0.00011975175466376415
-4.649557127312894	-0.00012121852502019826
-4.633849164044944	-0.000122826686818815
-4.6181412007769955	-0.00012489462969377983
-4.602433237509047	-0.00012861450905552303
-4.586725274241098	-0.00012902590430463357
-4.571017310973149	-0.0001294165993230783
-4.5553093477052	-0.00013109257440632502
-4.539601384437251	-0.00013326604141542634
-4.523893421169302	-0.00013506451495008925
-4.508185457901353	-0.00013645972946575336
-4.4924774946334045	-0.00013831962586989207
-4.476769531365456	-0.00014029622841871828
-4.461061568097506	-0.00015341468977128237
-4.445353604829557	-0.00014460020968797162
-4.429645641561608	-0.00014762845128571286
-4.413937678293659	-0.00015778430503653515
-4.39822971502571	-0.0001695723248391563
-4.3825217517577615	-0.00016403820271083881
-4.366813788489813	-0.0001562941959878094
-4.351105825221864	-0.00016145039429623295
-4.335397861953915	-0.00016234741571024793
-4.319689898685965	-0.00016206603326448306
-4.303981935418016	-0.00016436806460617764
-4.288273972150067	-0.00016760376293135134
-4.2725660088821185	-0.0003353673288845675
-4.25685804561417	-0.00018290386957151283
-4.241150082346221	-0.00017510565384378096
-4.225442119078272	-0.000178419810401584
-4.209734155810323	-0.00018811009221854724
-4.194026192542374	-0.00045192461235296817
-4.178318229274425	-0.00019987959291111273
-4.162610266006476	-0.00019073935844534425
-4.146902302738527	-0.00019437620265658047
-4.131194339470578	-0.0006119204212354418
-4.115486376202629	-0.00036699150714024776
-4.09977841293468	-0.00020501119944731983
-4.084070449666731	-0.0002112773169552859
-4.068362486398782	-0.000438423995434204
-4.052654523130833	-0.0002292398113715382
-4.036946559862884	-0.0002287082159771843
-4.0212385965949355	-0.00023335637553250976
-4.005530633326986	-0.00026354274533453066
-3.9898226700590373	-0.0007063609293693514
-3.9741147067910885	-0.00041899469233967
-3.958406743523139	-0.0003712248569973333
-3.9426987802551903	-0.00031641684115933286
-3.9269908169872414	-0.00047884012262140984
-3.9112828537192925	-0.0008861726580779379
-3.8955748904513436	-0.0012695779354967413
-3.8798669271833943	-0.00041723322788945127
-3.8641589639154454	-0.0004037239831679606
-3.8484510006474966	-0.00032234365649772765
-3.8327430373795477	-0.0003267050334385795
-3.817035074111599	-0.000290003066398865
-3.8013271108436495	-0.00029699207934355467
-3.7856191475757006	-0.00031842783800468526
-3.7699111843077517	-0.0003379853795251109
-3.754203221039803	-0.0039519335742692055
-3.738495257771854	-0.003391966247207849
-3.7227872945039047	-0.0011999345615822333
-3.707079331235956	-0.0004208401439525137
-3.691371367968007	-0.00037519556680316537
-3.675663404700058	-0.0005790146654528488
-3.659955441432109	-0.0004339571865171437
-3.64424747816416	-0.0003799937566748775
-3.628539514896211	-0.00043583566244952344
-3.612831551628262	-0.0006951324571490085
-3.597123588360313	-0.0009234996097182817
-3.5814156250923643	-0.0012942665354307356
-3.565707661824415	-0.0018121634972881706
-3.549999698556466	-0.0005931936773502542
-3.5342917352885173	-0.0007986747783649467
-3.5185837720205684	-0.005978665049535052
-3.5028758087526195	-0.0018016420415751394
-3.48716784548467	-0.00073169309623311
-3.4714598822167213	-0.0015730077534151152
-3.4557519189487724	-0.0008765746802575387
-3.4400439556808236	-0.0008803040609578486
-3.4243359924128747	-0.0009089973251819255
-3.4086280291449254	-0.0007358395832944103
-3.3929200658769765	-0.0010655606087255536
-3.3772121026090276	-0.057424853749482724
-3.3615041393410787	-0.0026655620030282
-3.34579617607313	-0.015372316350310946
-3.3300882128051805	-0.0047573287113077106
-3.3143802495372316	-0.0014628676152558138
-3.2986722862692828	-0.002111519119100957
-3.282964323001334	-0.014140866261097248
-3.267256359733385	-0.002398770952360514
-3.2515483964654357	-0.0767876268371306
-3.235840433197487	-0.07360643259846529
-3.220132469929538	-0.0032418159478847172
-3.204424506661589	-0.11020539412824285
-3.18871654339364	-0.023794580706391337
-3.173008580125691	-0.002079838084769048
-3.157300616857742	-0.0029177715761388367
-3.141592653589793	-0.002669965805195222
-3.1258846903218442	-0.011588158130024598
-3.1101767270538954	-0.00316957752187627
-3.094468763785946	-0.00149458157973382
-3.078760800517997	-0.003510732223341235
-3.0630528372500483	-0.007567353070167027
-3.0473448739820994	-0.004075018848364252
-3.0316369107141505	-0.0038858480276001257
-3.015928947446201	-0.009809577946263193
-3.0002209841782523	-0.006149037322311277
-2.9845130209103035	-0.003818223420865263
-2.9688050576423546	-0.05549561317480931
-2.9530970943744057	-0.007832114802452703
-2.9373891311064564	-0.031777839790875846
-2.9216811678385075	-0.004162907311482412
-2.9059732045705586	-0.022898523500743295
-2.8902652413026098	-0.0165504593727628
-2.874557278034661	-0.011710701084843672
-2.8588493147667116	-0.012625620314856423
-2.8431413514987627	-0.009538475465783972
-2.827433388230814	-0.013969120475846197
-2.811725424962865	-0.034104053693493515
-2.796017461694916	-0.300430704476757
-2.7803094984269667	-1.2827775312561818
-2.764601535159018	-0.05636506269948387
-2.748893571891069	-0.04822524901118346
-2.73318560862312	-0.049223348505838836
-2.7174776453551712	-0.01396760321984645
-2.701769682087222	-0.031142148490325188
-2.686061718819273	-0.03580172025903425
-2.670353755551324	-0.1715770522659262
-2.6546457922833753	-29.185005299658105
-2.6389378290154264	-0.24051887270043462
-2.623229865747477	-0.038599517323404865
-2.607521902479528	-0.09462159753811436
-2.5918139392115793	-0.11577563357621534
-2.5761059759436304	-0.1712757718762071
-2.5603980126756816	-0.3016613372106373
-2.5446900494077322	-0.0319745074973535
-2.5289820861397834	-0.015297260955472984
-2.5132741228718345	-0.020364173970140592
-2.4975661596038856	-1.4248652116342844
-2.4818581963359367	-0.03421058386091442
-2.4661502330679874	-0.24452857993082205
-2.4504422698000385	-0.16096036940255615
-2.4347343065320897	-0.03246929919400578
-2.419026343264141	-0.06300339259725017
-2.403318379996192	-0.197293158007597
-2.3876104167282426	-0.1404010589971506
-2.3719024534602937	-0.3873307068166042
-2.356194490192345	-0.012401315689935655
-2.340486526924396	-0.013299551506041975
-2.324778563656447	-0.557903975161998
-2.3090706003884978	-0.03681598056153484
-2.293362637120549	-0.11465974642653162
-2.2776546738526	-0.5352374139584394
-2.261946710584651	-0.019747628223200097
-2.2462387473167023	-0.07889236047724096
-2.230530784048753	-1.2654039091744802
-2.214822820780804	-0.04658993889852254
-2.199114857512855	-0.026428543300739748
-2.1834068942449063	-0.15582813882400812
-2.1676989309769574	-0.9765493821183372
-2.151990967709008	-0.15794228750097375
-2.1362830044410592	-0.04623985560799953
-2.1205750411731104	-0.04357570667559805
-2.1048670779051615	-0.03773436852664048
-2.0891591146372126	-0.2384055022437813
-2.0734511513692633	-0.11306987063876035
-2.0577431881013144	-0.6599688287411191
-2.0420352248333655	-2.1340420868584977
-2.0263272615654166	-0.39243714369625443
-2.0106192982974678	-0.2783698719973812
-1.9949113350295187	-0.13449455872289723
-1.9792033717615696	-0.13915719569159107
-1.9634954084936207	-4.011757973742142
-1.9477874452256718	-0.6094330927239473
-1.9320794819577227	-7.471445998969066
-1.9163715186897738	-1.5429874804814894
-1.9006635554218247	-0.5321049259350489
-1.8849555921538759	-0.36452777422512533
-1.869247628885927	-0.9494277033936421
-1.853539665617978	-10.649876009926492
-1.837831702350029	-0.40312164800142003
-1.82212373908208	-0.810188409917421
-1.806415775814131	-0.12490659821874538
-1.7907078125461822	-0.1368224749465485
-1.774999849278233	-0.28499847348977997
-1.7592918860102842	-29.214529149339707
-1.743583922742335	-0.32728998878248805
-1.7278759594743862	-0.2156943345779603
-1.7121679962064373	-0.11335743071291426
-1.6964600329384882	-0.32503149003309767
-1.6807520696705394	-0.3138191197618685
-1.6650441064025903	-0.12973595269503416
-1.6493361431346414	-0.08198308727180686
-1.6336281798666925	-0.07453071645851586
-1.6179202165987434	-0.053796768477461634
-1.6022122533307945	-0.030065162906038348
-1.5865042900628454	-0.19976841021503366
-1.5707963267948966	-0.053585131934319206
-1.5550883635269477	-0.09160581551236532
-1.5393804002589986	-0.3744571755246493
-1.5236724369910497	-0.8153765351982065
-1.5079644737231006	-0.16057105869911237
-1.4922565104551517	-0.13799519212777797
-1.4765485471872029	-0.5755515099707341
-1.4608405839192538	-0.22344634218434986
-1.4451326206513049	-0.559398205783719
-1.4294246573833558	-1.3822878718999898
-1.413716694115407	-164.73211536300562
-1.398008730847458	-1.428869399577817
-1.382300767579509	-0.5348140843194608
-1.36659280431156	-1.134678355036262
-1.350884841043611	-0.9141019472117189
-1.335176877775662	-0.5037155491781934
-1.3194689145077132	-0.9306642159931132
-1.303760951239764	-1.6664412455913822
-1.2880529879718152	-3.9938464574245325
-1.2723450247038661	-0.6012497699549864
-1.2566370614359172	-2.0296002370422994
-1.2409290981679684	-3.358083553268546
-1.2252211349000193	-0.6600338498679681
-1.2095131716320704	-0.3180275400771486
-1.1938052083641213	-0.3624108250644297
-1.1780972450961724	-0.46929047166064597
-1.1623892818282235	-11.462366402463994
-1.1466813185602744	-0.5726894429332453
-1.1309733552923256	-0.15952582837582333
-1.1152653920243765	-0.14312196527267923
-1.0995574287564276	-0.059155271459512375
-1.0838494654884787	-0.09664618821975138
-1.0681415022205296	-0.39211859864487153
-1.0524335389525807	-0.03611360645188014
-1.0367255756846316	-0.07787158966908465
-1.0210176124166828	-0.09023340057418179
-1.0053096491487339	-0.047446866719598114
-0.9896016858807848	-0.07097305403172456
-0.9738937226128359	-0.10967692992617338
-0.9581857593448869	-0.3144523049021375
-0.9424777960769379	-0.023738003590924227
-0.926769832808989	-0.04963663063281669
-0.91106186954104	-0.030692571495761475
-0.8953539062730911	-0.08805231771850974
-0.8796459430051421	-0.05774485101431772
-0.8639379797371931	-1.6295084363304786
-0.8482300164692441	-2.144067215390154
-0.8325220532012951	-0.11110923590355423
-0.8168140899333463	-0.07345767154250922
-0.8011061266653973	-0.48366891720371896
-0.7853981633974483	-0.45420656486935407
-0.7696902001294993	-0.34506447988950045
-0.7539822368615503	-1.6795275408921209
-0.7382742735936014	-18.287585454123693
-0.7225663103256524	-2.2567885996710833
-0.7068583470577035	-1.2688813784324673
-0.6911503837897545	-0.6701556685357647
-0.6754424205218055	-0.6565282531696066
-0.6597344572538566	-0.25098230903580815
-0.6440264939859076	-3.5874230562149125
-0.6283185307179586	-0.3253147042308867
-0.6126105674500096	-2.3661402328946695
-0.5969026041820606	-1.0247962032622484
-0.5811946409141118	-0.9367979325143292
-0.5654866776461628	-50.52376776762374
-0.5497787143782138	-1.1519249878049254
-0.5340707511102648	-0.39348825579161795
-0.5183627878423158	-0.11563622914912422
-0.5026548245743669	-0.0570829899639081
-0.48694686130641796	-0.05130957090237738
-0.47123889803846897	-0.7756110659680676
-0.45553093477052	-2.3449871575328554
-0.43982297150257105	-0.07851848647547459
-0.42411500823462206	-0.03950349531935813
-0.4084070449666731	-0.024325681751499614
-0.39269908169872414	-0.01799857233058213
-0.37699111843077515	-0.023429869379711452
-0.3612831551628262	-0.018551115281329234
-0.34557519189487723	-0.01402225494552553
-0.3298672286269283	-0.022617526902432433
-0.3141592653589793	-0.010838019025307667
-0.2984513020910303	-0.007058508708843021
-0.2827433388230814	-0.020733865723566242
-0.2670353755551324	-0.018757192664303205
-0.25132741228718347	-0.007069291121926048
-0.23561944901923448	-0.035736482658383376
-0.21991148575128552	-0.08660624424851995
-0.20420352248333656	-0.016317958689546646
-0.18849555921538758	-0.05793488103812286
-0.17278759594743862	-2.8964241750795554
-0.15707963267948966	-0.05119553961205113
-0.1413716694115407	-0.010338345211268543
-0.12566370614359174	-0.009516349354681918
-0.10995574287564276	-0.04788857024670776
-0.09424777960769379	-0.009860544385717214
-0.07853981633974483	-0.004302854601405014
-0.06283185307179587	-0.026627915923386262
-0.047123889803846894	-0.0013108411851708557
-0.031415926535897934	-0.035998105501913555
-0.015707963267948967	-0.0006037805277998914
0.0	-9.2238213243091e-18
0.015707963267948967	0.0006037805277998921
0.031415926535897934	0.03599810550191386
0.047123889803846894	0.0013108411851708577
0.06283185307179587	0.026627915923386605
0.07853981633974483	0.00430285460140511
0.09424777960769379	0.009860544385717401
0.10995574287564276	0.04788857024670829
0.12566370614359174	0.009516349354681883
0.1413716694115407	0.010338345211268616
0.15707963267948966	0.051195539612051075
0.17278759594743862	2.896424175079393
0.18849555921538758	0.05793488103812303
0.20420352248333656	0.016317958689546854
0.21991148575128552	0.08660624424852023
0.23561944901923448	0.0357364826583832
0.25132741228718347	0.007069291121926107
0.2670353755551324	0.018757192664302237
0.2827433388230814	0.02073386572356683
0.2984513020910303	0.007058508708843046
0.3141592653589793	0.010838019025307764
0.3298672286269283	0.022617526902434536
0.34557519189487723	0.014022254945525526
0.3612831551628262	0.01855111528132971
0.37699111843077515	0.023429869379711595
0.39269908169872414	0.017998572330582233
0.4084070449666731	0.024325681751499725
0.42411500823462206	0.039503495319357866
0.43982297150257105	0.07851848647547473
0.45553093477052	2.3449871575328496
0.47123889803846897	0.7756110659680717
0.48694686130641796	0.05130957090237703
0.5026548245743669	0.057082989963908155
0.5183627878423158	0.11563622914912286
0.5340707511102648	0.3934882557916244
0.5497787143782138	1.1519249878049318
0.5654866776461628	50.52376776762377
0.5811946409141118	0.9367979325143296
0.5969026041820606	1.0247962032622568
0.6126105674500096	2.3661402328946703
0.6283185307179586	0.3253147042308886
0.6440264939859076	3.587423056214701
0.6597344572538566	0.25098230903581054
0.6754424205218055	0.6565282531696061
0.6911503837897545	0.6701556685357651
0.7068583470577035	1.2688813784324606
0.7225663103256524	2.256788599671029
0.7382742735936014	18.28758545412371
0.7539822368615503	1.6795275408921286
0.7696902001294993	0.3450644798895005
0.7853981633974483	0.45420656486935596
0.8011061266653973	0.4836689172037338
0.8168140899333463	0.07345767154250767
0.8325220532012951	0.11110923590355347
0.8482300164692441	2.144067215389973
0.8639379797371931	1.6295084363304768
0.8796459430051421	0.05774485101431838
0.8953539062730911	0.08805231771851332
0.91106186954104	0.03069257149576236
0.926769832808989	0.049636630632816786
0.9424777960769379	0.02373800359092426
0.9581857593448869	0.31445230490217
0.9738937226128359	0.10967692992616952
0.9896016858807848	0.0709730540317272
1.0053096491487339	0.04744686671959879
1.0210176124166828	0.09023340057418099
1.0367255756846316	0.07787158966908538
1.0524335389525807	0.03611360645187996
1.0681415022205296	0.39211859864488624
1.0838494654884787	0.09664618821975406
1.0995574287564276	0.059155271459512854
1.1152653920243765	0.14312196527267843
1.1309733552923256	0.15952582837582327
1.1466813185602744	0.5726894429332504
1.1623892818282235	11.46236640246404
1.1780972450961724	0.4692904716606438
1.1938052083641213	0.3624108250644284
1.2095131716320704	0.31802754007713846
1.2252211349000193	0.6600338498679684
1.2409290981679684	3.3580835532685542
1.2566370614359172	2.0296002370422954
1.2723450247038661	0.6012497699549876
1.2880529879718152	3.9938464574245436
1.303760951239764	1.6664412455913797
1.3194689145077132	0.930664215993119
1.335176877775662	0.5037155491782086
1.350884841043611	0.9141019472117227
1.36659280431156	1.1346783550362527
1.382300767579509	0.53481408431948
1.398008730847458	1.428869399577818
1.413716694115407	164.7321153630054
1.4294246573833558	1.3822878718999958
1.4451326206513049	0.5593982057836697
1.4608405839192538	0.2234463421843477
1.4765485471872029	0.5755515099707529
1.4922565104551517	0.1379951921277775
1.5079644737231006	0.16057105869911448
1.5236724369910497	0.8153765351982064
1.5393804002589986	0.374457175524646
1.5550883635269477	0.09160581551236614
1.5707963267948966	0.05358513193431887
1.5865042900628454	0.19976841021503278
1.6022122533307945	0.03006516290603849
1.6179202165987434	0.05379676847746265
1.6336281798666925	0.07453071645851701
1.6493361431346414	0.08198308727180684
1.6650441064025903	0.12973595269503632
1.6807520696705394	0.31381911976188875
1.6964600329384882	0.32503149003312853
1.7121679962064373	0.11335743071291444
1.7278759594743862	0.21569433457796186
1.743583922742335	0.3272899887824951
1.7592918860102842	29.214529149340724
1.774999849278233	0.2849984734897827
1.7907078125461822	0.13682247494654864
1.806415775814131	0.1249065982187495
1.82212373908208	0.8101884099174321
1.837831702350029	0.40312164800142436
1.853539665617978	10.649876009926745
1.869247628885927	0.9494277033936421
1.8849555921538759	0.36452777422513016
1.9006635554218247	0.5321049259350566
1.9163715186897738	1.5429874804814983
1.9320794819577227	7.471445998969078
1.9477874452256718	0.6094330927239487
1.9634954084936207	4.011757973742151
1.9792033717615696	0.1391571956915914
1.9949113350295187	0.13449455872290234
2.0106192982974678	0.27836987199738783
2.0263272615654166	0.39243714369625743
2.0420352248333655	2.13404208685852
2.0577431881013144	0.659968828741123
2.0734511513692633	0.1130698706387608
2.0891591146372126	0.2384055022437822
2.1048670779051615	0.03773436852664057
2.1205750411731104	0.04357570667559849
2.1362830044410592	0.04623985560800005
2.151990967709008	0.15794228750097383
2.1676989309769574	0.9765493821183657
2.1834068942449063	0.1558281388240137
2.199114857512855	0.026428543300740043
2.214822820780804	0.04658993889852305
2.230530784048753	1.2654039091744986
2.2462387473167023	0.07889236047724525
2.261946710584651	0.019747628223200583
2.2776546738526	0.5352374139584516
2.293362637120549	0.11465974642653348
2.3090706003884978	0.03681598056153682
2.324778563656447	0.557903975162019
2.340486526924396	0.013299551506042196
2.356194490192345	0.012401315689935929
2.3719024534602937	0.3873307068166163
2.3876104167282426	0.1404010589971546
2.403318379996192	0.19729315800759725
2.419026343264141	0.06300339259725111
2.4347343065320897	0.03246929919400719
2.4504422698000385	0.16096036940256153
2.4661502330679874	0.24452857993083288
2.4818581963359367	0.03421058386091521
2.4975661596038856	1.4248652116343345
2.5132741228718345	0.020364173970140537
2.5289820861397834	0.015297260955473364
2.5446900494077322	0.03197450749735383
2.5603980126756816	0.30166133721064103
2.5761059759436304	0.1712757718762089
2.5918139392115793	0.11577563357621655
2.607521902479528	0.09462159753811615
2.623229865747477	0.03859951732340508
2.6389378290154264	0.24051887270043598
2.6546457922833753	29.18500529965852
2.670353755551324	0.1715770522659276
2.686061718819273	0.03580172025903432
2.701769682087222	0.031142148490326652
2.7174776453551712	0.013967603219846424
2.73318560862312	0.049223348505839516
2.748893571891069	0.04822524901118367
2.764601535159018	0.05636506269948413
2.7803094984269667	1.2827775312562322
2.796017461694916	0.3004307044767662
2.811725424962865	0.03410405369349435
2.827433388230814	0.013969120475846203
2.8431413514987627	0.009538475465783893
2.8588493147667116	0.012625620314856565
2.874557278034661	0.011710701084843475
2.8902652413026098	0.016550459372763428
2.9059732045705586	0.02289852350074355
2.9216811678385075	0.0041629073114824175
2.9373891311064564	0.03177783979087639
2.9530970943744057	0.007832114802452456
2.9688050576423546	0.0554956131748095
2.9845130209103035	0.0038182234208652822
3.0002209841782523	0.006149037322311642
3.015928947446201	0.009809577946263377
3.0316369107141505	0.003885848027600166
3.0473448739820994	0.0040750188483643195
3.0630528372500483	0.00756735307016716
3.078760800517997	0.003510732223340766
3.094468763785946	0.001494581579733865
3.1101767270538954	0.003169577521876011
3.1258846903218442	0.011588158130024865
3.141592653589793	0.0026699658051952766
3.157300616857742	0.002917771576138869
3.173008580125691	0.002079838084769029
3.18871654339364	0.023794580706391365
3.204424506661589	0.11020539412824358
3.220132469929538	0.0032418159478846843
3.235840433197487	0.0736064325984655
3.2515483964654357	0.0767876268371323
3.267256359733385	0.002398770952360513
3.282964323001334	0.01414086626109735
3.2986722862692828	0.0021115191191010342
3.3143802495372316	0.0014628676152558067
3.3300882128051805	0.004757328711307706
3.34579617607313	0.01537231635031164
3.3615041393410787	0.0026655620030278
3.3772121026090276	0.057424853749482974
3.3929200658769765	0.0010655606087255451
3.4086280291449254	0.0007358395832944111
3.4243359924128747	0.0009089973251819626
3.4400439556808236	0.0008803040609578789
3.4557519189487724	0.0008765746802575626
3.4714598822167213	0.0015730077534151941
3.48716784548467	0.0007316930962331125
3.5028758087526195	0.0018016420415751693
3.5185837720205684	0.005978665049535072
3.5342917352885173	0.0007986747783649572
3.549999698556466	0.0005931936773502561
3.565707661824415	0.0018121634972881751
3.5814156250923643	0.0012942665354307395
3.597123588360313	0.0009234996097183329
3.612831551628262	0.0006951324571490257
3.628539514896211	0.00043583566244952425
3.64424747816416	0.0003799937566748827
3.659955441432109	0.0004339571865171557
3.675663404700058	0.0005790146654528256
3.691371367968007	0.00037519556680316575
3.707079331235956	0.0004208401439525142
3.7227872945039047	0.001199934561582108
3.738495257771854	0.0033919662472074474
3.754203221039803	0.003951933574269371
3.7699111843077517	0.00033798537952511593
3.7856191475757006	0.00031842783800468754
3.8013271108436495	0.0002969920793435588
3.817035074111599	0.00029000306639886833
3.8327430373795477	0.0003267050334385866
3.8484510006474966	0.0003223436564977339
3.8641589639154454	0.00040372398316798093
3.8798669271833943	0.00041723322788946325
3.8955748904513436	0.001269577935496764
3.9112828537192925	0.0008861726580778955
3.9269908169872414	0.0004788401226214202
3.9426987802551903	0.00031641684115934484
3.958406743523139	0.00037122485699732404
3.9741147067910885	0.0004189946923396699
3.9898226700590373	0.0007063609293693584
4.005530633326986	0.000263542745334538
4.0212385965949355	0.00023335637553251033
4.036946559862884	0.0002287082159771789
4.052654523130833	0.00022923981137153778
4.068362486398782	0.00043842399543424324
4.084070449666731	0.00021127731695528608
4.09977841293468	0.00020501119944732197
4.115486376202629	0.00036699150714029856
4.131194339470578	0.0006119204212354432
4.146902302738527	0.00019437620265658356
4.162610266006476	0.00019073935844534604
4.178318229274425	0.00019987959291111804
4.194026192542374	0.0004519246123529306
4.209734155810323	0.0001881100922185485
4.225442119078272	0.00017841981040158506
4.241150082346221	0.00017510565384378228
4.25685804561417	0.00018290386957151272
4.2725660088821185	0.0003353673288845398
4.288273972150067	0.00016760376293135386
4.303981935418016	0.00016436806460617994
4.319689898685965	0.00016206603326448797
4.335397861953915	0.00016234741571024986
4.351105825221864	0.00016145039429623465
4.366813788489813	0.00015629419598781213
4.3825217517577615	0.00016403820271084497
4.39822971502571	0.0001695723248391582
4.413937678293659	0.00015778430503653884
4.429645641561608	0.00014762845128571503
4.445353604829557	0.00014460020968797346
4.461061568097506	0.00015341468977128408
4.476769531365456	0.0001402962284187193
4.4924774946334045	0.00013831962586989706
4.508185457901353	0.00013645972946575632
4.523893421169302	0.00013506451495009098
4.539601384437251	0.00013326604141542805
4.5553093477052	0.00013109257440633041
4.571017310973149	0.00012941659932308103
4.586725274241098	0.00012902590430463568
4.602433237509047	0.0001286145090555269
4.6181412007769955	0.0001248946296937805
4.633849164044944	0.00012282668681881952
4.649557127312894	0.00012121852502019852
4.665265090580843	0.00011975175466376698
4.680973053848792	0.00012468143592032316
4.696681017116741	0.00011686475359115017
4.71238898038469	0.00011529605349312466
4.7280969436526386	0.00011425404603437841
4.743804906920587	0.00011495879199241153
4.759512870188536	0.00011111153457408065
4.775220833456485	0.0001096588397376623
4.790928796724435	0.0001083055186168084
4.806636759992384	0.00010699045647079076
4.822344723260333	0.00010570309382427384
4.838052686528282	0.00010444014587590564
4.8537606497962305	0.00010320022528546466
4.869468613064179	0.00010198277459676935
4.885176576332128	0.00010078808285160542
4.900884539600077	9.9618560856267e-5
4.916592502868026	9.848647137640824e-5
4.932300466135975	9.751212204730283e-5
4.948008429403924	0.00010322288564902814
4.9637163926718735	9.521285893041068e-5
4.979424355939822	9.407474519969826e-5
4.995132319207771	9.364022514214774e-5
5.01084028247572	9.210873057953022e-5
5.026548245743669	9.08795408614986e-5
5.042256209011618	8.983928257062623e-5
5.057964172279567	8.883079821894472e-5
5.073672135547516	8.784205376325305e-5
5.0893800988154645	8.68702211969761e-5
5.105088062083414	8.591416901435444e-5
5.120796025351363	8.497325256610719e-5
5.136503988619312	8.404700962403668e-5
5.152211951887261	8.313506076249677e-5
5.16791991515521	8.223707043157579e-5
5.183627878423159	8.135272962737676e-5
5.1993358416911075	8.048174734706594e-5
5.215043804959056	7.962384600390387e-5
5.230751768227005	7.877875877928552e-5
5.246459731494954	7.794622798819952e-5
5.262167694762903	7.712600400577997e-5
5.277875658030853	7.631784452028853e-5
5.293583621298802	7.552151398444964e-5
5.3092915845667505	7.473678319223484e-5
5.324999547834699	7.396342893810226e-5
5.340707511102648	7.320123373222622e-5
5.356415474370597	7.244998555526102e-5
5.372123437638546	7.170947764182437e-5
5.387831400906495	7.097950828554131e-5
5.403539364174444	7.025988066089158e-5
5.419247327442394	6.95504026583464e-5
5.4349552907103424	6.885088673048845e-5
5.450663253978291	6.816114974727194e-5
5.46637121724624	6.748101285919154e-5
5.482079180514189	6.681030136729527e-5
5.497787143782138	6.614884459931653e-5
5.513495107050087	6.549647579130083e-5
5.529203070318036	6.485303197421795e-5
5.544911033585985	6.421835386518408e-5
5.5606189968539335	6.35922857629174e-5
5.576326960121882	6.297467544718039e-5
5.592034923389832	6.236537408190986e-5
5.607742886657781	6.17642361218659e-5
5.62345084992573	6.117111922256455e-5
5.639158813193679	6.05858841533595e-5
5.654866776461628	6.000839471347291e-5
5.6705747397295765	5.9438517650870644e-5
5.686282702997525	5.887612258383991e-5
5.701990666265474	5.832108192513135e-5
5.717698629533423	5.777327080857403e-5
5.733406592801373	5.723256701806111e-5
5.749114556069322	5.669885091877987e-5
5.764822519337271	5.6172005390630444e-5
5.7805304826052195	5.565191576373165e-5
5.796238445873168	5.513846975590342e-5
5.811946409141117	5.463155741212126e-5
5.827654372409066	5.413107104578676e-5
5.843362335677015	5.3636905181795485e-5
5.859070298944964	5.3148956501326874e-5
5.874778262212913	5.266712378828311e-5
5.890486225480862	5.2191307877327205e-5
5.906194188748811	5.172141160345831e-5
5.92190215201676	5.1257339753068995e-5
5.937610115284709	5.079899901643749e-5
5.953318078552658	5.034629794159145e-5
5.969026041820607	4.989914688952374e-5
5.984734005088556	4.94574579906679e-5
6.000441968356505	4.902114510265023e-5
6.0161499316244536	4.85901237692185e-5
6.031857894892402	4.8164311180338e-5
6.047565858160352	4.774362613341792e-5
6.063273821428301	4.7327988995609904e-5
6.07898178469625	4.691732166716621e-5
6.094689747964199	4.65115475458194e-5
6.110397711232148	4.6110591492114955e-5
6.126105674500097	4.571437979572823e-5
6.1418136377680455	4.532284014268017e-5
6.157521601035994	4.4935901583451975e-5
6.173229564303943	4.455349450195284e-5
6.188937527571892	4.417555058533894e-5
6.204645490839841	4.380200279461907e-5
6.220353454107791	4.343278533606348e-5
6.23606141737574	4.306783363335438e-5
6.2517693806436885	4.270708430048568e-5
6.267477343911637	4.23504751153684e-5
6.283185307179586	4.199794499412787e-5
6.298893270447535	4.164943396606374e-5
6.314601233715484	4.1304883149274925e-5
6.330309196983433	4.0964234726903194e-5
6.346017160251382	4.0627431923988555e-5
6.3617251235193315	4.029441898491567e-5
6.37743308678728	3.996514115144735e-5
6.393141050055229	3.963954464129363e-5
6.408849013323178	3.931757662724654e-5
6.424556976591127	3.8999185216822155e-5
6.440264939859076	3.8684319432424194e-5
6.455972903127025	3.837292919199561e-5
6.471680866394974	3.80649652901583e-5
6.4873888296629225	3.776037937980962e-5
6.503096792930871	3.7459123954184836e-5
6.51880475619882	3.7161152329351185e-5
6.53451271946677	3.686641862713668e-5
6.550220682734719	3.657487775846882e-5
6.565928646002668	3.628648540711944e-5
6.581636609270617	3.600119801384838e-5
6.5973445725385655	3.571897276092377e-5
6.613052535806514	3.5439767557010196e-5
6.628760499074463	3.516354102242733e-5
6.644468462342412	3.489025247475275e-5
6.660176425610361	3.461986191476532e-5
6.675884388878311	3.4352330012731056e-5
6.69159235214626	3.408761809499728e-5
6.707300315414209	3.3825688130909183e-5
6.7230082786821574	3.356650272003467e-5
6.738716241950106	3.3310025079680775e-5
6.754424205218055	3.305621903270241e-5
6.770132168486004	3.2805048995590905e-5
6.785840131753953	3.2556479966842744e-5
6.801548095021902	3.2310477515584536e-5
6.817256058289851	3.2067007770469465e-5
6.8329640215578	3.182603740881786e-5
6.848671984825749	3.158753364601311e-5
6.864379948093698	3.13514642251254e-5
6.880087911361647	3.111779740678116e-5
6.895795874629596	3.088650195925218e-5
6.911503837897545	3.0657547148773386e-5
6.927211801165494	3.043090273006507e-5
6.942919764433443	3.0206538937081305e-5
6.9586277277013915	2.9984426473950975e-5
6.97433569096934	2.976453650612451e-5
6.99004365423729	2.954684065171194e-5
7.005751617505239	2.9331310973017913e-5
7.021459580773188	2.9117919968248715e-5
7.037167544041137	2.8906640563416435e-5
7.052875507309086	2.8697446104401324e-5
7.0685834705770345	2.8490310349207274e-5
7.084291433844983	2.8285207460356458e-5
7.099999397112932	2.808211199747741e-5
7.115707360380881	2.7880998910025152e-5
7.13141532364883	2.768184353017916e-5
7.147123286916779	2.7484621565874565e-5
7.162831250184729	2.7289309093993892e-5
7.1785392134526775	2.7095882553694853e-5
7.194247176720626	2.6904318739882322e-5
7.209955139988575	2.6714594796817528e-5
7.225663103256524	2.65266882118615e-5
7.241371066524473	2.634057680934335e-5
7.257079029792422	2.615623874456855e-5
7.272786993060371	2.5973652497933634e-5
7.28849495632832	2.5792796869184337e-5
7.304202919596269	2.561365097177089e-5
7.319910882864218	2.5436194227336158e-5
7.335618846132167	2.526040636030276e-5
7.351326809400116	2.5086267392584982e-5
7.367034772668065	2.491375763839611e-5
7.382742735936014	2.474285769916467e-5
7.398450699203963	2.457354845856349e-5
7.414158662471912	2.4405811077620865e-5
7.4298666257398605	2.4239626989944016e-5
7.445574589007809	2.4074977897035528e-5
7.461282552275758	2.391184576369987e-5
7.476990515543708	2.375021281354571e-5
7.492698478811657	2.3590061524574097e-5
7.508406442079606	2.343137462485462e-5
7.524114405347555	2.3274135088292885e-5
7.5398223686155035	2.311832613046945e-5
7.555530331883452	2.2963931204576838e-5
7.571238295151401	2.2810933997418862e-5
7.58694625841935	2.2659318425499223e-5
7.602654221687299	2.250906863118506e-5
7.618362184955249	2.2360168978941933e-5
7.634070148223198	2.2212604051641992e-5
7.6497781114911465	2.2066358646947798e-5
7.665486074759095	2.192141777375744e-5
7.681194038027044	2.177776664872987e-5
7.696902001294993	2.1635390692863243e-5
7.712609964562942	2.1494275528148943e-5
7.728317927830891	2.1354406974287826e-5
7.74402589109884	2.1215771045459576e-5
7.759733854366789	2.1078353947167887e-5
7.7754418176347375	2.0942142073134846e-5
7.791149780902687	2.08071220022553e-5
7.806857744170636	2.067328049561061e-5
7.822565707438585	2.0540604493539558e-5
7.838273670706534	2.0409081112758712e-5
7.853981633974483	2.027869764354191e-5
7.869689597242432	2.0149441546948554e-5
7.8853975605103805	2.002130045210671e-5
7.901105523778329	1.9894262153542445e-5
7.916813487046278	1.976831460855853e-5
7.932521450314228	1.9643445934666734e-5
7.948229413582177	1.951964440706273e-5
7.963937376850126	1.9396898456143924e-5
7.979645340118075	1.9275196665084216e-5
7.995353303386024	1.9154527767435304e-5
8.011061266653972	1.9034880644788925e-5
8.026769229921921	1.89162443244726e-5
8.042477193189871	1.8798607977285285e-5
8.058185156457819	1.8681960915278574e-5
8.073893119725769	1.8566292589575145e-5
8.089601082993717	1.845159258822892e-5
8.105309046261667	1.8337850634117988e-5
8.121017009529615	1.822505658288072e-5
8.136724972797564	1.8113200420887156e-5
8.152432936065512	1.800227226324313e-5
8.168140899333462	1.7892262351833665e-5
8.183848862601412	1.7783161053397065e-5
8.19955682586936	1.7674958857640244e-5
8.21526478913731	1.7567646375375505e-5
8.230972752405258	1.7461214336699357e-5
8.246680715673207	1.7355653589201517e-5
8.262388678941155	1.7250955096201057e-5
8.278096642209105	1.7147109935017023e-5
8.293804605477053	1.7044109295269566e-5
8.309512568745003	1.6941944477202826e-5
8.325220532012953	1.6840606890050138e-5
8.3409284952809	1.6740088050412338e-5
8.35663645854885	1.6640379580680062e-5
8.372344421816798	1.6541473207465108e-5
8.388052385084748	1.644336076007425e-5
8.403760348352696	1.6346034168997644e-5
8.419468311620646	1.6249485464433474e-5
8.435176274888594	1.6153706774826513e-5
8.450884238156544	1.6058690325440753e-5
8.466592201424492	1.5964428436949145e-5
8.482300164692441	1.5870913524053294e-5
8.498008127960391	1.5778138094118386e-5
8.51371609122834	1.5686094745842176e-5
8.529424054496289	1.5594776167933616e-5
8.545132017764237	1.550417513782255e-5
8.560839981032187	1.5414284520389964e-5
8.576547944300135	1.5325097266710985e-5
8.592255907568084	1.5236606412832502e-5
8.607963870836032	1.514880507855697e-5
8.623671834103982	1.5061686466257653e-5
8.63937979737193	1.497524385970538e-5
8.65508776063988	1.4889470622917835e-5
8.67079572390783	1.4804360199028816e-5
8.686503687175778	1.4719906109173129e-5
8.702211650443727	1.4636101951392505e-5
8.717919613711675	1.4552941399555768e-5
8.733627576979625	1.4470418202300147e-5
8.749335540247573	1.4388526181987748e-5
8.765043503515523	1.4307259233678091e-5
8.780751466783471	1.4226611324120758e-5
8.79645943005142	1.4146576490758645e-5
8.81216739331937	1.4067148840752153e-5
8.827875356587318	1.3988322550018538e-5
8.843583319855268	1.391009186228113e-5
8.859291283123216	1.3832451088142204e-5
8.874999246391166	1.3755394604162834e-5
8.890707209659114	1.3678916851961845e-5
8.906415172927064	1.3603012337329477e-5
8.922123136195012	1.3527675629347888e-5
8.937831099462962	1.345290135953858e-5
8.953539062730911	1.3378684221009282e-5
8.96924702599886	1.330501896762314e-5
8.984954989266809	1.3231900413178841e-5
9.000662952534757	1.3159323430601448e-5
9.016370915802707	1.308728295114744e-5
9.032078879070655	1.3015773963623095e-5
9.047786842338605	1.2944791513613883e-5
9.063494805606553	1.2874330702723078e-5
9.079202768874502	1.2804386687829478e-5
9.09491073214245	1.2734954680346941e-5
9.1106186954104	1.2666029945504467e-5
9.12632665867835	1.2597607801630315e-5
9.142034621946298	1.2529683619450966e-5
9.157742585214248	1.2462252821400824e-5
9.173450548482196	1.239531088093779e-5
9.189158511750145	1.2328853321877154e-5
9.204866475018093	1.2262875717727798e-5
9.220574438286043	1.2197373691044384e-5
9.236282401553991	1.2132342912784195e-5
9.25199036482194	1.206777910167936e-5
9.267698328089889	1.2003678023612326e-5
9.283406291357839	1.1940035491005892e-5
9.299114254625788	1.1876847362220633e-5
9.314822217893736	1.1814109540958995e-5
9.330530181161686	1.175181797568167e-5
9.346238144429634	1.1689968659031824e-5
9.361946107697584	1.1628557627266207e-5
9.377654070965532	1.1567580959695788e-5
9.393362034233482	1.150703477813657e-5
9.40906999750143	1.1446915246364301e-5
9.42477796076938	1.1387218569581206e-5
9.44048592403733	1.132794099388921e-5
9.456193887305277	1.126907880576808e-5
9.471901850573227	1.1210628331567241e-5
9.487609813841175	1.1152585936999186e-5
9.503317777109125	1.1094948026643861e-5
9.519025740377073	1.1037711043458748e-5
9.534733703645022	1.0980871468295891e-5
9.55044166691297	1.092442581942688e-5
9.56614963018092	1.0868370652074188e-5
9.58185759344887	1.0812702557949362e-5
9.597565556716818	1.0757418164799058e-5
9.613273519984768	1.0702514135952088e-5
9.628981483252716	1.0647987169883923e-5
9.644689446520665	1.05938339997747e-5
9.660397409788613	1.0540051393084181e-5
9.676105373056563	1.0486636151124895e-5
9.691813336324511	1.0433585108646648e-5
9.707521299592461	1.0380895133424368e-5
9.723229262860409	1.0328563125852198e-5
9.738937226128359	1.0276586018544842e-5
9.754645189396308	1.0224960775941679e-5
9.770353152664256	1.0173684393919811e-5
9.786061115932206	1.0122753899407937e-5
9.801769079200154	1.0072166350012112e-5
9.817477042468104	1.0021918833641164e-5
9.833185005736052	9.972008468138402e-6
9.848892969004002	9.92243240092323e-6
9.86460093227195	9.873187808629029e-6
9.8803088955399	9.824271896754817e-6
9.896016858807847	9.7756818993161e-6
9.911724822075797	9.727415078503548e-6
9.927432785343747	9.67946872434432e-6
9.943140748611695	9.631840154369082e-6
9.958848711879645	9.584526713284579e-6
9.974556675147593	9.537525772648389e-6
9.990264638415542	9.490834730550135e-6
10.00597260168349	9.444451011296411e-6
10.02168056495144	9.398372065100113e-6
10.037388528219388	9.352595367773212e-6
10.053096491487338	9.307118420424214e-6
10.068804454755288	9.261938749162115e-6
10.084512418023236	9.217053904799823e-6
10.100220381291185	9.172461462564327e-6
10.115928344559133	9.12815902181074e-6
10.131636307827083	9.084144205740691e-6
10.147344271095031	9.040414661123107e-6
10.163052234362981	8.99696805801873e-6
10.178760197630929	8.953802089508778e-6
10.194468160898879	8.910914471429891e-6
10.210176124166829	8.868302942107264e-6
10.225884087434777	8.825965262095361e-6
10.241592050702726	8.783899213921631e-6
10.257300013970674	8.742102601831855e-6
10.273007977238624	8.700573251541203e-6
10.288715940506572	8.659309009985104e-6
10.304423903774522	8.618307745079216e-6
10.32013186704247	8.577567345476315e-6
10.33583983031042	8.537085720329624e-6
10.351547793578368	8.496860799059981e-6
10.367255756846317	8.456890531122751e-6
10.382963720114267	8.417172885782854e-6
10.398671683382215	8.377705851886717e-6
10.414379646650165	8.338487437641737e-6
10.430087609918113	8.299515670398194e-6
10.445795573186063	8.260788596429936e-6
10.46150353645401	8.222304280725564e-6
10.47721149972196	8.184060806772525e-6
10.492919462989908	8.146056276352948e-6
10.508627426257858	8.108288809337493e-6
10.524335389525806	8.070756543481057e-6
10.540043352793756	8.033457634225609e-6
10.555751316061706	7.996390254500728e-6
10.571459279329654	7.959552594530138e-6
10.587167242597603	7.922942861636105e-6
10.602875205865551	7.886559280055075e-6
10.618583169133501	7.850400090745349e-6
10.634291132401449	7.814463551204019e-6
10.649999095669399	7.778747935283317e-6
10.665707058937347	7.74325153301226e-6
10.681415022205297	7.70797265041611e-6
10.697122985473246	7.672909609341825e-6
10.712830948741194	7.638060747283992e-6
10.728538912009144	7.603424417213434e-6
10.744246875277092	7.568998987407687e-6
10.759954838545042	7.5347828412858086e-6
10.77566280181299	7.500774377239154e-6
10.79137076508094	7.466972008472816e-6
10.807078728348888	7.433374162842822e-6
10.822786691616837	7.399979282695468e-6
10.838494654884787	7.366785824714112e-6
10.854202618152735	7.3337922597615495e-6
10.869910581420685	7.300997072726957e-6
10.885618544688633	7.268398762376259e-6
10.901326507956583	7.235995841201255e-6
10.91703447122453	7.203786835273542e-6
10.93274243449248	7.1717702840979575e-6
10.948450397760428	7.139944740469001e-6
10.964158361028378	7.108308770328857e-6
10.979866324296326	7.076860952627599e-6
10.995574287564276	7.045599879183621e-6
11.011282250832226	7.014524154547104e-6
11.026990214100174	6.983632395866354e-6
11.042698177368123	6.952923232750736e-6
11.058406140636071	6.922395307142913e-6
11.074114103904021	6.892047273185131e-6
11.08982206717197	6.861877797092785e-6
11.105530030439919	6.831885557026017e-6
11.121237993707867	6.802069242964221e-6
11.136945956975817	6.772427556582528e-6
11.152653920243765	6.74295921112848e-6
11.168361883511714	6.713662931301915e-6
11.184069846779664	6.684537453133763e-6
11.199777810047612	6.655581523868947e-6
11.215485773315562	6.626793901850108e-6
11.23119373658351	6.598173356399856e-6
11.24690169985146	6.56971866770985e-6
11.262609663119408	6.5414286267255185e-6
11.278317626387357	6.513302035035868e-6
11.294025589655305	6.485337704764367e-6
11.309733552923255	6.45753445845754e-6
11.325441516191205	6.4298911289808075e-6
11.341149479459153	6.4024065594102634e-6
11.356857442727103	6.37507960292814e-6
11.37256540599505	6.347909122719442e-6
11.388273369263	6.320893991870244e-6
11.403981332530948	6.29403309326461e-6
11.419689295798898	6.267325319486294e-6
11.435397259066846	6.24076957271925e-6
11.451105222334796	6.214364764650104e-6
11.466813185602746	6.188109816371086e-6
11.482521148870694	6.162003658285419e-6
11.498229112138644	6.13604523001227e-6
11.513937075406592	6.110233480293877e-6
11.529645038674541	6.084567366903778e-6
11.54535300194249	6.05904585655507e-6
11.561060965210439	6.033667924811225e-6
11.576768928478387	6.008432555996137e-6
11.592476891746337	5.983338743106545e-6
11.608184855014285	5.9583854877261384e-6
11.623892818282235	5.933571799937951e-6
11.639600781550184	5.908896698240691e-6
11.655308744818132	5.884359209464514e-6
11.671016708086082	5.859958368687348e-6
11.68672467135403	5.835693219154078e-6
11.70243263462198	5.811562812194363e-6
11.718140597889928	5.787566207142905e-6
11.733848561157878	5.763702471260465e-6
11.749556524425826	5.739970679654569e-6
11.765264487693775	5.716369915203783e-6
11.780972450961723	5.692899268478971e-6
11.796680414229673	5.6695578376688e-6
11.812388377497623	5.646344728505018e-6
11.82809634076557	5.623259054188513e-6
11.84380430403352	5.600299935314768e-6
11.859512267301469	5.577466499803025e-6
11.875220230569418	5.554757882824018e-6
11.890928193837366	5.532173226729584e-6
11.906636157105316	5.509711680982893e-6
11.922344120373264	5.487372402087809e-6
11.938052083641214	5.465154553522551e-6
11.953760046909164	5.443057305670846e-6
11.969468010177112	5.421079835755226e-6
11.985175973445061	5.3992213277713945e-6
12.00088393671301	5.377480972421733e-6
12.01659189998096	5.355857967052216e-6
12.032299863248907	5.334351515586516e-6
12.048007826516857	5.312960828464739e-6
12.063715789784805	5.291685122579687e-6
12.079423753052755	5.270523621214684e-6
12.095131716320704	5.249475553983917e-6
12.110839679588652	5.228540156770279e-6
12.126547642856602	5.207716671666696e-6
12.14225560612455	5.187004346915848e-6
12.1579635693925	5.166402436853022e-6
12.173671532660448	5.145910201847168e-6
12.189379495928398	5.125526908243654e-6
12.205087459196346	5.1052518283081855e-6
12.220795422464295	5.085084240170523e-6
12.236503385732243	5.0650234277690764e-6
12.252211349000193	5.045068680795791e-6
12.267919312268143	5.0252192946424775e-6
12.283627275536091	5.005474570346452e-6
12.29933523880404	4.985833814538771e-6
12.315043202071989	4.966296339390068e-6
12.330751165339938	4.94686146256004e-6
12.346459128607886	4.927528507144965e-6
12.362167091875836	4.9082968016283416e-6
12.377875055143784	4.889165679829002e-6
12.393583018411734	4.870134480852462e-6
12.409290981679682	4.8512025490414556e-6
12.424998944947632	4.832369233926849e-6
12.440706908215581	4.813633890180883e-6
12.45641487148353	4.79499587756723e-6
12.47212283475148	4.7764545608962475e-6
12.487830798019427	4.758009309976891e-6
12.503538761287377	4.739659499570864e-6
12.519246724555325	4.721404509347645e-6
12.534954687823275	4.7032437238381455e-6
12.550662651091223	4.685176532391319e-6
12.566370614359172	4.6672023291288755e-6
