-12.566370614359172	-2.4121641923510224e-6
-12.550662651091223	-2.421450413396561e-6
-12.534954687823275	-2.430784652259309e-6
-12.519246724555325	-2.4401672216070625e-6
-12.503538761287377	-2.4495984365688936e-6
-12.487830798019427	-2.4590786147579408e-6
-12.47212283475148	-2.468608076294383e-6
-12.45641487148353	-2.4781871438287416e-6
-12.440706908215581	-2.4878161425653213e-6
-12.424998944947632	-2.4974954002861058e-6
-12.409290981679682	-2.507225247374575e-6
-12.393583018411734	-2.517006016840205e-6
-12.377875055143784	-2.5268380443427655e-6
-12.362167091875836	-2.536721668217322e-6
-12.346459128607886	-2.5466572294991407e-6
-12.330751165339938	-2.5566450719491274e-6
-12.315043202071989	-2.566685542079447e-6
-12.29933523880404	-2.576778989179256e-6
-12.283627275536091	-2.5869257653410565e-6
-12.267919312268143	-2.5971262254870425e-6
-12.252211349000193	-2.607380727395834e-6
-12.236503385732243	-2.617689631729579e-6
-12.220795422464295	-2.6280533020611398e-6
-12.205087459196346	-2.638472104901917e-6
-12.189379495928398	-2.6489464097295498e-6
-12.173671532660448	-2.6594765890163048e-6
-12.1579635693925	-2.670063018257507e-6
-12.14225560612455	-2.6807060760005303e-6
-12.126547642856602	-2.6914061438737485e-6
-12.110839679588652	-2.702163606616272e-6
-12.095131716320704	-2.7129788521075423e-6
-12.079423753052755	-2.7238522713976206e-6
-12.063715789784805	-2.734784258737658e-6
-12.048007826516857	-2.745775211610523e-6
-12.032299863248907	-2.756825530762267e-6
-12.01659189998096	-2.76793562023339e-6
-12.00088393671301	-2.779105887390683e-6
-11.985175973445061	-2.7903367429596785e-6
-11.969468010177112	-2.801628601056902e-6
-11.953760046909164	-2.812981879223015e-6
-11.938052083641214	-2.824396998456088e-6
-11.922344120373264	-2.8358743832451256e-6
-11.906636157105316	-2.847414461604258e-6
-11.890928193837366	-2.859017665107246e-6
-11.875220230569418	-2.8706844289220146e-6
-11.859512267301469	-2.8824151918461426e-6
-11.84380430403352	-2.8942103963424014e-6
-11.82809634076557	-2.9060704885745866e-6
-11.812388377497623	-2.9179959184442223e-6
-11.796680414229673	-2.929987139627205e-6
-11.780972450961723	-2.9420446096110943e-6
-11.765264487693775	-2.95416878973277e-6
-11.749556524425826	-2.9663601452165976e-6
-11.733848561157878	-2.978619145212913e-6
-11.718140597889928	-2.990946262837032e-6
-11.70243263462198	-3.0033419752086475e-6
-11.68672467135403	-3.0158067634916582e-6
-11.671016708086082	-3.0283411129346267e-6
-11.655308744818132	-3.0409455129114705e-6
-11.639600781550184	-3.0536204569628308e-6
-11.623892818282235	-3.0663664428375813e-6
-11.608184855014285	-3.0791839725354036e-6
-11.592476891746337	-3.092073552349219e-6
-11.576768928478387	-3.1050356929085007e-6
-11.561060965210439	-3.118070909222975e-6
-11.54535300194249	-3.1311797207268427e-6
-11.529645038674541	-3.144362651323492e-6
-11.513937075406592	-3.1576202294307676e-6
-11.498229112138644	-3.1709529880267505e-6
-11.482521148870694	-3.1843614646959917e-6
-11.466813185602746	-3.1978462016765188e-6
-11.451105222334796	-3.2114077459071963e-6
-11.435397259066846	-3.2250466490755674e-6
-11.419689295798898	-3.2387634676664954e-6
-11.403981332530948	-3.252558763011318e-6
-11.388273369263	-3.266433101337342e-6
-11.37256540599505	-3.2803870538182985e-6
-11.356857442727103	-3.294421196625093e-6
-11.341149479459153	-3.3085361109772694e-6
-11.325441516191205	-3.3227323831951706e-6
-11.309733552923255	-3.337010604752565e-6
-11.294025589655305	-3.351371372329948e-6
-11.278317626387357	-3.365815287868564e-6
-11.262609663119408	-3.380342958625001e-6
-11.24690169985146	-3.394954997226359e-6
-11.23119373658351	-3.409652021726285e-6
-11.215485773315562	-3.424434655661523e-6
-11.199777810047612	-3.4393035281091566e-6
-11.184069846779664	-3.4542592737446128e-6
-11.168361883511714	-3.469302532900311e-6
-11.152653920243765	-3.4844339516249715e-6
-11.136945956975817	-3.4996541817438383e-6
-11.121237993707867	-3.5149638809193226e-6
-11.105530030439919	-3.5303637127127378e-6
-11.08982206717197	-3.5458543466464953e-6
-11.074114103904021	-3.5614364582671337e-6
-11.058406140636071	-3.577110729209309e-6
-11.042698177368123	-3.5928778472602133e-6
-11.026990214100174	-3.6087385064251373e-6
-11.011282250832226	-3.6246934069935673e-6
-10.995574287564276	-3.6407432556063003e-6
-10.979866324296326	-3.6568887653231764e-6
-10.964158361028378	-3.6731306556919094e-6
-10.948450397760428	-3.6894696528174398e-6
-10.93274243449248	-3.7059064894324803e-6
-10.91703447122453	-3.7224419049686365e-6
-10.901326507956583	-3.73907664562869e-6
-10.885618544688633	-3.7558114644595753e-6
-10.869910581420685	-3.7726471214262272e-6
-10.854202618152735	-3.7895843834866504e-6
-10.838494654884787	-3.806624024667604e-6
-10.822786691616837	-3.8237668261413066e-6
-10.807078728348888	-3.841013576303371e-6
-10.79137076508094	-3.858365070851168e-6
-10.77566280181299	-3.875822112863872e-6
-10.759954838545042	-3.893385512882824e-6
-10.744246875277092	-3.911056088993411e-6
-10.728538912009144	-3.928834666907865e-6
-10.712830948741194	-3.9467220800487835e-6
-10.697122985473246	-3.964719169634253e-6
-10.681415022205297	-3.982826784763655e-6
-10.665707058937347	-4.001045782504664e-6
-10.649999095669399	-4.01937702798134e-6
-10.634291132401449	-4.037821394463533e-6
-10.618583169133501	-4.0563797634571075e-6
-10.602875205865551	-4.075053024795627e-6
-10.587167242597603	-4.093842076732895e-6
-10.571459279329654	-4.11274782603711e-6
-10.555751316061706	-4.1317711880858215e-6
-10.540043352793756	-4.150913086962354e-6
-10.524335389525806	-4.170174455553349e-6
-10.508627426257858	-4.1895562356477e-6
-10.492919462989908	-4.209059378036621e-6
-10.47721149972196	-4.228684842615178e-6
-10.46150353645401	-4.248433598484963e-6
-10.445795573186063	-4.268306624058271e-6
-10.430087609918113	-4.288304907163546e-6
-10.414379646650165	-4.308429445152151e-6
-10.398671683382215	-4.3286812450067375e-6
-10.382963720114267	-4.349061323450837e-6
-10.367255756846317	-4.369570707059964e-6
-10.351547793578368	-4.390210432374135e-6
-10.33583983031042	-4.410981546012154e-6
-10.32013186704247	-4.431885104786891e-6
-10.304423903774522	-4.452922175822461e-6
-10.288715940506572	-4.4740938366731245e-6
-10.273007977238624	-4.495401175443005e-6
-10.257300013970674	-4.516845290908452e-6
-10.241592050702726	-4.538427292641178e-6
-10.225884087434777	-4.560148301133392e-6
-10.210176124166829	-4.582009447924643e-6
-10.194468160898879	-4.604011875730318e-6
-10.178760197630929	-4.626156738571813e-6
-10.163052234362981	-4.648445201908397e-6
-10.147344271095031	-4.670878442771121e-6
-10.131636307827083	-4.693457649898214e-6
-10.115928344559133	-4.716184023872556e-6
-10.100220381291185	-4.739058777260912e-6
-10.084512418023236	-4.7620831347549585e-6
-10.068804454755288	-4.78525833331451e-6
-10.053096491487338	-4.808585622312349e-6
-10.037388528219388	-4.832066263681389e-6
-10.02168056495144	-4.855701532063441e-6
-10.00597260168349	-4.879492714960555e-6
-9.990264638415542	-4.903441112887843e-6
-9.974556675147593	-4.9275480395288985e-6
-9.958848711879645	-4.951814821893044e-6
-9.943140748611695	-4.976242800474973e-6
-9.927432785343747	-5.000833329416359e-6
-9.911724822075797	-5.0255877766700026e-6
-9.896016858807847	-5.050507524165969e-6
-9.8803088955399	-5.07559396798027e-6
-9.86460093227195	-5.100848518505641e-6
-9.848892969004002	-5.126272600625054e-6
-9.833185005736052	-5.151867653887392e-6
-9.817477042468104	-5.177635132685504e-6
-9.801769079200154	-5.203576506437218e-6
-9.786061115932206	-5.2296932597683126e-6
-9.770353152664256	-5.255986892698602e-6
-9.754645189396308	-5.2824589208301904e-6
-9.738937226128359	-5.309110875538853e-6
-9.723229262860409	-5.335944304167536e-6
-9.707521299592461	-5.362960770223448e-6
-9.691813336324511	-5.390161853576967e-6
-9.676105373056563	-5.417549150664294e-6
-9.660397409788613	-5.445124274692264e-6
-9.644689446520665	-5.4728888558468445e-6
-9.628981483252716	-5.500844541503728e-6
-9.613273519984768	-5.52899299644284e-6
-9.597565556716818	-5.557335903065257e-6
-9.58185759344887	-5.585874961613684e-6
-9.56614963018092	-5.614611890395905e-6
-9.55044166691297	-5.643548426011721e-6
-9.534733703645022	-5.6726863235826295e-6
-9.519025740377073	-5.702027356985598e-6
-9.503317777109125	-5.731573319089643e-6
-9.487609813841175	-5.76132602199633e-6
-9.471901850573227	-5.791287297283054e-6
-9.456193887305277	-5.821458996251075e-6
-9.44048592403733	-5.851842990175954e-6
-9.42477796076938	-5.882441170562634e-6
-9.40906999750143	-5.913255449403515e-6
-9.393362034233482	-5.944287759441147e-6
-9.377654070965532	-5.975540054434036e-6
-9.361946107697584	-6.007014309426979e-6
-9.346238144429634	-6.038712521025038e-6
-9.330530181161686	-6.070636707671926e-6
-9.314822217893736	-6.10278890993221e-6
-9.299114254625788	-6.135171190778088e-6
-9.283406291357839	-6.167785635880138e-6
-9.267698328089889	-6.200634353902748e-6
-9.25199036482194	-6.2337194768037284e-6
-9.236282401553991	-6.267043160138596e-6
-9.220574438286043	-6.300607583369476e-6
-9.204866475018093	-6.3344149501785055e-6
-9.189158511750145	-6.368467488786339e-6
-9.173450548482196	-6.40276745227514e-6
-9.157742585214248	-6.437317118916774e-6
-9.142034621946298	-6.472118792505695e-6
-9.12632665867835	-6.5071748026974054e-6
-9.1106186954104	-6.542487505351651e-6
-9.09491073214245	-6.578059282881151e-6
-9.079202768874502	-6.613892544605628e-6
-9.063494805606553	-6.649989727111457e-6
-9.047786842338605	-6.6863532946165166e-6
-9.032078879070655	-6.722985739341118e-6
-9.016370915802707	-6.759889581884403e-6
-9.000662952534757	-6.7970673716067475e-6
-8.984954989266809	-6.834521687018371e-6
-8.96924702599886	-6.872255136173117e-6
-8.953539062730911	-6.910270357069857e-6
-8.937831099462962	-6.948570018058864e-6
-8.922123136195012	-6.987156818255388e-6
-8.906415172927064	-7.026033487959242e-6
-8.890707209659114	-7.065202789081717e-6
-8.874999246391166	-7.104667515578428e-6
-8.859291283123216	-7.1444304938897185e-6
-8.843583319855268	-7.184494583387591e-6
-8.827875356587318	-7.224862676830276e-6
-8.81216739331937	-7.265537700823424e-6
-8.79645943005142	-7.3065226162894635e-6
-8.780751466783471	-7.34782041894381e-6
-8.765043503515523	-7.389434139779141e-6
-8.749335540247573	-7.431366845557231e-6
-8.733627576979625	-7.473621639309262e-6
-8.717919613711675	-7.516201660843436e-6
-8.702211650443727	-7.559110087261459e-6
-8.686503687175778	-7.602350133483371e-6
-8.67079572390783	-7.645925052780646e-6
-8.65508776063988	-7.689838137318242e-6
-8.63937979737193	-7.734092718705585e-6
-8.623671834103982	-7.778692168556421e-6
-8.607963870836032	-7.823639899058005e-6
-8.592255907568084	-7.868939363549638e-6
-8.576547944300135	-7.91459405711095e-6
-8.560839981032187	-7.960607517159676e-6
-8.545132017764237	-8.0069833240595e-6
-8.529424054496289	-8.053725101738115e-6
-8.51371609122834	-8.1008365183155e-6
-8.498008127960391	-8.148321286742745e-6
-8.482300164692441	-8.196183165451394e-6
-8.466592201424492	-8.24442595901439e-6
-8.450884238156544	-8.293053518817084e-6
-8.435176274888594	-8.342069743740838e-6
-8.419468311620646	-8.391478580856902e-6
-8.403760348352696	-8.44128402613326e-6
-8.388052385084748	-8.49149012515277e-6
-8.372344421816798	-8.542100973843807e-6
-8.35663645854885	-8.59312071922324e-6
-8.3409284952809	-8.644553560152715e-6
-8.325220532012953	-8.696403748106796e-6
-8.309512568745003	-8.748675587955882e-6
-8.293804605477053	-8.801373438761115e-6
-8.278096642209105	-8.854501714584151e-6
-8.262388678941155	-8.908064885310507e-6
-8.246680715673207	-8.962067477487216e-6
-8.230972752405258	-9.016514075175356e-6
-8.21526478913731	-9.071409320817168e-6
-8.19955682586936	-9.126757916118582e-6
-8.183848862601412	-9.18256462294737e-6
-8.168140899333462	-9.23883426424655e-6
-8.152432936065512	-9.295571724964897e-6
-8.136724972797564	-9.35278195300266e-6
-8.121017009529615	-9.410469960175284e-6
-8.105309046261667	-9.46864082319367e-6
-8.089601082993717	-9.52729968466178e-6
-8.073893119725769	-9.586451754092403e-6
-8.058185156457819	-9.646102308941252e-6
-8.042477193189871	-9.7062566956591e-6
-8.026769229921921	-9.766920330763375e-6
-8.011061266653972	-9.828098701928918e-6
-7.995353303386024	-9.889797369098642e-6
-7.979645340118075	-9.952021965613977e-6
-7.963937376850126	-1.001477819936642e-5
-7.948229413582177	-1.0078071853969857e-5
-7.932521450314228	-1.0141908789953954e-5
-7.916813487046278	-1.0206294945980508e-5
-7.901105523778329	-1.027123634008075e-5
-7.8853975605103805	-1.0336739070916506e-5
-7.869689597242432	-1.040280931906505e-5
-7.853981633974483	-1.0469453348325837e-5
-7.838273670706534	-1.0536677507053964e-5
-7.822565707438585	-1.0604488229516801e-5
-7.806857744170636	-1.067289203727632e-5
-7.791149780902687	-1.0741895540598381e-5
-7.7754418176347375	-1.0811505439886808e-5
-7.759733854366789	-1.0881728527145762e-5
-7.74402589109884	-1.0952571687469075e-5
-7.728317927830891	-1.1024041900558501e-5
-7.712609964562942	-1.1096146242269974e-5
-7.696902001294993	-1.1168891886189508e-5
-7.681194038027044	-1.1242286105240053e-5
-7.665486074759095	-1.1316336273318066e-5
-7.6497781114911465	-1.1391049866961815e-5
-7.634070148223198	-1.1466434467052174e-5
-7.618362184955249	-1.1542497760545881e-5
-7.602654221687299	-1.1619247542242774e-5
-7.58694625841935	-1.1696691716586626e-5
-7.571238295151401	-1.17748382995017e-5
-7.555530331883452	-1.1853695420265201e-5
-7.5398223686155035	-1.1933271323416074e-5
-7.524114405347555	-1.2013574370701052e-5
-7.508406442079606	-1.2094613043059868e-5
-7.492698478811657	-1.2176395942648991e-5
-7.476990515543708	-1.2258931794905812e-5
-7.461282552275758	-1.2342229450653191e-5
-7.445574589007809	-1.2426297888247434e-5
-7.4298666257398605	-1.251114621576706e-5
-7.414158662471912	-1.2596783673247566e-5
-7.398450699203963	-1.2683219634959564e-5
-7.382742735936014	-1.2770463611733235e-5
-7.367034772668065	-1.2858525253330748e-5
-7.351326809400116	-1.2947414350865195e-5
-7.335618846132167	-1.3037140839269865e-5
-7.319910882864218	-1.3127714799817343e-5
-7.304202919596269	-1.3219146462690807e-5
-7.28849495632832	-1.3311446209606909e-5
-7.272786993060371	-1.340462457649391e-5
-7.257079029792422	-1.3498692256224481e-5
-7.241371066524473	-1.3593660101404711e-5
-7.225663103256524	-1.3689539127222102e-5
-7.209955139988575	-1.3786340514351723e-5
-7.194247176720626	-1.3884075611924102e-5
-7.1785392134526775	-1.3982755940554427e-5
-7.162831250184729	-1.4082393195436383e-5
-7.147123286916779	-1.4182999249500097e-5
-7.13141532364883	-1.4284586156638351e-5
-7.115707360380881	-1.4387166154999628e-5
-7.099999397112932	-1.4490751670352531e-5
-7.084291433844983	-1.4595355319521515e-5
-7.0685834705770345	-1.4700989913896292e-5
-7.052875507309086	-1.4807668463016559e-5
-7.037167544041137	-1.4915404178234203e-5
-7.021459580773188	-1.5024210476454842e-5
-7.005751617505239	-1.5134100983959868e-5
-6.99004365423729	-1.5245089540312316e-5
-6.97433569096934	-1.535719020234833e-5
-6.9586277277013915	-1.5470417248254677e-5
-6.942919764433443	-1.5584785181737613e-5
-6.927211801165494	-1.5700308736282456e-5
-6.911503837897545	-1.581700287950843e-5
-6.895795874629596	-1.5934882817618315e-5
-6.880087911361647	-1.6053963999949623e-5
-6.864379948093698	-1.6174262123625914e-5
-6.848671984825749	-1.629579313831255e-5
-6.8329640215578	-1.641857325107987e-5
-6.817256058289851	-1.654261893137578e-5
-6.801548095021902	-1.6667946916111255e-5
-6.785840131753953	-1.6794574214861117e-5
-6.770132168486004	-1.6922518115183056e-5
-6.754424205218055	-1.705179618805993e-5
-6.738716241950106	-1.7182426293464605e-5
-6.7230082786821574	-1.7314426586054923e-5
-6.707300315414209	-1.7447815520999832e-5
-6.69159235214626	-1.7582611859939954e-5
-6.675884388878311	-1.771883467708786e-5
-6.660176425610361	-1.785650336547021e-5
-6.644468462342412	-1.799563764331689e-5
-6.628760499074463	-1.813625756059946e-5
-6.613052535806514	-1.827838350572486e-5
-6.5973445725385655	-1.8422036212387663e-5
-6.581636609270617	-1.856723676658467e-5
-6.565928646002668	-1.8714006613797577e-5
-6.550220682734719	-1.886236756634727e-5
-6.53451271946677	-1.9012341810924925e-5
-6.51880475619882	-1.9163951916305332e-5
-6.503096792930871	-1.9317220841246476e-5
-6.4873888296629225	-1.9472171942581246e-5
-6.471680866394974	-1.9628828983506483e-5
-6.455972903127025	-1.978721614207564e-5
-6.440264939859076	-1.9947358019899182e-5
-6.424556976591127	-2.0109279651060338e-5
-6.408849013323178	-2.02730065112521e-5
-6.393141050055229	-2.0438564527139675e-5
-6.37743308678728	-2.0605980085958344e-5
-6.3617251235193315	-2.077528004535117e-5
-6.346017160251382	-2.094649174345424e-5
-6.330309196983433	-2.1119643009235672e-5
-6.314601233715484	-2.1294762173097608e-5
-6.298893270447535	-2.147187807774804e-5
-6.283185307179586	-2.165102008934971e-5
-6.267477343911637	-2.183221810895531e-5
-6.2517693806436885	-2.201550258423675e-5
-6.23606141737574	-2.220090452151824e-5
-6.220353454107791	-2.2388455498121744e-5
-6.204645490839841	-2.257818767503238e-5
-6.188937527571892	-2.2770133809898617e-5
-6.173229564303943	-2.2964327270370542e-5
-6.157521601035994	-2.31608020477915e-5
-6.1418136377680455	-2.3359592771253216e-5
-6.126105674500097	-2.3560734722023945e-5
-6.110397711232148	-2.3764263848360957e-5
-6.094689747964199	-2.3970216780722733e-5
-6.07898178469625	-2.4178630847389072e-5
-6.063273821428301	-2.4389544090503557e-5
-6.047565858160352	-2.460299528255431e-5
-6.031857894892402	-2.481902394330031e-5
-6.0161499316244536	-2.5037670357165913e-5
-6.000441968356505	-2.5258975591110526e-5
-5.984734005088556	-2.548298151299482e-5
-5.969026041820607	-2.5709730810454725e-5
-5.953318078552658	-2.5939267010302157e-5
-5.937610115284709	-2.6171634498470943e-5
-5.92190215201676	-2.6406878540521684e-5
-5.906194188748811	-2.6645045302726593e-5
-5.890486225480862	-2.688618187375325e-5
-5.874778262212913	-2.7130336286967666e-5
-5.859070298944964	-2.737755754337311e-5
-5.843362335677015	-2.7627895635212938e-5
-5.827654372409066	-2.7881401570252914e-5
-5.811946409141117	-2.8138127396770695e-5
-5.796238445873168	-2.8398126229273143e-5
-5.7805304826052195	-2.8661452274968936e-5
-5.764822519337271	-2.892816086101953e-5
-5.749114556069322	-2.9198308462599034e-5
-5.733406592801373	-2.9471952731787e-5
-5.717698629533423	-2.9749152527324114e-5
-5.701990666265474	-3.0029967945263543e-5
-5.686282702997525	-3.031446035054559e-5
-5.6705747397295765	-3.0602692409531854e-5
-5.654866776461628	-3.089472812352795e-5
-5.639158813193679	-3.1190632863337146e-5
-5.62345084992573	-3.1490473404874375e-5
-5.607742886657781	-3.179431796588412e-5
-5.592034923389832	-3.210223624379886e-5
-5.576326960121882	-3.2414299454783315e-5
-5.5606189968539335	-3.2730580374002844e-5
-5.544911033585985	-3.305115337716613e-5
-5.529203070318036	-3.3376094483384645e-5
-5.513495107050087	-3.3705481399403694e-5
-5.497787143782138	-3.4039393565248287e-5
-5.482079180514189	-3.4377912201345784e-5
-5.46637121724624	-3.4721120357175556e-5
-5.450663253978291	-3.506910296150482e-5
-5.4349552907103424	-3.5421946874272076e-5
-5.419247327442394	-3.577974094018381e-5
-5.403539364174444	-3.614257604408448e-5
-5.387831400906495	-3.651054516817536e-5
-5.372123437638546	-3.6883743451154107e-5
-5.356415474370597	-3.726226824934274e-5
-5.340707511102648	-3.764621919989744e-5
-5.324999547834699	-3.8035698286167486e-5
-5.3092915845667505	-3.84308099053027e-5
-5.293583621298802	-3.883166093819063e-5
-5.277875658030853	-3.9238360821826525e-5
-5.262167694762903	-3.9651021624207074e-5
-5.246459731494954	-4.006975812186024e-5
-5.230751768227005	-4.049468788011459e-5
-5.215043804959056	-4.092593133622534e-5
-5.1993358416911075	-4.136361188547689e-5
-5.183627878423159	-4.180785597038449e-5
-5.16791991515521	-4.225879317313375e-5
-5.152211951887261	-4.2716556311390816e-5
-5.136503988619312	-4.3181281537631694e-5
-5.120796025351363	-4.36531084421396e-5
-5.105088062083414	-4.4132180159839335e-5
-5.0893800988154645	-4.461864348113009e-5
-5.073672135547516	-4.511264896689555e-5
-5.057964172279567	-4.5614351067884155e-5
-5.042256209011618	-4.612390824864391e-5
-5.026548245743669	-4.664148311623812e-5
-5.01084028247572	-4.716724255393752e-5
-4.995132319207771	-4.7701357860137495e-5
-4.979424355939822	-4.8244004892733524e-5
-4.9637163926718735	-4.87953642192114e-5
-4.948008429403924	-4.935562127272442e-5
-4.932300466135975	-4.992496651444048e-5
-4.916592502868026	-5.050359560246137e-5
-4.900884539600077	-5.109170956762909e-5
-4.885176576332128	-5.168951499655962e-5
-4.869468613064179	-5.2297224222254815e-5
-4.8537606497962305	-5.29150555226735e-5
-4.838052686528282	-5.35432333276549e-5
-4.822344723260333	-5.418198843461936e-5
-4.806636759992384	-5.483155823349588e-5
-4.790928796724435	-5.5492186941343126e-5
-4.775220833456485	-5.616412584717601e-5
-4.759512870188536	-5.684763356752774e-5
-4.743804906920587	-5.754297631331578e-5
-4.7280969436526386	-5.825042816861845e-5
-4.71238898038469	-5.897027138200174e-5
-4.696681017116741	-5.970279667108201e-5
-4.680973053848792	-6.044830354105752e-5
-4.665265090580843	-6.120710061798007e-5
-4.649557127312894	-6.197950599760476e-5
-4.633849164044944	-6.276584761069738e-5
-4.6181412007769955	-6.356646360575529e-5
-4.602433237509047	-6.438170275014797e-5
-4.586725274241098	-6.521192485077482e-5
-4.571017310973149	-6.60575011953927e-5
-4.5553093477052	-6.691881501587563e-5
-4.539601384437251	-6.77962619747412e-5
-4.523893421169302	-6.869025067639274e-5
-4.508185457901353	-6.960120320463464e-5
-4.4924774946334045	-7.052955568812923e-5
-4.476769531365456	-7.147575889561928e-5
-4.461061568097506	-7.244027886286065e-5
-4.445353604829557	-7.34235975533896e-5
-4.429645641561608	-7.442621355542089e-5
-4.413937678293659	-7.544864281737145e-5
-4.39822971502571	-7.649141942471678e-5
-4.3825217517577615	-7.755509642114343e-5
-4.366813788489813	-7.864024667722028e-5
-4.351105825221864	-7.974746381011803e-5
-4.335397861953915	-8.087736315824994e-5
-4.319689898685965	-8.203058281508637e-5
-4.303981935418016	-8.320778472682603e-5
-4.288273972150067	-8.440965585910567e-5
-4.2725660088821185	-8.563690943846317e-5
-4.25685804561417	-8.689028627495184e-5
-4.241150082346221	-8.81705561729669e-5
-4.225442119078272	-8.947851943825532e-5
-4.209734155810323	-9.081500849000071e-5
-4.194026192542374	-9.218088958803685e-5
-4.178318229274425	-9.357706468655997e-5
-4.162610266006476	-9.500447342727045e-5
-4.146902302738527	-9.646409528671877e-5
-4.131194339470578	-9.795695189484995e-5
-4.115486376202629	-9.94841095443359e-5
-4.09977841293468	-0.00010104668191353491
-4.084070449666731	-0.00010264583302971684
-4.068362486398782	-0.0001042827805040211
-4.052654523130833	-0.0001059587990754082
-4.036946559862884	-0.00010767522450822729
-4.0212385965949355	-0.00010943345789716435
-4.005530633326986	-0.00011123497044497832
-3.9898226700590373	-0.00011308130879332343
-3.9741147067910885	-0.00011497410100617871
-3.958406743523139	-0.00011691506333045484
-3.9426987802551903	-0.00011890600789149558
-3.9269908169872414	-0.00012094885152521763
-3.9112828537192925	-0.0001230456260081696
-3.8955748904513436	-0.00012519849002792793
-3.8798669271833943	-0.00012740974334846399
-3.8641589639154454	-0.00012968184378228656
-3.8484510006474966	-0.0001320174278043903
-3.8327430373795477	-0.00013441933596489497
-3.817035074111599	-0.00013689064472871643
-3.8013271108436495	-0.0001394347070729165
-3.7856191475757006	-0.00014205520523791112
-3.7699111843077517	-0.0001447562206772796
-3.754203221039803	-0.00014754232885657282
-3.738495257771854	-0.00015041873076695737
-3.7227872945039047	-0.00015339144001589566
-3.707079331235956	-0.00015646755630228706
-3.691371367968007	-0.00015965567713191415
-3.675663404700058	-0.00016296653804662064
-3.659955441432109	-0.00016641404463771484
-3.64424747816416	-0.000170017004937463
-3.628539514896211	-0.00017380217523271446
-3.612831551628262	-0.00017780991295319017
-3.597123588360313	-0.00018210536607055002
-3.5814156250923643	-0.00018680243587588252
-3.565707661824415	-0.00019212044593623902
-3.549999698556466	-0.00019853675674478142
-3.5342917352885173	-0.00020727869768299965
-3.5185837720205684	-0.0002224006428931781
-3.5028758087526195	-0.00026482884195911576
-3.48716784548467	-0.0006954058242476481
-3.4714598822167213	-0.000853309305404517
-3.4557519189487724	-0.0002858021871494847
-3.4400439556808236	-0.0002490282805615798
-3.4243359924128747	-0.0002433725207079456
-3.4086280291449254	-0.0002447622686566283
-3.3929200658769765	-0.0002487713759911952
-3.3772121026090276	-0.00025412002890145207
-3.3615041393410787	-0.0002603486605447889
-3.34579617607313	-0.00026728223264660546
-3.3300882128051805	-0.0002748695181761162
-3.3143802495372316	-0.0002831285926624492
-3.2986722862692828	-0.00029213146328268776
-3.282964323001334	-0.00030201028427112933
-3.267256359733385	-0.00031298657207893263
-3.2515483964654357	-0.00032544372356987824
-3.235840433197487	-0.00034010962652589714
-3.220132469929538	-0.00035858335531468343
-3.204424506661589	-0.0003852271285958466
-3.18871654339364	-0.0004368328540136681
-3.173008580125691	-0.0006420467831729318
-3.157300616857742	-0.05227333044827083
-3.141592653589793	-0.0007240262931806902
-3.1258846903218442	-0.0005334486177342496
-3.1101767270538954	-0.0005324804517668545
-3.094468763785946	-0.000572134169856002
-3.078760800517997	-0.0006480250645297516
-3.0630528372500483	-0.0007968037043853155
-3.0473448739820994	-0.001203652638391141
-3.0316369107141505	-0.004600824799346134
-3.015928947446201	-0.00812893652670663
-3.0002209841782523	-0.011738597150869279
-2.9845130209103035	-0.002883294603047666
-2.9688050576423546	-0.007555467599135089
-2.9530970943744057	-1.4205906517355096
-2.9373891311064564	-0.008492531638109743
-2.9216811678385075	-0.0037699089777735416
-2.9059732045705586	-0.0025409386821755075
-2.8902652413026098	-0.0012554804889660747
-2.874557278034661	-0.0010409324470132023
-2.8588493147667116	-0.0009657202886422247
-2.8431413514987627	-0.0009517148659074744
-2.827433388230814	-0.0009953629660251046
-2.811725424962865	-0.0012657615596156394
-2.796017461694916	-0.06084934520758909
-2.7803094984269667	-0.0012913097379865486
-2.764601535159018	-0.0011249630558112348
-2.748893571891069	-0.0011445123912044747
-2.73318560862312	-0.0012031653194735927
-2.7174776453551712	-0.0012842398323992664
-2.701769682087222	-0.001386925751534908
-2.686061718819273	-0.001516795173314287
-2.670353755551324	-0.0016906279732782107
-2.6546457922833753	-0.002025403425136971
-2.6389378290154264	-0.002922196417462082
-2.623229865747477	-0.0027648275678737616
-2.607521902479528	-0.0044421459520009605
-2.5918139392115793	-0.16654356687301292
-2.5761059759436304	-0.007960935478029518
-2.5603980126756816	-0.05271394612353142
-2.5446900494077322	-0.011820866929699879
-2.5289820861397834	-0.007018375155157174
-2.5132741228718345	-0.008208629535265324
-2.4975661596038856	-0.011924152866498297
-2.4818581963359367	-0.023117476343844135
-2.4661502330679874	-0.31428310090584627
-2.4504422698000385	-0.17227749761639016
-2.4347343065320897	-19.64549573873035
-2.419026343264141	-0.0980198848964409
-2.403318379996192	-0.03438350516150519
-2.3876104167282426	-0.040628868880663326
-2.3719024534602937	-0.03133251449264125
-2.356194490192345	-0.05356477563889235
-2.340486526924396	-0.15202058744050795
-2.324778563656447	-2.4272842723307724
-2.3090706003884978	-0.5531022479897599
-2.293362637120549	-0.09730818141618176
-2.2776546738526	-0.046375842165625056
-2.261946710584651	-0.04498377655474485
-2.2462387473167023	-0.2561031656124971
-2.230530784048753	-0.17142550187333125
-2.214822820780804	-0.06270684939596699
-2.199114857512855	-0.017095535699984142
-2.1834068942449063	-0.0162913895010925
-2.1676989309769574	-0.025411656392296325
-2.151990967709008	-0.3109850738934472
-2.1362830044410592	-0.10010702217161468
-2.1205750411731104	-0.14407837364284262
-2.1048670779051615	-0.0177314234603461
-2.0891591146372126	-0.008679059465993445
-2.0734511513692633	-0.00669335647097639
-2.0577431881013144	-0.02395849525336393
-2.0420352248333655	-0.010903428304328616
-2.0263272615654166	-0.01971541529781471
-2.0106192982974678	-0.006566733705700282
-1.9949113350295187	-0.02882189512910229
-1.9792033717615696	-0.010332285057143143
-1.9634954084936207	-0.006458298266288915
-1.9477874452256718	-0.007996862909174823
-1.9320794819577227	-0.004598445055056664
-1.9163715186897738	-0.004820566196931461
-1.9006635554218247	-0.0056226972799358985
-1.8849555921538759	-0.012983887297089085
-1.869247628885927	-0.020436981021603916
-1.853539665617978	-0.45594285666001366
-1.837831702350029	-0.014171651353122093
-1.82212373908208	-0.009099395991012742
-1.806415775814131	-0.008593686943188022
-1.7907078125461822	-0.0097117413372502
-1.774999849278233	-0.012851499385186435
-1.7592918860102842	-0.03573217852697917
-1.743583922742335	-0.03143226673171546
-1.7278759594743862	-0.05019364486788236
-1.7121679962064373	-0.36560653111007524
-1.6964600329384882	-0.352986045891412
-1.6807520696705394	-0.054019705323338864
-1.6650441064025903	-0.03344379914570577
-1.6493361431346414	-0.035108678599366935
-1.6336281798666925	-0.06029973109086933
-1.6179202165987434	-1.1963910186909528
-1.6022122533307945	-0.24834716872335624
-1.5865042900628454	-0.08494968321398584
-1.5707963267948966	-0.10565477233193826
-1.5550883635269477	-0.19530507841779846
-1.5393804002589986	-0.44766301948251375
-1.5236724369910497	-0.68586993802658
-1.5079644737231006	-10.364265542326919
-1.4922565104551517	-5.015888151944999
-1.4765485471872029	-0.6160094881301512
-1.4608405839192538	-0.23934449940486802
-1.4451326206513049	-0.158527935649871
-1.4294246573833558	-0.22382851086213226
-1.413716694115407	-6.2685635083729965
-1.398008730847458	-0.3466228856040046
-1.382300767579509	-0.10076004376882723
-1.36659280431156	-0.09751700079377819
-1.350884841043611	-1.5873003169198785
-1.335176877775662	-0.05444713299954044
-1.3194689145077132	-0.03358050009158169
-1.303760951239764	-0.07781417241988103
-1.2880529879718152	-1.420957923351804
-1.2723450247038661	-0.05274634095408281
-1.2566370614359172	-0.019505989408403486
-1.2409290981679684	-0.01518147610364242
-1.2252211349000193	-0.028869512397700123
-1.2095131716320704	-0.03435850014979594
-1.1938052083641213	-0.011989250145361558
-1.1780972450961724	-0.011756509355482413
-1.1623892818282235	-0.01818943100448768
-1.1466813185602744	-0.09567117560080735
-1.1309733552923256	-0.13607146041928353
-1.1152653920243765	-0.018495836969355386
-1.0995574287564276	-0.01076167776812519
-1.0838494654884787	-0.00855795605013057
-1.0681415022205296	-0.00823852102155774
-1.0524335389525807	-0.009136468907526589
-1.0367255756846316	-0.010468950406512866
-1.0210176124166828	-0.01585026638013998
-1.0053096491487339	-0.023040914244139094
-0.9896016858807848	-0.05881792981543657
-0.9738937226128359	-0.8593548248623278
-0.9581857593448869	-0.20926673093961984
-0.9424777960769379	-0.16900891479780192
-0.926769832808989	-0.20351730191045056
-0.91106186954104	-0.03640814841513116
-0.8953539062730911	-0.024190391696327786
-0.8796459430051421	-0.03488611630492719
-0.8639379797371931	-0.16529008824292743
-0.8482300164692441	-0.29161943235355225
-0.8325220532012951	-2.969682775902797
-0.8168140899333463	-0.082585036277134
-0.8011061266653973	-0.03485954487159299
-0.7853981633974483	-0.018561643520644832
-0.7696902001294993	-0.015467566392778836
-0.7539822368615503	-0.0400369114595774
-0.7382742735936014	-0.017109810415719975
-0.7225663103256524	-0.02541489765815226
-0.7068583470577035	-0.12294734821796928
-0.6911503837897545	-0.11721489550372909
-0.6754424205218055	-0.39850324202327286
-0.6597344572538566	-0.04827113755660041
-0.6440264939859076	-0.05668025999975375
-0.6283185307179586	-0.0724989352281845
-0.6126105674500096	-0.11963937882973477
-0.5969026041820606	-0.26599599212858344
-0.5811946409141118	-1.1249770358788034
-0.5654866776461628	-126.27408156419702
-0.5497787143782138	-0.87896202022969
-0.5340707511102648	-0.23513115367664855
-0.5183627878423158	-0.10685903231863284
-0.5026548245743669	-0.061447199392570845
-0.48694686130641796	-0.0397853829390749
-0.47123889803846897	-0.02772853226459332
-0.45553093477052	-0.0204739341881452
-0.43982297150257105	-0.015782139093164456
-0.42411500823462206	-0.012619318666073468
-0.4084070449666731	-0.012003774690482827
-0.39269908169872414	-0.008789727206791912
-0.37699111843077515	-0.007613436576388478
-0.3612831551628262	-0.00651537436423336
-0.34557519189487723	-0.006465719612660987
-0.3298672286269283	-0.00487671718155802
-0.3141592653589793	-0.004555746047967236
-0.2984513020910303	-0.005575711811083866
-0.2827433388230814	-0.009068451122585506
-0.2670353755551324	-0.33564995978861495
-0.25132741228718347	-0.0062988984744958305
-0.23561944901923448	-0.003263118545066678
-0.21991148575128552	-0.0024111945090803852
-0.20420352248333656	-0.0033143040258131152
-0.18849555921538758	-0.0019074507022710338
-0.17278759594743862	-0.001865762659958655
-0.15707963267948966	-0.008726948840879854
-0.1413716694115407	-0.0012990345107543697
-0.12566370614359174	-0.0010557638337311286
-0.10995574287564276	-0.014949216094935502
-0.09424777960769379	-0.0011394099227473409
-0.07853981633974483	-0.0006552802968265932
-0.06283185307179587	-0.0004552675894738643
-0.047123889803846894	-0.00033027219070420357
-0.031415926535897934	-0.00021664546900303404
-0.015707963267948967	-0.000107692321302751
0.0	9.821122699164422e-5
0.015707963267948967	0.00010848332846622992
0.031415926535897934	0.0002168422703618015
0.047123889803846894	0.0003303584410728373
0.06283185307179587	0.00045531466379595913
0.07853981633974483	0.0006553021856657671
0.09424777960769379	0.0011395004484532384
0.10995574287564276	0.014951655606145132
0.12566370614359174	0.0010557766028229541
0.1413716694115407	0.0012990332348464396
0.15707963267948966	0.00872480069246175
0.17278759594743862	0.0018657984044966893
0.18849555921538758	0.0019074343748485426
0.20420352248333656	0.0033143852481085363
0.21991148575128552	0.002411190451964855
0.23561944901923448	0.0032630848749078956
0.25132741228718347	0.006298757889212047
0.2670353755551324	0.33554520972391877
0.2827433388230814	0.00906877535641767
0.2984513020910303	0.005575930026030511
0.3141592653589793	0.004555751409210097
0.3298672286269283	0.0048767071679059115
0.34557519189487723	0.006465457440536961
0.3612831551628262	0.0065153973103132075
0.37699111843077515	0.007613358758711929
0.39269908169872414	0.00878972270754101
0.4084070449666731	0.012004294128522853
0.42411500823462206	0.012619264640271901
0.43982297150257105	0.015782036685992065
0.45553093477052	0.020473780848203883
0.47123889803846897	0.027728306740010415
0.48694686130641796	0.03978492148996747
0.5026548245743669	0.061446385373059804
0.5183627878423158	0.10685709558648004
0.5340707511102648	0.23512455007420546
0.5497787143782138	0.8789143834145335
0.5654866776461628	126.2161126949472
0.5811946409141118	1.125047738816091
0.5969026041820606	0.2660041295648175
0.6126105674500096	0.11964126632114074
0.6283185307179586	0.07250161745058815
0.6440264939859076	0.05667902408985119
0.6597344572538566	0.048270826499896315
0.6754424205218055	0.39850856690331027
0.6911503837897545	0.11720228186701769
0.7068583470577035	0.12296173968451089
0.7225663103256524	0.025415441693852143
0.7382742735936014	0.01710992364899214
0.7539822368615503	0.04002742715721771
0.7696902001294993	0.015467548456465946
0.7853981633974483	0.01856144960330807
0.8011061266653973	0.03485814230870606
0.8168140899333463	0.08258230419571928
0.8325220532012951	2.968726488246813
0.8482300164692441	0.2916614563805068
0.8639379797371931	0.16531270924443847
0.8796459430051421	0.03488738078790738
0.8953539062730911	0.02419049020113168
0.91106186954104	0.03640851433786531
0.926769832808989	0.20349746748833927
0.9424777960769379	0.16901402094702328
0.9581857593448869	0.20925399359404936
0.9738937226128359	0.8594830888563094
0.9896016858807848	0.058819914376387505
1.0053096491487339	0.023041323078050884
1.0210176124166828	0.01584961143436285
1.0367255756846316	0.010469029796665032
1.0524335389525807	0.009136458962333727
1.0681415022205296	0.008238533347339073
1.0838494654884787	0.008557940901215283
1.0995574287564276	0.01076149407577192
1.1152653920243765	0.01849546662237088
1.1309733552923256	0.13605833293907496
1.1466813185602744	0.0956812238202231
1.1623892818282235	0.018189854524243387
1.1780972450961724	0.011756566053765585
1.1938052083641213	0.011989176015007841
1.2095131716320704	0.034355717634923046
1.2252211349000193	0.028871004409699138
1.2409290981679684	0.015181422360088114
1.2566370614359172	0.019505646327667468
1.2723450247038661	0.05274518238973977
1.2880529879718152	1.4216223304680677
1.303760951239764	0.07782647921936689
1.3194689145077132	0.03358041442563417
1.335176877775662	0.05444570416764916
1.350884841043611	1.5868102104133013
1.36659280431156	0.09751927170548716
1.382300767579509	0.1007574548964682
1.398008730847458	0.3465917223093364
1.413716694115407	6.2712979822665975
1.4294246573833558	0.22383932642706653
1.4451326206513049	0.15852822034750777
1.4608405839192538	0.23934058251445625
1.4765485471872029	0.6159876454663413
1.4922565104551517	5.015392704042991
1.5079644737231006	10.364028101725081
1.5236724369910497	0.6858931433488785
1.5393804002589986	0.4475847529959599
1.5550883635269477	0.19529785530946575
1.5707963267948966	0.10565738748370727
1.5865042900628454	0.08494245523741582
1.6022122533307945	0.24838414133648834
1.6179202165987434	1.1966258974517507
1.6336281798666925	0.06030110006935283
1.6493361431346414	0.03510878638830472
1.6650441064025903	0.03344361941589759
1.6807520696705394	0.05401835186489003
1.6964600329384882	0.3529498772189966
1.7121679962064373	0.36564430489833943
1.7278759594743862	0.050195165688938934
1.743583922742335	0.03143145337634195
1.7592918860102842	0.03573494741950506
1.774999849278233	0.012851660397371456
1.7907078125461822	0.00971178319315683
1.806415775814131	0.00859368872198753
1.82212373908208	0.00909929112166472
1.837831702350029	0.014171092200458259
1.853539665617978	0.4557304882623411
1.869247628885927	0.02043871998150078
1.8849555921538759	0.012982541621731009
1.9006635554218247	0.005622741719844385
1.9163715186897738	0.0048205825136094956
1.9320794819577227	0.004598445853379742
1.9477874452256718	0.007996333663213655
1.9634954084936207	0.0064582308455508755
1.9792033717615696	0.010331988138406464
1.9949113350295187	0.028824713736935015
2.0106192982974678	0.00656672921201216
2.0263272615654166	0.019713285595897197
2.0420352248333655	0.010903891535919114
2.0577431881013144	0.02396262918296582
2.0734511513692633	0.006693337589765193
2.0891591146372126	0.008678958823055897
2.1048670779051615	0.017730941371055624
2.1205750411731104	0.1440814617408918
2.1362830044410592	0.1001049393358901
2.151990967709008	0.3110452315216463
2.1676989309769574	0.02541240435937503
2.1834068942449063	0.016291257455918612
2.199114857512855	0.01709540853167624
2.214822820780804	0.0626916436067713
2.230530784048753	0.1714127639401607
2.2462387473167023	0.25612574324050846
2.261946710584651	0.04498411747957312
2.2776546738526	0.046375112243543806
2.293362637120549	0.09730477123036951
2.3090706003884978	0.5530519708308264
2.324778563656447	2.4277380298162674
2.340486526924396	0.15202736954394477
2.356194490192345	0.05356598536171618
2.3719024534602937	0.03133287111518822
2.3876104167282426	0.04063415827895489
2.403318379996192	0.03438327294724299
2.419026343264141	0.09801755755313887
2.4347343065320897	19.64268377602663
2.4504422698000385	0.17227623876094178
2.4661502330679874	0.3143227240330113
2.4818581963359367	0.023117823090047604
2.4975661596038856	0.011924239058263897
2.5132741228718345	0.00820865751688732
2.5289820861397834	0.0070183469761105136
2.5446900494077322	0.011820270294672154
2.5603980126756816	0.05272665781740183
2.5761059759436304	0.007960986578385145
2.5918139392115793	0.16657636615193844
2.607521902479528	0.004442196619284671
2.623229865747477	0.002764838924251947
2.6389378290154264	0.0029221878833078415
2.6546457922833753	0.0020254083249880445
2.670353755551324	0.00169063065385934
2.686061718819273	0.0015167971259928523
2.701769682087222	0.0013869272141246761
2.7174776453551712	0.0012842408936343927
2.73318560862312	0.0012031659635874507
2.748893571891069	0.001144512386410039
2.764601535159018	0.001124961154169155
2.7803094984269667	0.0012912921290857632
2.796017461694916	0.06082517787626641
2.811725424962865	0.0012657815767293723
2.827433388230814	0.000995364946416656
2.8431413514987627	0.0009517147716319997
2.8588493147667116	0.0009657190583798514
2.874557278034661	0.0010409294942085976
2.8902652413026098	0.0012554725615584893
2.9059732045705586	0.002540843490086056
2.9216811678385075	0.0037699851775011466
2.9373891311064564	0.008492160242019228
2.9530970943744057	1.4210180863864847
2.9688050576423546	0.0075557746833716695
2.9845130209103035	0.0028833240925838412
3.0002209841782523	0.011737946558025344
3.015928947446201	0.008127936265962393
3.0316369107141505	0.004601308400979503
3.0473448739820994	0.0012036775903947246
3.0630528372500483	0.0007968100403131892
3.078760800517997	0.0006480276047277918
3.094468763785946	0.0005721352194021671
3.1101767270538954	0.0005324803013787678
3.1258846903218442	0.0005334456214770768
3.141592653589793	0.0007239977294228331
3.157300616857742	0.05230418890755323
3.173008580125691	0.0006420678539301572
3.18871654339364	0.0004368356633148097
3.204424506661589	0.0003852280552173554
3.220132469929538	0.00035858381638922
3.235840433197487	0.00034010991506083495
3.2515483964654357	0.0003254439303899654
3.267256359733385	0.00031298673315299737
3.282964323001334	0.00030201041651260773
3.2986722862692828	0.0002921315757090519
3.3143802495372316	0.00028312869055761354
3.3300882128051805	0.0002748696048491812
3.34579617607313	0.0002672823102293733
3.3615041393410787	0.0002603487298601984
3.3772121026090276	0.0002541200913845135
3.3929200658769765	0.00024877143034409576
3.4086280291449254	0.0002447623108975506
3.4243359924128747	0.00024337253631394353
3.4400439556808236	0.00024902820488920054
3.4557519189487724	0.00028580152109570166
3.4714598822167213	0.0008532840101503676
3.48716784548467	0.0006954253609831288
3.5028758087526195	0.0002648298359337989
3.5185837720205684	0.00022240091509176298
3.5342917352885173	0.0002072788269733043
3.549999698556466	0.00019853683760510054
3.565707661824415	0.0001921205049851387
3.5814156250923643	0.00018680248314602635
3.597123588360313	0.0001821054061132784
3.612831551628262	0.0001778099481212541
3.628539514896211	0.00017380220686796148
3.64424747816416	0.00017001703386683526
3.659955441432109	0.00016641407140395754
3.675663404700058	0.00016296656302486364
3.691371367968007	0.00015965570059387754
3.707079331235956	0.00015646757845136334
3.7227872945039047	0.00015339146100963794
3.738495257771854	0.00015041875073076858
3.754203221039803	0.0001475423478925715
3.7699111843077517	0.0001447562388702765
3.7856191475757006	0.00014205522265953809
3.8013271108436495	0.0001394347237845476
3.817035074111599	0.00013689066078359806
3.8327430373795477	0.00013441935140970495
3.8484510006474966	0.00013201744268043024
3.8641589639154454	0.00012968185812638403
3.8798669271833943	0.00012740975719368502
3.8955748904513436	0.00012519850340414563
3.9112828537192925	0.00012304563894250344
3.9269908169872414	0.00012094886404240655
3.9426987802551903	0.00011890602001419979
3.958406743523139	0.00011691507507950494
3.9741147067910885	0.00011497411240078471
3.9898226700590373	0.00011308131985125477
4.005530633326986	0.00011123498118271212
4.0212385965949355	0.00010943346833002008
4.036946559862884	0.00010767523465047773
4.052654523130833	0.00010595880894037274
4.068362486398782	0.00010428279010416021
4.084070449666731	0.00010264584237670399
4.09977841293468	0.00010104669101832041
4.115486376202629	9.948411841721023e-5
4.131194339470578	9.795696054549401e-5
4.146902302738527	9.646410372425694e-5
4.162610266006476	9.500448166030512e-5
4.178318229274425	9.35770727232186e-5
4.194026192542374	9.218089743599905e-5
4.209734155810323	9.08150161565345e-5
4.225442119078272	8.947852693024633e-5
4.241150082346221	8.8170563496942e-5
4.25685804561417	8.689029343710344e-5
4.2725660088821185	8.563691644467346e-5
4.288273972150067	8.440966271496333e-5
4.303981935418016	8.320779143764931e-5
4.319689898685965	8.203058938593398e-5
4.335397861953915	8.087736959394259e-5
4.351105825221864	7.974747011524855e-5
4.366813788489813	7.864025285617092e-5
4.3825217517577615	7.755510247809595e-5
4.39822971502571	7.6491425363665e-5
4.413937678293659	7.544864864212917e-5
4.429645641561608	7.442621926963776e-5
4.445353604829557	7.34236031605526e-5
4.461061568097506	7.244028436631102e-5
4.476769531365456	7.147576429855321e-5
4.4924774946334045	7.05295609936108e-5
4.508185457901353	6.960120841559908e-5
4.523893421169302	6.869025579565784e-5
4.539601384437251	6.779626700500713e-5
4.5553093477052	6.691881995973643e-5
4.571017310973149	6.605750605533874e-5
4.586725274241098	6.521192962919785e-5
4.602433237509047	6.438170744934748e-5
4.6181412007769955	6.356646822794218e-5
4.633849164044944	6.276585215799808e-5
4.649557127312894	6.197951047206511e-5
4.665265090580843	6.120710502157057e-5
4.680973053848792	6.0448307875674134e-5
4.696681017116741	5.9702800938552804e-5
4.71238898038469	5.8970275584087674e-5
4.7280969436526386	5.8250432307017264e-5
4.743804906920587	5.754298038966469e-5
4.759512870188536	5.6847637583405844e-5
4.775220833456485	5.616412980410797e-5
4.790928796724435	5.549219084080039e-5
4.806636759992384	5.4831562076899426e-5
4.822344723260333	5.4181992223341726e-5
4.838052686528282	5.354323706302143e-5
4.8537606497962305	5.291505920596718e-5
4.869468613064179	5.2297227854714606e-5
4.885176576332128	5.1689518579383956e-5
4.900884539600077	5.109171310197756e-5
4.916592502868026	5.050359908945594e-5
4.932300466135975	4.992496995516772e-5
4.948008429403924	4.9355624668235674e-5
4.9637163926718735	4.879536757052559e-5
4.979424355939822	4.824400820083729e-5
4.995132319207771	4.770136112598685e-5
5.01084028247572	4.7167245778458984e-5
5.026548245743669	4.664148630033063e-5
5.042256209011618	4.6123911393178204e-5
5.057964172279567	4.5614354173705494e-5
5.073672135547516	4.511265203482459e-5
5.0893800988154645	4.461864651196173e-5
5.105088062083414	4.413218315434652e-5
5.120796025351363	4.365311140107172e-5
5.136503988619312	4.318128446171812e-5
5.152211951887261	4.2716559201338666e-5
5.16791991515521	4.225879602963014e-5
5.183627878423159	4.1807858794097225e-5
5.1993358416911075	4.136361467705574e-5
5.215043804959056	4.092593409630153e-5
5.230751768227005	4.04946906093015e-5
5.246459731494954	4.0069760820755354e-5
5.262167694762903	3.96510242933911e-5
5.277875658030853	3.923836346186496e-5
5.293583621298802	3.8831663549633007e-5
5.3092915845667505	3.843081248868416e-5
5.324999547834699	3.803570084201008e-5
5.340707511102648	3.7646221728708655e-5
5.356415474370597	3.726227075161677e-5
5.372123437638546	3.688374592737264e-5
5.387831400906495	3.6510547618807805e-5
5.403539364174444	3.614257846958782e-5
5.419247327442394	3.577974334100426e-5
5.4349552907103424	3.5421949250843936e-5
5.450663253978291	3.5069105314251764e-5
5.46637121724624	3.472112268651119e-5
5.482079180514189	3.4377914507672985e-5
5.497787143782138	3.403939584896016e-5
5.513495107050087	3.3705483660884024e-5
5.529203070318036	3.3376096723008096e-5
5.544911033585985	3.305115559529765e-5
5.5606189968539335	3.2730582570999627e-5
5.576326960121882	3.241430163099376e-5
5.592034923389832	3.210223839956306e-5
5.607742886657781	3.179432010153409e-5
5.62345084992573	3.1490475520734996e-5
5.639158813193679	3.119063495972541e-5
5.654866776461628	3.0894730200753323e-5
5.6705747397295765	3.060269446789749e-5
5.686282702997525	3.0314462390347387e-5
5.701990666265474	3.002996996679094e-5
5.717698629533423	2.9749154530859933e-5
5.733406592801373	2.947195471760758e-5
5.749114556069322	2.9198310430975163e-5
5.764822519337271	2.892816281221543e-5
5.7805304826052195	2.8661454209243783e-5
5.796238445873168	2.8398128146880444e-5
5.811946409141117	2.8138129297958046e-5
5.827654372409066	2.7881403455262898e-5
5.843362335677015	2.7627897504282856e-5
5.859070298944964	2.737755939673537e-5
5.874778262212913	2.7130338124850123e-5
5.890486225480862	2.6886183696378468e-5
5.906194188748811	2.6645047110312636e-5
5.92190215201676	2.6406880333282638e-5
5.937610115284709	2.617163627661612e-5
5.953318078552658	2.593926877403627e-5
5.969026041820607	2.5709732559978973e-5
5.984734005088556	2.5482983248506297e-5
6.000441968356505	2.5258977312802085e-5
6.0161499316244536	2.5037672065226398e-5
6.031857894892402	2.4819025637915857e-5
6.047565858160352	2.460299696390617e-5
6.063273821428301	2.438954575877051e-5
6.07898178469625	2.417863250274539e-5
6.094689747964199	2.397021842334011e-5
6.110397711232148	2.3764265478407454e-5
6.126105674500097	2.3560736339664445e-5
6.1418136377680455	2.3359594376649652e-5
6.157521601035994	2.3160803641102875e-5
6.173229564303943	2.296432885175257e-5
6.188937527571892	2.2770135379504296e-5
6.204645490839841	2.2578189233011367e-5
6.220353454107791	2.2388457044621323e-5
6.23606141737574	2.2200906056683546e-5
6.2517693806436885	2.2015504108209296e-5
6.267477343911637	2.1832219621874804e-5
6.283185307179586	2.1651021591353085e-5
6.298893270447535	2.1471879568969567e-5
6.314601233715484	2.1294763653669627e-5
6.330309196983433	2.1119644479287424e-5
6.346017160251382	2.0946493203113586e-5
6.3617251235193315	2.0775281494743246e-5
6.37743308678728	2.060598152520585e-5
6.393141050055229	2.0438565956363673e-5
6.408849013323178	2.027300793057156e-5
6.424556976591127	2.010928106059181e-5
6.440264939859076	1.9947359419757256e-5
6.455972903127025	1.9787217532373444e-5
6.471680866394974	1.9628830364354834e-5
6.4873888296629225	1.9472173314089357e-5
6.503096792930871	1.9317222203521484e-5
6.51880475619882	1.916395326945249e-5
6.53451271946677	1.901234315504804e-5
6.550220682734719	1.8862368901548442e-5
6.565928646002668	1.8714007940177115e-5
6.581636609270617	1.856723808424101e-5
6.5973445725385655	1.8422037521418123e-5
6.613052535806514	1.8278384806224954e-5
6.628760499074463	1.8136258852663114e-5
6.644468462342412	1.79956389270367e-5
6.660176425610361	1.7856504640937117e-5
6.675884388878311	1.7718835944391452e-5
6.69159235214626	1.7582613119168197e-5
6.707300315414209	1.7447816772239745e-5
6.7230082786821574	1.7314427829391886e-5
6.738716241950106	1.718242752898278e-5
6.754424205218055	1.7051797415842098e-5
6.770132168486004	1.69225193353106e-5
6.785840131753953	1.6794575427414497e-5
6.801548095021902	1.6667948121169698e-5
6.817256058289851	1.6542620129017112e-5
6.8329640215578	1.6418574441380552e-5
6.848671984825749	1.629579432134842e-5
6.864379948093698	1.6174263299471145e-5
6.880087911361647	1.6053965168677823e-5
6.895795874629596	1.593488397930151e-5
6.911503837897545	1.5817004034217846e-5
6.927211801165494	1.5700309884088447e-5
6.942919764433443	1.5584786322709167e-5
6.9586277277013915	1.5470418382459743e-5
6.97433569096934	1.535719132985413e-5
6.99004365423729	1.5245090661185103e-5
7.005751617505239	1.5134102098264914e-5
7.021459580773188	1.5024211584256357e-5
7.037167544041137	1.4915405279595608e-5
7.052875507309086	1.4807669558000338e-5
7.0685834705770345	1.4700991002563939e-5
7.084291433844983	1.4595356401933926e-5
7.099999397112932	1.4490752746569545e-5
7.115707360380881	1.4387167225080308e-5
7.13141532364883	1.4284587220640917e-5
7.147123286916779	1.4183000307482121e-5
7.162831250184729	1.4082394247454315e-5
7.1785392134526775	1.398275698666442e-5
7.194247176720626	1.3884076652181192e-5
7.209955139988575	1.3786341548810213e-5
7.225663103256524	1.3689540155935751e-5
7.241371066524473	1.3593661124426702e-5
7.257079029792422	1.3498693273606585e-5
7.272786993060371	1.3404625588288013e-5
7.28849495632832	1.3311447215863734e-5
7.304202919596269	1.321914746346068e-5
7.319910882864218	1.3127715795149725e-5
7.335618846132167	1.3037141829213607e-5
7.351326809400116	1.2947415335468663e-5
7.367034772668065	1.285852623264148e-5
7.382742735936014	1.2770464585798388e-5
7.398450699203963	1.2683220603825423e-5
7.414158662471912	1.2596784636960068e-5
7.4298666257398605	1.2511147174371386e-5
7.445574589007809	1.2426298841788109e-5
7.461282552275758	1.2342230399174548e-5
7.476990515543708	1.2258932738451319e-5
7.492698478811657	1.2176396881261693e-5
7.508406442079606	1.2094613976782301e-5
7.524114405347555	1.2013575299575e-5
7.5398223686155035	1.193327224748302e-5
7.555530331883452	1.1853696339566109e-5
7.571238295151401	1.1774839214076859e-5
7.58694625841935	1.1696692626475997e-5
7.602654221687299	1.161924844748601e-5
7.618362184955249	1.1542498661181673e-5
7.634070148223198	1.1466435363118987e-5
7.6497781114911465	1.1391050758497779e-5
7.665486074759095	1.1316337160360855e-5
7.681194038027044	1.1242286987826609e-5
7.696902001294993	1.1168892764356542e-5
7.712609964562942	1.1096147116053689e-5
7.728317927830891	1.1024042769994877e-5
7.74402589109884	1.0952572552593452e-5
7.759733854366789	1.0881729387992952e-5
7.7754418176347375	1.0811506296491504e-5
7.791149780902687	1.0741896392994863e-5
7.806857744170636	1.067289288549824e-5
7.822565707438585	1.0604489073597408e-5
7.838273670706534	1.0536678347026605e-5
7.853981633974483	1.0469454184222842e-5
7.869689597242432	1.0402810150918724e-5
7.8853975605103805	1.0336739898758788e-5
7.901105523778329	1.0271237163943014e-5
7.916813487046278	1.0206295765894208e-5
7.932521450314228	1.0141909605949794e-5
7.948229413582177	1.0078072666078257e-5
7.963937376850126	1.0014779007617628e-5
7.979645340118075	9.952022770037606e-6
7.995353303386024	9.889798169724123e-6
8.011061266653972	9.828099498785606e-6
8.026769229921921	9.76692112387992e-6
8.042477193189871	9.706257485064135e-6
8.058185156457819	9.64610309466289e-6
8.073893119725769	9.58645253615869e-6
8.089601082993717	9.527300463100059e-6
8.105309046261667	9.4686415980314e-6
8.121017009529615	9.410470731439439e-6
8.136724972797564	9.35278272071988e-6
8.152432936065512	9.295572489161593e-6
8.168140899333462	9.238835024948977e-6
8.183848862601412	9.182565380181299e-6
8.19955682586936	9.12675866990966e-6
8.21526478913731	9.071410071190571e-6
8.230972752405258	9.01651482215626e-6
8.246680715673207	8.962068221100439e-6
8.262388678941155	8.908065625580425e-6
8.278096642209105	8.854502451535145e-6
8.293804605477053	8.801374172417232e-6
8.309512568745003	8.7486763183408e-6
8.325220532012953	8.696404475244174e-6
8.3409284952809	8.644554284065636e-6
8.35663645854885	8.59312143993499e-6
8.372344421816798	8.542101691377015e-6
8.388052385084748	8.491490839530168e-6
8.403760348352696	8.441284737377091e-6
8.419468311620646	8.39147928898928e-6
8.435176274888594	8.342070448783787e-6
8.450884238156544	8.293054220792254e-6
8.466592201424492	8.244426657943202e-6
8.482300164692441	8.196183861355104e-6
8.498008127960391	8.14832197964236e-6
8.51371609122834	8.100837208231986e-6
8.529424054496289	8.053725788692042e-6
8.545132017764237	8.006984008071203e-6
8.560839981032187	7.960608198249454e-6
8.576547944300135	7.914594735298784e-6
8.592255907568084	7.8689400388554e-6
8.607963870836032	7.823640571501334e-6
8.623671834103982	7.778692838156823e-6
8.63937979737193	7.734093385482314e-6
8.65508776063988	7.689838801290335e-6
8.67079572390783	7.645925713967025e-6
8.686503687175778	7.602350791902668e-6
8.702211650443727	7.559110742932261e-6
8.717919613711675	7.516202313783978e-6
8.733627576979625	7.473622289537965e-6
8.749335540247573	7.431367493092024e-6
8.765043503515523	7.3894347846377674e-6
8.780751466783471	7.347821061144048e-6
8.79645943005142	7.306523255848773e-6
8.81216739331937	7.265538337759131e-6
8.827875356587318	7.22486331115961e-6
8.843583319855268	7.184495215127617e-6
8.859291283123216	7.1444311230571985e-6
8.874999246391166	7.104668142190129e-6
8.890707209659114	7.0652034131542135e-6
8.906415172927064	7.02603410950884e-6
8.922123136195012	6.987157437298472e-6
8.937831099462962	6.948570634611495e-6
8.953539062730911	6.910270971147972e-6
8.96924702599886	6.8722557477925034e-6
8.984954989266809	6.83452229619471e-6
9.000662952534757	6.797067978355696e-6
9.016370915802707	6.75989018622118e-6
9.032078879070655	6.722986341281115e-6
9.047786842338605	6.6863538941747e-6
9.063494805606553	6.64999032430301e-6
9.079202768874502	6.613893139445312e-6
9.09491073214245	6.578059875383578e-6
9.1106186954104	6.542488095531487e-6
9.12632665867835	6.5071753905691655e-6
9.142034621946298	6.472119378083702e-6
9.157742585214248	6.437317702215166e-6
9.173450548482196	6.4027680333081086e-6
9.189158511750145	6.3684680675677615e-6
9.204866475018093	6.33441552672216e-6
9.220574438286043	6.300608157689141e-6
9.236282401553991	6.267043732247973e-6
9.25199036482194	6.233720046716212e-6
9.267698328089889	6.200634921631654e-6
9.283406291357839	6.167786201438813e-6
9.299114254625788	6.135171754179608e-6
9.314822217893736	6.10278947118962e-6
9.330530181161686	6.0706372667981204e-6
9.346238144429634	6.038713078032836e-6
9.361946107697584	6.007014864329119e-6
9.377654070965532	5.975540607243084e-6
9.393362034233482	5.9442883101695524e-6
9.40906999750143	5.913255998063691e-6
9.42477796076938	5.8824417171668174e-6
9.44048592403733	5.851843534736367e-6
9.456193887305277	5.821459538779738e-6
9.471901850573227	5.791287837792024e-6
9.487609813841175	5.761326560497396e-6
9.503317777109125	5.731573855594703e-6
9.519025740377073	5.702027891506199e-6
9.534733703645022	5.672686856130419e-6
9.55044166691297	5.643548956598138e-6
9.56614963018092	5.614612419032401e-6
9.58185759344887	5.5858754883114474e-6
9.597565556716818	5.557336427835615e-6
9.613273519984768	5.528993519296917e-6
9.628981483252716	5.500845062452604e-6
9.644689446520665	5.472889374901338e-6
9.660397409788613	5.445124791863297e-6
9.676105373056563	5.417549665962522e-6
9.691813336324511	5.39016236701312e-6
9.707521299592461	5.3629612818082115e-6
9.723229262860409	5.335944813911296e-6
9.738937226128359	5.309111383452084e-6
9.754645189396308	5.282459426923302e-6
9.770353152664256	5.25598739698172e-6
9.786061115932206	5.2296937622516485e-6
9.801769079200154	5.203577007130872e-6
9.817477042468104	5.17763563159952e-6
9.833185005736052	5.151868151031723e-6
9.848892969004002	5.126273096009532e-6
9.86460093227195	5.100849012140065e-6
9.8803088955399	5.075594459874355e-6
9.896016858807847	5.050508014329388e-6
9.911724822075797	5.025588265112296e-6
9.927432785343747	5.000833816146934e-6
9.943140748611695	4.976243285503319e-6
9.958848711879645	4.951815305228475e-6
9.974556675147593	4.927548521180671e-6
9.990264638415542	4.903441592865199e-6
10.00597260168349	4.879493193272585e-6
10.02168056495144	4.855702008719214e-6
10.037388528219388	4.832066738689897e-6
10.053096491487338	4.808586095682528e-6
10.068804454755288	4.785258805055254e-6
10.084512418023236	4.762083604874924e-6
10.100220381291185	4.739059245768892e-6
10.115928344559133	4.716184490777243e-6
10.131636307827083	4.693458115208165e-6
10.147344271095031	4.670878906494877e-6
10.163052234362981	4.648445664054407e-6
10.178760197630929	4.626157199148526e-6
10.194468160898879	4.604012334746009e-6
10.210176124166829	4.582009905387624e-6
10.225884087434777	4.560148757051786e-6
10.241592050702726	4.538427747023234e-6
10.257300013970674	4.516845743762232e-6
10.273007977238624	4.49540162677654e-6
10.288715940506572	4.4740942864943995e-6
10.304423903774522	4.45292262413948e-6
10.32013186704247	4.431885551607371e-6
10.33583983031042	4.410981991343971e-6
10.351547793578368	4.390210876225055e-6
10.367255756846317	4.3695711494375805e-6
10.382963720114267	4.349061764362871e-6
10.398671683382215	4.328681684460752e-6
10.414379646650165	4.308429883155706e-6
10.430087609918113	4.288305343724018e-6
10.445795573186063	4.268307059183182e-6
10.46150353645401	4.2484340321816255e-6
10.47721149972196	4.228685274890863e-6
10.492919462989908	4.2090598088986486e-6
10.508627426257858	4.189556665103225e-6
10.524335389525806	4.170174883609554e-6
10.540043352793756	4.150913513626379e-6
10.555751316061706	4.1317716133647114e-6
10.571459279329654	4.112748249937796e-6
10.587167242597603	4.093842499262449e-6
10.602875205865551	4.075053445960925e-6
10.618583169133501	4.056380183264976e-6
10.634291132401449	4.037821812920797e-6
10.649999095669399	4.019377445094764e-6
10.665707058937347	4.001046198280959e-6
10.681415022205297	3.9828271992095325e-6
10.697122985473246	3.9647195827563475e-6
10.712830948741194	3.946722491853578e-6
10.728538912009144	3.928835077401952e-6
10.744246875277092	3.911056498183296e-6
10.759954838545042	3.89338592077496e-6
10.77566280181299	3.8758225194646334e-6
10.79137076508094	3.8583654761669365e-6
10.807078728348888	3.841013980340416e-6
10.822786691616837	3.823767228905915e-6
10.838494654884787	3.8066244261659863e-6
10.854202618152735	3.7895847837250294e-6
10.869910581420685	3.7726475204107437e-6
10.885618544688633	3.7558118621963365e-6
10.901326507956583	3.7390770421237103e-6
10.91703447122453	3.7224423002279855e-6
10.93274243449248	3.7059068834621145e-6
10.948450397760428	3.6894700456233215e-6
10.964158361028378	3.67313104727989e-6
10.979866324296326	3.6568891556991916e-6
10.995574287564276	3.640743644776088e-6
11.011282250832226	3.6246937949629807e-6
11.026990214100174	3.6087388931999127e-6
11.042698177368123	3.5928782328460285e-6
11.058406140636071	3.577111113611861e-6
11.074114103904021	3.5614368414920355e-6
11.08982206717197	3.5458547286993327e-6
11.105530030439919	3.5303640935991036e-6
11.121237993707867	3.514964260644683e-6
11.136945956975817	3.4996545603137377e-6
11.152653920243765	3.4844343290448232e-6
11.168361883511714	3.469302909175549e-6
11.184069846779664	3.4542596488806075e-6
11.199777810047612	3.439303902111242e-6
11.215485773315562	3.424435028534989e-6
11.23119373658351	3.4096523934764447e-6
11.24690169985146	3.3949553678584273e-6
11.262609663119408	3.3803433281442257e-6
11.278317626387357	3.365815656280113e-6
11.294025589655305	3.351371739638922e-6
11.309733552923255	3.337010970964075e-6
11.325441516191205	3.3227327483143167e-6
11.341149479459153	3.3085364750091162e-6
11.356857442727103	3.294421559574603e-6
11.37256540599505	3.2803874156904718e-6
11.388273369263	3.2664334621371103e-6
11.403981332530948	3.2525591227435985e-6
11.419689295798898	3.238763826336213e-6
11.435397259066846	3.2250470066875346e-6
11.451105222334796	3.2114081024662262e-6
11.466813185602746	3.19784655718748e-6
11.482521148870694	3.1843618191635647e-6
11.498229112138644	3.1709533414556845e-6
11.513937075406592	3.1576205818258076e-6
11.529645038674541	3.144363002689293e-6
11.54535300194249	3.1311800710680223e-6
11.561060965210439	3.1180712585441856e-6
11.576768928478387	3.105036041214336e-6
11.592476891746337	3.0920738996442006e-6
11.608184855014285	3.0791843188240633e-6
11.623892818282235	3.0663667881244653e-6
11.639600781550184	3.053620801252357e-6
11.655308744818132	3.0409458562081718e-6
11.671016708086082	3.028341455242842e-6
11.68672467135403	3.015807104815752e-6
11.70243263462198	3.003342315553078e-6
11.718140597889928	2.9909466022061414e-6
11.733848561157878	2.978619483610965e-6
11.749556524425826	2.966360482647878e-6
11.765264487693775	2.954169126201534e-6
11.780972450961723	2.942044945121605e-6
11.796680414229673	2.9299874741836516e-6
11.812388377497623	2.9179962520508273e-6
11.82809634076557	2.9060708212354654e-6
11.84380430403352	2.8942107280617213e-6
11.859512267301469	2.8824155226279978e-6
11.875220230569418	2.8706847587704864e-6
11.890928193837366	2.8590179940263884e-6
11.906636157105316	2.8474147895981194e-6
11.922344120373264	2.835874710317713e-6
11.938052083641214	2.8243973246113833e-6
11.953760046909164	2.8129822044650074e-6
11.969468010177112	2.8016289253895053e-6
11.985175973445061	2.790337066386826e-6
12.00088393671301	2.7791062099162522e-6
12.01659189998096	2.76793594186123e-6
12.032299863248907	2.756825851496293e-6
12.048007826516857	2.7457755314545262e-6
12.063715789784805	2.7347845776954013e-6
12.079423753052755	2.7238525894729736e-6
12.095131716320704	2.7129791693041876e-6
12.110839679588652	2.702163922937963e-6
12.126547642856602	2.691406459324234e-6
12.14225560612455	2.6807063905834813e-6
12.1579635693925	2.6700633319766287e-6
12.173671532660448	2.659476901875166e-6
12.189379495928398	2.6489467217318366e-6
12.205087459196346	2.6384724160512494e-6
12.220795422464295	2.6280536123610945e-6
12.236503385732243	2.6176899411836895e-6
12.252211349000193	2.6073810360076936e-6
12.267919312268143	2.597126533260168e-6
12.283627275536091	2.586926072278925e-6
12.29933523880404	2.5767792952853544e-6
12.315043202071989	2.566685847357263e-6
12.330751165339938	2.556645376402117e-6
12.346459128607886	2.5466575331306685e-6
12.362167091875836	2.5367219710308417e-6
12.377875055143784	2.5268383463416995e-6
12.393583018411734	2.517006318027887e-6
12.409290981679682	2.5072255477543484e-6
12.424998944947632	2.497495699861264e-6
12.440706908215581	2.48781644133922e-6
12.45641487148353	2.4781874418046422e-6
12.47212283475148	2.468608373475627e-6
12.487830798019427	2.4590789111477087e-6
12.503538761287377	2.449598732170483e-6
12.519246724555325	2.4401675164236455e-6
12.534954687823275	2.430784946294096e-6
12.550662651091223	2.421450706652783e-6
12.566370614359172	2.4121644848317744e-6
