-12.566370614359172	-4.922417144265263e-6
-12.550662651091223	-4.941369475547197e-6
-12.534954687823275	-4.960419823849659e-6
-12.519246724555325	-4.979568827564551e-6
-12.503538761287377	-4.99881713011052e-6
-12.487830798019427	-5.018165379979905e-6
-12.47212283475148	-5.037614230785535e-6
-12.45641487148353	-5.0571643413081275e-6
-12.440706908215581	-5.076816375544569e-6
-12.424998944947632	-5.0965710027565615e-6
-12.409290981679682	-5.116428897519307e-6
-12.393583018411734	-5.136390739771427e-6
-12.377875055143784	-5.156457214864726e-6
-12.362167091875836	-5.176629013615537e-6
-12.346459128607886	-5.196906832355191e-6
-12.330751165339938	-5.217291372982251e-6
-12.315043202071989	-5.237783343014574e-6
-12.29933523880404	-5.258383455642448e-6
-12.283627275536091	-5.2790924297820125e-6
-12.267919312268143	-5.2999109901289296e-6
-12.252211349000193	-5.320839867213697e-6
-12.236503385732243	-5.3418797974562805e-6
-12.220795422464295	-5.3630315232221524e-6
-12.205087459196346	-5.384295792878924e-6
-12.189379495928398	-5.405673360853187e-6
-12.173671532660448	-5.427164987688175e-6
-12.1579635693925	-5.4487714401022165e-6
-12.14225560612455	-5.470493491047595e-6
-12.126547642856602	-5.492331919770263e-6
-12.110839679588652	-5.514287511869995e-6
-12.095131716320704	-5.536361059361381e-6
-12.079423753052755	-5.558553360735455e-6
-12.063715789784805	-5.580865221021687e-6
-12.048007826516857	-5.603297451851563e-6
-12.032299863248907	-5.625850871521678e-6
-12.01659189998096	-5.648526305058228e-6
-12.00088393671301	-5.671324584282548e-6
-11.985175973445061	-5.694246547876077e-6
-11.969468010177112	-5.717293041448011e-6
-11.953760046909164	-5.7404649176017e-6
-11.938052083641214	-5.763763036003075e-6
-11.922344120373264	-5.787188263449206e-6
-11.906636157105316	-5.810741473938464e-6
-11.890928193837366	-5.8344235487403575e-6
-11.875220230569418	-5.858235376466811e-6
-11.859512267301469	-5.882177853144064e-6
-11.84380430403352	-5.9062518822858264e-6
-11.82809634076557	-5.930458374966574e-6
-11.812388377497623	-5.954798249895896e-6
-11.796680414229673	-5.979272433493941e-6
-11.780972450961723	-6.003881859967643e-6
-11.765264487693775	-6.028627471387512e-6
-11.749556524425826	-6.053510217765582e-6
-11.733848561157878	-6.0785310571342105e-6
-11.718140597889928	-6.103690955625901e-6
-11.70243263462198	-6.128990887553472e-6
-11.68672467135403	-6.1544318354917715e-6
-11.671016708086082	-6.180014790360679e-6
-11.655308744818132	-6.20574075150752e-6
-11.639600781550184	-6.231610726791901e-6
-11.623892818282235	-6.257625732671075e-6
-11.608184855014285	-6.283786794286267e-6
-11.592476891746337	-6.310094945549873e-6
-11.576768928478387	-6.336551229233789e-6
-11.561060965210439	-6.36315669705856e-6
-11.54535300194249	-6.389912409784302e-6
-11.529645038674541	-6.416819437301814e-6
-11.513937075406592	-6.443878858724849e-6
-11.498229112138644	-6.471091762484034e-6
-11.482521148870694	-6.498459246421601e-6
-11.466813185602746	-6.5259824178866655e-6
-11.451105222334796	-6.5536623938330365e-6
-11.435397259066846	-6.581500300916143e-6
-11.419689295798898	-6.609497275593294e-6
-11.403981332530948	-6.637654464223191e-6
-11.388273369263	-6.6659730231683845e-6
-11.37256540599505	-6.694454118897009e-6
-11.356857442727103	-6.723098928087483e-6
-11.341149479459153	-6.751908637733772e-6
-11.325441516191205	-6.780884445251224e-6
-11.309733552923255	-6.810027558584939e-6
-11.294025589655305	-6.839339196318484e-6
-11.278317626387357	-6.868820587784165e-6
-11.262609663119408	-6.898472973174901e-6
-11.24690169985146	-6.928297603656953e-6
-11.23119373658351	-6.958295741484363e-6
-11.215485773315562	-6.988468660114629e-6
-11.199777810047612	-7.018817644325912e-6
-11.184069846779664	-7.0493439903352685e-6
-11.168361883511714	-7.080049005918904e-6
-11.152653920243765	-7.110934010533601e-6
-11.136945956975817	-7.142000335439134e-6
-11.121237993707867	-7.1732493238229845e-6
-11.105530030439919	-7.204682330926078e-6
-11.08982206717197	-7.236300724170351e-6
-11.074114103904021	-7.268105883287546e-6
-11.058406140636071	-7.300099200449498e-6
-11.042698177368123	-7.332282080400704e-6
-11.026990214100174	-7.364655940592104e-6
-11.011282250832226	-7.39722221131576e-6
-10.995574287564276	-7.429982335842817e-6
-10.979866324296326	-7.462937770561474e-6
-10.964158361028378	-7.496089985117709e-6
-10.948450397760428	-7.529440462557954e-6
-10.93274243449248	-7.562990699471801e-6
-10.91703447122453	-7.596742206139366e-6
-10.901326507956583	-7.630696506677345e-6
-10.885618544688633	-7.664855139189143e-6
-10.869910581420685	-7.699219655916049e-6
-10.854202618152735	-7.733791623390187e-6
-10.838494654884787	-7.768572622589613e-6
-10.822786691616837	-7.803564249095397e-6
-10.807078728348888	-7.838768113250119e-6
-10.79137076508094	-7.874185840319615e-6
-10.77566280181299	-7.909819070655101e-6
-10.759954838545042	-7.945669459858704e-6
-10.744246875277092	-7.98173867895047e-6
-10.728538912009144	-8.0180284145373e-6
-10.712830948741194	-8.054540368984808e-6
-10.697122985473246	-8.091276260590356e-6
-10.681415022205297	-8.128237823759146e-6
-10.665707058937347	-8.165426809182193e-6
-10.649999095669399	-8.202844984016163e-6
-10.634291132401449	-8.240494132066423e-6
-10.618583169133501	-8.278376053971562e-6
-10.602875205865551	-8.316492567390919e-6
-10.587167242597603	-8.354845507194201e-6
-10.571459279329654	-8.393436725653489e-6
-10.555751316061706	-8.432268092637725e-6
-10.540043352793756	-8.471341495810228e-6
-10.524335389525806	-8.51065884082757e-6
-10.508627426257858	-8.550222051543217e-6
-10.492919462989908	-8.590033070210359e-6
-10.47721149972196	-8.630093857691315e-6
-10.46150353645401	-8.67040639366662e-6
-10.445795573186063	-8.710972676848475e-6
-10.430087609918113	-8.751794725196489e-6
-10.414379646650165	-8.792874576135933e-6
-10.398671683382215	-8.834214286779687e-6
-10.382963720114267	-8.87581593415218e-6
-10.367255756846317	-8.917681615416464e-6
-10.351547793578368	-8.959813448105651e-6
-10.33583983031042	-9.002213570354952e-6
-10.32013186704247	-9.044884141138847e-6
-10.304423903774522	-9.087827340510352e-6
-10.288715940506572	-9.131045369844208e-6
-10.273007977238624	-9.174540452082361e-6
-10.257300013970674	-9.218314831983351e-6
-10.241592050702726	-9.262370776375308e-6
-10.225884087434777	-9.306710574411184e-6
-10.210176124166829	-9.351336537829092e-6
-10.194468160898879	-9.396251001214435e-6
-10.178760197630929	-9.441456322266464e-6
-10.163052234362981	-9.48695488206886e-6
-10.147344271095031	-9.532749085362347e-6
-10.131636307827083	-9.578841360823492e-6
-10.115928344559133	-9.625234161344456e-6
-10.100220381291185	-9.671929964318598e-6
-10.084512418023236	-9.718931271929224e-6
-10.068804454755288	-9.76624061144261e-6
-10.053096491487338	-9.813860535504112e-6
-10.037388528219388	-9.861793622439348e-6
-10.02168056495144	-9.910042476559479e-6
-10.00597260168349	-9.958609728469632e-6
-9.990264638415542	-1.0007498035382767e-5
-9.974556675147593	-1.0056710081436972e-5
-9.958848711879645	-1.0106248578018317e-5
-9.943140748611695	-1.0156116264086116e-5
-9.927432785343747	-1.020631590650558e-5
-9.911724822075797	-1.0256850300381856e-5
-9.896016858807847	-1.0307722269401365e-5
-9.8803088955399	-1.035893466617698e-5
-9.86460093227195	-1.0410490372596867e-5
-9.848892969004002	-1.0462392300180616e-5
-9.833185005736052	-1.0514643390437867e-5
-9.817477042468104	-1.0567246615233698e-5
-9.801769079200154	-1.0620204977158595e-5
-9.786061115932206	-1.0673521509903405e-5
-9.770353152664256	-1.0727199278639562e-5
-9.754645189396308	-1.0781241380405698e-5
-9.738937226128359	-1.0835650944498025e-5
-9.723229262860409	-1.0890431132867966e-5
-9.707521299592461	-1.0945585140524248e-5
-9.691813336324511	-1.1001116195940993e-5
-9.676105373056563	-1.1057027561472823e-5
-9.660397409788613	-1.111332253377346e-5
-9.644689446520665	-1.1170004444222816e-5
-9.628981483252716	-1.1227076659358783e-5
-9.613273519984768	-1.128454258131587e-5
-9.597565556716818	-1.1342405648269308e-5
-9.58185759344887	-1.1400669334887026e-5
-9.56614963018092	-1.145933715278708e-5
-9.55044166691297	-1.1518412651001777e-5
-9.534733703645022	-1.1577899416448887e-5
-9.519025740377073	-1.1637801074409759e-5
-9.503317777109125	-1.1698121289013815e-5
-9.487609813841175	-1.1758863763731335e-5
-9.471901850573227	-1.1820032241871987e-5
-9.456193887305277	-1.188163050709211e-5
-9.44048592403733	-1.1943662383908017e-5
-9.42477796076938	-1.2006131738218478e-5
-9.40906999750143	-1.2069042477833175e-5
-9.393362034233482	-1.2132398553010912e-5
-9.377654070965532	-1.2196203957003645e-5
-9.361946107697584	-1.2260462726610939e-5
-9.346238144429634	-1.2325178942740338e-5
-9.330530181161686	-1.2390356730978145e-5
-9.314822217893736	-1.2456000262167696e-5
-9.299114254625788	-1.2522113752996338e-5
-9.283406291357839	-1.2588701466591245e-5
-9.267698328089889	-1.2655767713124412e-5
-9.25199036482194	-1.2723316850427182e-5
-9.236282401553991	-1.2791353284612922e-5
-9.220574438286043	-1.2859881470709953e-5
-9.204866475018093	-1.2928905913304527e-5
-9.189158511750145	-1.2998431167192022e-5
-9.173450548482196	-1.3068461838039773e-5
-9.157742585214248	-1.3139002583059344e-5
-9.142034621946298	-1.321005811168845e-5
-9.12632665867835	-1.3281633186284551e-5
-9.1106186954104	-1.3353732622828196e-5
-9.09491073214245	-1.3426361291637825e-5
-9.079202768874502	-1.3499524118094884e-5
-9.063494805606553	-1.3573226083380853e-5
-9.047786842338605	-1.3647472225225913e-5
-9.032078879070655	-1.3722267638667656e-5
-9.016370915802707	-1.3797617476824021e-5
-9.000662952534757	-1.3873526951676012e-5
-8.984954989266809	-1.3950001334864113e-5
-8.96924702599886	-1.4027045958497277e-5
-8.953539062730911	-1.4104666215972848e-5
-8.937831099462962	-1.418286756281227e-5
-8.922123136195012	-1.4261655517506746e-5
-8.906415172927064	-1.4341035662379105e-5
-8.890707209659114	-1.4421013644457602e-5
-8.874999246391166	-1.4501595176364172e-5
-8.859291283123216	-1.4582786037217075e-5
-8.843583319855268	-1.4664592073547327e-5
-8.827875356587318	-1.4747019200230588e-5
-8.81216739331937	-1.4830073401432724e-5
-8.79645943005142	-1.4913760731572084e-5
-8.780751466783471	-1.4998087316296598e-5
-8.765043503515523	-1.5083059353476421e-5
-8.749335540247573	-1.5168683114212377e-5
-8.733627576979625	-1.5254964943861751e-5
-8.717919613711675	-1.5341911263080142e-5
-8.702211650443727	-1.5429528568880313e-5
-8.686503687175778	-1.5517823435708326e-5
-8.67079572390783	-1.56068025165369e-5
-8.65508776063988	-1.569647254397796e-5
-8.63937979737193	-1.5786840331412115e-5
-8.623671834103982	-1.5877912774137087e-5
-8.607963870836032	-1.596969685053546e-5
-8.592255907568084	-1.6062199623262185e-5
-8.576547944300135	-1.6155428240450273e-5
-8.560839981032187	-1.624938993693762e-5
-8.545132017764237	-1.6344092035514397e-5
-8.529424054496289	-1.6439541948191205e-5
-8.51371609122834	-1.6535747177487077e-5
-8.498008127960391	-1.6632715317741932e-5
-8.482300164692441	-1.6730454056448376e-5
-8.466592201424492	-1.682897117560715e-5
-8.450884238156544	-1.6928274553105322e-5
-8.435176274888594	-1.7028372164118693e-5
-8.419468311620646	-1.7129272082536214e-5
-8.403760348352696	-1.7230982482409816e-5
-8.388052385084748	-1.7333511639430223e-5
-8.372344421816798	-1.743686793242441e-5
-8.35663645854885	-1.7541059844882447e-5
-8.3409284952809	-1.7646095966508852e-5
-8.325220532012953	-1.7751984994801123e-5
-8.309512568745003	-1.785873573665483e-5
-8.293804605477053	-1.7966357109997783e-5
-8.278096642209105	-1.8074858145450648e-5
-8.262388678941155	-1.8184247988019524e-5
-8.246680715673207	-1.8294535898813743e-5
-8.230972752405258	-1.8405731256799184e-5
-8.21526478913731	-1.8517843560576357e-5
-8.19955682586936	-1.8630882430194748e-5
-8.183848862601412	-1.8744857608995967e-5
-8.168140899333462	-1.8859778965491337e-5
-8.152432936065512	-1.897565649527124e-5
-8.136724972797564	-1.9092500322949953e-5
-8.121017009529615	-1.9210320704143367e-5
-8.105309046261667	-1.9329128027484014e-5
-8.089601082993717	-1.9448932816669805e-5
-8.073893119725769	-1.956974573255201e-5
-8.058185156457819	-1.969157757525796e-5
-8.042477193189871	-1.9814439286355732e-5
-8.026769229921921	-1.9938341951053503e-5
-8.011061266653972	-2.006329680044287e-5
-7.995353303386024	-2.0189315213780854e-5
-7.979645340118075	-2.0316408720812196e-5
-7.963937376850126	-2.044458900413813e-5
-7.948229413582177	-2.0573867901625226e-5
-7.932521450314228	-2.0704257408857332e-5
-7.916813487046278	-2.0835769681637645e-5
-7.901105523778329	-2.0968417038532468e-5
-7.8853975605103805	-2.1102211963463405e-5
-7.869689597242432	-2.1237167108348308e-5
-7.853981633974483	-2.1373295295790804e-5
-7.838273670706534	-2.1510609521819216e-5
-7.822565707438585	-2.1649122958679777e-5
-7.806857744170636	-2.1788848957677756e-5
-7.791149780902687	-2.1929801052075227e-5
-7.7754418176347375	-2.207199296004242e-5
-7.759733854366789	-2.2215438587665816e-5
-7.74402589109884	-2.236015203201169e-5
-7.728317927830891	-2.2506147584248754e-5
-7.712609964562942	-2.2653439732830726e-5
-7.696902001294993	-2.280204316673908e-5
-7.681194038027044	-2.295197277878924e-5
-7.665486074759095	-2.3103243668998572e-5
-7.6497781114911465	-2.325587114801951e-5
-7.634070148223198	-2.340987074064046e-5
-7.618362184955249	-2.3565258189354342e-5
-7.602654221687299	-2.372204945799528e-5
-7.58694625841935	-2.3880260735447174e-5
-7.571238295151401	-2.403990843942379e-5
-7.555530331883452	-2.4201009220325943e-5
-7.5398223686155035	-2.4363579965169965e-5
-7.524114405347555	-2.4527637801597158e-5
-7.508406442079606	-2.469320010196201e-5
-7.492698478811657	-2.4860284487499336e-5
-7.476990515543708	-2.5028908832578407e-5
-7.461282552275758	-2.5199091269036732e-5
-7.445574589007809	-2.5370850190606714e-5
-7.4298666257398605	-2.554420425742358e-5
-7.414158662471912	-2.5719172400633807e-5
-7.398450699203963	-2.5895773827086056e-5
-7.382742735936014	-2.607402802412416e-5
-7.367034772668065	-2.625395476447708e-5
-7.351326809400116	-2.6435574111244178e-5
-7.335618846132167	-2.6618906422987275e-5
-7.319910882864218	-2.6803972358923336e-5
-7.304202919596269	-2.6990792884226415e-5
-7.28849495632832	-2.7179389275438034e-5
-7.272786993060371	-2.7369783125988284e-5
-7.257079029792422	-2.7561996351834136e-5
-7.241371066524473	-2.7756051197212553e-5
-7.225663103256524	-2.795197024051572e-5
-7.209955139988575	-2.8149776400285853e-5
-7.194247176720626	-2.834949294134261e-5
-7.1785392134526775	-2.8551143481031193e-5
-7.162831250184729	-2.8754751995608998e-5
-7.147123286916779	-2.8960342826765535e-5
-7.13141532364883	-2.9167940688279015e-5
-7.115707360380881	-2.9377570672819184e-5
-7.099999397112932	-2.9589258258892103e-5
-7.084291433844983	-2.9803029317935855e-5
-7.0685834705770345	-3.001891012156842e-5
-7.052875507309086	-3.0236927348993135e-5
-7.037167544041137	-3.045710809456444e-5
-7.021459580773188	-3.067947987551525e-5
-7.005751617505239	-3.0904070639859055e-5
-6.99004365423729	-3.1130908774459766e-5
-6.97433569096934	-3.136002311328122e-5
-6.9586277277013915	-3.159144294581787e-5
-6.942919764433443	-3.182519802571218e-5
-6.927211801165494	-3.206131857956282e-5
-6.911503837897545	-3.229983531593006e-5
-6.895795874629596	-3.254077943454047e-5
-6.880087911361647	-3.27841826357003e-5
-6.864379948093698	-3.303007712991864e-5
-6.848671984825749	-3.3278495647748615e-5
-6.8329640215578	-3.352947144985101e-5
-6.817256058289851	-3.3783038337286984e-5
-6.801548095021902	-3.403923066204618e-5
-6.785840131753953	-3.429808333781276e-5
-6.770132168486004	-3.4559631850984415e-5
-6.754424205218055	-3.482391227193727e-5
-6.738716241950106	-3.509096126655957e-5
-6.7230082786821574	-3.536081610804552e-5
-6.707300315414209	-3.5633514688971526e-5
-6.69159235214626	-3.590909553364603e-5
-6.675884388878311	-3.618759781075659e-5
-6.660176425610361	-3.64690613463109e-5
-6.644468462342412	-3.675352663688304e-5
-6.628760499074463	-3.704103486317692e-5
-6.613052535806514	-3.733162790390831e-5
-6.5973445725385655	-3.762534835002243e-5
-6.581636609270617	-3.792223951924956e-5
-6.565928646002668	-3.8222345471013126e-5
-6.550220682734719	-3.852571102169531e-5
-6.53451271946677	-3.8832381760275515e-5
-6.51880475619882	-3.914240406434668e-5
-6.503096792930871	-3.945582511652462e-5
-6.4873888296629225	-3.9772692921261044e-5
-6.471680866394974	-4.009305632206473e-5
-6.455972903127025	-4.0416965019155766e-5
-6.440264939859076	-4.074446958755186e-5
-6.424556976591127	-4.107562149560879e-5
-6.408849013323178	-4.1410473124020584e-5
-6.393141050055229	-4.1749077785300834e-5
-6.37743308678728	-4.209148974375036e-5
-6.3617251235193315	-4.2437764235933984e-5
-6.346017160251382	-4.2787957491675304e-5
-6.330309196983433	-4.314212675558646e-5
-6.314601233715484	-4.350033030914959e-5
-6.298893270447535	-4.3862627493366134e-5
-6.283185307179586	-4.422907873199108e-5
-6.267477343911637	-4.459974555536881e-5
-6.2517693806436885	-4.497469062488782e-5
-6.23606141737574	-4.5353977758077876e-5
-6.220353454107791	-4.57376719543607e-5
-6.204645490839841	-4.6125839421485524e-5
-6.188937527571892	-4.6518547602659606e-5
-6.173229564303943	-4.691586520439806e-5
-6.157521601035994	-4.731786222512573e-5
-6.1418136377680455	-4.7724609984532726e-5
-6.126105674500097	-4.813618115373189e-5
-6.110397711232148	-4.85526497862242e-5
-6.094689747964199	-4.897409134970974e-5
-6.07898178469625	-4.940058275876149e-5
-6.063273821428301	-4.983220240839856e-5
-6.047565858160352	-5.02690302085789e-5
-6.031857894892402	-5.071114761965066e-5
-6.0161499316244536	-5.1158637688783384e-5
-6.000441968356505	-5.161158508741678e-5
-5.984734005088556	-5.2070076149757555e-5
-5.969026041820607	-5.253419891236518e-5
-5.953318078552658	-5.3004043154846405e-5
-5.937610115284709	-5.347970044171804e-5
-5.92190215201676	-5.396126416545537e-5
-5.906194188748811	-5.444882959077929e-5
-5.890486225480862	-5.494249390021977e-5
-5.874778262212913	-5.5442356240996414e-5
-5.859070298944964	-5.594851777326385e-5
-5.843362335677015	-5.6461081719768756e-5
-5.827654372409066	-5.698015341696147e-5
-5.811946409141117	-5.750584036762485e-5
-5.796238445873168	-5.803825229505379e-5
-5.7805304826052195	-5.857750119885753e-5
-5.764822519337271	-5.9123701412434776e-5
-5.749114556069322	-5.9676969662171124e-5
-5.733406592801373	-6.023742512844353e-5
-5.717698629533423	-6.0805189508463526e-5
-5.701990666265474	-6.138038708106054e-5
-5.686282702997525	-6.19631447734416e-5
-5.6705747397295765	-6.255359223002455e-5
-5.654866776461628	-6.315186188340862e-5
-5.639158813193679	-6.375808902755797e-5
-5.62345084992573	-6.43724118932901e-5
-5.607742886657781	-6.499497172614513e-5
-5.592034923389832	-6.562591286672954e-5
-5.576326960121882	-6.62653828336219e-5
-5.5606189968539335	-6.691353240894915e-5
-5.544911033585985	-6.757051572672091e-5
-5.529203070318036	-6.823649036402997e-5
-5.513495107050087	-6.891161743524108e-5
-5.497787143782138	-6.959606168927224e-5
-5.482079180514189	-7.0289991610082e-5
-5.46637121724624	-7.09935795205139e-5
-5.450663253978291	-7.170700168959998e-5
-5.4349552907103424	-7.243043844348899e-5
-5.419247327442394	-7.316407428011605e-5
-5.403539364174444	-7.390809798779181e-5
-5.387831400906495	-7.466270276784989e-5
-5.372123437638546	-7.542808636153126e-5
-5.356415474370597	-7.620445118126706e-5
-5.340707511102648	-7.699200444655885e-5
-5.324999547834699	-7.779095832463128e-5
-5.3092915845667505	-7.860153007607094e-5
-5.293583621298802	-7.942394220565355e-5
-5.277875658030853	-8.025842261859033e-5
-5.262167694762903	-8.110520478241548e-5
-5.246459731494954	-8.196452789477221e-5
-5.230751768227005	-8.283663705734663e-5
-5.215043804959056	-8.372178345622618e-5
-5.1993358416911075	-8.46202245489631e-5
-5.183627878423159	-8.553222425865297e-5
-5.16791991515521	-8.645805317533861e-5
-5.152211951887261	-8.73979887650784e-5
-5.136503988619312	-8.835231558703265e-5
-5.120796025351363	-8.932132551894553e-5
-5.105088062083414	-9.030531799140862e-5
-5.0893800988154645	-9.130460023133998e-5
-5.073672135547516	-9.23194875151141e-5
-5.057964172279567	-9.33503034318015e-5
-5.042256209011618	-9.439738015704586e-5
-5.026548245743669	-9.546105873807446e-5
-5.01084028247572	-9.654168939043911e-5
-4.995132319207771	-9.763963180705613e-5
-4.979424355939822	-9.875525548020153e-5
-4.9637163926718735	-9.988894003714784e-5
-4.948008429403924	-0.00010104107559014971
-4.932300466135975	-0.00010221206310158262
-4.916592502868026	-0.00010340231476504673
-4.900884539600077	-0.00010461225440335092
-4.885176576332128	-0.0001058423178843352
-4.869468613064179	-0.00010709295355556622
-4.8537606497962305	-0.00010836462269903895
-4.838052686528282	-0.00010965780000710559
-4.822344723260333	-0.00011097297408093732
-4.806636759992384	-0.0001123106479529858
-4.790928796724435	-0.00011367133963500891
-4.775220833456485	-0.0001150555826933909
-4.759512870188536	-0.00011646392685369372
-4.743804906920587	-0.00011789693863652325
-4.7280969436526386	-0.00011935520202708524
-4.71238898038469	-0.0001208393191810912
-4.696681017116741	-0.00012234991116995899
-4.680973053848792	-0.000123887618768716
-4.665265090580843	-0.00012545310329044605
-4.649557127312894	-0.00012704704747177413
-4.633849164044944	-0.00012867015641451995
-4.6181412007769955	-0.00013032315858967948
-4.602433237509047	-0.00013200680691089945
-4.586725274241098	-0.00013372187988617133
-4.571017310973149	-0.00013546918285826907
-4.5553093477052	-0.00013724954934689739
-4.539601384437251	-0.00013906384250870655
-4.523893421169302	-0.00014091295673558836
-4.508185457901353	-0.00014279781941741547
-4.4924774946334045	-0.00014471939290323086
-4.476769531365456	-0.00014667867670586424
-4.461061568097506	-0.00014867671001028503
-4.445353604829557	-0.00015071457456804934
-4.429645641561608	-0.00015279339809219164
-4.413937678293659	-0.00015491435831428845
-4.39822971502571	-0.00015707868793684966
-4.3825217517577615	-0.000159287680824002
-4.366813788489813	-0.0001615426999462667
-4.351105825221864	-0.00016384518787338655
-4.335397861953915	-0.0001661966810693241
-4.319689898685965	-0.0001685988300272438
-4.303981935418016	-0.00017105342866181262
-4.288273972150067	-0.0001735624588970866
-4.2725660088821185	-0.0001761281611963256
-4.25685804561417	-0.00017875315141595714
-4.241150082346221	-0.00018144062483386447
-4.225442119078272	-0.0001841947348021623
-4.209734155810323	-0.00018702134890989538
-4.194026192542374	-0.00018992970318111954
-4.178318229274425	-0.00019293647525951552
-4.162610266006476	-0.0001960775741674333
-4.146902302738527	-0.00019945141920867237
-4.131194339470578	-0.00020345435479891808
-4.115486376202629	-0.00021177619378638825
-4.09977841293468	-0.0003638375506292582
-4.084070449666731	-0.00021799513611202236
-4.068362486398782	-0.00023838863181694278
-4.052654523130833	-0.0002602971425375095
-4.036946559862884	-0.00023038777273829919
-4.0212385965949355	-0.00022999250951483849
-4.005530633326986	-0.00023110671962421888
-3.9898226700590373	-0.00023492234538177706
-3.9741147067910885	-0.00023818066950236026
-3.958406743523139	-0.00024219652152539505
-3.9426987802551903	-0.00024640857769809465
-3.9269908169872414	-0.0002507895522982454
-3.9112828537192925	-0.00025534364477688585
-3.8955748904513436	-0.0002600911206204738
-3.8798669271833943	-0.0002650739935339811
-3.8641589639154454	-0.0002703815516114179
-3.8484510006474966	-0.0002762571540536587
-3.8327430373795477	-0.00028379026023579593
-3.817035074111599	-0.0002952158418052598
-3.8013271108436495	-0.00041737018293559524
-3.7856191475757006	-0.00039222550465817577
-3.7699111843077517	-0.0003186547505707668
-3.754203221039803	-0.000326544771466657
-3.738495257771854	-0.0007109816496348142
-3.7227872945039047	-0.003903391018756278
-3.707079331235956	-0.0004207917393003522
-3.691371367968007	-0.00035350025875349565
-3.675663404700058	-0.00034927342513763445
-3.659955441432109	-0.00035300420705858325
-3.64424747816416	-0.000359183788634817
-3.628539514896211	-0.000366567370362245
-3.612831551628262	-0.0003758464889161276
-3.597123588360313	-0.00038369584423314767
-3.5814156250923643	-0.0003933789564993967
-3.565707661824415	-0.0004039708514487983
-3.549999698556466	-0.00041576576786467995
-3.5342917352885173	-0.00045373429552212046
-3.5185837720205684	-0.00044594331308959334
-3.5028758087526195	-0.000463632055006245
-3.48716784548467	-0.0012037979446760222
-3.4714598822167213	-0.0007016924832445703
-3.4557519189487724	-0.0005481685253360083
-3.4400439556808236	-0.0005729073366372771
-3.4243359924128747	-0.0006686619816331848
-3.4086280291449254	-0.0009668221425574193
-3.3929200658769765	-0.0013735471788372691
-3.3772121026090276	-0.0034367079126701207
-3.3615041393410787	-0.015129589563058566
-3.34579617607313	-0.0019566762856288405
-3.3300882128051805	-0.004282944189666983
-3.3143802495372316	-0.02024824309678613
-3.2986722862692828	-0.0030486405504405326
-3.282964323001334	-0.0011020187856225147
-3.267256359733385	-0.0009093992484043309
-3.2515483964654357	-0.0007991810306817492
-3.235840433197487	-0.000780172222966758
-3.220132469929538	-0.0007947932392959599
-3.204424506661589	-0.0008225034159244536
-3.18871654339364	-0.0008269146338469925
-3.173008580125691	-0.0008631296372804213
-3.157300616857742	-0.000915155581036148
-3.141592653589793	-0.000993236152259008
-3.1258846903218442	-0.001148544288548975
-3.1101767270538954	-0.0016505543226841013
-3.094468763785946	-0.005624891062506398
-3.078760800517997	-0.002758015890332131
-3.0630528372500483	-0.013107720698116854
-3.0473448739820994	-0.021908362204936374
-3.0316369107141505	-0.0034113151567285328
-3.015928947446201	-0.011848435906675395
-3.0002209841782523	-0.0045871705764412955
-2.9845130209103035	-0.00605211665264075
-2.9688050576423546	-0.02558678937758057
-2.9530970943744057	-0.005846065961475521
-2.9373891311064564	-0.002390549896616882
-2.9216811678385075	-0.0020822073200751088
-2.9059732045705586	-0.0021847729926546
-2.8902652413026098	-0.002659372973358933
-2.874557278034661	-0.006147012590833687
-2.8588493147667116	-0.009571188001808775
-2.8431413514987627	-0.010539043787538553
-2.827433388230814	-0.011952552961436717
-2.811725424962865	-0.4159639142534799
-2.796017461694916	-0.046838999520631114
-2.7803094984269667	-0.01594466139290855
-2.764601535159018	-0.0054829439076269195
-2.748893571891069	-0.0041281752801459615
-2.73318560862312	-0.0038328843459465543
-2.7174776453551712	-0.0039554079892767345
-2.701769682087222	-0.024738331564696337
-2.686061718819273	-0.005203504853470308
-2.670353755551324	-0.013575285430511156
-2.6546457922833753	-0.005805677221352033
-2.6389378290154264	-0.0065006113141170396
-2.623229865747477	-0.007895770606978632
-2.607521902479528	-0.015531642609674417
-2.5918139392115793	-0.014021290333638917
-2.5761059759436304	-0.16090772022847988
-2.5603980126756816	-0.02283772421743747
-2.5446900494077322	-0.055225276487261506
-2.5289820861397834	-0.7509181071913812
-2.5132741228718345	-0.09279394972854844
-2.4975661596038856	-0.32397291127712063
-2.4818581963359367	-23.37352012617322
-2.4661502330679874	-0.5598713432728505
-2.4504422698000385	-95.37500142068747
-2.4347343065320897	-0.45715854207977075
-2.419026343264141	-0.37631298488511894
-2.403318379996192	-0.07167359348374332
-2.3876104167282426	-0.07154656690345651
-2.3719024534602937	-0.02552410055393895
-2.356194490192345	-0.01788958158049132
-2.340486526924396	-0.014193298802497228
-2.324778563656447	-0.012306939163756218
-2.3090706003884978	-0.00993949121711776
-2.293362637120549	-0.009116141157656247
-2.2776546738526	-0.009460496000388518
-2.261946710584651	-0.01431741277915916
-2.2462387473167023	-0.70143497132268
-2.230530784048753	-0.016378916606997834
-2.214822820780804	-0.01109196992639127
-2.199114857512855	-0.011942228202477851
-2.1834068942449063	-0.08566248644031108
-2.1676989309769574	-0.0651606920821468
-2.151990967709008	-0.21609700724579003
-2.1362830044410592	-0.03749945017366144
-2.1205750411731104	-0.012426239617148794
-2.1048670779051615	-0.008697837549657743
-2.0891591146372126	-0.0077869553931046095
-2.0734511513692633	-0.00776116552068144
-2.0577431881013144	-0.06444875890558595
-2.0420352248333655	-0.046320513936133366
-2.0263272615654166	-0.013410882820403262
-2.0106192982974678	-0.10913737600149431
-1.9949113350295187	-0.028105895747078207
-1.9792033717615696	-0.014937333829981417
-1.9634954084936207	-0.07765169017133418
-1.9477874452256718	-0.01433154862575808
-1.9320794819577227	-0.012287122901632674
-1.9163715186897738	-0.013761817861523315
-1.9006635554218247	-0.027116395626140998
-1.8849555921538759	-0.09419348781182584
-1.869247628885927	-0.3084899897890711
-1.853539665617978	-0.8526883037944725
-1.837831702350029	-0.027574679051396753
-1.82212373908208	-0.02787730784465654
-1.806415775814131	-0.03260791088119909
-1.7907078125461822	-0.04050827238538012
-1.774999849278233	-0.0612690268755381
-1.7592918860102842	-0.07053943806363391
-1.743583922742335	-0.10682781354202094
-1.7278759594743862	-0.16743864573348305
-1.7121679962064373	-0.35009649229060386
-1.6964600329384882	-1.9733213779086114
-1.6807520696705394	-3.967179174968637
-1.6650441064025903	-17.01483684955097
-1.6493361431346414	-3.3561415548932274
-1.6336281798666925	-3.5928371671693458
-1.6179202165987434	-17.993059678948374
-1.6022122533307945	-0.7209659889515554
-1.5865042900628454	-1.7435305357864936
-1.5707963267948966	-0.13078867090127558
-1.5550883635269477	-0.08000420014029914
-1.5393804002589986	-0.06181122966173696
-1.5236724369910497	-0.052697240030488264
-1.5079644737231006	-0.04881858893745201
-1.4922565104551517	-0.048719397363723146
-1.4765485471872029	-0.05329839290799797
-1.4608405839192538	-0.0643737649822507
-1.4451326206513049	-0.0878645755725611
-1.4294246573833558	-0.1461555003889359
-1.413716694115407	-0.43271614638163974
-1.398008730847458	-2.6718368484173767
-1.382300767579509	-39.156150045224116
-1.36659280431156	-1.730756051279013
-1.350884841043611	-0.375250040983405
-1.335176877775662	-0.1711460311876421
-1.3194689145077132	-0.1496055995657925
-1.303760951239764	-1.0509158153951665
-1.2880529879718152	-0.07087043014795795
-1.2723450247038661	-0.04940345977515747
-1.2566370614359172	-0.03602935427341716
-1.2409290981679684	-0.025682967831022058
-1.2252211349000193	-0.021705435785572793
-1.2095131716320704	-0.019317332495853132
-1.1938052083641213	-0.017967021578513973
-1.1780972450961724	-0.017616683552225322
-1.1623892818282235	-0.018015464852470305
-1.1466813185602744	-0.027918826027515723
-1.1309733552923256	-0.12427285352805603
-1.1152653920243765	-0.06722355714304203
-1.0995574287564276	-0.5831039766234495
-1.0838494654884787	-0.10162731988749715
-1.0681415022205296	-0.6357932630742418
-1.0524335389525807	-0.5757977524844402
-1.0367255756846316	-0.07890026880726105
-1.0210176124166828	-0.037719074444453445
-1.0053096491487339	-0.027162984976557284
-0.9896016858807848	-0.023948677568872204
-0.9738937226128359	-0.023764889116852615
-0.9581857593448869	-0.02553883230535913
-0.9424777960769379	-0.029219628098743847
-0.926769832808989	-0.035685169409953706
-0.91106186954104	-0.045496246887227955
-0.8953539062730911	-0.06310428916956658
-0.8796459430051421	-0.09477595875192252
-0.8639379797371931	-0.16640170700206616
-0.8482300164692441	-0.39333972313946824
-0.8325220532012951	-3.3476131212126754
-0.8168140899333463	-10.944461259521388
-0.8011061266653973	-3.067012140853992
-0.7853981633974483	-0.4709269458005102
-0.7696902001294993	-0.1915660623282288
-0.7539822368615503	-0.1059154735088393
-0.7382742735936014	-0.06869428163150647
-0.7225663103256524	-0.04938337045742835
-0.7068583470577035	-0.03830066046009521
-0.6911503837897545	-0.03160351536741715
-0.6754424205218055	-0.02754934471918544
-0.6597344572538566	-0.025904558009734895
-0.6440264939859076	-0.02447316092998535
-0.6283185307179586	-0.0249136480408065
-0.6126105674500096	-0.026955007746887697
-0.5969026041820606	-0.030997627006660016
-0.5811946409141118	-0.038859859367014714
-0.5654866776461628	-0.08093607123969178
-0.5497787143782138	-1.2252638850252546
-0.5340707511102648	-0.13239973834745178
-0.5183627878423158	-0.2800276089659084
-0.5026548245743669	-1.2401086223961193
-0.48694686130641796	-48.10344650254436
-0.47123889803846897	-0.7797154506963778
-0.45553093477052	-0.5112368887634584
-0.43982297150257105	-0.23480998999510566
-0.42411500823462206	-0.08239738765666077
-0.4084070449666731	-0.05235188864381876
-0.39269908169872414	-0.03980234852283631
-0.37699111843077515	-0.03426658695401721
-0.3612831551628262	-0.033116589680772406
-0.34557519189487723	-0.03630224432827802
-0.3298672286269283	-0.04558871782587836
-0.3141592653589793	-0.06783891232031357
-0.2984513020910303	-0.12951658892327103
-0.2827433388230814	-0.39733060868072584
-0.2670353755551324	-8.588690813912986
-0.25132741228718347	-1.142681432100732
-0.23561944901923448	-0.2146524155789356
-0.21991148575128552	-0.09745695452679022
-0.20420352248333656	-0.0482732000307129
-0.18849555921538758	-0.030364527972683162
-0.17278759594743862	-0.02094280829217908
-0.15707963267948966	-0.015278534226345813
-0.1413716694115407	-0.011553254395422586
-0.12566370614359174	-0.008931816036614288
-0.10995574287564276	-0.006984073173716407
-0.09424777960769379	-0.005468711166333318
-0.07853981633974483	-0.004240706568444056
-0.06283185307179587	-0.0032075708852186656
-0.047123889803846894	-0.0023070168972753945
-0.031415926535897934	-0.0014957254656199584
-0.015707963267948967	-0.0009612099816092782
0.0	-2.2471334792111746e-17
0.015707963267948967	0.0009612099816092821
0.031415926535897934	0.0014957254656199931
0.047123889803846894	0.002307016897275356
0.06283185307179587	0.003207570885218711
0.07853981633974483	0.00424070656844405
0.09424777960769379	0.005468711166333304
0.10995574287564276	0.006984073173716409
0.12566370614359174	0.008931816036614275
0.1413716694115407	0.011553254395422267
0.15707963267948966	0.015278534226345843
0.17278759594743862	0.020942808292179073
0.18849555921538758	0.030364527972683155
0.20420352248333656	0.04827320003071306
0.21991148575128552	0.09745695452679026
0.23561944901923448	0.2146524155789364
0.25132741228718347	1.1426814321007364
0.2670353755551324	8.588690813913
0.2827433388230814	0.3973306086807261
0.2984513020910303	0.12951658892327095
0.3141592653589793	0.06783891232031351
0.3298672286269283	0.045588717825878394
0.34557519189487723	0.03630224432827798
0.3612831551628262	0.03311658968077233
0.37699111843077515	0.03426658695401718
0.39269908169872414	0.039802348522836366
0.4084070449666731	0.052351888643818865
0.42411500823462206	0.082397387656661
0.43982297150257105	0.23480998999510413
0.45553093477052	0.5112368887634581
0.47123889803846897	0.7797154506963794
0.48694686130641796	48.103446502544635
0.5026548245743669	1.2401086223961186
0.5183627878423158	0.2800276089659082
0.5340707511102648	0.13239973834745192
0.5497787143782138	1.2252638850252617
0.5654866776461628	0.0809360712396916
0.5811946409141118	0.03885985936701478
0.5969026041820606	0.0309976270066602
0.6126105674500096	0.02695500774688772
0.6283185307179586	0.024913648040806806
0.6440264939859076	0.024473160929985596
0.6597344572538566	0.025904558009735026
0.6754424205218055	0.027549344719185683
0.6911503837897545	0.03160351536741718
0.7068583470577035	0.03830066046009523
0.7225663103256524	0.049383370457428494
0.7382742735936014	0.06869428163150658
0.7539822368615503	0.10591547350883863
0.7696902001294993	0.19156606232822984
0.7853981633974483	0.47092694580051175
0.8011061266653973	3.067012140854008
0.8168140899333463	10.944461259521415
0.8325220532012951	3.347613121212708
0.8482300164692441	0.3933397231394684
0.8639379797371931	0.16640170700206666
0.8796459430051421	0.09477595875192342
0.8953539062730911	0.06310428916956687
0.91106186954104	0.04549624688722789
0.926769832808989	0.035685169409953726
0.9424777960769379	0.029219628098743722
0.9581857593448869	0.025538832305359433
0.9738937226128359	0.02376488911685289
0.9896016858807848	0.023948677568872503
1.0053096491487339	0.027162984976557395
1.0210176124166828	0.03771907444445367
1.0367255756846316	0.07890026880726148
1.0524335389525807	0.5757977524844465
1.0681415022205296	0.6357932630742474
1.0838494654884787	0.1016273198874996
1.0995574287564276	0.5831039766234586
1.1152653920243765	0.06722355714304336
1.1309733552923256	0.12427285352805861
1.1466813185602744	0.027918826027516268
1.1623892818282235	0.01801546485247048
1.1780972450961724	0.017616683552225485
1.1938052083641213	0.017967021578514212
1.2095131716320704	0.019317332495853365
1.2252211349000193	0.021705435785573005
1.2409290981679684	0.025682967831023005
1.2566370614359172	0.036029354273417816
1.2723450247038661	0.04940345977515896
1.2880529879718152	0.07087043014795909
1.303760951239764	1.0509158153951923
1.3194689145077132	0.1496055995657955
1.335176877775662	0.17114603118764488
1.350884841043611	0.37525004098341636
1.36659280431156	1.7307560512790698
1.382300767579509	39.156150045224834
1.398008730847458	2.671836848417421
1.413716694115407	0.4327161463816502
1.4294246573833558	0.14615550038893865
1.4451326206513049	0.087864575572563
1.4608405839192538	0.0643737649822518
1.4765485471872029	0.05329839290799919
1.4922565104551517	0.04871939736372455
1.5079644737231006	0.04881858893745306
1.5236724369910497	0.05269724003048945
1.5393804002589986	0.06181122966173841
1.5550883635269477	0.08000420014030073
1.5707963267948966	0.13078867090127896
1.5865042900628454	1.7435305357865354
1.6022122533307945	0.7209659889515687
1.6179202165987434	17.993059678948633
1.6336281798666925	3.5928371671694355
1.6493361431346414	3.356141554893314
1.6650441064025903	17.014836849551244
1.6807520696705394	3.9671791749687038
1.6964600329384882	1.9733213779086551
1.7121679962064373	0.35009649229060874
1.7278759594743862	0.16743864573348646
1.743583922742335	0.10682781354202446
1.7592918860102842	0.07053943806363534
1.774999849278233	0.06126902687554036
1.7907078125461822	0.040508272385380927
1.806415775814131	0.03260791088120003
1.82212373908208	0.027877307844657556
1.837831702350029	0.02757467905139769
1.853539665617978	0.8526883037944948
1.869247628885927	0.3084899897890762
1.8849555921538759	0.0941934878118286
1.9006635554218247	0.027116395626141775
1.9163715186897738	0.013761817861523678
1.9320794819577227	0.012287122901632938
1.9477874452256718	0.01433154862575849
1.9634954084936207	0.07765169017133611
1.9792033717615696	0.014937333829981766
1.9949113350295187	0.028105895747078943
2.0106192982974678	0.10913737600149741
2.0263272615654166	0.013410882820403683
2.0420352248333655	0.04632051393613374
2.0577431881013144	0.06444875890558742
2.0734511513692633	0.00776116552068156
2.0891591146372126	0.007786955393104747
2.1048670779051615	0.008697837549657902
2.1205750411731104	0.012426239617149035
2.1362830044410592	0.037499450173662185
2.151990967709008	0.21609700724579475
2.1676989309769574	0.06516069208214809
2.1834068942449063	0.08566248644031262
2.199114857512855	0.011942228202478138
2.214822820780804	0.011091969926391465
2.230530784048753	0.016378916606998153
2.2462387473167023	0.7014349713226863
2.261946710584651	0.014317412779159353
2.2776546738526	0.009460496000388651
2.293362637120549	0.009116141157656375
2.3090706003884978	0.009939491217117971
2.324778563656447	0.012306939163756522
2.340486526924396	0.014193298802497369
2.356194490192345	0.01788958158049159
2.3719024534602937	0.025524100553939645
2.3876104167282426	0.0715465669034576
2.403318379996192	0.07167359348374445
2.419026343264141	0.3763129848851255
2.4347343065320897	0.45715854207977863
2.4504422698000385	95.37500142068806
2.4661502330679874	0.5598713432728597
2.4818581963359367	23.373520126173524
2.4975661596038856	0.32397291127712563
2.5132741228718345	0.0927939497285498
2.5289820861397834	0.7509181071913995
2.5446900494077322	0.05522527648726238
2.5603980126756816	0.02283772421743765
2.5761059759436304	0.16090772022848218
2.5918139392115793	0.014021290333639212
2.607521902479528	0.015531642609674637
2.623229865747477	0.007895770606978754
2.6389378290154264	0.006500611314117145
2.6546457922833753	0.005805677221351991
2.670353755551324	0.013575285430511428
2.686061718819273	0.0052035048534703745
2.701769682087222	0.02473833156469685
2.7174776453551712	0.003955407989276809
2.73318560862312	0.0038328843459466168
2.748893571891069	0.0041281752801460465
2.764601535159018	0.005482943907626991
2.7803094984269667	0.015944661392908774
2.796017461694916	0.0468389995206322
2.811725424962865	0.4159639142534858
2.827433388230814	0.01195255296143693
2.8431413514987627	0.010539043787538635
2.8588493147667116	0.009571188001808804
2.874557278034661	0.006147012590833781
2.8902652413026098	0.0026593729733589743
2.9059732045705586	0.0021847729926546483
2.9216811678385075	0.002082207320075166
2.9373891311064564	0.002390549896616923
2.9530970943744057	0.005846065961475614
2.9688050576423546	0.025586789377581024
2.9845130209103035	0.0060521166526408075
3.0002209841782523	0.004587170576441332
3.015928947446201	0.01184843590667541
3.0316369107141505	0.0034113151567285766
3.0473448739820994	0.021908362204936443
3.0630528372500483	0.013107720698117019
3.078760800517997	0.0027580158903321795
3.094468763785946	0.005624891062506445
3.1101767270538954	0.0016505543226841227
3.1258846903218442	0.001148544288549006
3.141592653589793	0.0009932361522590396
3.157300616857742	0.0009151555810361812
3.173008580125691	0.0008631296372804538
3.18871654339364	0.0008269146338470256
3.204424506661589	0.0008225034159244839
3.220132469929538	0.0007947932392959763
3.235840433197487	0.0007801722229667866
3.2515483964654357	0.0007991810306817721
3.267256359733385	0.0009093992484043475
3.282964323001334	0.0011020187856225364
3.2986722862692828	0.0030486405504405643
3.3143802495372316	0.020248243096786203
3.3300882128051805	0.004282944189667044
3.34579617607313	0.001956676285628853
3.3615041393410787	0.015129589563058677
3.3772121026090276	0.0034367079126701636
3.3929200658769765	0.0013735471788372824
3.4086280291449254	0.0009668221425574525
3.4243359924128747	0.000668661981633195
3.4400439556808236	0.0005729073366372933
3.4557519189487724	0.000548168525336017
3.4714598822167213	0.0007016924832445641
3.48716784548467	0.0012037979446760314
3.5028758087526195	0.00046363205500625726
3.5185837720205684	0.0004459433130896054
3.5342917352885173	0.0004537342955221342
3.549999698556466	0.0004157657678646937
3.565707661824415	0.0004039708514488087
3.5814156250923643	0.00039337895649941114
3.597123588360313	0.00038369584423316334
3.612831551628262	0.0003758464889161423
3.628539514896211	0.0003665673703622553
3.64424747816416	0.0003591837886348182
3.659955441432109	0.0003530042070585842
3.675663404700058	0.00034927342513763515
3.691371367968007	0.000353500258753495
3.707079331235956	0.00042079173930036204
3.7227872945039047	0.0039033910187563094
3.738495257771854	0.0007109816496348081
3.754203221039803	0.0003265447714666601
3.7699111843077517	0.00031865475057077044
3.7856191475757006	0.0003922255046581871
3.8013271108436495	0.0004173701829356074
3.817035074111599	0.0002952158418052651
3.8327430373795477	0.0002837902602358015
3.8484510006474966	0.00027625715405366514
3.8641589639154454	0.00027038155161142227
3.8798669271833943	0.0002650739935339848
3.8955748904513436	0.0002600911206204784
3.9112828537192925	0.0002553436447768916
3.9269908169872414	0.00025078955229825207
3.9426987802551903	0.00024640857769810007
3.958406743523139	0.00024219652152540093
3.9741147067910885	0.0002381806695023659
3.9898226700590373	0.00023492234538178373
4.005530633326986	0.00023110671962422414
4.0212385965949355	0.00022999250951484494
4.036946559862884	0.00023038777273830797
4.052654523130833	0.00026029714253751726
4.068362486398782	0.0002383886318169491
4.084070449666731	0.00021799513611202664
4.09977841293468	0.0003638375506292433
4.115486376202629	0.0002117761937863946
4.131194339470578	0.0002034543547989241
4.146902302738527	0.00019945141920867985
4.162610266006476	0.00019607757416743936
4.178318229274425	0.00019293647525952203
4.194026192542374	0.00018992970318112536
4.209734155810323	0.00018702134890990124
4.225442119078272	0.00018419473480216968
4.241150082346221	0.00018144062483386298
4.25685804561417	0.00017875315141595681
4.2725660088821185	0.00017612816119632664
4.288273972150067	0.0001735624588970865
4.303981935418016	0.00017105342866181346
4.319689898685965	0.00016859883002724548
4.335397861953915	0.00016619668106932327
4.351105825221864	0.00016384518787338612
4.366813788489813	0.0001615426999462688
4.3825217517577615	0.00015928768082400398
4.39822971502571	0.00015707868793685264
4.413937678293659	0.00015491435831429355
4.429645641561608	0.00015279339809219517
4.445353604829557	0.00015071457456805392
4.461061568097506	0.00014867671001029007
4.476769531365456	0.00014667867670586798
4.4924774946334045	0.00014471939290323536
4.508185457901353	0.00014279781941741948
4.523893421169302	0.00014091295673559145
4.539601384437251	0.00013906384250870983
4.5553093477052	0.00013724954934690167
4.571017310973149	0.0001354691828582729
4.586725274241098	0.0001337218798861743
4.602433237509047	0.00013200680691090267
4.6181412007769955	0.00013032315858968273
4.633849164044944	0.0001286701564145241
4.649557127312894	0.00012704704747177798
4.665265090580843	0.0001254531032904495
4.680973053848792	0.00012388761876871865
4.696681017116741	0.00012234991116996275
4.71238898038469	0.00012083931918109449
4.7280969436526386	0.00011935520202708974
4.743804906920587	0.00011789693863652663
4.759512870188536	0.00011646392685369824
4.775220833456485	0.00011505558269339558
4.790928796724435	0.00011367133963501319
4.806636759992384	0.00011231064795299017
4.822344723260333	0.00011097297408094162
4.838052686528282	0.00010965780000710948
4.8537606497962305	0.00010836462269904288
4.869468613064179	0.00010709295355556991
4.885176576332128	0.0001058423178843377
4.900884539600077	0.00010461225440335378
4.916592502868026	0.00010340231476504966
4.932300466135975	0.0001022120631015866
4.948008429403924	0.00010104107559015327
4.9637163926718735	9.988894003715085e-5
4.979424355939822	9.875525548020428e-5
4.995132319207771	9.763963180706022e-5
5.01084028247572	9.654168939044299e-5
5.026548245743669	9.546105873807926e-5
5.042256209011618	9.439738015704881e-5
5.057964172279567	9.335030343180477e-5
5.073672135547516	9.231948751511669e-5
5.0893800988154645	9.13046002313419e-5
5.105088062083414	9.030531799140779e-5
5.120796025351363	8.932132551894395e-5
5.136503988619312	8.835231558703274e-5
5.152211951887261	8.739798876507793e-5
5.16791991515521	8.645805317533861e-5
5.183627878423159	8.553222425865195e-5
5.1993358416911075	8.46202245489634e-5
5.215043804959056	8.372178345622575e-5
5.230751768227005	8.283663705734557e-5
5.246459731494954	8.196452789477182e-5
5.262167694762903	8.110520478241524e-5
5.277875658030853	8.025842261858985e-5
5.293583621298802	7.942394220565383e-5
5.3092915845667505	7.860153007607132e-5
5.324999547834699	7.779095832463158e-5
5.340707511102648	7.699200444655875e-5
5.356415474370597	7.62044511812675e-5
5.372123437638546	7.542808636153209e-5
5.387831400906495	7.466270276785184e-5
5.403539364174444	7.39080979877922e-5
5.419247327442394	7.316407428011852e-5
5.4349552907103424	7.243043844349192e-5
5.450663253978291	7.170700168960219e-5
5.46637121724624	7.09935795205149e-5
5.482079180514189	7.028999161008429e-5
5.497787143782138	6.959606168927468e-5
5.513495107050087	6.891161743524427e-5
5.529203070318036	6.823649036403161e-5
5.544911033585985	6.757051572672305e-5
5.5606189968539335	6.691353240895191e-5
5.576326960121882	6.626538283362403e-5
5.592034923389832	6.562591286673187e-5
5.607742886657781	6.499497172614837e-5
5.62345084992573	6.437241189329218e-5
5.639158813193679	6.375808902756021e-5
5.654866776461628	6.315186188341013e-5
5.6705747397295765	6.255359223002686e-5
5.686282702997525	6.196314477344348e-5
5.701990666265474	6.138038708106325e-5
5.717698629533423	6.08051895084658e-5
5.733406592801373	6.0237425128444925e-5
5.749114556069322	5.9676969662172486e-5
5.764822519337271	5.912370141243591e-5
5.7805304826052195	5.857750119885946e-5
5.796238445873168	5.803825229505507e-5
5.811946409141117	5.750584036762636e-5
5.827654372409066	5.6980153416963154e-5
5.843362335677015	5.646108171977019e-5
5.859070298944964	5.594851777326535e-5
5.874778262212913	5.5442356240997295e-5
5.890486225480862	5.4942493900220937e-5
5.906194188748811	5.4448829590781166e-5
5.92190215201676	5.396126416545687e-5
5.937610115284709	5.3479700441719986e-5
5.953318078552658	5.3004043154848614e-5
5.969026041820607	5.2534198912366486e-5
5.984734005088556	5.2070076149760225e-5
6.000441968356505	5.161158508741843e-5
6.0161499316244536	5.1158637688784665e-5
6.031857894892402	5.071114761965191e-5
6.047565858160352	5.0269030208579856e-5
6.063273821428301	4.983220240840052e-5
6.07898178469625	4.940058275876297e-5
6.094689747964199	4.8974091349711726e-5
6.110397711232148	4.855264978622524e-5
6.126105674500097	4.813618115373321e-5
6.1418136377680455	4.772460998453442e-5
6.157521601035994	4.731786222512746e-5
6.173229564303943	4.69158652043995e-5
6.188937527571892	4.6518547602661435e-5
6.204645490839841	4.612583942148678e-5
6.220353454107791	4.57376719543621e-5
6.23606141737574	4.5353977758077774e-5
6.2517693806436885	4.497469062488828e-5
6.267477343911637	4.4599745555369514e-5
6.283185307179586	4.422907873199146e-5
6.298893270447535	4.3862627493366297e-5
6.314601233715484	4.350033030914965e-5
6.330309196983433	4.31421267555864e-5
6.346017160251382	4.2787957491675135e-5
6.3617251235193315	4.243776423593387e-5
6.37743308678728	4.209148974375029e-5
6.393141050055229	4.1749077785300265e-5
6.408849013323178	4.141047312402059e-5
6.424556976591127	4.1075621495608994e-5
6.440264939859076	4.074446958755252e-5
6.455972903127025	4.041696501915549e-5
6.471680866394974	4.0093056322063906e-5
6.4873888296629225	3.9772692921260326e-5
6.503096792930871	3.945582511652484e-5
6.51880475619882	3.914240406434668e-5
6.53451271946677	3.8832381760275393e-5
6.550220682734719	3.852571102169507e-5
6.565928646002668	3.822234547101339e-5
6.581636609270617	3.7922239519250334e-5
6.5973445725385655	3.762534835002248e-5
6.613052535806514	3.73316279039084e-5
6.628760499074463	3.704103486317689e-5
6.644468462342412	3.675352663688322e-5
6.660176425610361	3.646906134631031e-5
6.675884388878311	3.618759781075626e-5
6.69159235214626	3.590909553364593e-5
6.707300315414209	3.563351468897089e-5
6.7230082786821574	3.53608161080455e-5
6.738716241950106	3.509096126655891e-5
6.754424205218055	3.482391227193766e-5
6.770132168486004	3.4559631850984924e-5
6.785840131753953	3.4298083337813656e-5
6.801548095021902	3.4039230662046216e-5
6.817256058289851	3.3783038337287695e-5
6.8329640215578	3.3529471449851784e-5
6.848671984825749	3.327849564774897e-5
6.864379948093698	3.303007712991873e-5
6.880087911361647	3.278418263570145e-5
6.895795874629596	3.25407794345411e-5
6.911503837897545	3.2299835315930544e-5
6.927211801165494	3.2061318579563754e-5
6.942919764433443	3.182519802571376e-5
6.9586277277013915	3.159144294581888e-5
6.97433569096934	3.1360023113282384e-5
6.99004365423729	3.113090877446053e-5
7.005751617505239	3.090407063985955e-5
7.021459580773188	3.067947987551591e-5
7.037167544041137	3.045710809456523e-5
7.052875507309086	3.0236927348994524e-5
7.0685834705770345	3.0018910121569627e-5
7.084291433844983	2.980302931793688e-5
7.099999397112932	2.958925825889308e-5
7.115707360380881	2.9377570672820336e-5
7.13141532364883	2.9167940688280418e-5
7.147123286916779	2.8960342826766094e-5
7.162831250184729	2.8754751995609628e-5
7.1785392134526775	2.855114348103253e-5
7.194247176720626	2.8349492941343654e-5
7.209955139988575	2.8149776400286223e-5
7.225663103256524	2.7951970240516548e-5
7.241371066524473	2.7756051197213058e-5
7.257079029792422	2.756199635183472e-5
7.272786993060371	2.736978312598925e-5
7.28849495632832	2.7179389275438478e-5
7.304202919596269	2.6990792884227154e-5
7.319910882864218	2.6803972358924414e-5
7.335618846132167	2.6618906422988498e-5
7.351326809400116	2.643557411124512e-5
7.367034772668065	2.6253954764477898e-5
7.382742735936014	2.607402802412492e-5
7.398450699203963	2.5895773827086744e-5
7.414158662471912	2.5719172400634484e-5
7.4298666257398605	2.5544204257424198e-5
7.445574589007809	2.537085019060737e-5
7.461282552275758	2.5199091269037853e-5
7.476990515543708	2.5028908832579183e-5
7.492698478811657	2.4860284487500088e-5
7.508406442079606	2.4693200101963037e-5
7.524114405347555	2.4527637801598185e-5
7.5398223686155035	2.4363579965170903e-5
7.555530331883452	2.4201009220327255e-5
7.571238295151401	2.403990843942465e-5
7.58694625841935	2.3880260735448015e-5
7.602654221687299	2.3722049457996137e-5
7.618362184955249	2.3565258189355318e-5
7.634070148223198	2.340987074064133e-5
7.6497781114911465	2.3255871148020166e-5
7.665486074759095	2.310324366899981e-5
7.681194038027044	2.295197277879009e-5
7.696902001294993	2.280204316673962e-5
7.712609964562942	2.2653439732830526e-5
7.728317927830891	2.2506147584248707e-5
7.74402589109884	2.236015203201179e-5
7.759733854366789	2.221543858766585e-5
7.7754418176347375	2.207199296004244e-5
7.791149780902687	2.1929801052075075e-5
7.806857744170636	2.1788848957677773e-5
7.822565707438585	2.1649122958679915e-5
7.838273670706534	2.1510609521819084e-5
7.853981633974483	2.1373295295790326e-5
7.869689597242432	2.1237167108348145e-5
7.8853975605103805	2.1102211963463453e-5
7.901105523778329	2.0968417038532515e-5
7.916813487046278	2.0835769681637357e-5
7.932521450314228	2.0704257408857135e-5
7.948229413582177	2.05738679016248e-5
7.963937376850126	2.0444589004138143e-5
7.979645340118075	2.0316408720812027e-5
7.995353303386024	2.0189315213780702e-5
8.011061266653972	2.006329680044312e-5
8.026769229921921	1.9938341951053615e-5
8.042477193189871	1.9814439286355942e-5
8.058185156457819	1.969157757525813e-5
8.073893119725769	1.9569745732551694e-5
8.089601082993717	1.944893281666991e-5
8.105309046261667	1.932912802748418e-5
8.121017009529615	1.9210320704143432e-5
8.136724972797564	1.9092500322949838e-5
8.152432936065512	1.8975656495271194e-5
8.168140899333462	1.8859778965491357e-5
8.183848862601412	1.8744857608995892e-5
8.19955682586936	1.86308824301949e-5
8.21526478913731	1.851784356057635e-5
8.230972752405258	1.8405731256799228e-5
8.246680715673207	1.8294535898813845e-5
8.262388678941155	1.8184247988019504e-5
8.278096642209105	1.8074858145450743e-5
8.293804605477053	1.7966357109997637e-5
8.309512568745003	1.7858735736654686e-5
8.325220532012953	1.775198499480112e-5
8.3409284952809	1.764609596650864e-5
8.35663645854885	1.754105984488212e-5
8.372344421816798	1.743686793242419e-5
8.388052385084748	1.7333511639429793e-5
8.403760348352696	1.7230982482409725e-5
8.419468311620646	1.7129272082535865e-5
8.435176274888594	1.702837216411874e-5
8.450884238156544	1.6928274553105244e-5
8.466592201424492	1.6828971175606916e-5
8.482300164692441	1.673045405644826e-5
8.498008127960391	1.6632715317741756e-5
8.51371609122834	1.6535747177486854e-5
8.529424054496289	1.643954194819104e-5
8.545132017764237	1.634409203551416e-5
8.560839981032187	1.6249389936937333e-5
8.576547944300135	1.6155428240450256e-5
8.592255907568084	1.6062199623261937e-5
8.607963870836032	1.5969696850535303e-5
8.623671834103982	1.5877912774136877e-5
8.63937979737193	1.5786840331411756e-5
8.65508776063988	1.5696472543977964e-5
8.67079572390783	1.5606802516536846e-5
8.686503687175778	1.5517823435708465e-5
8.702211650443727	1.5429528568880563e-5
8.717919613711675	1.5341911263080535e-5
8.733627576979625	1.5254964943862175e-5
8.749335540247573	1.5168683114212668e-5
8.765043503515523	1.508305935347693e-5
8.780751466783471	1.4998087316297202e-5
8.79645943005142	1.4913760731572279e-5
8.81216739331937	1.4830073401433168e-5
8.827875356587318	1.474701920023094e-5
8.843583319855268	1.4664592073547581e-5
8.859291283123216	1.4582786037217346e-5
8.874999246391166	1.450159517636452e-5
8.890707209659114	1.4421013644457835e-5
8.906415172927064	1.4341035662379447e-5
8.922123136195012	1.4261655517507003e-5
8.937831099462962	1.418286756281252e-5
8.953539062730911	1.4104666215973077e-5
8.96924702599886	1.4027045958497338e-5
8.984954989266809	1.3950001334864494e-5
9.000662952534757	1.3873526951676073e-5
9.016370915802707	1.379761747682419e-5
9.032078879070655	1.3722267638667952e-5
9.047786842338605	1.3647472225225735e-5
9.063494805606553	1.357322608338092e-5
9.079202768874502	1.3499524118094825e-5
9.09491073214245	1.3426361291638071e-5
9.1106186954104	1.3353732622828423e-5
9.12632665867835	1.3281633186284595e-5
9.142034621946298	1.3210058111688686e-5
9.157742585214248	1.3139002583059975e-5
9.173450548482196	1.3068461838040133e-5
9.189158511750145	1.2998431167192385e-5
9.204866475018093	1.2928905913304684e-5
9.220574438286043	1.2859881470710373e-5
9.236282401553991	1.2791353284612949e-5
9.25199036482194	1.2723316850427667e-5
9.267698328089889	1.26557677131247e-5
9.283406291357839	1.2588701466591514e-5
9.299114254625788	1.2522113752996944e-5
9.314822217893736	1.2456000262168046e-5
9.330530181161686	1.2390356730978528e-5
9.346238144429634	1.2325178942740638e-5
9.361946107697584	1.2260462726611176e-5
9.377654070965532	1.2196203957003894e-5
9.393362034233482	1.2132398553011132e-5
9.40906999750143	1.2069042477833504e-5
9.42477796076938	1.2006131738218697e-5
9.44048592403733	1.1943662383908124e-5
9.456193887305277	1.1881630507092356e-5
9.471901850573227	1.1820032241872433e-5
9.487609813841175	1.1758863763731694e-5
9.503317777109125	1.1698121289014211e-5
9.519025740377073	1.1637801074410105e-5
9.534733703645022	1.1577899416449471e-5
9.55044166691297	1.1518412651002378e-5
9.56614963018092	1.1459337152787253e-5
9.58185759344887	1.1400669334887179e-5
9.597565556716818	1.13424056482693e-5
9.613273519984768	1.12845425813158e-5
9.628981483252716	1.1227076659358778e-5
9.644689446520665	1.1170004444222833e-5
9.660397409788613	1.1113322533773295e-5
9.676105373056563	1.1057027561472596e-5
9.691813336324511	1.100111619594103e-5
9.707521299592461	1.094558514052391e-5
9.723229262860409	1.0890431132867797e-5
9.738937226128359	1.0835650944498052e-5
9.754645189396308	1.078124138040548e-5
9.770353152664256	1.0727199278639503e-5
9.786061115932206	1.0673521509903175e-5
9.801769079200154	1.0620204977158565e-5
9.817477042468104	1.0567246615233637e-5
9.833185005736052	1.0514643390437621e-5
9.848892969004002	1.046239230018049e-5
9.86460093227195	1.0410490372596665e-5
9.8803088955399	1.0358934666176803e-5
9.896016858807847	1.0307722269401094e-5
9.911724822075797	1.0256850300381656e-5
9.927432785343747	1.0206315906505313e-5
9.943140748611695	1.0156116264085875e-5
9.958848711879645	1.0106248578018137e-5
9.974556675147593	1.0056710081436869e-5
9.990264638415542	1.0007498035382597e-5
10.00597260168349	9.958609728469586e-6
10.02168056495144	9.910042476559479e-6
10.037388528219388	9.86179362243939e-6
10.053096491487338	9.81386053550393e-6
10.068804454755288	9.7662406114426e-6
10.084512418023236	9.718931271929097e-6
10.100220381291185	9.671929964318581e-6
10.115928344559133	9.62523416134433e-6
10.131636307827083	9.57884136082344e-6
10.147344271095031	9.53274908536234e-6
10.163052234362981	9.486954882068688e-6
10.178760197630929	9.441456322266447e-6
10.194468160898879	9.39625100121438e-6
10.210176124166829	9.351336537828952e-6
10.225884087434777	9.306710574411188e-6
10.241592050702726	9.26237077637514e-6
10.257300013970674	9.218314831983263e-6
10.273007977238624	9.174540452082324e-6
10.288715940506572	9.131045369844081e-6
10.304423903774522	9.087827340510433e-6
10.32013186704247	9.044884141138852e-6
10.33583983031042	9.002213570354838e-6
10.351547793578368	8.959813448105509e-6
10.367255756846317	8.917681615416318e-6
10.382963720114267	8.875815934152063e-6
10.398671683382215	8.834214286779632e-6
10.414379646650165	8.792874576135794e-6
10.430087609918113	8.751794725196435e-6
10.445795573186063	8.710972676848458e-6
10.46150353645401	8.670406393666581e-6
10.47721149972196	8.63009385769128e-6
10.492919462989908	8.590033070210272e-6
10.508627426257858	8.550222051543222e-6
10.524335389525806	8.510658840827746e-6
10.540043352793756	8.471341495810182e-6
10.555751316061706	8.43226809263778e-6
10.571459279329654	8.393436725653519e-6
10.587167242597603	8.35484550719419e-6
10.602875205865551	8.316492567390883e-6
10.618583169133501	8.27837605397136e-6
10.634291132401449	8.240494132066294e-6
10.649999095669399	8.202844984016134e-6
10.665707058937347	8.165426809182195e-6
10.681415022205297	8.128237823759125e-6
10.697122985473246	8.091276260590223e-6
10.712830948741194	8.054540368984611e-6
10.728538912009144	8.018028414537174e-6
10.744246875277092	7.981738678950361e-6
10.759954838545042	7.945669459858638e-6
10.77566280181299	7.909819070654883e-6
10.79137076508094	7.874185840319505e-6
10.807078728348888	7.838768113249997e-6
10.822786691616837	7.803564249095326e-6
10.838494654884787	7.76857262258958e-6
10.854202618152735	7.733791623390102e-6
10.869910581420685	7.699219655915861e-6
10.885618544688633	7.664855139189087e-6
10.901326507956583	7.630696506677171e-6
10.91703447122453	7.596742206139283e-6
10.93274243449248	7.562990699471714e-6
10.948450397760428	7.5294404625576694e-6
10.964158361028378	7.496089985117695e-6
10.979866324296326	7.462937770561318e-6
10.995574287564276	7.429982335842668e-6
11.011282250832226	7.397222211315589e-6
11.026990214100174	7.364655940591914e-6
11.042698177368123	7.332282080400548e-6
11.058406140636071	7.300099200449382e-6
11.074114103904021	7.268105883287435e-6
11.08982206717197	7.236300724170247e-6
11.105530030439919	7.204682330925884e-6
11.121237993707867	7.173249323822851e-6
11.136945956975817	7.142000335439038e-6
11.152653920243765	7.110934010533507e-6
11.168361883511714	7.080049005918763e-6
11.184069846779664	7.0493439903351516e-6
11.199777810047612	7.018817644325667e-6
11.215485773315562	6.988468660114588e-6
11.23119373658351	6.958295741484329e-6
11.24690169985146	6.928297603656967e-6
11.262609663119408	6.898472973174878e-6
11.278317626387357	6.868820587784064e-6
11.294025589655305	6.839339196318405e-6
11.309733552923255	6.810027558584929e-6
11.325441516191205	6.780884445251392e-6
11.341149479459153	6.751908637733873e-6
11.356857442727103	6.723098928087572e-6
11.37256540599505	6.6944541188970475e-6
11.388273369263	6.665973023168496e-6
11.403981332530948	6.63765446422324e-6
11.419689295798898	6.609497275593333e-6
11.435397259066846	6.58150030091637e-6
11.451105222334796	6.55366239383297e-6
11.466813185602746	6.525982417886753e-6
11.482521148870694	6.498459246421611e-6
11.498229112138644	6.471091762483984e-6
11.513937075406592	6.443878858724881e-6
11.529645038674541	6.4168194373018e-6
11.54535300194249	6.389912409784333e-6
11.561060965210439	6.363156697058562e-6
11.576768928478387	6.3365512292338205e-6
11.592476891746337	6.310094945549928e-6
11.608184855014285	6.283786794286473e-6
11.623892818282235	6.25762573267116e-6
11.639600781550184	6.231610726792023e-6
11.655308744818132	6.205740751507614e-6
11.671016708086082	6.180014790360838e-6
11.68672467135403	6.15443183549201e-6
11.70243263462198	6.128990887553396e-6
11.718140597889928	6.103690955625871e-6
11.733848561157878	6.078531057134309e-6
11.749556524425826	6.053510217765835e-6
11.765264487693775	6.028627471387572e-6
11.780972450961723	6.0038818599678255e-6
11.796680414229673	5.979272433494174e-6
11.812388377497623	5.95479824989604e-6
11.82809634076557	5.930458374966658e-6
11.84380430403352	5.906251882286043e-6
11.859512267301469	5.8821778531441364e-6
11.875220230569418	5.858235376466877e-6
11.890928193837366	5.834423548740613e-6
11.906636157105316	5.810741473938477e-6
11.922344120373264	5.78718826344932e-6
11.938052083641214	5.763763036003194e-6
11.953760046909164	5.740464917601822e-6
11.969468010177112	5.717293041448217e-6
11.985175973445061	5.694246547876206e-6
12.00088393671301	5.671324584282441e-6
12.01659189998096	5.648526305058172e-6
12.032299863248907	5.625850871521463e-6
12.048007826516857	5.603297451851352e-6
12.063715789784805	5.580865221021697e-6
12.079423753052755	5.5585533607353955e-6
12.095131716320704	5.536361059361352e-6
12.110839679588652	5.514287511869847e-6
12.126547642856602	5.49233191977026e-6
12.14225560612455	5.470493491047507e-6
12.1579635693925	5.448771440102193e-6
12.173671532660448	5.427164987688171e-6
12.189379495928398	5.405673360853162e-6
12.205087459196346	5.384295792878959e-6
12.220795422464295	5.363031523222176e-6
12.236503385732243	5.341879797456279e-6
12.252211349000193	5.320839867213721e-6
12.267919312268143	5.2999109901289075e-6
12.283627275536091	5.279092429781956e-6
12.29933523880404	5.25838345564242e-6
12.315043202071989	5.2377833430144964e-6
12.330751165339938	5.21729137298223e-6
12.346459128607886	5.196906832355202e-6
12.362167091875836	5.176629013615548e-6
12.377875055143784	5.156457214864587e-6
12.393583018411734	5.136390739771315e-6
12.409290981679682	5.116428897519327e-6
12.424998944947632	5.096571002756481e-6
12.440706908215581	5.076816375544555e-6
12.45641487148353	5.057164341308113e-6
12.47212283475148	5.037614230785534e-6
12.487830798019427	5.018165379979941e-6
12.503538761287377	4.998817130110499e-6
12.519246724555325	4.979568827564531e-6
12.534954687823275	4.9604198238496405e-6
12.550662651091223	4.941369475547086e-6
12.566370614359172	4.92241714426513e-6
