-12.566370614359172	-2.445957159220945e-6
-12.550662651091223	-2.45536773141135e-6
-12.534954687823275	-2.464826925778493e-6
-12.519246724555325	-2.474335058610449e-6
-12.503538761287377	-2.483892448682043e-6
-12.487830798019427	-2.493499417277871e-6
-12.47212283475148	-2.5031562882154283e-6
-12.45641487148353	-2.5128633878686352e-6
-12.440706908215581	-2.5226210451915203e-6
-12.424998944947632	-2.532429591742272e-6
-12.409290981679682	-2.542289361707291e-6
-12.393583018411734	-2.552200691925872e-6
-12.377875055143784	-2.5621639219148584e-6
-12.362167091875836	-2.5721793938935658e-6
-12.346459128607886	-2.582247452809327e-6
-12.330751165339938	-2.592368446362682e-6
-12.315043202071989	-2.602542725033583e-6
-12.29933523880404	-2.612770642107181e-6
-12.283627275536091	-2.6230525537004646e-6
-12.267919312268143	-2.6333888187887862e-6
-12.252211349000193	-2.6437797992328795e-6
-12.236503385732243	-2.6542258598061312e-6
-12.220795422464295	-2.664727368222111e-6
-12.205087459196346	-2.675284695162431e-6
-12.189379495928398	-2.685898214304932e-6
-12.173671532660448	-2.6965683023521562e-6
-12.1579635693925	-2.707295339060028e-6
-12.14225560612455	-2.7180797072671246e-6
-12.126547642856602	-2.7289217929238835e-6
-12.110839679588652	-2.7398219851225403e-6
-12.095131716320704	-2.7507806761270297e-6
-12.079423753052755	-2.7617982614035416e-6
-12.063715789784805	-2.7728751396510336e-6
-12.048007826516857	-2.7840117128325064e-6
-12.032299863248907	-2.7952083862063487e-6
-12.01659189998096	-2.806465568358052e-6
-12.00088393671301	-2.8177836712323705e-6
-11.985175973445061	-2.829163110165868e-6
-11.969468010177112	-2.8406043039195356e-6
-11.953760046909164	-2.85210767471224e-6
-11.938052083641214	-2.863673648254123e-6
-11.922344120373264	-2.875302653780617e-6
-11.906636157105316	-2.886995124086805e-6
-11.890928193837366	-2.8987514955619954e-6
-11.875220230569418	-2.9105722082249848e-6
-11.859512267301469	-2.922457705759532e-6
-11.84380430403352	-2.934408435550054e-6
-11.82809634076557	-2.9464248487182113e-6
-11.812388377497623	-2.9585074001594233e-6
-11.796680414229673	-2.9706565485800915e-6
-11.780972450961723	-2.982872756535081e-6
-11.765264487693775	-2.9951564904657284e-6
-11.749556524425826	-3.0075082207382533e-6
-11.733848561157878	-3.019928421682598e-6
-11.718140597889928	-3.0324175716316632e-6
-11.70243263462198	-3.0449761529611295e-6
-11.68672467135403	-3.0576046521295457e-6
-11.671016708086082	-3.070303559719074e-6
-11.655308744818132	-3.083073370476581e-6
-11.639600781550184	-3.095914583355105e-6
-11.623892818282235	-3.108827701556065e-6
-11.608184855014285	-3.1218132325717943e-6
-11.592476891746337	-3.1348716882285503e-6
-11.576768928478387	-3.148003584729953e-6
-11.561060965210439	-3.1612094427012675e-6
-11.54535300194249	-3.1744897872337173e-6
-11.529645038674541	-3.18784514792968e-6
-11.513937075406592	-3.2012760589482487e-6
-11.498229112138644	-3.2147830590513816e-6
-11.482521148870694	-3.228366691650518e-6
-11.466813185602746	-3.242027504853818e-6
-11.451105222334796	-3.2557660515139813e-6
-11.435397259066846	-3.2695828892763886e-6
-11.419689295798898	-3.2834785806281734e-6
-11.403981332530948	-3.2974536929476972e-6
-11.388273369263	-3.3115087985543093e-6
-11.37256540599505	-3.325644474759423e-6
-11.356857442727103	-3.339861303917339e-6
-11.341149479459153	-3.3541598734773556e-6
-11.325441516191205	-3.36854077603607e-6
-11.309733552923255	-3.3830046093905844e-6
-11.294025589655305	-3.397551976592011e-6
-11.278317626387357	-3.412183486000061e-6
-11.262609663119408	-3.426899751337912e-6
-11.24690169985146	-3.4417013917478078e-6
-11.23119373658351	-3.4565890318475e-6
-11.215485773315562	-3.471563301787079e-6
-11.199777810047612	-3.486624837306912e-6
-11.184069846779664	-3.501774279795744e-6
-11.168361883511714	-3.517012276349816e-6
-11.152653920243765	-3.5323394798328047e-6
-11.136945956975817	-3.5477565489361743e-6
-11.121237993707867	-3.563264148240474e-6
-11.105530030439919	-3.578862948277365e-6
-11.08982206717197	-3.5945536255921697e-6
-11.074114103904021	-3.610336862807628e-6
-11.058406140636071	-3.6262133486879168e-6
-11.042698177368123	-3.642183778203909e-6
-11.026990214100174	-3.6582488525988046e-6
-11.011282250832226	-3.6744092794550416e-6
-10.995574287564276	-3.690665772761479e-6
-10.979866324296326	-3.7070190529819512e-6
-10.964158361028378	-3.723469847124107e-6
-10.948450397760428	-3.74001888880984e-6
-10.93274243449248	-3.7566669183455687e-6
-10.91703447122453	-3.7734146827945405e-6
-10.901326507956583	-3.7902629360489697e-6
-10.885618544688633	-3.8072124389038254e-6
-10.869910581420685	-3.824263959131149e-6
-10.854202618152735	-3.841418271555484e-6
-10.838494654884787	-3.858676158130098e-6
-10.822786691616837	-3.876038408014186e-6
-10.807078728348888	-3.893505817651202e-6
-10.79137076508094	-3.911079190847986e-6
-10.77566280181299	-3.928759338854848e-6
-10.759954838545042	-3.94654708044691e-6
-10.744246875277092	-3.964443242006225e-6
-10.728538912009144	-3.9824486576050754e-6
-10.712830948741194	-4.000564169090198e-6
-10.697122985473246	-4.01879062616819e-6
-10.681415022205297	-4.037128886491931e-6
-10.665707058937347	-4.055579815748156e-6
-10.649999095669399	-4.0741442877460886e-6
-10.634291132401449	-4.092823184507203e-6
-10.618583169133501	-4.111617396356219e-6
-10.602875205865551	-4.130527822013071e-6
-10.587167242597603	-4.149555368686275e-6
-10.571459279329654	-4.168700952167386e-6
-10.555751316061706	-4.187965496926618e-6
-10.540043352793756	-4.207349936209753e-6
-10.524335389525806	-4.226855212136416e-6
-10.508627426257858	-4.246482275799337e-6
-10.492919462989908	-4.2662320873651135e-6
-10.47721149972196	-4.286105616176308e-6
-10.46150353645401	-4.306103840854699e-6
-10.445795573186063	-4.326227749405851e-6
-10.430087609918113	-4.34647833932552e-6
-10.414379646650165	-4.366856617706632e-6
-10.398671683382215	-4.387363601348435e-6
-10.382963720114267	-4.4080003168666204e-6
-10.367255756846317	-4.428767800805018e-6
-10.351547793578368	-4.449667099748883e-6
-10.33583983031042	-4.470699270439342e-6
-10.32013186704247	-4.491865379889786e-6
-10.304423903774522	-4.513166505503431e-6
-10.288715940506572	-4.5346037351926105e-6
-10.273007977238624	-4.556178167499632e-6
-10.257300013970674	-4.577890911719278e-6
-10.241592050702726	-4.599743088022721e-6
-10.225884087434777	-4.621735827583413e-6
-10.210176124166829	-4.6438702727044e-6
-10.194468160898879	-4.666147576947465e-6
-10.178760197630929	-4.6885689052640215e-6
-10.163052234362981	-4.711135434127549e-6
-10.147344271095031	-4.733848351668161e-6
-10.131636307827083	-4.756708857808656e-6
-10.115928344559133	-4.779718164402552e-6
-10.100220381291185	-4.80287749537418e-6
-10.084512418023236	-4.826188086860117e-6
-10.068804454755288	-4.849651187353189e-6
-10.053096491487338	-4.8732680578480766e-6
-10.037388528219388	-4.8970399719888814e-6
-10.02168056495144	-4.920968216218728e-6
-10.00597260168349	-4.945054089931764e-6
-9.990264638415542	-4.969298905626559e-6
-9.974556675147593	-4.993703989062413e-6
-9.958848711879645	-5.01827067941698e-6
-9.943140748611695	-5.043000329446817e-6
-9.927432785343747	-5.0678943056496025e-6
-9.911724822075797	-5.092953988428868e-6
-9.896016858807847	-5.118180772261033e-6
-9.8803088955399	-5.1435760658645505e-6
-9.86460093227195	-5.169141292371547e-6
-9.848892969004002	-5.1948778895018685e-6
-9.833185005736052	-5.220787309739506e-6
-9.817477042468104	-5.2468710205115215e-6
-9.801769079200154	-5.273130504369428e-6
-9.786061115932206	-5.299567259173054e-6
-9.770353152664256	-5.326182798277285e-6
-9.754645189396308	-5.352978650721144e-6
-9.738937226128359	-5.379956361419439e-6
-9.723229262860409	-5.407117491357733e-6
-9.707521299592461	-5.434463617789108e-6
-9.691813336324511	-5.461996334434794e-6
-9.676105373056563	-5.48971725168677e-6
-9.660397409788613	-5.517627996813684e-6
-9.644689446520665	-5.545730214169861e-6
-9.628981483252716	-5.574025565406665e-6
-9.613273519984768	-5.602515729687691e-6
-9.597565556716818	-5.631202403906358e-6
-9.58185759344887	-5.660087302907147e-6
-9.56614963018092	-5.689172159709636e-6
-9.55044166691297	-5.718458725736176e-6
-9.534733703645022	-5.747948771042222e-6
-9.519025740377073	-5.777644084550955e-6
-9.503317777109125	-5.807546474290414e-6
-9.487609813841175	-5.837657767634438e-6
-9.471901850573227	-5.867979811547315e-6
-9.456193887305277	-5.89851447283148e-6
-9.44048592403733	-5.929263638379805e-6
-9.42477796076938	-5.960229215430161e-6
-9.40906999750143	-5.99141313182516e-6
-9.393362034233482	-6.022817336274806e-6
-9.377654070965532	-6.054443798623178e-6
-9.361946107697584	-6.086294510119593e-6
-9.346238144429634	-6.118371483693022e-6
-9.330530181161686	-6.150676754231117e-6
-9.314822217893736	-6.183212378863066e-6
-9.299114254625788	-6.2159804372470265e-6
-9.283406291357839	-6.248983031861422e-6
-9.267698328089889	-6.282222288301068e-6
-9.25199036482194	-6.3157003555771285e-6
-9.236282401553991	-6.3494194064224204e-6
-9.220574438286043	-6.383381637600554e-6
-9.204866475018093	-6.417589270219856e-6
-9.189158511750145	-6.452044550052673e-6
-9.173450548482196	-6.486749747858802e-6
-9.157742585214248	-6.5217071597141055e-6
-9.142034621946298	-6.556919107344027e-6
-9.12632665867835	-6.59238793846266e-6
-9.1106186954104	-6.6281160271160926e-6
-9.09491073214245	-6.664105774031959e-6
-9.079202768874502	-6.700359606973865e-6
-9.063494805606553	-6.7368799811011e-6
-9.047786842338605	-6.773669379334575e-6
-9.032078879070655	-6.810730312727435e-6
-9.016370915802707	-6.848065320842632e-6
-9.000662952534757	-6.885676972135008e-6
-8.984954989266809	-6.9235678643403094e-6
-8.96924702599886	-6.961740624870063e-6
-8.953539062730911	-7.000197911212301e-6
-8.937831099462962	-7.038942411338679e-6
-8.922123136195012	-7.077976844118335e-6
-8.906415172927064	-7.117303959737697e-6
-8.890707209659114	-7.156926540127504e-6
-8.874999246391166	-7.196847399395752e-6
-8.859291283123216	-7.237069384268425e-6
-8.843583319855268	-7.2775953745366055e-6
-8.827875356587318	-7.318428283510852e-6
-8.81216739331937	-7.359571058482739e-6
-8.79645943005142	-7.401026681193927e-6
-8.780751466783471	-7.442798168312601e-6
-8.765043503515523	-7.484888571917629e-6
-8.749335540247573	-7.527300979990407e-6
-8.733627576979625	-7.570038516914592e-6
-8.717919613711675	-7.613104343984265e-6
-8.702211650443727	-7.656501659919644e-6
-8.686503687175778	-7.70023370139183e-6
-8.67079572390783	-7.744303743555668e-6
-8.65508776063988	-7.788715100591295e-6
-8.63937979737193	-7.833471126254736e-6
-8.623671834103982	-7.87857521443767e-6
-8.607963870836032	-7.924030799735462e-6
-8.592255907568084	-7.969841358025789e-6
-8.576547944300135	-8.016010407055823e-6
-8.560839981032187	-8.062541507039516e-6
-8.545132017764237	-8.109438261264773e-6
-8.529424054496289	-8.156704316710574e-6
-8.51371609122834	-8.204343364674433e-6
-8.498008127960391	-8.252359141410067e-6
-8.482300164692441	-8.300755428776393e-6
-8.466592201424492	-8.349536054896377e-6
-8.450884238156544	-8.398704894827795e-6
-8.435176274888594	-8.448265871244884e-6
-8.419468311620646	-8.498222955131442e-6
-8.403760348352696	-8.548580166485864e-6
-8.388052385084748	-8.599341575037887e-6
-8.372344421816798	-8.65051130097774e-6
-8.35663645854885	-8.702093515697358e-6
-8.3409284952809	-8.75409244254457e-6
-8.325220532012953	-8.806512357590013e-6
-8.309512568745003	-8.859357590407242e-6
-8.293804605477053	-8.91263252486611e-6
-8.278096642209105	-8.966341599940041e-6
-8.262388678941155	-9.020489310526992e-6
-8.246680715673207	-9.075080208284876e-6
-8.230972752405258	-9.1301189024811e-6
-8.21526478913731	-9.185610060857326e-6
-8.19955682586936	-9.24155841050885e-6
-8.183848862601412	-9.297968738779688e-6
-8.168140899333462	-9.354845894173392e-6
-8.152432936065512	-9.412194787279142e-6
-8.136724972797564	-9.470020391715259e-6
-8.121017009529615	-9.528327745088397e-6
-8.105309046261667	-9.58712194997005e-6
-8.089601082993717	-9.646408174890787e-6
-8.073893119725769	-9.70619165535121e-6
-8.058185156457819	-9.766477694851927e-6
-8.042477193189871	-9.827271665941115e-6
-8.026769229921921	-9.888579011281601e-6
-8.011061266653972	-9.95040524473618e-6
-7.995353303386024	-1.0012755952473447e-5
-7.979645340118075	-1.0075636794092818e-5
-7.963937376850126	-1.0139053503770229e-5
-7.948229413582177	-1.0203011891425003e-5
-7.932521450314228	-1.0267517843906631e-5
-7.916813487046278	-1.0332577326204958e-5
-7.901105523778329	-1.0398196382681056e-5
-7.8853975605103805	-1.0464381138321375e-5
-7.869689597242432	-1.0531137800014734e-5
-7.853981633974483	-1.0598472657852818e-5
-7.838273670706534	-1.0666392086454696e-5
-7.822565707438585	-1.0734902546315729e-5
-7.806857744170636	-1.080401058518214e-5
-7.791149780902687	-1.0873722839450102e-5
-7.7754418176347375	-1.0944046035591858e-5
-7.759733854366789	-1.1014986991608153e-5
-7.74402589109884	-1.108655261850813e-5
-7.728317927830891	-1.1158749921816102e-5
-7.712609964562942	-1.1231586003108588e-5
-7.696902001294993	-1.1305068061578748e-5
-7.681194038027044	-1.1379203395631015e-5
-7.665486074759095	-1.1453999404506349e-5
-7.6497781114911465	-1.1529463589938213e-5
-7.634070148223198	-1.160560355784006e-5
-7.618362184955249	-1.1682427020025649e-5
-7.602654221687299	-1.1759941795961778e-5
-7.58694625841935	-1.183815581455514e-5
-7.571238295151401	-1.1917077115974091e-5
-7.555530331883452	-1.1996713853505028e-5
-7.5398223686155035	-1.2077074295444921e-5
-7.524114405347555	-1.2158166827031582e-5
-7.508406442079606	-1.2239999952410597e-5
-7.492698478811657	-1.2322582296641032e-5
-7.476990515543708	-1.240592260774142e-5
-7.461282552275758	-1.2490029758774867e-5
-7.445574589007809	-1.2574912749975926e-5
-7.4298666257398605	-1.2660580710919881e-5
-7.414158662471912	-1.2747042902734652e-5
-7.398450699203963	-1.2834308720357046e-5
-7.382742735936014	-1.2922387694834021e-5
-7.367034772668065	-1.3011289495670257e-5
-7.351326809400116	-1.3101023933222476e-5
-7.335618846132167	-1.3191600961142803e-5
-7.319910882864218	-1.3283030678870554e-5
-7.304202919596269	-1.3375323334175438e-5
-7.28849495632832	-1.3468489325752007e-5
-7.272786993060371	-1.3562539205867254e-5
-7.257079029792422	-1.3657483683062137e-5
-7.241371066524473	-1.3753333624908558e-5
-7.225663103256524	-1.385010006082329e-5
-7.209955139988575	-1.3947794184940336e-5
-7.194247176720626	-1.4046427359041317e-5
-7.1785392134526775	-1.4146011115548841e-5
-7.162831250184729	-1.4246557160580161e-5
-7.147123286916779	-1.434807737706585e-5
-7.13141532364883	-1.4450583827933915e-5
-7.115707360380881	-1.4554088759359656e-5
-7.099999397112932	-1.4658604604085416e-5
-7.084291433844983	-1.4764143984809667e-5
-7.0685834705770345	-1.4870719717648304e-5
-7.052875507309086	-1.4978344815669737e-5
-7.037167544041137	-1.508703249250481e-5
-7.021459580773188	-1.5196796166034449e-5
-7.005751617505239	-1.530764946215675e-5
-6.99004365423729	-1.541960621863503e-5
-6.97433569096934	-1.553268048902864e-5
-6.9586277277013915	-1.5646886546709077e-5
-6.942919764433443	-1.576223888896452e-5
-6.927211801165494	-1.5878752241192083e-5
-6.911503837897545	-1.5996441561183428e-5
-6.895795874629596	-1.6115322043503834e-5
-6.880087911361647	-1.623540912396721e-5
-6.864379948093698	-1.6356718484211315e-5
-6.848671984825749	-1.6479266056372848e-5
-6.8329640215578	-1.6603068027867885e-5
-6.817256058289851	-1.6728140846278393e-5
-6.801548095021902	-1.685450122434765e-5
-6.785840131753953	-1.6982166145088868e-5
-6.770132168486004	-1.7111152867008578e-5
-6.754424205218055	-1.724147892944748e-5
-6.738716241950106	-1.7373162158043562e-5
-6.7230082786821574	-1.7506220670318744e-5
-6.707300315414209	-1.764067288139343e-5
-6.69159235214626	-1.7776537509831912e-5
-6.675884388878311	-1.7913833583622748e-5
-6.660176425610361	-1.8052580446295703e-5
-6.644468462342412	-1.819279776318219e-5
-6.628760499074463	-1.8334505527819774e-5
-6.613052535806514	-1.8477724068506358e-5
-6.5973445725385655	-1.8622474055007735e-5
-6.581636609270617	-1.8768776505423004e-5
-6.565928646002668	-1.8916652793210736e-5
-6.550220682734719	-1.906612465438182e-5
-6.53451271946677	-1.921721419486342e-5
-6.51880475619882	-1.936994389803716e-5
-6.503096792930871	-1.9524336632458194e-5
-6.4873888296629225	-1.968041565975885e-5
-6.471680866394974	-1.9838204642743336e-5
-6.455972903127025	-1.9997727653676007e-5
-6.440264939859076	-2.0159009182772948e-5
-6.424556976591127	-2.0322074146898548e-5
-6.408849013323178	-2.0486947898474234e-5
-6.393141050055229	-2.0653656234606593e-5
-6.37743308678728	-2.082222540643897e-5
-6.3617251235193315	-2.099268212873432e-5
-6.346017160251382	-2.116505358969547e-5
-6.330309196983433	-2.133936746102913e-5
-6.314601233715484	-2.151565190826202e-5
-6.298893270447535	-2.1693935601314637e-5
-6.283185307179586	-2.1874247725341123e-5
-6.267477343911637	-2.205661799184259e-5
-6.2517693806436885	-2.2241076650062554e-5
-6.23606141737574	-2.2427654498672683e-5
-6.220353454107791	-2.261638289775462e-5
-6.204645490839841	-2.2807293781092156e-5
-6.188937527571892	-2.300041966877707e-5
-6.173229564303943	-2.319579368014254e-5
-6.157521601035994	-2.3393449547030648e-5
-6.1418136377680455	-2.359342162740586e-5
-6.126105674500097	-2.379574491932453e-5
-6.110397711232148	-2.4000455075271605e-5
-6.094689747964199	-2.420758841687288e-5
-6.07898178469625	-2.441718195000015e-5
-6.063273821428301	-2.4629273380273176e-5
-6.047565858160352	-2.484390112897951e-5
-6.031857894892402	-2.5061104349417707e-5
-6.0161499316244536	-2.52809229436816e-5
-6.000441968356505	-2.5503397579896058e-5
-5.984734005088556	-2.572856970992234e-5
-5.969026041820607	-2.5956481587544352e-5
-5.953318078552658	-2.6187176287151738e-5
-5.937610115284709	-2.64206977229365e-5
-5.92190215201676	-2.6657090668619144e-5
-5.906194188748811	-2.6896400777721334e-5
-5.890486225480862	-2.713867460440045e-5
-5.874778262212913	-2.7383959624869085e-5
-5.859070298944964	-2.7632304259412487e-5
-5.843362335677015	-2.7883757895028417e-5
-5.827654372409066	-2.813837090870611e-5
-5.811946409141117	-2.8396194691367927e-5
-5.796238445873168	-2.8657281672493988e-5
-5.7805304826052195	-2.8921685345452996e-5
-5.764822519337271	-2.918946029356251e-5
-5.749114556069322	-2.9460662216903227e-5
-5.733406592801373	-2.9735347959913198e-5
-5.717698629533423	-3.0013575539786235e-5
-5.701990666265474	-3.029540417570462e-5
-5.686282702997525	-3.058089431893301e-5
-5.6705747397295765	-3.087010768380143e-5
-5.654866776461628	-3.116310727961227e-5
-5.639158813193679	-3.145995744349893e-5
-5.62345084992573	-3.176072387427045e-5
-5.607742886657781	-3.2065473667278433e-5
-5.592034923389832	-3.23742753503398e-5
-5.576326960121882	-3.26871989207533e-5
-5.5606189968539335	-3.300431588344825e-5
-5.544911033585985	-3.332569929030786e-5
-5.529203070318036	-3.3651423780705576e-5
-5.513495107050087	-3.398156562330052e-5
-5.497787143782138	-3.431620275913878e-5
-5.482079180514189	-3.465541484610334e-5
-5.46637121724624	-3.499928330476688e-5
-5.450663253978291	-3.534789136569665e-5
-5.4349552907103424	-3.570132411826445e-5
-5.419247327442394	-3.605966856102009e-5
-5.403539364174444	-3.642301365368202e-5
-5.387831400906495	-3.6791450370812415e-5
-5.372123437638546	-3.716507175723378e-5
-5.356415474370597	-3.7543972985256366e-5
-5.340707511102648	-3.792825141378653e-5
-5.324999547834699	-3.831800664938492e-5
-5.3092915845667505	-3.8713340609352314e-5
-5.293583621298802	-3.911435758691871e-5
-5.277875658030853	-3.952116431862358e-5
-5.262167694762903	-3.99338700539637e-5
-5.246459731494954	-4.035258662740992e-5
-5.230751768227005	-4.0777428532875234e-5
-5.215043804959056	-4.120851300073898e-5
-5.1993358416911075	-4.16459600775288e-5
-5.183627878423159	-4.2089892708365444e-5
-5.16791991515521	-4.254043682228373e-5
-5.152211951887261	-4.299772142054805e-5
-5.136503988619312	-4.346187866808394e-5
-5.120796025351363	-4.3933043988156495e-5
-5.105088062083414	-4.4411356160426725e-5
-5.0893800988154645	-4.4896957422532794e-5
-5.073672135547516	-4.5389993575339626e-5
-5.057964172279567	-4.5890614092017196e-5
-5.042256209011618	-4.639897223110206e-5
-5.026548245743669	-4.69152251537266e-5
-5.01084028247572	-4.7439534045182985e-5
-4.995132319207771	-4.7972064241016804e-5
-4.979424355939822	-4.851298535784938e-5
-4.9637163926718735	-4.906247142913266e-5
-4.948008429403924	-4.962070104605914e-5
-4.932300466135975	-5.018785750385731e-5
-4.916592502868026	-5.07641289537078e-5
-4.900884539600077	-5.1349708560547664e-5
-4.885176576332128	-5.194479466701589e-5
-4.869468613064179	-5.2549590963836014e-5
-4.8537606497962305	-5.3164306666920876e-5
-4.838052686528282	-5.378915670152245e-5
-4.822344723260333	-5.442436189375091e-5
-4.806636759992384	-5.5070149169814175e-5
-4.790928796724435	-5.572675176334165e-5
-4.775220833456485	-5.6394409431184725e-5
-4.759512870188536	-5.707336867809708e-5
-4.743804906920587	-5.776388299073399e-5
-4.7280969436526386	-5.846621308141888e-5
-4.71238898038469	-5.9180627142169846e-5
-4.696681017116741	-5.99074011094848e-5
-4.680973053848792	-6.0646818940440386e-5
-4.665265090580843	-6.13991729006594e-5
-4.649557127312894	-6.216476386476676e-5
-4.633849164044944	-6.294390162997139e-5
-4.6181412007769955	-6.37369052434498e-5
-4.602433237509047	-6.454410334425974e-5
-4.586725274241098	-6.536583452054577e-5
-4.571017310973149	-6.620244768285547e-5
-4.5553093477052	-6.705430245442141e-5
-4.539601384437251	-6.792176957933892e-5
-4.523893421169302	-6.880523134960724e-5
-4.508185457901353	-6.970508205208039e-5
-4.4924774946334045	-7.062172843643248e-5
-4.476769531365456	-7.155559020531867e-5
-4.461061568097506	-7.250710052799035e-5
-4.445353604829557	-7.347670657870445e-5
-4.429645641561608	-7.44648701013693e-5
-4.413937678293659	-7.547206800194617e-5
-4.39822971502571	-7.649879297025486e-5
-4.3825217517577615	-7.754555413293545e-5
-4.366813788489813	-7.861287773943078e-5
-4.351105825221864	-7.970130788302108e-5
-4.335397861953915	-8.081140725905261e-5
-4.319689898685965	-8.194375796267836e-5
-4.303981935418016	-8.30989623286095e-5
-4.288273972150067	-8.427764381554086e-5
-4.2725660088821185	-8.548044793813866e-5
-4.25685804561417	-8.670804324969482e-5
-4.241150082346221	-8.796112237878944e-5
-4.225442119078272	-8.924040312358596e-5
-4.209734155810323	-9.054662960765698e-5
-4.194026192542374	-9.188057350157675e-5
-4.178318229274425	-9.324303531486536e-5
-4.162610266006476	-9.463484576324125e-5
-4.146902302738527	-9.605686721660382e-5
-4.131194339470578	-9.750999523360754e-5
-4.115486376202629	-9.899516018923122e-5
-4.09977841293468	-0.00010051332900233582
-4.084070449666731	-0.00010206550697083595
-4.068362486398782	-0.00010365273972285502
-4.052654523130833	-0.00010527611529302289
-4.036946559862884	-0.00010693676633400523
-4.0212385965949355	-0.00010863587247435839
-4.005530633326986	-0.00011037466283495863
-3.9898226700590373	-0.00011215441871756133
-3.9741147067910885	-0.00011397647648052971
-3.958406743523139	-0.00011584223061842624
-3.9426987802551903	-0.00011775313706413658
-3.9269908169872414	-0.0001197107167343577
-3.9112828537192925	-0.00012171655934186815
-3.8955748904513436	-0.00012377232750092806
-3.8798669271833943	-0.00012587976115562038
-3.8641589639154454	-0.0001280406823649531
-3.8484510006474966	-0.00013025700048329325
-3.8327430373795477	-0.00013253071778031672
-3.817035074111599	-0.00013486393555134498
-3.8013271108436495	-0.00013725886077695714
-3.7856191475757006	-0.00013971781340047008
-3.7699111843077517	-0.00014224323430365603
-3.754203221039803	-0.00014483769407556794
-3.738495257771854	-0.0001475039026871982
-3.7227872945039047	-0.00015024472020706625
-3.707079331235956	-0.00015306316872094064
-3.691371367968007	-0.00015596244565466489
-3.675663404700058	-0.0001589459387450042
-3.659955441432109	-0.0001620172429630614
-3.64424747816416	-0.00016518017977316238
-3.628539514896211	-0.00016843881921403843
-3.612831551628262	-0.00017179750542910865
-3.597123588360313	-0.0001752608864630589
-3.5814156250923643	-0.0001788339494049947
-3.565707661824415	-0.00018252206232671184
-3.549999698556466	-0.00018633102498817215
-3.5342917352885173	-0.00019026713103855334
-3.5185837720205684	-0.00019433724555201554
-3.5028758087526195	-0.00019854890339892768
-3.48716784548467	-0.0002029104364871047
-3.4714598822167213	-0.00020743114185291334
-3.4557519189487724	-0.00021212150886599078
-3.4400439556808236	-0.00021699353406933608
-3.4243359924128747	-0.00022206116938248196
-3.4086280291449254	-0.0002273409791319299
-3.3929200658769765	-0.00023285313451203578
-3.3772121026090276	-0.00023862297266962946
-3.3615041393410787	-0.0002446835385119443
-3.34579617607313	-0.0002510799155126399
-3.3300882128051805	-0.0002578769874350958
-3.3143802495372316	-0.0002651741969075845
-3.2986722862692828	-0.00027313566971565054
-3.282964323001334	-0.00028205731630144196
-3.267256359733385	-0.00029253393037983083
-3.2515483964654357	-0.00030594213879250626
-3.235840433197487	-0.00032616637067787264
-3.220132469929538	-0.0003682306464452783
-3.204424506661589	-0.0005417124340623623
-3.18871654339364	-0.02084455175018969
-3.173008580125691	-0.0006672767750859578
-3.157300616857742	-0.00041959606905001885
-3.141592653589793	-0.00038753099885651977
-3.1258846903218442	-0.000384630802710821
-3.1101767270538954	-0.0003903914650100577
-3.094468763785946	-0.0004000411592695821
-3.078760800517997	-0.00041206711041582287
-3.0630528372500483	-0.0004259430834480869
-3.0473448739820994	-0.00044153467788670867
-3.0316369107141505	-0.0004589134067788321
-3.015928947446201	-0.00047830360272898745
-3.0002209841782523	-0.0005000915969957392
-2.9845130209103035	-0.0005248885963078722
-2.9688050576423546	-0.0005536793752702957
-2.9530970943744057	-0.0005881656292833935
-2.9373891311064564	-0.0006316573363247906
-2.9216811678385075	-0.0006918921744056377
-2.9059732045705586	-0.0007931176707990131
-2.8902652413026098	-0.0010643335155531295
-2.874557278034661	-0.004708661986334544
-2.8588493147667116	-0.002672263712881917
-2.8431413514987627	-0.00130929188174921
-2.827433388230814	-0.0014150578863490488
-2.811725424962865	-0.002077618467471025
-2.796017461694916	-0.07532046080591064
-2.7803094984269667	-0.004321776790901123
-2.764601535159018	-0.010899662296244082
-2.748893571891069	-0.7005886747360095
-2.73318560862312	-0.23684946821903102
-2.7174776453551712	-0.02002196296997318
-2.701769682087222	-0.0036973225250996064
-2.686061718819273	-0.0023679994621738174
-2.670353755551324	-0.002076942417230147
-2.6546457922833753	-0.005668131245476134
-2.6389378290154264	-0.0016580131199928658
-2.623229865747477	-0.001559416735137514
-2.607521902479528	-0.0015637408119111326
-2.5918139392115793	-0.001608878342724007
-2.5761059759436304	-0.001682395046266556
-2.5603980126756816	-0.001780938549658863
-2.5446900494077322	-0.0019048991071743526
-2.5289820861397834	-0.002057345051294201
-2.5132741228718345	-0.002244402104131095
-2.4975661596038856	-0.0024773500801692555
-2.4818581963359367	-0.0027799372717569144
-2.4661502330679874	-0.003224228616756847
-2.4504422698000385	-0.006004551901782583
-2.4347343065320897	-0.0192892827436071
-2.419026343264141	-0.006895328199967631
-2.403318379996192	-0.005680863153251234
-2.3876104167282426	-0.006567740519787311
-2.3719024534602937	-0.008134906849462187
-2.356194490192345	-0.010859586006096232
-2.340486526924396	-0.016878038353067382
-2.324778563656447	-0.05804931805788877
-2.3090706003884978	-0.20257393159478312
-2.293362637120549	-0.06240311079936479
-2.2776546738526	-0.21655138055464235
-2.261946710584651	-9.321021518466
-2.2462387473167023	-0.2194498279566037
-2.230530784048753	-0.1051943741847178
-2.214822820780804	-0.2177143893191482
-2.199114857512855	-2.563195321443267
-2.1834068942449063	-0.9850990694543572
-2.1676989309769574	-0.1675461970030351
-2.151990967709008	-0.2411269753843708
-2.1362830044410592	-0.16103343887828978
-2.1205750411731104	-0.040006336146244416
-2.1048670779051615	-0.0330826550952698
-2.0891591146372126	-2.89658184728889
-2.0734511513692633	-0.028884243282892748
-2.0577431881013144	-0.012279015080429025
-2.0420352248333655	-0.009013009325731016
-2.0263272615654166	-0.007616321208470508
-2.0106192982974678	-0.007645771401582677
-1.9949113350295187	-0.010082914519353663
-1.9792033717615696	-0.007924251057734992
-1.9634954084936207	-0.013725208881394967
-1.9477874452256718	-0.26846413328912466
-1.9320794819577227	-0.027469030488969256
-1.9163715186897738	-0.008554686891359834
-1.9006635554218247	-0.00605850066268796
-1.8849555921538759	-0.006167490669440562
-1.869247628885927	-0.30868546413459486
-1.853539665617978	-0.005839557160942465
-1.837831702350029	-0.005308863809497501
-1.82212373908208	-0.006500113196256161
-1.806415775814131	-0.005859341564481905
-1.7907078125461822	-0.008100492926781422
-1.774999849278233	-0.033713856778800864
-1.7592918860102842	-0.04898984702509533
-1.743583922742335	-0.011174857890568652
-1.7278759594743862	-0.007852241795900711
-1.7121679962064373	-0.007746009859181186
-1.6964600329384882	-0.00830397896343487
-1.6807520696705394	-0.009275996845584356
-1.6650441064025903	-0.010676781763292061
-1.6493361431346414	-0.012654770834472282
-1.6336281798666925	-0.015528360808541168
-1.6179202165987434	-0.0203526583512271
-1.6022122533307945	-0.0298062250864746
-1.5865042900628454	-0.057947420304506295
-1.5707963267948966	-0.22687677564760492
-1.5550883635269477	-1.90598030992624
-1.5393804002589986	-0.15255133075491314
-1.5236724369910497	-0.8604657964309312
-1.5079644737231006	-0.3140065114144359
-1.4922565104551517	-0.10361715717597429
-1.4765485471872029	-0.1595784296334637
-1.4608405839192538	-1.8480356727003053
-1.4451326206513049	-1.0149566212715322
-1.4294246573833558	-33.958772589970785
-1.413716694115407	-2.2076678976707083
-1.398008730847458	-0.4459304014224489
-1.382300767579509	-0.18869668735583633
-1.36659280431156	-0.10639539039152274
-1.350884841043611	-0.07107785283304731
-1.335176877775662	-0.054485925058405785
-1.3194689145077132	-0.04907351734540802
-1.303760951239764	-0.059461808500976404
-1.2880529879718152	-0.1838423459749354
-1.2723450247038661	-0.6787957080560044
-1.2566370614359172	-0.1031587671826259
-1.2409290981679684	-0.17787722599814607
-1.2252211349000193	-2.6383582693250798
-1.2095131716320704	-0.6156874367927493
-1.1938052083641213	-0.8748079638838656
-1.1780972450961724	-0.08717569188523534
-1.1623892818282235	-0.1719918218263437
-1.1466813185602744	-0.04619017216756223
-1.1309733552923256	-0.04945221576504196
-1.1152653920243765	-0.10403436790456658
-1.0995574287564276	-0.019468513474544487
-1.0838494654884787	-0.01439952258224013
-1.0681415022205296	-0.01424120521228028
-1.0524335389525807	-0.01828647145015535
-1.0367255756846316	-0.03778643255965909
-1.0210176124166828	-0.36193560105721695
-1.0053096491487339	-0.17735436143265626
-0.9896016858807848	-1.6335242421717533
-0.9738937226128359	-0.03179580313480182
-0.9581857593448869	-0.013188878422613045
-0.9424777960769379	-0.008924920347557192
-0.926769832808989	-0.007170529220981112
-0.91106186954104	-0.006304920229940474
-0.8953539062730911	-0.005877611479601185
-0.8796459430051421	-0.005801590790608842
-0.8639379797371931	-0.005896456303534847
-0.8482300164692441	-0.00644991399889777
-0.8325220532012951	-0.00789652254901445
-0.8168140899333463	-0.018736512308002922
-0.8011061266653973	-0.01314333169629517
-0.7853981633974483	-0.10215562852659185
-0.7696902001294993	-0.03366139690296522
-0.7539822368615503	-0.09091385195146327
-0.7382742735936014	-4.344181421768144
-0.7225663103256524	-0.17051532253235172
-0.7068583470577035	-0.03950000922783236
-0.6911503837897545	-0.03522516859666969
-0.6754424205218055	-0.017313336546893043
-0.6597344572538566	-0.03056562968859287
-0.6440264939859076	-0.7576921696371198
-0.6283185307179586	-0.021538740686573292
-0.6126105674500096	-0.013453806631920544
-0.5969026041820606	-0.012746643316542034
-0.5811946409141118	-0.013841121733261625
-0.5654866776461628	-0.01622711625760924
-0.5497787143782138	-0.02066434635900773
-0.5340707511102648	-0.026834816982891807
-0.5183627878423158	-0.03675476342720431
-0.5026548245743669	-0.055792834048258584
-0.48694686130641796	-0.09641977185938282
-0.47123889803846897	-0.2074043826266558
-0.45553093477052	-0.7395753661589122
-0.43982297150257105	-50.6681129734371
-0.42411500823462206	-1.1925107341457264
-0.4084070449666731	-0.2628538735027209
-0.39269908169872414	-0.11231856783966103
-0.37699111843077515	-0.06212331253074298
-0.3612831551628262	-0.03944499779323411
-0.34557519189487723	-0.02725580590056933
-0.3298672286269283	-0.02019427176571721
-0.3141592653589793	-0.016742164254115573
-0.2984513020910303	-0.39198477471472426
-0.2827433388230814	-0.012826368692740212
-0.2670353755551324	-0.008233404253493821
-0.25132741228718347	-0.006652413450125498
-0.23561944901923448	-0.00552924220345269
-0.21991148575128552	-0.0046612894397468465
-0.20420352248333656	-0.0040862783494318156
-0.18849555921538758	-0.00338397713751
-0.17278759594743862	-0.0029178818400101814
-0.15707963267948966	-0.0024809028388341585
-0.1413716694115407	-0.0021192817188597575
-0.12566370614359174	-0.0018017767361890303
-0.10995574287564276	-0.0015209036845869695
-0.09424777960769379	-0.0013106247133150147
-0.07853981633974483	-0.0011039248309346102
-0.06283185307179587	-0.0008048441864387316
-0.047123889803846894	-0.0005899704159095393
-0.031415926535897934	-0.00038799993830568026
-0.015707963267948967	-0.00019245467644094733
0.0	1.4031858131099687e-5
0.015707963267948967	0.0001925672271744168
0.031415926535897934	0.0003880275981782647
0.047123889803846894	0.0005899822742660566
0.06283185307179587	0.0008048504719797977
0.07853981633974483	0.0011039282298685909
0.09424777960769379	0.0013106270578772089
0.10995574287564276	0.0015209050003330774
0.12566370614359174	0.0018017774008320885
0.1413716694115407	0.0021192818724537813
0.15707963267948966	0.002480902551050396
0.17278759594743862	0.0029178810976112014
0.18849555921538758	0.003383976028520798
0.20420352248333656	0.0040862769066397076
0.21991148575128552	0.004661287248222351
0.23561944901923448	0.005529239238038053
0.25132741228718347	0.00665240930922933
0.2670353755551324	0.008233397664630854
0.2827433388230814	0.012826406572691474
0.2984513020910303	0.3920013381992632
0.3141592653589793	0.016742164510089995
0.3298672286269283	0.020194254735751392
0.34557519189487723	0.027255776785981265
0.3612831551628262	0.03944494636047569
0.37699111843077515	0.06212321332695629
0.39269908169872414	0.11231832793392874
0.4084070449666731	0.26285302720448167
0.42411500823462206	1.1925027049949992
0.43982297150257105	50.670043661053576
0.45553093477052	0.7395791387585676
0.47123889803846897	0.2074049307546604
0.48694686130641796	0.0964199417184965
0.5026548245743669	0.05579290603099354
0.5183627878423158	0.03675479990472465
0.5340707511102648	0.026834834129421874
0.5497787143782138	0.02066436363374276
0.5654866776461628	0.016227125437626087
0.5811946409141118	0.01384112838654823
0.5969026041820606	0.012746648734360287
0.6126105674500096	0.013453812950265183
0.6283185307179586	0.021538762965070592
0.6440264939859076	0.757701181867337
0.6597344572538566	0.030565585520795496
0.6754424205218055	0.01731333445452818
0.6911503837897545	0.03522505545539652
0.7068583470577035	0.03950001549899435
0.7225663103256524	0.17051529796023793
0.7382742735936014	4.3441797823561465
0.7539822368615503	0.0909138668309244
0.7696902001294993	0.03366138218080117
0.7853981633974483	0.10215691905778725
0.8011061266653973	0.013143337059226639
0.8168140899333463	0.018736520745698055
0.8325220532012951	0.0078965245309741
0.8482300164692441	0.006449915689310656
0.8639379797371931	0.005896457335061965
0.8796459430051421	0.005801591598416529
0.8953539062730911	0.0058776124927388635
0.91106186954104	0.006304921521641187
0.926769832808989	0.007170530577491625
0.9424777960769379	0.00892492206643542
0.9581857593448869	0.013188879910087445
0.9738937226128359	0.03179578179691248
0.9896016858807848	1.633549919157497
1.0053096491487339	0.17735455538820363
1.0210176124166828	0.3619354811482228
1.0367255756846316	0.03778643619734964
1.0524335389525807	0.01828647413617284
1.0681415022205296	0.014241204796756696
1.0838494654884787	0.014399517354328003
1.0995574287564276	0.01946848884895734
1.1152653920243765	0.10403322168228891
1.1309733552923256	0.049452402810833976
1.1466813185602744	0.04619016274683284
1.1623892818282235	0.17199185650060966
1.1780972450961724	0.08717552029736057
1.1938052083641213	0.874821613037429
1.2095131716320704	0.6156875633916389
1.2252211349000193	2.6383586087510467
1.2409290981679684	0.17787715093888995
1.2566370614359172	0.10315856318376324
1.2723450247038661	0.6787828931958847
1.2880529879718152	0.1838438821784287
1.303760951239764	0.05946192672671759
1.3194689145077132	0.04907356040099303
1.335176877775662	0.05448596266676321
1.350884841043611	0.07107790525628811
1.36659280431156	0.10639548540747351
1.382300767579509	0.188696908530092
1.398008730847458	0.44593117895287426
1.413716694115407	2.207676004027842
1.4294246573833558	33.958339590381534
1.4451326206513049	1.0149545107876081
1.4608405839192538	1.8480586155284808
1.4765485471872029	0.15957829389871797
1.4922565104551517	0.10361707653795102
1.5079644737231006	0.3140105849914526
1.5236724369910497	0.8604581064413245
1.5393804002589986	0.1525509423693563
1.5550883635269477	1.9059324853477098
1.5707963267948966	0.22687810651122087
1.5865042900628454	0.05794749741877961
1.6022122533307945	0.029806235263042928
1.6179202165987434	0.020352658967399215
1.6336281798666925	0.015528359491499963
1.6493361431346414	0.012654769897037435
1.6650441064025903	0.01067678028182074
1.6807520696705394	0.009275995444635442
1.6964600329384882	0.00830397765101728
1.7121679962064373	0.00774600836560808
1.7278759594743862	0.007852239189181126
1.743583922742335	0.011174846744352051
1.7592918860102842	0.0489896929956577
1.774999849278233	0.033714133279241366
1.7907078125461822	0.008100502302539354
1.806415775814131	0.005859342926774416
1.82212373908208	0.0065000583745576995
1.837831702350029	0.005308860418213268
1.853539665617978	0.005839548736893253
1.869247628885927	0.3086872847677768
1.8849555921538759	0.006167498982675474
1.9006635554218247	0.006058502313045143
1.9163715186897738	0.008554688835206372
1.9320794819577227	0.027469049199903676
1.9477874452256718	0.26846304398086274
1.9634954084936207	0.01372520344911043
1.9792033717615696	0.007924251086117386
1.9949113350295187	0.010082923772866488
2.0106192982974678	0.00764577321552319
2.0263272615654166	0.007616325140054769
2.0420352248333655	0.009013016184077195
2.0577431881013144	0.01227903135321471
2.0734511513692633	0.028884352910673913
2.0891591146372126	2.8964923291235616
2.1048670779051615	0.033082603146836205
2.1205750411731104	0.04000642097223582
2.1362830044410592	0.1610350706131527
2.151990967709008	0.24112438136793643
2.1676989309769574	0.16754663843167258
2.1834068942449063	0.9851078419796623
2.199114857512855	2.563160435670007
2.214822820780804	0.21771366877729037
2.230530784048753	0.10519425677005902
2.2462387473167023	0.21944870732123423
2.261946710584651	9.321170052567384
2.2776546738526	0.21655066815926183
2.293362637120549	0.06240296825493579
2.3090706003884978	0.202571758874287
2.324778563656447	0.05804980577876342
2.340486526924396	0.01687804394381226
2.356194490192345	0.010859582247877583
2.3719024534602937	0.008134903048267604
2.3876104167282426	0.006567737232705775
2.403318379996192	0.005680859208261865
2.419026343264141	0.006895302923463129
2.4347343065320897	0.019289664142580723
2.4504422698000385	0.006004522407014328
2.4661502330679874	0.003224228539892672
2.4818581963359367	0.0027799367626049278
2.4975661596038856	0.002477349533208601
2.5132741228718345	0.0022444015941893523
2.5289820861397834	0.002057344592969122
2.5446900494077322	0.001904898699316861
2.5603980126756816	0.0017809381874829755
2.5761059759436304	0.0016823947243864996
2.5918139392115793	0.0016088780569644425
2.607521902479528	0.0015637405621455117
2.623229865747477	0.0015594165408683524
2.6389378290154264	0.0016580132187796034
2.6546457922833753	0.005668205785571445
2.670353755551324	0.0020769409125384335
2.686061718819273	0.002367999284846803
2.701769682087222	0.0036973230765088316
2.7174776453551712	0.020022094257840923
2.73318560862312	0.2368520045425973
2.748893571891069	0.7005891256098427
2.764601535159018	0.010899671255211163
2.7803094984269667	0.004321773158292744
2.796017461694916	0.07532386116388488
2.811725424962865	0.002077621583573321
2.827433388230814	0.001415058332546592
2.8431413514987627	0.0013092920582471125
2.8588493147667116	0.002672262565006774
2.874557278034661	0.004708675780710754
2.8902652413026098	0.0010643340566799952
2.9059732045705586	0.000793117793144442
2.9216811678385075	0.0006918922072188639
2.9373891311064564	0.0006316573375601799
2.9530970943744057	0.0005881656166956012
2.9688050576423546	0.0005536793559968373
2.9845130209103035	0.0005248885737049153
3.0002209841782523	0.0005000915727978425
3.015928947446201	0.00047830357787918945
3.0316369107141505	0.00045891338179191143
3.0473448739820994	0.0004415346530173742
3.0630528372500483	0.000425943058770624
3.078760800517997	0.0004120670858385927
3.094468763785946	0.00040004113454503366
3.1101767270538954	0.00039039143932322414
3.1258846903218442	0.0003846307744811413
3.141592653589793	0.00038753096343759096
3.157300616857742	0.0004195960072460461
3.173008580125691	0.0006672764900674857
3.18871654339364	0.0208446015082709
3.204424506661589	0.0005417124128441953
3.220132469929538	0.0003682306193200574
3.235840433197487	0.00032616634893122167
3.2515483964654357	0.0003059421202280519
3.267256359733385	0.00029253391382895233
3.282964323001334	0.0002820573011685154
3.2986722862692828	0.00027313565566840166
3.3143802495372316	0.00026517418374326173
3.3300882128051805	0.0002578769750200077
3.34579617607313	0.0002510799037526607
3.3615041393410787	0.0002446835273370776
3.3772121026090276	0.0002386229620255118
3.3929200658769765	0.00023285312435451718
3.4086280291449254	0.00022734096942422067
3.4243359924128747	0.00022206116009344646
3.4400439556808236	0.00021699352517178287
3.4557519189487724	0.00021212150033589228
3.4714598822167213	0.00020743113366877082
3.48716784548467	0.00020291042862949002
3.5028758087526195	0.0001985488958501439
3.5185837720205684	0.00019433723829583493
3.5342917352885173	0.0001902671240600151
3.549999698556466	0.00018633101827341924
3.565707661824415	0.0001825220558628665
3.5814156250923643	0.00017883394318005076
3.597123588360313	0.00017526088046578974
3.612831551628262	0.00017179749964899742
3.628539514896211	0.00016843881364120956
3.64424747816416	0.00016518017439832904
3.659955441432109	0.00016201723777747737
3.675663404700058	0.00015894593374041728
3.691371367968007	0.00015596244082328634
3.707079331235956	0.00015306316405540212
3.7227872945039047	0.0001502447157003974
3.738495257771854	0.00014750389833279615
3.754203221039803	0.00014483768986717192
3.7699111843077517	0.00014224323023532837
3.7856191475757006	0.00013971780946656987
3.8013271108436495	0.0001372588569721262
3.817035074111599	0.00013486393187048742
3.8327430373795477	0.00013253071421858464
3.8484510006474966	0.00013025699703607226
3.8641589639154454	0.0001280406790278475
3.8798669271833943	0.00012587975792444209
3.8955748904513436	0.0001237723243716807
3.9112828537192925	0.00012171655631074108
3.9269908169872414	0.0001197107137977135
3.9426987802551903	0.0001177531342185
3.958406743523139	0.00011584222786047893
3.9741147067910885	0.00011397647380710112
3.9898226700590373	0.00011215441612561763
4.005530633326986	0.00011037466032159768
4.0212385965949355	0.00010863587003680349
4.036946559862884	0.00010693676396959877
4.052654523130833	0.0001052761129992186
4.068362486398782	0.00010365273749721445
4.084070449666731	0.00010206550481102009
4.09977841293468	0.00010051332690610371
4.115486376202629	9.899515815443287e-5
4.131194339470578	9.750999325818111e-5
4.146902302738527	9.605686529856928e-5
4.162610266006476	9.46348439006986e-5
4.178318229274425	9.324303350598912e-5
4.194026192542374	9.18805717446143e-5
4.209734155810323	9.054662790092224e-5
4.225442119078272	8.924040146546098e-5
4.241150082346221	8.79611207677169e-5
4.25685804561417	8.670804168417498e-5
4.2725660088821185	8.548044641673156e-5
4.288273972150067	8.427764233685914e-5
4.303981935418016	8.309896089131885e-5
4.319689898685965	8.194375656549424e-5
4.335397861953915	8.08114059007363e-5
4.351105825221864	7.970130656237976e-5
4.366813788489813	7.861287645531596e-5
4.3825217517577615	7.754555288423868e-5
4.39822971502571	7.649879175590892e-5
4.413937678293659	7.54720668209199e-5
4.429645641561608	7.446486895267061e-5
4.445353604829557	7.347670546137493e-5
4.461061568097506	7.250709944110544e-5
4.476769531365456	7.155558914798451e-5
4.4924774946334045	7.062172740778783e-5
4.508185457901353	6.970508105129316e-5
4.523893421169302	6.880523037587364e-5
4.539601384437251	6.792176863188225e-5
4.5553093477052	6.705430153249128e-5
4.571017310973149	6.620244678572635e-5
4.586725274241098	6.53658336475172e-5
4.602433237509047	6.454410249465306e-5
4.6181412007769955	6.37369044166102e-5
4.633849164044944	6.29439008252642e-5
4.649557127312894	6.216476308157819e-5
4.665265090580843	6.139917213839697e-5
4.680973053848792	6.064681819852938e-5
4.696681017116741	5.9907400387369094e-5
4.71238898038469	5.918062643931004e-5
4.7280969436526386	5.846621239729542e-5
4.743804906920587	5.776388232484035e-5
4.759512870188536	5.7073368029945136e-5
4.775220833456485	5.639440880029998e-5
4.790928796724435	5.572675114926529e-5
4.806636759992384	5.507014857210103e-5
4.822344723260333	5.4424361311969404e-5
4.838052686528282	5.3789156135255085e-5
4.8537606497962305	5.316430611576137e-5
4.869468613064179	5.254959042739131e-5
4.885176576332128	5.194479414490472e-5
4.900884539600077	5.134970805239925e-5
4.916592502868026	5.0764128459164005e-5
4.932300466135975	5.018785702256916e-5
4.948008429403924	4.962070057768839e-5
4.9637163926718735	4.9062470973350826e-5
4.979424355939822	4.851298491433835e-5
4.995132319207771	4.7972063809466785e-5
5.01084028247572	4.7439533625293066e-5
5.026548245743669	4.69152247452058e-5
5.042256209011618	4.6398971833666145e-5
5.057964172279567	4.5890613705390356e-5
5.073672135547516	4.538999319925571e-5
5.0893800988154645	4.489695705673019e-5
5.105088062083414	4.441135580465283e-5
5.120796025351363	4.393304364216633e-5
5.136503988619312	4.3461878331638144e-5
5.152211951887261	4.299772109341449e-5
5.16791991515521	4.254043650423645e-5
5.183627878423159	4.208989239918499e-5
5.1993358416911075	4.1645959777001214e-5
5.215043804959056	4.12085127086565e-5
5.230751768227005	4.0777428249035984e-5
5.246459731494954	4.035258635161677e-5
5.262167694762903	3.993386978602544e-5
5.277875658030853	3.952116405835374e-5
5.293583621298802	3.9114357334136224e-5
5.3092915845667505	3.87133403638802e-5
5.324999547834699	3.83180064110516e-5
5.340707511102648	3.792825118242454e-5
5.356415474370597	3.754397276070241e-5
5.372123437638546	3.716507153932958e-5
5.387831400906495	3.679145015940347e-5
5.403539364174444	3.642301344861763e-5
5.419247327442394	3.6059668362153553e-5
5.4349552907103424	3.570132392545296e-5
5.450663253978291	3.534789117880079e-5
5.46637121724624	3.4999283123651085e-5
5.482079180514189	3.4655414670635326e-5
5.497787143782138	3.431620258918965e-5
5.513495107050087	3.3981565458744436e-5
5.529203070318036	3.365142362142016e-5
5.544911033585985	3.3325699136173966e-5
5.5606189968539335	3.300431573434909e-5
5.576326960121882	3.268719877657532e-5
5.592034923389832	3.237427521097241e-5
5.607742886657781	3.2065473532613544e-5
5.62345084992573	3.1760723744202645e-5
5.639158813193679	3.1459957317925525e-5
5.654866776461628	3.116310715843314e-5
5.6705747397295765	3.087010756691844e-5
5.686282702997525	3.0580894206250606e-5
5.701990666265474	3.029540406713021e-5
5.717698629533423	3.0013575435228373e-5
5.733406592801373	2.9735347859283143e-5
5.749114556069322	2.94606621201146e-5
5.764822519337271	2.9189460200530605e-5
5.7805304826052195	2.892168525609537e-5
5.796238445873168	2.8657281586730248e-5
5.811946409141117	2.8396194609119097e-5
5.827654372409066	2.8138370829895498e-5
5.843362335677015	2.7883757819581173e-5
5.859070298944964	2.7632304187254977e-5
5.874778262212913	2.7383959555929687e-5
5.890486225480862	2.7138674538609464e-5
5.906194188748811	2.68964007150106e-5
5.92190215201676	2.6657090608921705e-5
5.937610115284709	2.642069766618694e-5
5.953318078552658	2.6187176233286833e-5
5.969026041820607	2.5956481536501757e-5
5.984734005088556	2.5728569661641404e-5
6.000441968356505	2.550339753431665e-5
6.0161499316244536	2.5280922900746275e-5
6.031857894892402	2.5061104309069506e-5
6.047565858160352	2.4843901091162785e-5
6.063273821428301	2.462927334493377e-5
6.07898178469625	2.441718191708522e-5
6.094689747964199	2.4207588386330818e-5
6.110397711232148	2.4000455047050863e-5
6.126105674500097	2.379574489337603e-5
6.1418136377680455	2.3593421603680826e-5
6.157521601035994	2.3393449525481923e-5
6.173229564303943	2.319579366072381e-5
6.188937527571892	2.300041965144287e-5
6.204645490839841	2.28072937657982e-5
6.220353454107791	2.2616382884457428e-5
6.23606141737574	2.2427654487329587e-5
6.2517693806436885	2.2241076640632574e-5
6.267477343911637	2.2056617984284683e-5
6.283185307179586	2.1874247719615743e-5
6.298893270447535	2.1693935597382988e-5
6.314601233715484	2.151565190608609e-5
6.330309196983433	2.133936746057123e-5
6.346017160251382	2.1165053590919535e-5
6.3617251235193315	2.0992682131604628e-5
6.37743308678728	2.0822225410920335e-5
6.393141050055229	2.0653656240665243e-5
6.408849013323178	2.0486947906076477e-5
6.424556976591127	2.0322074156011724e-5
6.440264939859076	2.015900919336519e-5
6.455972903127025	1.9997727665715483e-5
6.471680866394974	1.9838204656199453e-5
6.4873888296629225	1.968041567460187e-5
6.503096792930871	1.9524336648658424e-5
6.51880475619882	1.9369943915565797e-5
6.53451271946677	1.9217214213692312e-5
6.550220682734719	1.906612467448325e-5
6.565928646002668	1.8916652814557602e-5
6.581636609270617	1.876877652798896e-5
6.5973445725385655	1.862247407876651e-5
6.613052535806514	1.847772409343269e-5
6.628760499074463	1.833450555388888e-5
6.644468462342412	1.8192797790369348e-5
6.660176425610361	1.805258047457724e-5
6.675884388878311	1.7913833612975153e-5
6.69159235214626	1.7776537540232196e-5
6.707300315414209	1.7640672912819095e-5
6.7230082786821574	1.7506220702747898e-5
6.738716241950106	1.737316219145461e-5
6.754424205218055	1.7241478963819123e-5
6.770132168486004	1.7111152902320124e-5
6.785840131753953	1.6982166181320282e-5
6.801548095021902	1.6854501261478656e-5
6.817256058289851	1.672814088428963e-5
6.8329640215578	1.6603068066740358e-5
6.848671984825749	1.6479266096087774e-5
6.864379948093698	1.6356718524750184e-5
6.880087911361647	1.6235409165312356e-5
6.895795874629596	1.6115322085637306e-5
6.911503837897545	1.5996441604088103e-5
6.927211801165494	1.5878752284850824e-5
6.942919764433443	1.5762238933360933e-5
6.9586277277013915	1.564688659182686e-5
6.97433569096934	1.5532680534851538e-5
6.99004365423729	1.541960626514772e-5
7.005751617505239	1.5307649509343774e-5
7.021459580773188	1.5196796213880607e-5
7.037167544041137	1.5087032540995517e-5
7.052875507309086	1.4978344864790773e-5
7.0685834705770345	1.487071976738521e-5
7.084291433844983	1.4764144035148403e-5
7.099999397112932	1.4658604655012628e-5
7.115707360380881	1.4554088810861798e-5
7.13141532364883	1.4450583879997942e-5
7.147123286916779	1.434807742967898e-5
7.162831250184729	1.4246557213729646e-5
7.1785392134526775	1.4146011169222273e-5
7.194247176720626	1.4046427413226708e-5
7.209955139988575	1.3947794239625581e-5
7.225663103256524	1.3850100115996867e-5
7.241371066524473	1.3753333680558956e-5
7.257079029792422	1.3657483739178176e-5
7.272786993060371	1.3562539262437996e-5
7.28849495632832	1.3468489382766511e-5
7.304202919596269	1.3375323391623037e-5
7.319910882864218	1.3283030736740892e-5
7.335618846132167	1.3191601019425869e-5
7.351326809400116	1.3101023991908184e-5
7.367034772668065	1.3011289554748666e-5
7.382742735936014	1.2922387754295623e-5
7.398450699203963	1.2834308780192231e-5
7.414158662471912	1.2747042962934447e-5
7.4298666257398605	1.2660580771474997e-5
7.445574589007809	1.2574912810877419e-5
7.461282552275758	1.2490029820014002e-5
7.476990515543708	1.2405922669309522e-5
7.492698478811657	1.2322582358529843e-5
7.508406442079606	1.2240000014611647e-5
7.524114405347555	1.2158166889537034e-5
7.5398223686155035	1.2077074358246604e-5
7.555530331883452	1.1996713916595213e-5
7.571238295151401	1.1917077179345152e-5
7.58694625841935	1.1838155878199445e-5
7.602654221687299	1.1759941859871964e-5
7.618362184955249	1.1682427084194384e-5
7.634070148223198	1.1605603622260367e-5
7.6497781114911465	1.1529463654603037e-5
7.665486074759095	1.1453999469408949e-5
7.681194038027044	1.1379203460764572e-5
7.696902001294993	1.1305068126936617e-5
7.712609964562942	1.1231586068684456e-5
7.728317927830891	1.1158749987603414e-5
7.74402589109884	1.1086552684500769e-5
7.759733854366789	1.101498705779999e-5
7.7754418176347375	1.0944046101976822e-5
7.791149780902687	1.0873722906022294e-5
7.806857744170636	1.0804010651935843e-5
7.822565707438585	1.0734902613245176e-5
7.838273670706534	1.0666392153554476e-5
7.853981633974483	1.0598472725117383e-5
7.869689597242432	1.0531137867438677e-5
7.8853975605103805	1.0464381205899494e-5
7.901105523778329	1.0398196450408117e-5
7.916813487046278	1.0332577394075831e-5
7.932521450314228	1.0267517911916436e-5
7.948229413582177	1.0203011959568756e-5
7.963937376850126	1.0139053572043285e-5
7.979645340118075	1.0075636862490178e-5
7.995353303386024	1.0012756020990664e-5
8.011061266653972	9.95040531336874e-6
8.026769229921921	9.888579080024942e-6
8.042477193189871	9.8272717347911e-6
8.058185156457819	9.766477763803902e-6
8.073893119725769	9.706191724401222e-6
8.089601082993717	9.646408244034598e-6
8.105309046261667	9.587122019203652e-6
8.121017009529615	9.528327814407676e-6
8.136724972797564	9.470020461116373e-6
8.152432936065512	9.412194856758288e-6
8.168140899333462	9.35484596372677e-6
8.183848862601412	9.297968808403622e-6
8.19955682586936	9.2415584801997e-6
8.21526478913731	9.185610130611489e-6
8.230972752405258	9.130118972295137e-6
8.246680715673207	9.075080278155309e-6
8.262388678941155	9.020489380450458e-6
8.278096642209105	8.966341669913255e-6
8.293804605477053	8.912632594885734e-6
8.309512568745003	8.85935766047015e-6
8.325220532012953	8.806512427693075e-6
8.3409284952809	8.754092512684699e-6
8.35663645854885	8.702093585871575e-6
8.372344421816798	8.650511371183019e-6
8.388052385084748	8.599341645271398e-6
8.403760348352696	8.5485802367447e-6
8.419468311620646	8.498223025412764e-6
8.435176274888594	8.448265941546047e-6
8.450884238156544	8.39870496514613e-6
8.466592201424492	8.349536125229132e-6
8.482300164692441	8.300755499121048e-6
8.498008127960391	8.252359211764033e-6
8.51371609122834	8.204343435035152e-6
8.529424054496289	8.156704387075783e-6
8.545132017764237	8.109438331631906e-6
8.560839981032187	8.062541577406304e-6
8.576547944300135	8.016010477419873e-6
8.592255907568084	7.969841428384853e-6
8.607963870836032	7.924030870087262e-6
8.623671834103982	7.878575284780045e-6
8.63937979737193	7.83347119658566e-6
8.65508776063988	7.788715170908426e-6
8.67079572390783	7.744303813857123e-6
8.686503687175778	7.700233771675651e-6
8.702211650443727	7.656501730183724e-6
8.717919613711675	7.613104414226549e-6
8.733627576979625	7.570038587133302e-6
8.749335540247573	7.527301050183576e-6
8.765043503515523	7.484888642083486e-6
8.780751466783471	7.442798238449262e-6
8.79645943005142	7.401026751299675e-6
8.81216739331937	7.359571128555803e-6
8.827875356587318	7.318428353549598e-6
8.843583319855268	7.2775954445393715e-6
8.859291283123216	7.237069454233482e-6
8.874999246391166	7.1968474693214986e-6
8.890707209659114	7.156926610012372e-6
8.906415172927064	7.117304029580256e-6
8.922123136195012	7.077976913916911e-6
8.937831099462962	7.038942481091746e-6
8.953539062730911	7.000197980918529e-6
8.96924702599886	6.961740694528002e-6
8.984954989266809	6.923567933948608e-6
9.000662952534757	6.88567704169217e-6
9.016370915802707	6.848065390347367e-6
9.032078879070655	6.810730382178476e-6
9.047786842338605	6.773669448730486e-6
9.063494805606553	6.736880050440692e-6
9.079202768874502	6.700359676255887e-6
9.09491073214245	6.664105843255196e-6
9.1106186954104	6.62811609627943e-6
9.12632665867835	6.592388007564845e-6
9.142034621946298	6.5569191763839905e-6
9.157742585214248	6.5217072286905946e-6
9.173450548482196	6.486749816770787e-6
9.189158511750145	6.452044618899075e-6
9.204866475018093	6.417589338999603e-6
9.220574438286043	6.383381706312584e-6
9.236282401553991	6.349419475065881e-6
9.25199036482194	6.315700424150875e-6
9.267698328089889	6.282222356804063e-6
9.283406291357839	6.2489831002928455e-6
9.299114254625788	6.21598050560592e-6
9.314822217893736	6.183212447148422e-6
9.330530181161686	6.15067682244214e-6
9.346238144429634	6.1183715518288255e-6
9.361946107697584	6.086294578179323e-6
9.377654070965532	6.054443866606003e-6
9.393362034233482	6.022817404179892e-6
9.40906999750143	5.991413199651768e-6
9.42477796076938	5.960229283177479e-6
9.44048592403733	5.929263706046973e-6
9.456193887305277	5.8985145404178805e-6
9.471901850573227	5.867979879052074e-6
9.487609813841175	5.837657835056945e-6
9.503317777109125	5.807546541629926e-6
9.519025740377073	5.7776441518068185e-6
9.534733703645022	5.74794883821373e-6
9.55044166691297	5.718458792822651e-6
9.56614963018092	5.689172226710552e-6
9.58185759344887	5.660087369821793e-6
9.597565556716818	5.631202470734085e-6
9.613273519984768	5.6025157964279755e-6
9.628981483252716	5.574025632058904e-6
9.644689446520665	5.5457302807334524e-6
9.660397409788613	5.517628063288114e-6
9.676105373056563	5.489717318071448e-6
9.691813336324511	5.461996400729268e-6
9.707521299592461	5.4344636839927555e-6
9.723229262860409	5.407117557470123e-6
9.738937226128359	5.3799564274400935e-6
9.754645189396308	5.352978716649605e-6
9.770353152664256	5.326182864112995e-6
9.786061115932206	5.2995673249156135e-6
9.801769079200154	5.273130570018352e-6
9.817477042468104	5.246871086066411e-6
9.833185005736052	5.220787375199989e-6
9.848892969004002	5.194877954867412e-6
9.86460093227195	5.1691413576418496e-6
9.8803088955399	5.143576131039168e-6
9.896016858807847	5.118180837339681e-6
9.911724822075797	5.0929540534111086e-6
9.927432785343747	5.0678943705350605e-6
9.943140748611695	5.043000394235153e-6
9.958848711879645	5.018270744107826e-6
9.974556675147593	4.993704053655536e-6
9.990264638415542	4.969298970121564e-6
10.00597260168349	4.9450541543283335e-6
10.02168056495144	4.920968280516637e-6
10.037388528219388	4.897040036187807e-6
10.053096491487338	4.873268121947705e-6
10.068804454755288	4.849651251353326e-6
10.084512418023236	4.82618815076037e-6
10.100220381291185	4.802877559174318e-6
10.115928344559133	4.779718228102396e-6
10.131636307827083	4.756708921407901e-6
10.147344271095031	4.733848415166622e-6
10.163052234362981	4.711135497525001e-6
10.178760197630929	4.688568968560197e-6
10.194468160898879	4.666147640142225e-6
10.210176124166829	4.64387033579747e-6
10.225884087434777	4.6217358905747005e-6
10.241592050702726	4.599743150911897e-6
10.257300013970674	4.577890974506263e-6
10.273007977238624	4.556178230184222e-6
10.288715940506572	4.534603797774651e-6
10.304423903774522	4.5131665679827545e-6
10.32013186704247	4.491865442266262e-6
10.33583983031042	4.470699332712745e-6
10.351547793578368	4.449667161919153e-6
10.367255756846317	4.4287678628719894e-6
10.382963720114267	4.408000378830149e-6
10.398671683382215	4.38736366320843e-6
10.414379646650165	4.366856679462959e-6
10.430087609918113	4.346478400978107e-6
10.445795573186063	4.326227810954568e-6
10.46150353645401	4.306103902299396e-6
10.47721149972196	4.286105677516971e-6
10.492919462989908	4.2662321486016366e-6
10.508627426257858	4.246482336931617e-6
10.524335389525806	4.226855273164367e-6
10.540043352793756	4.207349997133338e-6
10.555751316061706	4.187965557745744e-6
10.571459279329654	4.1687010128819776e-6
10.587167242597603	4.149555429296355e-6
10.602875205865551	4.130527882518504e-6
10.618583169133501	4.111617456757038e-6
10.634291132401449	4.092823244803326e-6
10.649999095669399	4.074144347937401e-6
10.665707058937347	4.055579875834693e-6
10.681415022205297	4.037128946473686e-6
10.697122985473246	4.018790686045067e-6
10.712830948741194	4.0005642288622335e-6
10.728538912009144	3.982448717272271e-6
10.744246875277092	3.964443301568546e-6
10.759954838545042	3.9465471399043375e-6
10.77566280181299	3.928759398207403e-6
10.79137076508094	3.911079250095672e-6
10.807078728348888	3.893505876793986e-6
10.822786691616837	3.87603846705211e-6
10.838494654884787	3.858676217063169e-6
10.854202618152735	3.841418330383714e-6
10.869910581420685	3.82426401785455e-6
10.885618544688633	3.807212497522352e-6
10.901326507956583	3.7902629945627523e-6
10.91703447122453	3.773414741203599e-6
10.93274243449248	3.7566669766499204e-6
10.948450397760428	3.740018947009486e-6
10.964158361028378	3.7234699052191427e-6
10.979866324296326	3.7070191109723658e-6
10.995574287564276	3.690665830647368e-6
11.011282250832226	3.674409337236421e-6
11.026990214100174	3.658248910275733e-6
11.042698177368123	3.6421838357764467e-6
11.058406140636071	3.626213406156121e-6
11.074114103904021	3.610336920171531e-6
11.08982206717197	3.5945536828519057e-6
11.105530030439919	3.5788630054328636e-6
11.121237993707867	3.563264205291971e-6
11.136945956975817	3.5477566058836648e-6
11.152653920243765	3.532339536676383e-6
11.168361883511714	3.5170123330895103e-6
11.184069846779664	3.5017743364316668e-6
11.199777810047612	3.486624893839192e-6
11.215485773315562	3.4715633582157586e-6
11.23119373658351	3.456589088172625e-6
11.24690169985146	3.4417014479695222e-6
11.262609663119408	3.4268998074562704e-6
11.278317626387357	3.4121835420151737e-6
11.294025589655305	3.397552032503975e-6
11.309733552923255	3.383004665199479e-6
11.325441516191205	3.368540831741995e-6
11.341149479459153	3.354159929080433e-6
11.356857442727103	3.33986135941765e-6
11.37256540599505	3.3256445301571025e-6
11.388273369263	3.3115088538494595e-6
11.403981332530948	3.29745374814043e-6
11.419689295798898	3.2834786357186e-6
11.435397259066846	3.2695829442646177e-6
11.451105222334796	3.255766106400161e-6
11.466813185602746	3.2420275596380493e-6
11.482521148870694	3.228366746332892e-6
11.498229112138644	3.214783113631995e-6
11.513937075406592	3.2012761134272945e-6
11.529645038674541	3.187845202307199e-6
11.54535300194249	3.1744898415098983e-6
11.561060965210439	3.161209496876223e-6
11.576768928478387	3.1480036388038195e-6
11.592476891746337	3.134871742201411e-6
11.608184855014285	3.121813286443847e-6
11.623892818282235	3.108827755327442e-6
11.639600781550184	3.0959146370258687e-6
11.655308744818132	3.0830734240469522e-6
11.671016708086082	3.0703036131891348e-6
11.68672467135403	3.0576047054994426e-6
11.70243263462198	3.0449762062310002e-6
11.718140597889928	3.0324176248016662e-6
11.733848561157878	3.019928474752873e-6
11.749556524425826	3.007508273708953e-6
11.765264487693775	2.9951565433369884e-6
11.780972450961723	2.982872809307053e-6
11.796680414229673	2.970656601252873e-6
11.812388377497623	2.95850745273324e-6
11.82809634076557	2.9464249011931255e-6
11.84380430403352	2.9344084879262545e-6
11.859512267301469	2.9224577580371774e-6
11.875220230569418	2.91057226040424e-6
11.890928193837366	2.8987515476430032e-6
11.906636157105316	2.886995176069724e-6
11.922344120373264	2.8753027056656017e-6
11.938052083641214	2.8636737000413175e-6
11.953760046909164	2.8521077264018037e-6
11.969468010177112	2.8406043555116623e-6
11.985175973445061	2.8291631616606692e-6
12.00088393671301	2.817783722630005e-6
12.01659189998096	2.8064656196587037e-6
12.032299863248907	2.7952084374101795e-6
12.048007826516857	2.78401176393966e-6
12.063715789784805	2.772875190661693e-6
12.079423753052755	2.7617983123178675e-6
12.095131716320704	2.7507807269452097e-6
12.110839679588652	2.739822035844674e-6
12.126547642856602	2.7289218435501902e-6
12.14225560612455	2.7180797577977225e-6
12.1579635693925	2.7072953894951268e-6
12.173671532660448	2.696568352691942e-6
12.189379495928398	2.685898264549508e-6
12.205087459196346	2.675284745311992e-6
12.220795422464295	2.6647274182768606e-6
12.236503385732243	2.6542259097662313e-6
12.252211349000193	2.64377984909845e-6
12.267919312268143	2.633388868560047e-6
12.283627275536091	2.623052603377593e-6
12.29933523880404	2.6127706916903224e-6
12.315043202071989	2.602542774522883e-6
12.330751165339938	2.5923684957583724e-6
12.346459128607886	2.5822475021115675e-6
12.362167091875836	2.572179443102531e-6
12.377875055143784	2.562163971030664e-6
12.393583018411734	2.5522007409487515e-6
12.409290981679682	2.5422894106374017e-6
12.424998944947632	2.5324296405798017e-6
12.440706908215581	2.522621093936631e-6
12.45641487148353	2.5128634365215123e-6
12.47212283475148	2.503156336776262e-6
12.487830798019427	2.4934994657467993e-6
12.503538761287377	2.4838924970592955e-6
12.519246724555325	2.4743351068961234e-6
12.534954687823275	2.4648269739728555e-6
12.550662651091223	2.455367779514532e-6
12.566370614359172	2.4459572072331084e-6
