-12.566370614359172	-1.1404174977819948e-6
-12.550662651091223	-1.1448101511909027e-6
-12.534954687823275	-1.149225533323901e-6
-12.519246724555325	-1.1536637922933707e-6
-12.503538761287377	-1.1581250773785962e-6
-12.487830798019427	-1.1626095390367022e-6
-12.47212283475148	-1.1671173289134526e-6
-12.45641487148353	-1.1716485998543004e-6
-12.440706908215581	-1.1762035059156178e-6
-12.424998944947632	-1.1807822023758836e-6
-12.409290981679682	-1.1853848457471738e-6
-12.393583018411734	-1.1900115937865896e-6
-12.377875055143784	-1.194662605508005e-6
-12.362167091875836	-1.1993380411936886e-6
-12.346459128607886	-1.2040380624063753e-6
-12.330751165339938	-1.2087628320011154e-6
-12.315043202071989	-1.2135125141376e-6
-12.29933523880404	-1.2182872742923247e-6
-12.283627275536091	-1.223087279271065e-6
-12.267919312268143	-1.2279126972213896e-6
-12.252211349000193	-1.2327636976454135e-6
-12.236503385732243	-1.2376404514125318e-6
-12.220795422464295	-1.2425431307725429e-6
-12.205087459196346	-1.247471909368563e-6
-12.189379495928398	-1.2524269622504618e-6
-12.173671532660448	-1.257408465888149e-6
-12.1579635693925	-1.2624165981851828e-6
-12.14225560612455	-1.2674515384923871e-6
-12.126547642856602	-1.2725134676217947e-6
-12.110839679588652	-1.277602567860581e-6
-12.095131716320704	-1.2827190229852929e-6
-12.079423753052755	-1.287863018275956e-6
-12.063715789784805	-1.2930347405308946e-6
-12.048007826516857	-1.2982343780809877e-6
-12.032299863248907	-1.3034621208047405e-6
-12.01659189998096	-1.308718160143061e-6
-12.00088393671301	-1.3140026891144752e-6
-11.985175973445061	-1.3193159023304209e-6
-11.969468010177112	-1.3246579960106066e-6
-11.953760046909164	-1.3300291679987745e-6
-11.938052083641214	-1.3354296177784628e-6
-11.922344120373264	-1.3408595464889815e-6
-11.906636157105316	-1.3463191569414794e-6
-11.890928193837366	-1.3518086536356322e-6
-11.875220230569418	-1.3573282427756675e-6
-11.859512267301469	-1.3628781322875605e-6
-11.84380430403352	-1.3684585318356329e-6
-11.82809634076557	-1.3740696528397683e-6
-11.812388377497623	-1.3797117084927036e-6
-11.796680414229673	-1.3853849137775181e-6
-11.780972450961723	-1.3910894854853528e-6
-11.765264487693775	-1.3968256422331536e-6
-11.749556524425826	-1.4025936044818874e-6
-11.733848561157878	-1.4083935945550334e-6
-11.718140597889928	-1.4142258366564894e-6
-11.70243263462198	-1.4200905568901075e-6
-11.68672467135403	-1.425987983277903e-6
-11.671016708086082	-1.4319183457797554e-6
-11.655308744818132	-1.4378818763123088e-6
-11.639600781550184	-1.4438788087690043e-6
-11.623892818282235	-1.4499093790396254e-6
-11.608184855014285	-1.4559738250304232e-6
-11.592476891746337	-1.4620723866844295e-6
-11.576768928478387	-1.4682053060019286e-6
-11.561060965210439	-1.4743728270613453e-6
-11.54535300194249	-1.4805751960400133e-6
-11.529645038674541	-1.4868126612356287e-6
-11.513937075406592	-1.493085473087664e-6
-11.498229112138644	-1.499393884199133e-6
-11.482521148870694	-1.505738149358507e-6
-11.466813185602746	-1.5121185255621525e-6
-11.451105222334796	-1.5185352720366083e-6
-11.435397259066846	-1.5249886502615745e-6
-11.419689295798898	-1.531478923992865e-6
-11.403981332530948	-1.5380063592857449e-6
-11.388273369263	-1.5445712245185631e-6
-11.37256540599505	-1.5511737904165224e-6
-11.356857442727103	-1.5578143300760579e-6
-11.341149479459153	-1.5644931189890188e-6
-11.325441516191205	-1.5712104350675144e-6
-11.309733552923255	-1.5779665586691708e-6
-11.294025589655305	-1.5847617726220283e-6
-11.278317626387357	-1.5915963622505296e-6
-11.262609663119408	-1.598470615401328e-6
-11.24690169985146	-1.6053848224695232e-6
-11.23119373658351	-1.612339276425223e-6
-11.215485773315562	-1.6193342728405969e-6
-11.199777810047612	-1.6263701099167898e-6
-11.184069846779664	-1.6334470885117411e-6
-11.168361883511714	-1.6405655121678555e-6
-11.152653920243765	-1.6477256871403638e-6
-11.136945956975817	-1.654927922425688e-6
-11.121237993707867	-1.662172529790686e-6
-11.105530030439919	-1.6694598238014062e-6
-11.08982206717197	-1.6767901218530992e-6
-11.074114103904021	-1.6841637441999924e-6
-11.058406140636071	-1.6915810139857343e-6
-11.042698177368123	-1.6990422572739273e-6
-11.026990214100174	-1.7065478030794527e-6
-11.011282250832226	-1.714097983399672e-6
-10.995574287564276	-1.7216931332464334e-6
-10.979866324296326	-1.7293335906783084e-6
-10.964158361028378	-1.7370196968331583e-6
-10.948450397760428	-1.744751795961211e-6
-10.93274243449248	-1.752530235458574e-6
-10.91703447122453	-1.7603553659010329e-6
-10.901326507956583	-1.7682275410783236e-6
-10.885618544688633	-1.7761471180288286e-6
-10.869910581420685	-1.7841144570748917e-6
-10.854202618152735	-1.7921299218582159e-6
-10.838494654884787	-1.8001938793759256e-6
-10.822786691616837	-1.808306700017142e-6
-10.807078728348888	-1.8164687575998242e-6
-10.79137076508094	-1.8246804294081982e-6
-10.77566280181299	-1.8329420962307734e-6
-10.759954838545042	-1.841254142398323e-6
-10.744246875277092	-1.8496169558232479e-6
-10.728538912009144	-1.8580309280383738e-6
-10.712830948741194	-1.8664964542372312e-6
-10.697122985473246	-1.8750139333140575e-6
-10.681415022205297	-1.8835837679048175e-6
-10.665707058937347	-1.8922063644285187e-6
-10.649999095669399	-1.9008821331290819e-6
-10.634291132401449	-1.9096114881178545e-6
-10.618583169133501	-1.918394847416519e-6
-10.602875205865551	-1.9272326330005595e-6
-10.587167242597603	-1.9361252708435025e-6
-10.571459279329654	-1.945073190961469e-6
-10.555751316061706	-1.954076827458326e-6
-10.540043352793756	-1.9631366185718124e-6
-10.524335389525806	-1.9722530067194716e-6
-10.508627426257858	-1.9814264385459527e-6
-10.492919462989908	-1.990657364970697e-6
-10.47721149972196	-1.9999462412359906e-6
-10.46150353645401	-2.0092935269559097e-6
-10.445795573186063	-2.01869968616578e-6
-10.430087609918113	-2.028165187372438e-6
-10.414379646650165	-2.0376905036048814e-6
-10.398671683382215	-2.047276112465834e-6
-10.382963720114267	-2.056922496183981e-6
-10.367255756846317	-2.0666301416665597e-6
-10.351547793578368	-2.0763995405531847e-6
-10.33583983031042	-2.086231189269879e-6
-10.32013186704247	-2.0961255890841e-6
-10.304423903774522	-2.1060832461605407e-6
-10.288715940506572	-2.116104671617385e-6
-10.273007977238624	-2.1261903815835814e-6
-10.257300013970674	-2.1363408972567414e-6
-10.241592050702726	-2.1465567449619056e-6
-10.225884087434777	-2.156838456211106e-6
-10.210176124166829	-2.1671865677635945e-6
-10.194468160898879	-2.177601621686713e-6
-10.178760197630929	-2.1880841654184816e-6
-10.163052234362981	-2.1986347518296454e-6
-10.147344271095031	-2.209253939287771e-6
-10.131636307827083	-2.2199422917213785e-6
-10.115928344559133	-2.230700378685836e-6
-10.100220381291185	-2.2415287754288036e-6
-10.084512418023236	-2.2524280629581986e-6
-10.068804454755288	-2.2633988281097117e-6
-10.053096491487338	-2.274441663615939e-6
-10.037388528219388	-2.285557168176418e-6
-10.02168056495144	-2.2967459465283584e-6
-10.00597260168349	-2.3080086095186408e-6
-9.990264638415542	-2.319345774176658e-6
-9.974556675147593	-2.330758063787935e-6
-9.958848711879645	-2.3422461079694884e-6
-9.943140748611695	-2.3538105427452557e-6
-9.927432785343747	-2.365452010623278e-6
-9.911724822075797	-2.377171160673808e-6
-9.896016858807847	-2.388968648608246e-6
-9.8803088955399	-2.4008451368595633e-6
-9.86460093227195	-2.412801294663467e-6
-9.848892969004002	-2.4248377981409647e-6
-9.833185005736052	-2.4369553303820564e-6
-9.817477042468104	-2.449154581530477e-6
-9.801769079200154	-2.4614362488697936e-6
-9.786061115932206	-2.473801036910453e-6
-9.770353152664256	-2.4862496574784017e-6
-9.754645189396308	-2.498782829804744e-6
-9.738937226128359	-2.5114012806167444e-6
-9.723229262860409	-2.524105744230037e-6
-9.707521299592461	-2.5368969626423377e-6
-9.691813336324511	-2.549775685628199e-6
-9.676105373056563	-2.5627426708353554e-6
-9.660397409788613	-2.5757986838826e-6
-9.644689446520665	-2.5889444984583504e-6
-9.628981483252716	-2.602180896421759e-6
-9.613273519984768	-2.6155086679040726e-6
-9.597565556716818	-2.6289286114123764e-6
-9.58185759344887	-2.642441533934538e-6
-9.56614963018092	-2.6560482510453055e-6
-9.55044166691297	-2.6697495870145927e-6
-9.534733703645022	-2.68354637491681e-6
-9.519025740377073	-2.69743945674217e-6
-9.503317777109125	-2.7114296835093618e-6
-9.487609813841175	-2.7255179153799128e-6
-9.471901850573227	-2.739705021774387e-6
-9.456193887305277	-2.7539918814900483e-6
-9.44048592403733	-2.768379382820605e-6
-9.42477796076938	-2.7828684236771935e-6
-9.40906999750143	-2.797459911711875e-6
-9.393362034233482	-2.812154764442043e-6
-9.377654070965532	-2.8269539093776367e-6
-9.361946107697584	-2.84185828414971e-6
-9.346238144429634	-2.856868836640691e-6
-9.330530181161686	-2.8719865251172534e-6
-9.314822217893736	-2.8872123183646825e-6
-9.299114254625788	-2.9025471958234943e-6
-9.283406291357839	-2.9179921477277134e-6
-9.267698328089889	-2.9335481752460808e-6
-9.25199036482194	-2.9492162906243684e-6
-9.236282401553991	-2.964997517330392e-6
-9.220574438286043	-2.980892890201416e-6
-9.204866475018093	-2.9969034555932322e-6
-9.189158511750145	-3.013030271532077e-6
-9.173450548482196	-3.0292744078684014e-6
-9.157742585214248	-3.0456369464332956e-6
-9.142034621946298	-3.062118981197125e-6
-9.12632665867835	-3.078721618430852e-6
-9.1106186954104	-3.0954459768694378e-6
-9.09491073214245	-3.112293187878096e-6
-9.079202768874502	-3.129264395621239e-6
-9.063494805606553	-3.146360757233405e-6
-9.047786842338605	-3.163583442993521e-6
-9.032078879070655	-3.1809336365014807e-6
-9.016370915802707	-3.1984125348578107e-6
-9.000662952534757	-3.2160213488456503e-6
-8.984954989266809	-3.233761303116004e-6
-8.96924702599886	-3.2516336363757074e-6
-8.953539062730911	-3.2696396015783896e-6
-8.937831099462962	-3.28778046611857e-6
-8.922123136195012	-3.3060575120285772e-6
-8.906415172927064	-3.3244720361786396e-6
-8.890707209659114	-3.3430253504804077e-6
-8.874999246391166	-3.361718782093397e-6
-8.859291283123216	-3.380553673634754e-6
-8.843583319855268	-3.39953138339267e-6
-8.827875356587318	-3.418653285542843e-6
-8.81216739331937	-3.4379207703685605e-6
-8.79645943005142	-3.4573352444845264e-6
-8.780751466783471	-3.476898131063557e-6
-8.765043503515523	-3.4966108700682136e-6
-8.749335540247573	-3.516474918484968e-6
-8.733627576979625	-3.5364917505625687e-6
-8.717919613711675	-3.5566628580546005e-6
-8.702211650443727	-3.5769897504657446e-6
-8.686503687175778	-3.5974739553016944e-6
-8.67079572390783	-3.61811701832398e-6
-8.65508776063988	-3.63892050380821e-6
-8.63937979737193	-3.659885994807167e-6
-8.623671834103982	-3.681015093417384e-6
-8.607963870836032	-3.7023094210513025e-6
-8.592255907568084	-3.7237706187128923e-6
-8.576547944300135	-3.745400347278477e-6
-8.560839981032187	-3.767200287781852e-6
-8.545132017764237	-3.7891721417044215e-6
-8.529424054496289	-3.8113176312700955e-6
-8.51371609122834	-3.83363849974485e-6
-8.498008127960391	-3.85613651174216e-6
-8.482300164692441	-3.878813453532187e-6
-8.466592201424492	-3.901671133357682e-6
-8.450884238156544	-3.924711381754164e-6
-8.435176274888594	-3.947936051875797e-6
-8.419468311620646	-3.9713470198274334e-6
-8.403760348352696	-3.994946185001122e-6
-8.388052385084748	-4.018735470419187e-6
-8.372344421816798	-4.042716823083439e-6
-8.35663645854885	-4.066892214329286e-6
-8.3409284952809	-4.0912636401872785e-6
-8.325220532012953	-4.115833121749278e-6
-8.309512568745003	-4.140602705542962e-6
-8.293804605477053	-4.165574463910701e-6
-8.278096642209105	-4.1907504953966565e-6
-8.262388678941155	-4.21613292513993e-6
-8.246680715673207	-4.241723905274637e-6
-8.230972752405258	-4.267525615336269e-6
-8.21526478913731	-4.293540262677106e-6
-8.19955682586936	-4.319770082886901e-6
-8.183848862601412	-4.346217340221883e-6
-8.168140899333462	-4.372884328041391e-6
-8.152432936065512	-4.399773369252052e-6
-8.136724972797564	-4.426886816760086e-6
-8.121017009529615	-4.4542270539308175e-6
-8.105309046261667	-4.481796495057932e-6
-8.089601082993717	-4.509597585839444e-6
-8.073893119725769	-4.537632803863725e-6
-8.058185156457819	-4.565904659102786e-6
-8.042477193189871	-4.594415694415688e-6
-8.026769229921921	-4.623168486060438e-6
-8.011061266653972	-4.652165644215418e-6
-7.995353303386024	-4.681409813509881e-6
-7.979645340118075	-4.710903673564627e-6
-7.963937376850126	-4.740649939542328e-6
-7.948229413582177	-4.77065136270764e-6
-7.932521450314228	-4.800910730998522e-6
-7.916813487046278	-4.831430869606539e-6
-7.901105523778329	-4.862214641569227e-6
-7.8853975605103805	-4.893264948373429e-6
-7.869689597242432	-4.9245847305685e-6
-7.853981633974483	-4.956176968392311e-6
-7.838273670706534	-4.988044682408127e-6
-7.822565707438585	-5.0201909341540975e-6
-7.806857744170636	-5.052618826804046e-6
-7.791149780902687	-5.0853315058412245e-6
-7.7754418176347375	-5.118332159744985e-6
-7.759733854366789	-5.15162402068978e-6
-7.74402589109884	-5.1852103652580835e-6
-7.728317927830891	-5.219094515166329e-6
-7.712609964562942	-5.253279838004941e-6
-7.696902001294993	-5.287769747992819e-6
-7.681194038027044	-5.3225677067455135e-6
-7.665486074759095	-5.357677224058742e-6
-7.6497781114911465	-5.393101858707143e-6
-7.634070148223198	-5.42884521925802e-6
-7.618362184955249	-5.464910964900857e-6
-7.602654221687299	-5.501302806293557e-6
-7.58694625841935	-5.538024506424522e-6
-7.571238295151401	-5.575079881491888e-6
-7.555530331883452	-5.6124728018000344e-6
-7.5398223686155035	-5.65020719267345e-6
-7.524114405347555	-5.688287035389043e-6
-7.508406442079606	-5.726716368126799e-6
-7.492698478811657	-5.765499286938116e-6
-7.476990515543708	-5.804639946736375e-6
-7.461282552275758	-5.84414256230342e-6
-7.445574589007809	-5.884011409318959e-6
-7.4298666257398605	-5.924250825409869e-6
-7.414158662471912	-5.964865211220283e-6
-7.398450699203963	-6.005859031503445e-6
-7.382742735936014	-6.047236816235882e-6
-7.367034772668065	-6.089003161753963e-6
-7.351326809400116	-6.131162731913317e-6
-7.335618846132167	-6.173720259273245e-6
-7.319910882864218	-6.216680546303585e-6
-7.304202919596269	-6.260048466617612e-6
-7.28849495632832	-6.303828966229584e-6
-7.272786993060371	-6.3480270648397366e-6
-7.257079029792422	-6.39264785714354e-6
-7.241371066524473	-6.43769651417052e-6
-7.225663103256524	-6.483178284649815e-6
-7.209955139988575	-6.529098496403985e-6
-7.194247176720626	-6.575462557773535e-6
-7.1785392134526775	-6.622275959070085e-6
-7.162831250184729	-6.6695442740606905e-6
-7.147123286916779	-6.71727316148359e-6
-7.13141532364883	-6.765468366596337e-6
-7.115707360380881	-6.814135722757436e-6
-7.099999397112932	-6.863281153040093e-6
-7.084291433844983	-6.91291067188284e-6
-7.0685834705770345	-6.963030386773614e-6
-7.052875507309086	-7.013646499972486e-6
-7.037167544041137	-7.064765310269472e-6
-7.021459580773188	-7.1163932147819e-6
-7.005751617505239	-7.168536710791027e-6
-6.99004365423729	-7.221202397617746e-6
-6.97433569096934	-7.274396978541364e-6
-6.9586277277013915	-7.328127262758309e-6
-6.942919764433443	-7.3824001673863945e-6
-6.927211801165494	-7.43722271951203e-6
-6.911503837897545	-7.492602058283993e-6
-6.895795874629596	-7.548545437052509e-6
-6.880087911361647	-7.6050602255583475e-6
-6.864379948093698	-7.66215391216964e-6
-6.848671984825749	-7.719834106168956e-6
-6.8329640215578	-7.778108540093667e-6
-6.817256058289851	-7.83698507212812e-6
-6.801548095021902	-7.896471688551154e-6
-6.785840131753953	-7.956576506238569e-6
-6.770132168486004	-8.017307775224284e-6
-6.754424205218055	-8.078673881319358e-6
-6.738716241950106	-8.140683348793807e-6
-6.7230082786821574	-8.203344843116618e-6
-6.707300315414209	-8.266667173763654e-6
-6.69159235214626	-8.33065929708888e-6
-6.675884388878311	-8.395330319263609e-6
-6.660176425610361	-8.460689499284863e-6
-6.644468462342412	-8.526746252054486e-6
-6.628760499074463	-8.59351015153265e-6
-6.613052535806514	-8.660990933963534e-6
-6.5973445725385655	-8.729198501181388e-6
-6.581636609270617	-8.798142923994227e-6
-6.565928646002668	-8.867834445648526e-6
-6.550220682734719	-8.938283485378365e-6
-6.53451271946677	-9.009500642040424e-6
-6.51880475619882	-9.081496697837521e-6
-6.503096792930871	-9.15428262213413e-6
-6.4873888296629225	-9.227869575362724e-6
-6.471680866394974	-9.302268913029556e-6
-6.455972903127025	-9.377492189816995e-6
-6.440264939859076	-9.453551163789863e-6
-6.424556976591127	-9.530457800704804e-6
-6.408849013323178	-9.60822427842825e-6
-6.393141050055229	-9.6868629914648e-6
-6.37743308678728	-9.766386555601458e-6
-6.3617251235193315	-9.84680781266656e-6
-6.346017160251382	-9.928139835414465e-6
-6.330309196983433	-1.0010395932527265e-5
-6.314601233715484	-1.0093589653755048e-5
-6.298893270447535	-1.0177734795178092e-5
-6.283185307179586	-1.026284540461338e-5
-6.267477343911637	-1.0348935787156257e-5
-6.2517693806436885	-1.043602051086917e-5
-6.23606141737574	-1.0524114412618563e-5
-6.220353454107791	-1.0613232604066638e-5
-6.204645490839841	-1.0703390477818066e-5
-6.188937527571892	-1.0794603713734593e-5
-6.173229564303943	-1.0886888285414309e-5
-6.157521601035994	-1.0980260466846642e-5
-6.1418136377680455	-1.1074736839244951e-5
-6.126105674500097	-1.1170334298065766e-5
-6.110397711232148	-1.1267070060216886e-5
-6.094689747964199	-1.1364961671463108e-5
-6.07898178469625	-1.1464027014036601e-5
-6.063273821428301	-1.1564284314454827e-5
-6.047565858160352	-1.1665752151556954e-5
-6.031857894892402	-1.1768449464764732e-5
-6.0161499316244536	-1.187239556257257e-5
-6.000441968356505	-1.1977610131282202e-5
-5.984734005088556	-1.2084113243979212e-5
-5.969026041820607	-1.2191925369770731e-5
-5.953318078552658	-1.230106738328697e-5
-5.937610115284709	-1.2411560574460037e-5
-5.92190215201676	-1.2523426658586125e-5
-5.906194188748811	-1.2636687786687106e-5
-5.890486225480862	-1.2751366556178886e-5
-5.874778262212913	-1.2867486021865625e-5
-5.859070298944964	-1.298506970726421e-5
-5.843362335677015	-1.3104141616287003e-5
-5.827654372409066	-1.3224726245289152e-5
-5.811946409141117	-1.3346848595513917e-5
-5.796238445873168	-1.3470534185947634e-5
-5.7805304826052195	-1.3595809066626787e-5
-5.764822519337271	-1.3722699832429813e-5
-5.749114556069322	-1.3851233637406607e-5
-5.733406592801373	-1.398143820971544e-5
-5.717698629533423	-1.4113341867267986e-5
-5.701990666265474	-1.4246973534223265e-5
-5.686282702997525	-1.438236275855772e-5
-5.6705747397295765	-1.4519539731060226e-5
-5.654866776461628	-1.4658535306331897e-5
-5.639158813193679	-1.4799381026797795e-5
-5.62345084992573	-1.4942109151528307e-5
-5.607742886657781	-1.5086752693293597e-5
-5.592034923389832	-1.5233345470715228e-5
-5.576326960121882	-1.538192219026426e-5
-5.5606189968539335	-1.5532518592499574e-5
-5.544911033585985	-1.568517175125582e-5
-5.529203070318036	-1.5839920786304228e-5
-5.513495107050087	-1.5996808899206644e-5
-5.497787143782138	-1.615589079920612e-5
-5.482079180514189	-1.6317272457544867e-5
-5.46637121724624	-1.6481581487944408e-5
-5.450663253978291	-1.6716660068468993e-5
-5.4349552907103424	-1.681525783969202e-5
-5.419247327442394	-1.6985505956284133e-5
-5.403539364174444	-1.71608804824956e-5
-5.387831400906495	-1.7346462408066915e-5
-5.372123437638546	-1.7511727253647253e-5
-5.356415474370597	-1.7691564750318536e-5
-5.340707511102648	-1.787442841554277e-5
-5.324999547834699	-1.8060029795839922e-5
-5.3092915845667505	-1.824836292680678e-5
-5.293583621298802	-1.843946396725964e-5
-5.277875658030853	-1.8633380698852904e-5
-5.262167694762903	-1.8830165942410384e-5
-5.246459731494954	-1.902987584048032e-5
-5.230751768227005	-1.923256968528551e-5
-5.215043804959056	-1.943831079477597e-5
-5.1993358416911075	-1.964716927518105e-5
-5.183627878423159	-1.9859230743022167e-5
-5.16791991515521	-2.0074632996809758e-5
-5.152211951887261	-2.029384441190029e-5
-5.136503988619312	-2.0533421793711857e-5
-5.120796025351363	-2.0743770025960012e-5
-5.105088062083414	-2.097372625575319e-5
-5.0893800988154645	-2.128020288712374e-5
-5.073672135547516	-2.1455802975817528e-5
-5.057964172279567	-2.1679645575346758e-5
-5.042256209011618	-2.1922146940307023e-5
-5.026548245743669	-2.2201824878173995e-5
-5.01084028247572	-2.2422379981118547e-5
-4.995132319207771	-2.2674389775553898e-5
-4.979424355939822	-2.2933471282531828e-5
-4.9637163926718735	-2.3197972140795057e-5
-4.948008429403924	-2.3473470423487383e-5
-4.932300466135975	-2.3738084539408892e-5
-4.916592502868026	-2.4015992942113788e-5
-4.900884539600077	-2.430322228136506e-5
-4.885176576332128	-2.4774990395480793e-5
-4.869468613064179	-2.4898152182871385e-5
-4.8537606497962305	-2.5172667168113143e-5
-4.838052686528282	-2.5471410433617195e-5
-4.822344723260333	-2.577802634122509e-5
-4.806636759992384	-2.6102140010404537e-5
-4.790928796724435	-2.6414959412298774e-5
-4.775220833456485	-2.6750843325822508e-5
-4.759512870188536	-2.7498825718745105e-5
-4.743804906920587	-2.7477520758081976e-5
-4.7280969436526386	-2.7756652337786914e-5
-4.71238898038469	-2.8086346850141136e-5
-4.696681017116741	-2.8439105205059308e-5
-4.680973053848792	-2.8824327615199137e-5
-4.665265090580843	-3.149026380569325e-5
-4.649557127312894	-3.0494090156030458e-5
-4.633849164044944	-3.020671627644001e-5
-4.6181412007769955	-3.033337271614639e-5
-4.602433237509047	-3.0731045281338e-5
-4.586725274241098	-3.119955458006252e-5
-4.571017310973149	-3.1774278394085445e-5
-4.5553093477052	-3.2295272248555183e-5
-4.539601384437251	-3.264600135707022e-5
-4.523893421169302	-3.306597790195407e-5
-4.508185457901353	-3.332002501887493e-5
-4.4924774946334045	-3.369780095508414e-5
-4.476769531365456	-3.4189119836301324e-5
-4.461061568097506	-3.488480855109174e-5
-4.445353604829557	-3.730114193486646e-5
-4.429645641561608	-3.8148098450328905e-5
-4.413937678293659	-3.646464806622316e-5
-4.39822971502571	-3.7658947014195643e-5
-4.3825217517577615	-3.716563826959837e-5
-4.366813788489813	-3.766167443096902e-5
-4.351105825221864	-3.8229476293251946e-5
-4.335397861953915	-3.8932320012009844e-5
-4.319689898685965	-4.140253675059946e-5
-4.303981935418016	-4.1711011861411234e-5
-4.288273972150067	-6.034657881211084e-5
-4.2725660088821185	-4.187426501978815e-5
-4.25685804561417	-5.144074990916565e-5
-4.241150082346221	-4.278653681958644e-5
-4.225442119078272	-4.545692123558278e-5
-4.209734155810323	-4.803827969202517e-5
-4.194026192542374	-0.00027567409081841497
-4.178318229274425	-5.250095228558381e-5
-4.162610266006476	-5.3060035930401114e-5
-4.146902302738527	-7.576739766583338e-5
-4.131194339470578	-5.525756162689019e-5
-4.115486376202629	-5.994394379071043e-5
-4.09977841293468	-4.978460084920285e-5
-4.084070449666731	-5.070850230819546e-5
-4.068362486398782	-5.206795910526863e-5
-4.052654523130833	-0.00011613656439010945
-4.036946559862884	-5.3854207428346604e-5
-4.0212385965949355	-6.0151430747812975e-5
-4.005530633326986	-5.534400083671278e-5
-3.9898226700590373	-5.777603523990762e-5
-3.9741147067910885	-5.853036804131549e-5
-3.958406743523139	-7.287121677165054e-5
-3.9426987802551903	-0.00019372312521092797
-3.9269908169872414	-7.53517753864013e-5
-3.9112828537192925	-6.352531653219181e-5
-3.8955748904513436	-7.12075203729142e-5
-3.8798669271833943	-0.0006625857176631832
-3.8641589639154454	-7.129931510301682e-5
-3.8484510006474966	-7.161712115240326e-5
-3.8327430373795477	-7.0723247898114e-5
-3.817035074111599	-7.674254673058078e-5
-3.8013271108436495	-0.00011152277334465372
-3.7856191475757006	-7.771407643734065e-5
-3.7699111843077517	-0.0005472227387675342
-3.754203221039803	-0.0005964071637601766
-3.738495257771854	-0.0004399934259965061
-3.7227872945039047	-0.00010221086324185452
-3.707079331235956	-0.00013901230808455574
-3.691371367968007	-0.00017100517606937957
-3.675663404700058	-0.00010838036308204123
-3.659955441432109	-0.0003324103092495176
-3.64424747816416	-0.00032382347240072443
-3.628539514896211	-0.00017368798949808262
-3.612831551628262	-0.00012455470866267284
-3.597123588360313	-0.00012371615018712256
-3.5814156250923643	-0.0002246846513105894
-3.565707661824415	-0.00039904796861275086
-3.549999698556466	-0.0014124027528681939
-3.5342917352885173	-0.001022239294047071
-3.5185837720205684	-0.00013349161535893475
-3.5028758087526195	-0.0012041048119878213
-3.48716784548467	-0.0032877334024612706
-3.4714598822167213	-0.0005392931037523701
-3.4557519189487724	-0.0013729641514393096
-3.4400439556808236	-0.001199051895189844
-3.4243359924128747	-0.0018433899077365326
-3.4086280291449254	-0.00035558530465688284
-3.3929200658769765	-0.0003824667900469944
-3.3772121026090276	-0.00030351897625090007
-3.3615041393410787	-0.0044022050167574255
-3.34579617607313	-0.0005537606799655314
-3.3300882128051805	-0.0005433883755730531
-3.3143802495372316	-0.0012970955085252617
-3.2986722862692828	-0.001084580445127892
-3.282964323001334	-0.0002703132367639158
-3.267256359733385	-0.003069967491686968
-3.2515483964654357	-0.0002362913565395345
-3.235840433197487	-0.0008561711806708727
-3.220132469929538	-0.0011561748362907559
-3.204424506661589	-0.0009147182468583638
-3.18871654339364	-0.008255844967594489
-3.173008580125691	-0.003371993211477389
-3.157300616857742	-0.020482908775580982
-3.141592653589793	-0.001174995449340887
-3.1258846903218442	-0.0009789529789155337
-3.1101767270538954	-0.0005022002399287718
-3.094468763785946	-0.0005260099171703933
-3.078760800517997	-0.002456619801258893
-3.0630528372500483	-0.014095549582177973
-3.0473448739820994	-0.005919924781810623
-3.0316369107141505	-0.0018900050374451175
-3.015928947446201	-0.010215629284161741
-3.0002209841782523	-0.013395721404359582
-2.9845130209103035	-0.028320387275214153
-2.9688050576423546	-0.002520094270774666
-2.9530970943744057	-0.004302687845838557
-2.9373891311064564	-0.049978291731043976
-2.9216811678385075	-0.009331261995303533
-2.9059732045705586	-0.041886424763407204
-2.8902652413026098	-0.011180439882371777
-2.874557278034661	-0.03474387449149332
-2.8588493147667116	-0.01005784665318077
-2.8431413514987627	-0.011019637834925773
-2.827433388230814	-0.0036573780626078228
-2.811725424962865	-0.003103632061670628
-2.796017461694916	-0.002942814447151086
-2.7803094984269667	-0.01180924672187035
-2.764601535159018	-0.010737347429193831
-2.748893571891069	-0.04908125771781132
-2.73318560862312	-0.010951684596261791
-2.7174776453551712	-0.013479571921432771
-2.701769682087222	-0.014208753699172752
-2.686061718819273	-0.006158494079136871
-2.670353755551324	-0.012400105625130125
-2.6546457922833753	-0.003062374471926493
-2.6389378290154264	-0.006154742904684634
-2.623229865747477	-0.35814296304130233
-2.607521902479528	-0.04171404565653016
-2.5918139392115793	-0.021819452772977137
-2.5761059759436304	-0.021240622849947526
-2.5603980126756816	-0.16743020307325368
-2.5446900494077322	-0.16768034837962217
-2.5289820861397834	-0.0349598187282916
-2.5132741228718345	-0.012159786176804997
-2.4975661596038856	-0.019281047471982917
-2.4818581963359367	-0.05751829592802673
-2.4661502330679874	-0.7094031448627383
-2.4504422698000385	-0.05751986587381332
-2.4347343065320897	-0.04968889729539022
-2.419026343264141	-0.03982889292793487
-2.403318379996192	-0.18770697340549414
-2.3876104167282426	-0.8741348701204584
-2.3719024534602937	-0.06222544144267873
-2.356194490192345	-0.11094333115369295
-2.340486526924396	-0.2528695810075722
-2.324778563656447	-0.07253705778681926
-2.3090706003884978	-0.0577749767537866
-2.293362637120549	-0.012615742912320487
-2.2776546738526	-0.03901124558525937
-2.261946710584651	-0.09532897507027775
-2.2462387473167023	-0.9489509638115504
-2.230530784048753	-0.10604342530739437
-2.214822820780804	-0.025026233524937262
-2.199114857512855	-0.22584551699154526
-2.1834068942449063	-0.313405256318864
-2.1676989309769574	-0.2403625630367233
-2.151990967709008	-0.23911066553709795
-2.1362830044410592	-0.12915562723994098
-2.1205750411731104	-0.05967422533706378
-2.1048670779051615	-0.2244420968551337
-2.0891591146372126	-0.05948207430241108
-2.0734511513692633	-0.21538724343447602
-2.0577431881013144	-0.16779472383891697
-2.0420352248333655	-0.10183303785892658
-2.0263272615654166	-0.08175741210198881
-2.0106192982974678	-0.04919618062178747
-1.9949113350295187	-1.7250988161364276
-1.9792033717615696	-0.3050568958645221
-1.9634954084936207	-0.38197874441771035
-1.9477874452256718	-0.3408894809534395
-1.9320794819577227	-0.17110217020203397
-1.9163715186897738	-0.298748696521697
-1.9006635554218247	-1.2192774003574118
-1.8849555921538759	-1.1365399000823388
-1.869247628885927	-0.49030077149531814
-1.853539665617978	-0.14643914795066826
-1.837831702350029	-0.6740110221793498
-1.82212373908208	-6.906950279054806
-1.806415775814131	-0.5092969784311274
-1.7907078125461822	-0.13821690506687034
-1.774999849278233	-0.1667207323427652
-1.7592918860102842	-0.2947054814466178
-1.743583922742335	-1.1399238461978183
-1.7278759594743862	-0.21728412904559916
-1.7121679962064373	-1.6981542350416527
-1.6964600329384882	-0.08884453226899791
-1.6807520696705394	-1.3162056107628073
-1.6650441064025903	-0.7407018291680104
-1.6493361431346414	-0.1595047978308748
-1.6336281798666925	-0.1721584743452701
-1.6179202165987434	-0.15791191845540306
-1.6022122533307945	-0.2425101378262945
-1.5865042900628454	-0.5505785868428558
-1.5707963267948966	-0.08429918404479861
-1.5550883635269477	-0.29018266276190086
-1.5393804002589986	-0.26527256840672486
-1.5236724369910497	-0.16896300997629435
-1.5079644737231006	-0.6467385885761143
-1.4922565104551517	-0.19514324595507432
-1.4765485471872029	-0.16001654248289382
-1.4608405839192538	-0.7674671072283755
-1.4451326206513049	-0.45780057004541963
-1.4294246573833558	-7.753813403190581
-1.413716694115407	-0.24816141481748227
-1.398008730847458	-0.14119389290337928
-1.382300767579509	-1.398536436066596
-1.36659280431156	-0.45675515597376537
-1.350884841043611	-0.27336586360395626
-1.335176877775662	-15.074534788915766
-1.3194689145077132	-0.719085358056096
-1.303760951239764	-0.7582840344879216
-1.2880529879718152	-0.1362271148956764
-1.2723450247038661	-0.24082009208145702
-1.2566370614359172	-0.3326716926063674
-1.2409290981679684	-0.4343953091778558
-1.2252211349000193	-1.4784115816246965
-1.2095131716320704	-4.471538051110157
-1.1938052083641213	-1.3147697677024701
-1.1780972450961724	-0.39780693829530694
-1.1623892818282235	-0.2792115696002067
-1.1466813185602744	-0.4178553642279587
-1.1309733552923256	-0.281901954587277
-1.1152653920243765	-0.3680708514666956
-1.0995574287564276	-1.1252406954563938
-1.0838494654884787	-0.19578454209883223
-1.0681415022205296	-0.3032361813214598
-1.0524335389525807	-0.4257200484841229
-1.0367255756846316	-0.36007730622061057
-1.0210176124166828	-0.3902301963088223
-1.0053096491487339	-1.4647729433541843
-0.9896016858807848	-1.9968937994396811
-0.9738937226128359	-0.3972824011272561
-0.9581857593448869	-0.5418153250674571
-0.9424777960769379	-0.07054306139171003
-0.926769832808989	-0.17259043071686844
-0.91106186954104	-0.26146519163342796
-0.8953539062730911	-0.2903247244243012
-0.8796459430051421	-0.627404635730201
-0.8639379797371931	-0.4336183423386046
-0.8482300164692441	-0.14930192754544272
-0.8325220532012951	-0.3424199954493255
-0.8168140899333463	-1.6210081339874602
-0.8011061266653973	-0.255981593032338
-0.7853981633974483	-0.953109516608023
-0.7696902001294993	-0.13192792000660966
-0.7539822368615503	-0.16897127905321643
-0.7382742735936014	-0.7633605459436252
-0.7225663103256524	-0.26949659053977354
-0.7068583470577035	-0.20228491601414755
-0.6911503837897545	-0.46639679055762046
-0.6754424205218055	-1.1399395420593927
-0.6597344572538566	-0.694362889411959
-0.6440264939859076	-0.078358678769644
-0.6283185307179586	-0.3503858479541515
-0.6126105674500096	-0.9157707510942482
-0.5969026041820606	-0.3070322034117514
-0.5811946409141118	-0.23996240681041608
-0.5654866776461628	-0.4702489050466844
-0.5497787143782138	-0.4438429956538994
-0.5340707511102648	-0.27148295985414167
-0.5183627878423158	-1.0018109880949375
-0.5026548245743669	-2.0621662605118942
-0.48694686130641796	-0.7189115218304317
-0.47123889803846897	-0.32623388114940327
-0.45553093477052	-0.1274611421614987
-0.43982297150257105	-0.4955297467840888
-0.42411500823462206	-0.21282982789344848
-0.4084070449666731	-0.5037749684628462
-0.39269908169872414	-0.04155299384374489
-0.37699111843077515	-0.07616835922908961
-0.3612831551628262	-0.05289158186668145
-0.34557519189487723	-0.0914121315681673
-0.3298672286269283	-0.10096202087749895
-0.3141592653589793	-0.39299985706326623
-0.2984513020910303	-0.14143317273101488
-0.2827433388230814	-0.28505726762617706
-0.2670353755551324	-0.4525567238352813
-0.25132741228718347	-0.03182071083470681
-0.23561944901923448	-0.06227212800336471
-0.21991148575128552	-0.16612587861525904
-0.20420352248333656	-0.11340089248962286
-0.18849555921538758	-0.10106956851767405
-0.17278759594743862	-0.0824565323525635
-0.15707963267948966	-0.05968597065264841
-0.1413716694115407	-0.12910878062377878
-0.12566370614359174	-0.022798344785592287
-0.10995574287564276	-0.020281089992418348
-0.09424777960769379	-0.07896304394960534
-0.07853981633974483	-0.03605991210121483
-0.06283185307179587	-0.010188482453372552
-0.047123889803846894	-0.004860522328621733
-0.031415926535897934	-0.009411960380678583
-0.015707963267948967	-0.005142529951994894
0.0	2.462861364396731e-9
0.015707963267948967	0.005142530287682691
0.031415926535897934	0.009411960507473244
0.047123889803846894	0.0048605223391617785
0.06283185307179587	0.010188482556263785
0.07853981633974483	0.036059910409428755
0.09424777960769379	0.07896304401010514
0.10995574287564276	0.020281089824923947
0.12566370614359174	0.0227983451394783
0.1413716694115407	0.12910878002402715
0.15707963267948966	0.05968597219844463
0.17278759594743862	0.08245653275148597
0.18849555921538758	0.10106956640118243
0.20420352248333656	0.11340089366652353
0.21991148575128552	0.16612587985747015
0.23561944901923448	0.062272127986016036
0.25132741228718347	0.03182071013916734
0.2670353755551324	0.4525566962265948
0.2827433388230814	0.2850572643138828
0.2984513020910303	0.14143317479370376
0.3141592653589793	0.3929998605374464
0.3298672286269283	0.10096202212402022
0.34557519189487723	0.09141212988881878
0.3612831551628262	0.052891579378534774
0.37699111843077515	0.07616835959922202
0.39269908169872414	0.04155299388415555
0.4084070449666731	0.5037749722327949
0.42411500823462206	0.21282982750978227
0.43982297150257105	0.49552974526580007
0.45553093477052	0.12746114380273835
0.47123889803846897	0.3262338806384436
0.48694686130641796	0.7189115441931926
0.5026548245743669	2.062166369733328
0.5183627878423158	1.0018110027400726
0.5340707511102648	0.2714829595058224
0.5497787143782138	0.4438430009312908
0.5654866776461628	0.4702488989150704
0.5811946409141118	0.23996243734161754
0.5969026041820606	0.30703219983927715
0.6126105674500096	0.9157707628432978
0.6283185307179586	0.3503858475132808
0.6440264939859076	0.07835867964890328
0.6597344572538566	0.694362931220624
0.6754424205218055	1.1399394735240695
0.6911503837897545	0.4663967896934298
0.7068583470577035	0.20228491639341278
0.7225663103256524	0.2694965922578117
0.7382742735936014	0.763360526374771
0.7539822368615503	0.1689712768888607
0.7696902001294993	0.1319279205502758
0.7853981633974483	0.953109496622207
0.8011061266653973	0.25598159287667904
0.8168140899333463	1.6210081956242508
0.8325220532012951	0.3424200166995827
0.8482300164692441	0.14930192657029445
0.8639379797371931	0.43361832401588607
0.8796459430051421	0.6274046525578304
0.8953539062730911	0.2903247293619678
0.91106186954104	0.2614651837542397
0.926769832808989	0.17259043008995523
0.9424777960769379	0.07054306151424028
0.9581857593448869	0.541815357644923
0.9738937226128359	0.39728240984717295
0.9896016858807848	1.9968938112739147
1.0053096491487339	1.4647730727058257
1.0210176124166828	0.39023019823849564
1.0367255756846316	0.3600773048185245
1.0524335389525807	0.42572005667675494
1.0681415022205296	0.30323618774385114
1.0838494654884787	0.19578454072322551
1.0995574287564276	1.125240689514779
1.1152653920243765	0.36807083778702154
1.1309733552923256	0.281901961016901
1.1466813185602744	0.41785536725431477
1.1623892818282235	0.27921156887272586
1.1780972450961724	0.3978069609859815
1.1938052083641213	1.314769744231044
1.2095131716320704	4.471538879070623
1.2252211349000193	1.4784115798618234
1.2409290981679684	0.4343953058746542
1.2566370614359172	0.33267169110167416
1.2723450247038661	0.24082009075265862
1.2880529879718152	0.13622711435517795
1.303760951239764	0.758284018052291
1.3194689145077132	0.7190853605617452
1.335176877775662	15.074535006418003
1.350884841043611	0.27336586439618216
1.36659280431156	0.45675517157342194
1.382300767579509	1.398536473484558
1.398008730847458	0.14119389104991703
1.413716694115407	0.24816141816599724
1.4294246573833558	7.753814307894206
1.4451326206513049	0.45780055148583754
1.4608405839192538	0.7674671257065275
1.4765485471872029	0.1600165425896051
1.4922565104551517	0.19514324496714197
1.5079644737231006	0.6467385833504278
1.5236724369910497	0.16896300861203775
1.5393804002589986	0.2652725711491951
1.5550883635269477	0.29018265001665317
1.5707963267948966	0.08429918257409454
1.5865042900628454	0.5505785805073777
1.6022122533307945	0.24251014335325888
1.6179202165987434	0.15791191718575756
1.6336281798666925	0.17215847397435896
1.6493361431346414	0.15950479651840124
1.6650441064025903	0.7407018347095703
1.6807520696705394	1.3162056378418834
1.6964600329384882	0.08884453207659945
1.7121679962064373	1.6981540285048549
1.7278759594743862	0.21728412688595863
1.743583922742335	1.1399238716617452
1.7592918860102842	0.294705485767591
1.774999849278233	0.1667207311271212
1.7907078125461822	0.1382169041222582
1.806415775814131	0.5092969696849187
1.82212373908208	6.906950658707886
1.837831702350029	0.6740109767333529
1.853539665617978	0.14643914547659545
1.869247628885927	0.49030079537086585
1.8849555921538759	1.13653990621083
1.9006635554218247	1.2192773448988075
1.9163715186897738	0.2987486922992523
1.9320794819577227	0.17110216916553195
1.9477874452256718	0.34088948329443924
1.9634954084936207	0.3819787455214995
1.9792033717615696	0.3050568951301602
1.9949113350295187	1.7250987741478556
2.0106192982974678	0.049196180655040514
2.0263272615654166	0.08175741199136033
2.0420352248333655	0.10183303664078014
2.0577431881013144	0.16779472895951283
2.0734511513692633	0.2153872329309352
2.0891591146372126	0.05948207363883991
2.1048670779051615	0.2244421021214624
2.1205750411731104	0.059674224758508004
2.1362830044410592	0.12915562963389335
2.151990967709008	0.23911065174164814
2.1676989309769574	0.2403625635923075
2.1834068942449063	0.3134052583702738
2.199114857512855	0.22584551209129156
2.214822820780804	0.025026233473035207
2.230530784048753	0.10604342186192607
2.2462387473167023	0.9489510129549387
2.261946710584651	0.09532897440686393
2.2776546738526	0.039011245189494635
2.293362637120549	0.012615743097216001
2.3090706003884978	0.05777497278481125
2.324778563656447	0.07253705807685956
2.340486526924396	0.2528695756232807
2.356194490192345	0.11094333101592596
2.3719024534602937	0.06222544066620839
2.3876104167282426	0.8741348884027453
2.403318379996192	0.18770696723977845
2.419026343264141	0.03982889083844616
2.4347343065320897	0.049688898351358445
2.4504422698000385	0.05751986602274741
2.4661502330679874	0.7094032016980804
2.4818581963359367	0.05751829565553216
2.4975661596038856	0.01928104678058306
2.5132741228718345	0.01215978612754103
2.5289820861397834	0.034959818097580295
2.5446900494077322	0.16768034570777188
2.5603980126756816	0.16743019934286485
2.5761059759436304	0.02124062302300817
2.5918139392115793	0.021819452596295013
2.607521902479528	0.04171404542243805
2.623229865747477	0.35814299569806146
2.6389378290154264	0.006154742929923075
2.6546457922833753	0.003062374467850802
2.670353755551324	0.012400105938011592
2.686061718819273	0.006158494060431368
2.701769682087222	0.014208753608206436
2.7174776453551712	0.01347957181842006
2.73318560862312	0.010951684588360546
2.748893571891069	0.04908126111381062
2.764601535159018	0.010737347151630683
2.7803094984269667	0.011809245818555449
2.796017461694916	0.0029428144395045436
2.811725424962865	0.0031036321138465145
2.827433388230814	0.0036573780549898974
2.8431413514987627	0.011019637914616999
2.8588493147667116	0.010057847002238792
2.874557278034661	0.03474387376578182
2.8902652413026098	0.011180439929187566
2.9059732045705586	0.041886425267640866
2.9216811678385075	0.009331262045002708
2.9373891311064564	0.04997828261085722
2.9530970943744057	0.004302687920872091
2.9688050576423546	0.00252009427962955
2.9845130209103035	0.028320391483229367
3.0002209841782523	0.013395719931209834
3.015928947446201	0.010215629691166074
3.0316369107141505	0.0018900050419315717
3.0473448739820994	0.005919924554634873
3.0630528372500483	0.01409554921704321
3.078760800517997	0.0024566196791667144
3.094468763785946	0.0005260099166215046
3.1101767270538954	0.0005022002412820798
3.1258846903218442	0.0009789529849939603
3.141592653589793	0.0011749954433176028
3.157300616857742	0.02048290894543257
3.173008580125691	0.0033719932819754692
3.18871654339364	0.0082558440789353
3.204424506661589	0.0009147182427352966
3.220132469929538	0.0011561748328440937
3.235840433197487	0.0008561711699750144
3.2515483964654357	0.00023629135653542235
3.267256359733385	0.003069967479902559
3.282964323001334	0.0002703132359023581
3.2986722862692828	0.0010845804118591869
3.3143802495372316	0.0012970954994844114
3.3300882128051805	0.0005433883617388292
3.34579617607313	0.0005537606883975652
3.3615041393410787	0.004402204782795738
3.3772121026090276	0.000303518977033801
3.3929200658769765	0.00038246680005584566
3.4086280291449254	0.0003555853019661351
3.4243359924128747	0.0018433900851764196
3.4400439556808236	0.0011990519207034
3.4557519189487724	0.0013729642983348071
3.4714598822167213	0.0005392931048136425
3.48716784548467	0.0032877342364230123
3.5028758087526195	0.0012041048228077981
3.5185837720205684	0.0001334916151497556
3.5342917352885173	0.0010222392388953311
3.549999698556466	0.001412402748279373
3.565707661824415	0.0003990479729442764
3.5814156250923643	0.0002246846552618164
3.597123588360313	0.00012371614952518732
3.612831551628262	0.00012455470797586392
3.628539514896211	0.0001736879921776742
3.64424747816416	0.00032382348088525625
3.659955441432109	0.0003324102842067592
3.675663404700058	0.00010838036287211672
3.691371367968007	0.0001710051742882622
3.707079331235956	0.00013901230876408536
3.7227872945039047	0.0001022108630704096
3.738495257771854	0.0004399934355930104
3.754203221039803	0.0005964071483998511
3.7699111843077517	0.0005472226729201856
3.7856191475757006	7.771407652689437e-5
3.8013271108436495	0.00011152277363680977
3.817035074111599	7.674254686435234e-5
3.8327430373795477	7.072324786393759e-5
3.8484510006474966	7.161712124793769e-5
3.8641589639154454	7.129931516471291e-5
3.8798669271833943	0.0006625856743071618
3.8955748904513436	7.120752032810693e-5
3.9112828537192925	6.35253165208613e-5
3.9269908169872414	7.535177495601154e-5
3.9426987802551903	0.00019372313544564656
3.958406743523139	7.287121651694068e-5
3.9741147067910885	5.853036805679501e-5
3.9898226700590373	5.777603537009869e-5
4.005530633326986	5.53440008138313e-5
4.0212385965949355	6.015143097326827e-5
4.036946559862884	5.385420744480074e-5
4.052654523130833	0.00011613655288363825
4.068362486398782	5.206795910903227e-5
4.084070449666731	5.070850233307512e-5
4.09977841293468	4.97846008551431e-5
4.115486376202629	5.994394367798799e-5
4.131194339470578	5.52575617627004e-5
4.146902302738527	7.576740193698437e-5
4.162610266006476	5.3060035046634205e-5
4.178318229274425	5.2500952383595926e-5
4.194026192542374	0.0002756741165514867
4.209734155810323	4.803827976070606e-5
4.225442119078272	4.5456921238710763e-5
4.241150082346221	4.278653682556464e-5
4.25685804561417	5.144074914377664e-5
4.2725660088821185	4.1874265009998666e-5
4.288273972150067	6.034657612374495e-5
4.303981935418016	4.1711011944358345e-5
4.319689898685965	4.140253671644211e-5
4.335397861953915	3.8932320022310246e-5
4.351105825221864	3.822947630233198e-5
4.366813788489813	3.766167443966589e-5
4.3825217517577615	3.716563827816253e-5
4.39822971502571	3.765894702018556e-5
4.413937678293659	3.646464807823034e-5
4.429645641561608	3.814809830502991e-5
4.445353604829557	3.730114197940946e-5
4.461061568097506	3.488480855329975e-5
4.476769531365456	3.4189119843930347e-5
4.4924774946334045	3.3697800962864846e-5
4.508185457901353	3.332002502573896e-5
4.523893421169302	3.306597791189999e-5
4.539601384437251	3.264600136676066e-5
4.5553093477052	3.229527225951082e-5
4.571017310973149	3.177427841483698e-5
4.586725274241098	3.119955458419252e-5
4.602433237509047	3.0731045285195035e-5
4.6181412007769955	3.033337272410763e-5
4.633849164044944	3.0206716270805873e-5
4.649557127312894	3.0494090221549436e-5
4.665265090580843	3.149026378867954e-5
4.680973053848792	2.8824327622669903e-5
4.696681017116741	2.8439105212457636e-5
4.71238898038469	2.8086346857522415e-5
4.7280969436526386	2.7756652345304314e-5
4.743804906920587	2.747752076813132e-5
4.759512870188536	2.7498825696589708e-5
4.775220833456485	2.6750843332568624e-5
4.790928796724435	2.6414959419233253e-5
4.806636759992384	2.610214001789381e-5
4.822344723260333	2.577802634823946e-5
4.838052686528282	2.5471410440589096e-5
4.8537606497962305	2.5172667175053616e-5
4.869468613064179	2.4898152190023456e-5
4.885176576332128	2.4774990401082106e-5
4.900884539600077	2.430322228815947e-5
4.916592502868026	2.4015992948882435e-5
4.932300466135975	2.3738084546142858e-5
4.948008429403924	2.3473470430631926e-5
4.9637163926718735	2.319797214742256e-5
4.979424355939822	2.293347128914132e-5
4.995132319207771	2.2674389782114615e-5
5.01084028247572	2.242237998748009e-5
5.026548245743669	2.2201824889011026e-5
5.042256209011618	2.1922146946802285e-5
5.057964172279567	2.1679645581756917e-5
5.073672135547516	2.145580298188046e-5
5.0893800988154645	2.1280202896250602e-5
5.105088062083414	2.0973726262115995e-5
5.120796025351363	2.0743770032289005e-5
5.136503988619312	2.0533421799043994e-5
5.152211951887261	2.0293844418096963e-5
5.16791991515521	2.0074633002979075e-5
5.183627878423159	1.9859230749156413e-5
5.1993358416911075	1.964716928128079e-5
5.215043804959056	1.9438310800841246e-5
5.230751768227005	1.9232569691316018e-5
5.246459731494954	1.9029875846476105e-5
5.262167694762903	1.8830165948372656e-5
5.277875658030853	1.8633380704781003e-5
5.293583621298802	1.843946397315337e-5
5.3092915845667505	1.824836293266734e-5
5.324999547834699	1.806002980166795e-5
5.340707511102648	1.7874428421338135e-5
5.356415474370597	1.769156475608391e-5
5.372123437638546	1.751172725939193e-5
5.387831400906495	1.734646241464504e-5
5.403539364174444	1.7160880488070927e-5
5.419247327442394	1.6985505961908544e-5
5.4349552907103424	1.6815257845270686e-5
5.450663253978291	1.6716660057276503e-5
5.46637121724624	1.6481581493520406e-5
5.482079180514189	1.6317272463056555e-5
5.497787143782138	1.6155890804684232e-5
5.513495107050087	1.599680890465452e-5
5.529203070318036	1.583992079172087e-5
5.544911033585985	1.568517175664319e-5
5.5606189968539335	1.5532518597856986e-5
5.576326960121882	1.5381922195591745e-5
5.592034923389832	1.5233345476013197e-5
5.607742886657781	1.5086752698562445e-5
5.62345084992573	1.4942109156768336e-5
5.639158813193679	1.4799381032009491e-5
5.654866776461628	1.4658535311515317e-5
5.6705747397295765	1.451953973621511e-5
5.686282702997525	1.4382362763684662e-5
5.701990666265474	1.424697353932189e-5
5.717698629533423	1.41133418723389e-5
5.733406592801373	1.3981438214758963e-5
5.749114556069322	1.3851233642423298e-5
5.764822519337271	1.3722699837420032e-5
5.7805304826052195	1.3595809071589696e-5
5.796238445873168	1.3470534190883954e-5
5.811946409141117	1.3346848600423815e-5
5.827654372409066	1.3224726250172538e-5
5.843362335677015	1.3104141621144311e-5
5.859070298944964	1.2985069712095978e-5
5.874778262212913	1.2867486026671565e-5
5.890486225480862	1.2751366560959689e-5
5.906194188748811	1.2636687791442329e-5
5.92190215201676	1.2523426663316472e-5
5.937610115284709	1.2411560579165393e-5
5.953318078552658	1.2301067387967629e-5
5.969026041820607	1.2191925374426824e-5
5.984734005088556	1.2084113248610962e-5
6.000441968356505	1.1977610135889995e-5
6.0161499316244536	1.1872395567156404e-5
6.031857894892402	1.1768449469324142e-5
6.047565858160352	1.1665752156093168e-5
6.063273821428301	1.156428431896717e-5
6.07898178469625	1.1464027018525945e-5
6.094689747964199	1.1364961675929353e-5
6.110397711232148	1.1267070064660105e-5
6.126105674500097	1.1170334302486562e-5
6.1418136377680455	1.1074736843643272e-5
6.157521601035994	1.0980260471222112e-5
6.173229564303943	1.0886888289767497e-5
6.188937527571892	1.0794603718065511e-5
6.204645490839841	1.0703390482127289e-5
6.220353454107791	1.0613232608354095e-5
6.23606141737574	1.0524114416884385e-5
6.2517693806436885	1.04360205151132e-5
6.267477343911637	1.0348935791378625e-5
6.283185307179586	1.0262845408815125e-5
6.298893270447535	1.0177734799358732e-5
6.314601233715484	1.0093589657914662e-5
6.330309196983433	1.0010395936666161e-5
6.346017160251382	9.928139839532652e-6
6.3617251235193315	9.846807816764733e-6
6.37743308678728	9.766386559678924e-6
6.393141050055229	9.68686299552238e-6
6.408849013323178	9.60822428246574e-6
6.424556976591127	9.530457804722576e-6
6.440264939859076	9.453551167787665e-6
6.455972903127025	9.377492193795088e-6
6.471680866394974	9.302268916988372e-6
6.4873888296629225	9.227869579302454e-6
6.503096792930871	9.154282626054483e-6
6.51880475619882	9.081496701739189e-6
6.53451271946677	9.009500645922908e-6
6.550220682734719	8.938283489242318e-6
6.565928646002668	8.867834449493664e-6
6.581636609270617	8.798142927820888e-6
6.5973445725385655	8.729198504989377e-6
6.613052535806514	8.660990937753435e-6
6.628760499074463	8.593510155304298e-6
6.644468462342412	8.52674625580845e-6
6.660176425610361	8.460689503020672e-6
6.675884388878311	8.395330322981884e-6
6.69159235214626	8.330659300789576e-6
6.707300315414209	8.266667177446626e-6
6.7230082786821574	8.203344846782266e-6
6.738716241950106	8.140683352442464e-6
6.754424205218055	8.078673884950811e-6
6.770132168486004	8.01730777883863e-6
6.785840131753953	7.956576509835989e-6
6.801548095021902	7.896471692131877e-6
6.817256058289851	7.836985075692447e-6
6.8329640215578	7.778108543640882e-6
6.848671984825749	7.719834109699831e-6
6.864379948093698	7.662153915684259e-6
6.880087911361647	7.605060229056747e-6
6.895795874629596	7.548545440534702e-6
6.911503837897545	7.492602061750062e-6
6.927211801165494	7.437222722962292e-6
6.942919764433443	7.382400170821072e-6
6.9586277277013915	7.328127266177109e-6
6.97433569096934	7.274396981944676e-6
6.99004365423729	7.221202401005483e-6
7.005751617505239	7.168536714163374e-6
7.021459580773188	7.116393218139148e-6
7.037167544041137	7.064765313611443e-6
7.052875507309086	7.013646503299428e-6
7.0685834705770345	6.963030390085339e-6
7.084291433844983	6.912910675179964e-6
7.099999397112932	6.86328115632256e-6
7.115707360380881	6.814135726024985e-6
7.13141532364883	6.765468369849492e-6
7.147123286916779	6.717273164722111e-6
7.162831250184729	6.669544277285063e-6
7.1785392134526775	6.622275962279965e-6
7.194247176720626	6.575462560969353e-6
7.209955139988575	6.529098499585589e-6
7.225663103256524	6.4831782878173255e-6
7.241371066524473	6.437696517324054e-6
7.257079029792422	6.392647860283202e-6
7.272786993060371	6.348027067965963e-6
7.28849495632832	6.303828969341978e-6
7.304202919596269	6.260048469716456e-6
7.319910882864218	6.21668054938915e-6
7.335618846132167	6.173720262345289e-6
7.351326809400116	6.131162734972029e-6
7.367034772668065	6.08900316479928e-6
7.382742735936014	6.047236819268475e-6
7.398450699203963	6.005859034522647e-6
7.414158662471912	5.96486521422661e-6
7.4298666257398605	5.924250828403254e-6
7.445574589007809	5.884011412299471e-6
7.461282552275758	5.844142565271159e-6
7.476990515543708	5.8046399496915866e-6
7.492698478811657	5.765499289880539e-6
7.508406442079606	5.726716371056845e-6
7.524114405347555	5.688287038306769e-6
7.5398223686155035	5.650207195578792e-6
7.555530331883452	5.61247280469311e-6
7.571238295151401	5.5750798843728305e-6
7.58694625841935	5.538024509293422e-6
7.602654221687299	5.5013028091502e-6
7.618362184955249	5.464910967745836e-6
7.634070148223198	5.428845222090971e-6
7.6497781114911465	5.393101861528378e-6
7.665486074759095	5.35767722686825e-6
7.681194038027044	5.322567709543364e-6
7.696902001294993	5.287769750779015e-6
7.712609964562942	5.253279840779704e-6
7.728317927830891	5.219094517929617e-6
7.74402589109884	5.185210368009927e-6
7.759733854366789	5.151624023430446e-6
7.7754418176347375	5.118332162474399e-6
7.791149780902687	5.0853315085593685e-6
7.806857744170636	5.0526188295111684e-6
7.822565707438585	5.02019093685019e-6
7.838273670706534	4.988044685093329e-6
7.853981633974483	4.956176971066451e-6
7.869689597242432	4.924584733231934e-6
7.8853975605103805	4.893264951025942e-6
7.901105523778329	4.862214644211221e-6
7.916813487046278	4.831430872237745e-6
7.932521450314228	4.80091073361919e-6
7.948229413582177	4.770651365317846e-6
7.963937376850126	4.740649942142033e-6
7.979645340118075	4.710903676154016e-6
7.995353303386024	4.681409816088846e-6
8.011061266653972	4.6521656467841765e-6
8.026769229921921	4.62316848861901e-6
8.042477193189871	4.5944156969640435e-6
8.058185156457819	4.565904661641069e-6
8.073893119725769	4.5376328063921e-6
8.089601082993717	4.509597588357842e-6
8.105309046261667	4.481796497566382e-6
8.121017009529615	4.454227056429436e-6
8.136724972797564	4.426886819248902e-6
8.152432936065512	4.3997733717310604e-6
8.168140899333462	4.37288433051078e-6
8.183848862601412	4.3462173426815214e-6
8.19955682586936	4.319770085337045e-6
8.21526478913731	4.293540265117929e-6
8.230972752405258	4.2675256177675206e-6
8.246680715673207	4.241723907696333e-6
8.262388678941155	4.216132927552526e-6
8.278096642209105	4.190750497799939e-6
8.293804605477053	4.165574466304599e-6
8.309512568745003	4.140602707927608e-6
8.325220532012953	4.1158331241249856e-6
8.3409284952809	4.091263642553799e-6
8.35663645854885	4.0668922166868706e-6
8.372344421816798	4.042716825432002e-6
8.388052385084748	4.01873547275873e-6
8.403760348352696	3.9949461873317765e-6
8.419468311620646	3.971347022149352e-6
8.435176274888594	3.947936054188967e-6
8.450884238156544	3.924711384058623e-6
8.466592201424492	3.901671135653395e-6
8.482300164692441	3.878813455819319e-6
8.498008127960391	3.8561365140207205e-6
8.51371609122834	3.833638502014911e-6
8.529424054496289	3.8113176335315455e-6
8.545132017764237	3.789172143957522e-6
8.560839981032187	3.7672002900264813e-6
8.576547944300135	3.7454003495148593e-6
8.592255907568084	3.7237706209409473e-6
8.607963870836032	3.7023094232710417e-6
8.623671834103982	3.681015095628916e-6
8.63937979737193	3.6598859970105077e-6
8.65508776063988	3.638920506003599e-6
8.67079572390783	3.618117020511045e-6
8.686503687175778	3.5974739574808455e-6
8.702211650443727	3.576989752637053e-6
8.717919613711675	3.5566628602180624e-6
8.733627576979625	3.5364917527180142e-6
8.749335540247573	3.516474920632625e-6
8.765043503515523	3.4966108722078773e-6
8.780751466783471	3.476898133195523e-6
8.79645943005142	3.457335246608816e-6
8.81216739331937	3.4379207724851437e-6
8.827875356587318	3.418653287651722e-6
8.843583319855268	3.399531385494024e-6
8.859291283123216	3.380553675728483e-6
8.874999246391166	3.3617187841797127e-6
8.890707209659114	3.3430253525591308e-6
8.906415172927064	3.324472038250073e-6
8.922123136195012	3.3060575140925462e-6
8.937831099462962	3.287780468175157e-6
8.953539062730911	3.269639603627642e-6
8.96924702599886	3.251633638417629e-6
8.984954989266809	3.2337613051506368e-6
9.000662952534757	3.2160213508731655e-6
9.016370915802707	3.1984125368781253e-6
9.032078879070655	3.1809336385147116e-6
9.047786842338605	3.163583444999736e-6
9.063494805606553	3.1463607592326487e-6
9.079202768874502	3.129264397613272e-6
9.09491073214245	3.112293189863299e-6
9.1106186954104	3.0954459788476023e-6
9.12632665867835	3.078721620402035e-6
9.142034621946298	3.0621189831614934e-6
9.157742585214248	3.0456369483908217e-6
9.173450548482196	3.0292744098191416e-6
9.189158511750145	3.013030273476026e-6
9.204866475018093	2.9969034575304508e-6
9.220574438286043	2.980892892131964e-6
9.236282401553991	2.9649975192543284e-6
9.25199036482194	2.9492162925416923e-6
9.267698328089889	2.9335481771567347e-6
9.283406291357839	2.917992149631898e-6
9.299114254625788	2.9025471977210272e-6
9.314822217893736	2.8872123202557594e-6
9.330530181161686	2.8719865270018623e-6
9.346238144429634	2.856868838518851e-6
9.361946107697584	2.8418582860215485e-6
9.377654070965532	2.826953911243191e-6
9.393362034233482	2.8121547663011985e-6
9.40906999750143	2.7974599135647237e-6
9.42477796076938	2.782868425523821e-6
9.44048592403733	2.768379384661053e-6
9.456193887305277	2.753991883324192e-6
9.471901850573227	2.739705023602389e-6
9.487609813841175	2.7255179172018146e-6
9.503317777109125	2.7114296853251975e-6
9.519025740377073	2.6974394585519288e-6
9.534733703645022	2.6835463767204925e-6
9.55044166691297	2.669749588812246e-6
9.56614963018092	2.656048252837033e-6
9.58185759344887	2.6424415357203137e-6
9.597565556716818	2.62892861319218e-6
9.613273519984768	2.6155086696779387e-6
9.628981483252716	2.6021808981897415e-6
9.644689446520665	2.58894450022054e-6
9.660397409788613	2.5757986856390632e-6
9.676105373056563	2.562742672585997e-6
9.691813336324511	2.5497756873729784e-6
9.707521299592461	2.5368969643814967e-6
9.723229262860409	2.524105745963512e-6
9.738937226128359	2.511401282344545e-6
9.754645189396308	2.4987828315268695e-6
9.770353152664256	2.4862496591949267e-6
9.786061115932206	2.4738010386214576e-6
9.801769079200154	2.461436250575151e-6
9.817477042468104	2.449154583230368e-6
9.833185005736052	2.436955332076422e-6
9.848892969004002	2.4248377998298747e-6
9.86460093227195	2.412801296346888e-6
9.8803088955399	2.400845138537591e-6
9.896016858807847	2.388968650280874e-6
9.911724822075797	2.377171162341032e-6
9.927432785343747	2.3654520122851626e-6
9.943140748611695	2.3538105444018726e-6
9.958848711879645	2.3422461096207215e-6
9.974556675147593	2.3307580654340066e-6
9.990264638415542	2.319345775817443e-6
10.00597260168349	2.3080086111542195e-6
10.02168056495144	2.2967459481587443e-6
10.037388528219388	2.2855571698017202e-6
10.053096491487338	2.2744416652359885e-6
10.068804454755288	2.2633988297246465e-6
10.084512418023236	2.252428064568081e-6
10.100220381291185	2.241528777033585e-6
10.115928344559133	2.2307003802854605e-6
10.131636307827083	2.2199422933160713e-6
10.147344271095031	2.2092539408774854e-6
10.163052234362981	2.1986347534143873e-6
10.178760197630929	2.1880841669982286e-6
10.194468160898879	2.177601623261562e-6
10.210176124166829	2.1671865693334913e-6
10.225884087434777	2.156838457776145e-6
10.241592050702726	2.1465567465220894e-6
10.257300013970674	2.1363408988120383e-6
10.273007977238624	2.1261903831340947e-6
10.288715940506572	2.116104673163202e-6
10.304423903774522	2.1060832477015495e-6
10.32013186704247	2.0961255906203466e-6
10.33583983031042	2.0862311908013566e-6
10.351547793578368	2.0763995420800048e-6
10.367255756846317	2.0666301431886275e-6
10.382963720114267	2.0569224977013936e-6
10.398671683382215	2.0472761139786245e-6
10.414379646650165	2.0376905051130553e-6
10.430087609918113	2.0281651888760305e-6
10.445795573186063	2.0186996876648176e-6
10.46150353645401	2.0092935284503515e-6
10.47721149972196	1.9999462427258936e-6
10.492919462989908	1.9906573664560315e-6
10.508627426257858	1.981426440026859e-6
10.524335389525806	1.972253008195834e-6
10.540043352793756	1.963136620043772e-6
10.555751316061706	1.9540768289258873e-6
10.571459279329654	1.945073192424607e-6
10.587167242597603	1.936125272302232e-6
10.602875205865551	1.9272326344548554e-6
10.618583169133501	1.918394848866492e-6
10.634291132401449	1.909611489563467e-6
10.649999095669399	1.9008821345704e-6
10.665707058937347	1.892206365865509e-6
10.681415022205297	1.88358376933758e-6
10.697122985473246	1.8750139347425946e-6
10.712830948741194	1.8664964556615742e-6
10.728538912009144	1.8580309294584317e-6
10.744246875277092	1.8496169572390605e-6
10.759954838545042	1.8412541438100473e-6
10.77566280181299	1.8329420976383086e-6
10.79137076508094	1.8246804308115796e-6
10.807078728348888	1.8164687589990454e-6
10.822786691616837	1.8083067014122717e-6
10.838494654884787	1.80019388076691e-6
10.854202618152735	1.7921299232451732e-6
10.869910581420685	1.7841144584578335e-6
10.885618544688633	1.776147119407753e-6
10.901326507956583	1.768227542453151e-6
10.91703447122453	1.7603553672719229e-6
10.93274243449248	1.7525302368254897e-6
10.948450397760428	1.744751797324102e-6
10.964158361028378	1.7370196981921324e-6
10.979866324296326	1.729333592033292e-6
10.995574287564276	1.7216931345975577e-6
11.011282250832226	1.7140979847468867e-6
11.026990214100174	1.7065478044228313e-6
11.042698177368123	1.6990422586133708e-6
11.058406140636071	1.6915810153213259e-6
11.074114103904021	1.6841637455317745e-6
11.08982206717197	1.6767901231809845e-6
11.105530030439919	1.6694598251254576e-6
11.121237993707867	1.66217253111103e-6
11.136945956975817	1.6549279237423992e-6
11.152653920243765	1.6477256884532085e-6
11.168361883511714	1.6405655134770034e-6
11.184069846779664	1.6334470898171402e-6
11.199777810047612	1.6263701112184755e-6
11.215485773315562	1.6193342741386474e-6
11.23119373658351	1.612339277719597e-6
11.24690169985146	1.605384823760239e-6
11.262609663119408	1.5984706166884226e-6
11.278317626387357	1.5915963635340377e-6
11.294025589655305	1.5847617739018326e-6
11.309733552923255	1.5779665599454276e-6
11.325441516191205	1.5712104363401289e-6
11.341149479459153	1.5644931202581022e-6
11.356857442727103	1.557814331341611e-6
11.37256540599505	1.5511737916785682e-6
11.388273369263	1.5445712257770165e-6
11.403981332530948	1.5380063605407023e-6
11.419689295798898	1.5314789252443611e-6
11.435397259066846	1.524988651509549e-6
11.451105222334796	1.5185352732811829e-6
11.466813185602746	1.5121185268032875e-6
11.482521148870694	1.5057381505961854e-6
11.498229112138644	1.4993938854333945e-6
11.513937075406592	1.493085474318487e-6
11.529645038674541	1.4868126624630489e-6
11.54535300194249	1.4805751972640705e-6
11.561060965210439	1.4743728282820329e-6
11.576768928478387	1.4682053072193085e-6
11.592476891746337	1.462072387898425e-6
11.608184855014285	1.4559738262411467e-6
11.623892818282235	1.4499093802470234e-6
11.639600781550184	1.443878809973111e-6
11.655308744818132	1.4378818775131622e-6
11.671016708086082	1.4319183469772802e-6
11.68672467135403	1.4259879844722207e-6
11.70243263462198	1.4200905580811985e-6
11.718140597889928	1.4142258378443582e-6
11.733848561157878	1.4083935957396526e-6
11.749556524425826	1.402593605663386e-6
11.765264487693775	1.396825643411409e-6
11.780972450961723	1.3910894866604145e-6
11.796680414229673	1.3853849149495201e-6
11.812388377497623	1.3797117096614554e-6
11.82809634076557	1.3740696540053381e-6
11.84380430403352	1.3684585329981373e-6
11.859512267301469	1.362878133446951e-6
11.875220230569418	1.3573282439319825e-6
11.890928193837366	1.3518086547888218e-6
11.906636157105316	1.3463191580916112e-6
11.922344120373264	1.3408595476360782e-6
11.938052083641214	1.3354296189224797e-6
11.953760046909164	1.3300291691397374e-6
11.969468010177112	1.3246579971485647e-6
11.985175973445061	1.3193159034653658e-6
12.00088393671301	1.3140026902464091e-6
12.01659189998096	1.3087181612720579e-6
12.032299863248907	1.3034621219307687e-6
12.048007826516857	1.2982343792040657e-6
12.063715789784805	1.2930347416509182e-6
12.079423753052755	1.2878630193930703e-6
12.095131716320704	1.2827190240994931e-6
12.110839679588652	1.277602568971852e-6
12.126547642856602	1.2725134687301986e-6
12.14225560612455	1.2674515395978617e-6
12.1579635693925	1.2624165992877785e-6
12.173671532660448	1.257408466987895e-6
12.189379495928398	1.25242696334731e-6
12.205087459196346	1.2474719104625408e-6
12.220795422464295	1.2425431318636867e-6
12.236503385732243	1.2376404525008781e-6
12.252211349000193	1.2327636987308917e-6
12.267919312268143	1.2279126983040582e-6
12.283627275536091	1.2230872803509842e-6
12.29933523880404	1.2182872753694615e-6
12.315043202071989	1.2135125152119836e-6
12.330751165339938	1.2087628330726764e-6
12.346459128607886	1.2040380634752108e-6
12.362167091875836	1.1993380422597632e-6
12.377875055143784	1.1946626065713363e-6
12.393583018411734	1.1900115948472658e-6
12.409290981679682	1.1853848468051198e-6
12.424998944947632	1.1807822034311236e-6
12.440706908215581	1.1762035069681477e-6
12.45641487148353	1.1716486009041194e-6
12.47212283475148	1.1671173299606674e-6
12.487830798019427	1.1626095400812027e-6
12.503538761287377	1.1581250784204977e-6
12.519246724555325	1.1536637933326018e-6
12.534954687823275	1.1492255343604996e-6
12.550662651091223	1.1448101522248898e-6
12.566370614359172	1.1404174988133605e-6
