-12.566370614359172	-3.8050845030600165e-6
-12.550662651091223	-3.819741457907189e-6
-12.534954687823275	-3.8344742567273185e-6
-12.519246724555325	-3.8492833938134955e-6
-12.503538761287377	-3.864169367353828e-6
-12.487830798019427	-3.879132679467551e-6
-12.47212283475148	-3.8941738362416436e-6
-12.45641487148353	-3.909293347767418e-6
-12.440706908215581	-3.924491728177985e-6
-12.424998944947632	-3.9397694956858036e-6
-12.409290981679682	-3.9551271726207705e-6
-12.393583018411734	-3.970565285468726e-6
-12.377875055143784	-3.986084364910116e-6
-12.362167091875836	-4.001684945859625e-6
-12.346459128607886	-4.017367567505616e-6
-12.330751165339938	-4.033132773350379e-6
-12.315043202071989	-4.048981111250767e-6
-12.29933523880404	-4.064913133459088e-6
-12.283627275536091	-4.080929396664684e-6
-12.267919312268143	-4.097030462035791e-6
-12.252211349000193	-4.113216895261951e-6
-12.236503385732243	-4.129489266596805e-6
-12.220795422464295	-4.1458481509014325e-6
-12.205087459196346	-4.1622941276880765e-6
-12.189379495928398	-4.1788277811644485e-6
-12.173671532660448	-4.195449700278513e-6
-12.1579635693925	-4.212160478763546e-6
-12.14225560612455	-4.228960715184035e-6
-12.126547642856602	-4.2458510129819094e-6
-12.110839679588652	-4.262831980523084e-6
-12.095131716320704	-4.27990423114495e-6
-12.079423753052755	-4.2970683832040935e-6
-12.063715789784805	-4.314325060124414e-6
-12.048007826516857	-4.331674890446298e-6
-12.032299863248907	-4.349118507875763e-6
-12.01659189998096	-4.366656551334427e-6
-12.00088393671301	-4.3842896650101294e-6
-11.985175973445061	-4.402018498407802e-6
-11.969468010177112	-4.419843706401213e-6
-11.953760046909164	-4.437765949285218e-6
-11.938052083641214	-4.455785892828358e-6
-11.922344120373264	-4.473904208326465e-6
-11.906636157105316	-4.492121572656457e-6
-11.890928193837366	-4.510438668331075e-6
-11.875220230569418	-4.52885618355396e-6
-11.859512267301469	-4.547374812275597e-6
-11.84380430403352	-4.5659952542496315e-6
-11.82809634076557	-4.584718215090152e-6
-11.812388377497623	-4.603544406329236e-6
-11.796680414229673	-4.622474545475531e-6
-11.780972450961723	-4.641509356073122e-6
-11.765264487693775	-4.66064956776152e-6
-11.749556524425826	-4.679895916335848e-6
-11.733848561157878	-4.6992491438080355e-6
-11.718140597889928	-4.7187099984686975e-6
-11.70243263462198	-4.738279234949557e-6
-11.68672467135403	-4.757957614286755e-6
-11.671016708086082	-4.777745903984649e-6
-11.655308744818132	-4.7976448780807536e-6
-11.639600781550184	-4.817655317211041e-6
-11.623892818282235	-4.8377780086760944e-6
-11.608184855014285	-4.858013746508182e-6
-11.592476891746337	-4.878363331539001e-6
-11.576768928478387	-4.898827571468035e-6
-11.561060965210439	-4.919407280932133e-6
-11.54535300194249	-4.940103281575443e-6
-11.529645038674541	-4.960916402120379e-6
-11.513937075406592	-4.981847478439553e-6
-11.498229112138644	-5.002897353628107e-6
-11.482521148870694	-5.024066878077554e-6
-11.466813185602746	-5.045356909549693e-6
-11.451105222334796	-5.066768313252204e-6
-11.435397259066846	-5.088301961914352e-6
-11.419689295798898	-5.1099587358643015e-6
-11.403981332530948	-5.131739523106758e-6
-11.388273369263	-5.153645219401968e-6
-11.37256540599505	-5.17567672834532e-6
-11.356857442727103	-5.1978349614480776e-6
-11.341149479459153	-5.220120838219072e-6
-11.325441516191205	-5.242535286247324e-6
-11.309733552923255	-5.265079241285444e-6
-11.294025589655305	-5.287753647334598e-6
-11.278317626387357	-5.310559456729762e-6
-11.262609663119408	-5.333497630226599e-6
-11.24690169985146	-5.356569137089049e-6
-11.23119373658351	-5.37977495517803e-6
-11.215485773315562	-5.403116071041238e-6
-11.199777810047612	-5.42659348000406e-6
-11.184069846779664	-5.45020818626159e-6
-11.168361883511714	-5.473961202971604e-6
-11.152653920243765	-5.4978535523488204e-6
-11.136945956975817	-5.521886265760328e-6
-11.121237993707867	-5.546060383822052e-6
-11.105530030439919	-5.570376956496319e-6
-11.08982206717197	-5.59483704319093e-6
-11.074114103904021	-5.619441712859136e-6
-11.058406140636071	-5.644192044100959e-6
-11.042698177368123	-5.669089125265819e-6
-11.026990214100174	-5.694134054556267e-6
-11.011282250832226	-5.71932794013296e-6
-10.995574287564276	-5.744671900221341e-6
-10.979866324296326	-5.770167063219064e-6
-10.964158361028378	-5.795814567805004e-6
-10.948450397760428	-5.821615563049919e-6
-10.93274243449248	-5.847571208527812e-6
-10.91703447122453	-5.873682674429197e-6
-10.901326507956583	-5.899951141675793e-6
-10.885618544688633	-5.92637780203626e-6
-10.869910581420685	-5.952963858243658e-6
-10.854202618152735	-5.9797105241142946e-6
-10.838494654884787	-6.00661902466813e-6
-10.822786691616837	-6.033690596250671e-6
-10.807078728348888	-6.060926486656179e-6
-10.79137076508094	-6.0883279552528805e-6
-10.77566280181299	-6.11589627310918e-6
-10.759954838545042	-6.143632723122151e-6
-10.744246875277092	-6.17153860014678e-6
-10.728538912009144	-6.199615211127817e-6
-10.712830948741194	-6.227863875232649e-6
-10.697122985473246	-6.256285923985813e-6
-10.681415022205297	-6.284882701405681e-6
-10.665707058937347	-6.313655564142785e-6
-10.649999095669399	-6.342605881619331e-6
-10.634291132401449	-6.371735036171391e-6
-10.618583169133501	-6.401044423192179e-6
-10.602875205865551	-6.430535451277481e-6
-10.587167242597603	-6.460209542373115e-6
-10.571459279329654	-6.490068131923789e-6
-10.555751316061706	-6.520112669024634e-6
-10.540043352793756	-6.55034461657375e-6
-10.524335389525806	-6.580765451427573e-6
-10.508627426257858	-6.611376664557874e-6
-10.492919462989908	-6.642179761210827e-6
-10.47721149972196	-6.673176261067852e-6
-10.46150353645401	-6.704367698409489e-6
-10.445795573186063	-6.735755622280192e-6
-10.430087609918113	-6.767341596656221e-6
-10.414379646650165	-6.79912720061535e-6
-10.398671683382215	-6.831114028508653e-6
-10.382963720114267	-6.86330369013493e-6
-10.367255756846317	-6.89569781091733e-6
-10.351547793578368	-6.928298032081812e-6
-10.33583983031042	-6.961106010838931e-6
-10.32013186704247	-6.994123420566972e-6
-10.304423903774522	-7.027351950998338e-6
-10.288715940506572	-7.060793308408049e-6
-10.273007977238624	-7.094449215804616e-6
-10.257300013970674	-7.1283214131238875e-6
-10.241592050702726	-7.162411657425157e-6
-10.225884087434777	-7.196721723089927e-6
-10.210176124166829	-7.231253402023403e-6
-10.194468160898879	-7.266008503858967e-6
-10.178760197630929	-7.300988856164698e-6
-10.163052234362981	-7.336196304653378e-6
-10.147344271095031	-7.371632713395139e-6
-10.131636307827083	-7.407299965032633e-6
-10.115928344559133	-7.4431999609997776e-6
-10.100220381291185	-7.479334621742925e-6
-10.084512418023236	-7.515705886945081e-6
-10.068804454755288	-7.552315715753578e-6
-10.053096491487338	-7.589166087010661e-6
-10.037388528219388	-7.626258999486749e-6
-10.02168056495144	-7.663596472117826e-6
-10.00597260168349	-7.701180544245452e-6
-9.990264638415542	-7.73901327586002e-6
-9.974556675147593	-7.777096747847811e-6
-9.958848711879645	-7.815433062241182e-6
-9.943140748611695	-7.854024342472212e-6
-9.927432785343747	-7.892872733629962e-6
-9.911724822075797	-7.931980402721195e-6
-9.896016858807847	-7.971349538934936e-6
-9.8803088955399	-8.010982353910517e-6
-9.86460093227195	-8.050881082009448e-6
-9.848892969004002	-8.0910479805911e-6
-9.833185005736052	-8.131485330292196e-6
-9.817477042468104	-8.172195435310427e-6
-9.801769079200154	-8.213180623691711e-6
-9.786061115932206	-8.254443247621945e-6
-9.770353152664256	-8.295985683722534e-6
-9.754645189396308	-8.337810333350212e-6
-9.738937226128359	-8.379919622901187e-6
-9.723229262860409	-8.422316004119517e-6
-9.707521299592461	-8.465001954410005e-6
-9.691813336324511	-8.50797997715548e-6
-9.676105373056563	-8.55125260203844e-6
-9.660397409788613	-8.594822385367729e-6
-9.644689446520665	-8.638691910409719e-6
-9.628981483252716	-8.68286378772376e-6
-9.613273519984768	-8.727340655503397e-6
-9.597565556716818	-8.772125179921924e-6
-9.58185759344887	-8.817220055482768e-6
-9.56614963018092	-8.862628005375622e-6
-9.55044166691297	-8.908351781837303e-6
-9.534733703645022	-8.954394166517565e-6
-9.519025740377073	-9.000757970851166e-6
-9.503317777109125	-9.047446036434472e-6
-9.487609813841175	-9.094461235407958e-6
-9.471901850573227	-9.141806470844717e-6
-9.456193887305277	-9.18948467714361e-6
-9.44048592403733	-9.237498820429352e-6
-9.42477796076938	-9.28585189895805e-6
-9.40906999750143	-9.334546943528397e-6
-9.393362034233482	-9.38358701789971e-6
-9.377654070965532	-9.432975219215316e-6
-9.361946107697584	-9.482714678433216e-6
-9.346238144429634	-9.532808560762254e-6
-9.330530181161686	-9.583260066105281e-6
-9.314822217893736	-9.634072429509155e-6
-9.299114254625788	-9.685248921620906e-6
-9.283406291357839	-9.736792849151274e-6
-9.267698328089889	-9.788707555345098e-6
-9.25199036482194	-9.840996420458602e-6
-9.236282401553991	-9.893662862244286e-6
-9.220574438286043	-9.946710336442852e-6
-9.204866475018093	-1.000014233728272e-5
-9.189158511750145	-1.0053962397987222e-5
-9.173450548482196	-1.0108174091289503e-5
-9.157742585214248	-1.0162781029955317e-5
-9.142034621946298	-1.0217786867313478e-5
-9.12632665867835	-1.0273195297795344e-5
-9.1106186954104	-1.0329010057481624e-5
-9.09491073214245	-1.038523492465831e-5
-9.079202768874502	-1.0441873720380632e-5
-9.063494805606553	-1.0498930309046741e-5
-9.047786842338605	-1.0556408598978637e-5
-9.032078879070655	-1.0614312543014353e-5
-9.016370915802707	-1.0672646139106884e-5
-9.000662952534757	-1.0731413430935035e-5
-8.984954989266809	-1.0790618508521402e-5
-8.96924702599886	-1.0850265508862122e-5
-8.953539062730911	-1.0910358616565231e-5
-8.937831099462962	-1.0970902064499662e-5
-8.922123136195012	-1.1031900134454083e-5
-8.906415172927064	-1.1093357157806555e-5
-8.890707209659114	-1.115527751620491e-5
-8.874999246391166	-1.1217665642257593e-5
-8.859291283123216	-1.1280526020235274e-5
-8.843583319855268	-1.13438631867849e-5
-8.827875356587318	-1.1407681731653472e-5
-8.81216739331937	-1.1471986298425123e-5
-8.79645943005142	-1.1536781585268639e-5
-8.780751466783471	-1.1602072345697687e-5
-8.765043503515523	-1.166786338934399e-5
-8.749335540247573	-1.173415958274143e-5
-8.733627576979625	-1.1800965850124211e-5
-8.717919613711675	-1.1868287174237834e-5
-8.702211650443727	-1.1936128597162535e-5
-8.686503687175778	-1.2004495221151007e-5
-8.67079572390783	-1.2073392209479325e-5
-8.65508776063988	-1.2142824787312651e-5
-8.63937979737193	-1.221279824258354e-5
-8.623671834103982	-1.2283317926887027e-5
-8.607963870836032	-1.2354389256388221e-5
-8.592255907568084	-1.242601771274679e-5
-8.576547944300135	-1.2498208844055439e-5
-8.560839981032187	-1.2570968265795106e-5
-8.545132017764237	-1.2644301661805207e-5
-8.529424054496289	-1.2718214785270664e-5
-8.51371609122834	-1.279271345972563e-5
-8.498008127960391	-1.2867803580073094e-5
-8.482300164692441	-1.294349111362288e-5
-8.466592201424492	-1.3019782101146823e-5
-8.450884238156544	-1.3096682657951024e-5
-8.435176274888594	-1.3174198974967399e-5
-8.419468311620646	-1.3252337319863198e-5
-8.403760348352696	-1.3331104038169776e-5
-8.388052385084748	-1.3410505554430035e-5
-8.372344421816798	-1.3490548373366223e-5
-8.35663645854885	-1.3571239081067668e-5
-8.3409284952809	-1.3652584346198535e-5
-8.325220532012953	-1.373459092122657e-5
-8.309512568745003	-1.381726564367415e-5
-8.293804605477053	-1.3900615437388925e-5
-8.278096642209105	-1.3984647313838602e-5
-8.262388678941155	-1.4069368373427138e-5
-8.246680715673207	-1.4154785806834321e-5
-8.230972752405258	-1.4240906896378931e-5
-8.21526478913731	-1.4327739017405355e-5
-8.19955682586936	-1.4415289639695252e-5
-8.183848862601412	-1.4503566328903386e-5
-8.168140899333462	-1.4592576748020209e-5
-8.152432936065512	-1.468232865885802e-5
-8.136724972797564	-1.4772829923566492e-5
-8.121017009529615	-1.486408850617289e-5
-8.105309046261667	-1.4956112474150916e-5
-8.089601082993717	-1.5048910000017247e-5
-8.073893119725769	-1.5142489362957446e-5
-8.058185156457819	-1.5236858950480081e-5
-8.042477193189871	-1.5332027260101496e-5
-8.026769229921921	-1.5428002901061067e-5
-8.011061266653972	-1.552479459606727e-5
-7.995353303386024	-1.5622411183075673e-5
-7.979645340118075	-1.572086161709921e-5
-7.963937376850126	-1.58201549720524e-5
-7.948229413582177	-1.5920300442627625e-5
-7.932521450314228	-1.6021307346208177e-5
-7.916813487046278	-1.6123185124814747e-5
-7.901105523778329	-1.62259433470891e-5
-7.8853975605103805	-1.6329591710313375e-5
-7.869689597242432	-1.6434140042468116e-5
-7.853981633974483	-1.653959830432811e-5
-7.838273670706534	-1.664597659159695e-5
-7.822565707438585	-1.6753285137082985e-5
-7.806857744170636	-1.686153431291405e-5
-7.791149780902687	-1.6970734632796248e-5
-7.7754418176347375	-1.7080896754313353e-5
-7.759733854366789	-1.71920314812715e-5
-7.74402589109884	-1.7304149766086945e-5
-7.728317927830891	-1.74172627122205e-5
-7.712609964562942	-1.7531381576657897e-5
-7.696902001294993	-1.7646517772437057e-5
-7.681194038027044	-1.776268287122581e-5
-7.665486074759095	-1.7879888605946823e-5
-7.6497781114911465	-1.7998146873455204e-5
-7.634070148223198	-1.811746973726717e-5
-7.618362184955249	-1.823786943034118e-5
-7.602654221687299	-1.8359358357914535e-5
-7.58694625841935	-1.848194910039457e-5
-7.571238295151401	-1.860565441630592e-5
-7.555530331883452	-1.8730487245297744e-5
-7.5398223686155035	-1.885646071120721e-5
-7.524114405347555	-1.8983588125186766e-5
-7.508406442079606	-1.9111882988890593e-5
-7.492698478811657	-1.9241358997725936e-5
-7.476990515543708	-1.937203004416959e-5
-7.461282552275758	-1.9503910221148768e-5
-7.445574589007809	-1.963701382549208e-5
-7.4298666257398605	-1.9771355361448056e-5
-7.414158662471912	-1.9906949544276157e-5
-7.398450699203963	-2.0043811303909092e-5
-7.382742735936014	-2.0181955788690068e-5
-7.367034772668065	-2.032139836918651e-5
-7.351326809400116	-2.046215464208084e-5
-7.335618846132167	-2.0604240434141148e-5
-7.319910882864218	-2.074767180627436e-5
-7.304202919596269	-2.089246505766036e-5
-7.28849495632832	-2.1038636729975637e-5
-7.272786993060371	-2.1186203611699577e-5
-7.257079029792422	-2.1335182742514712e-5
-7.241371066524473	-2.1485591417795347e-5
-7.225663103256524	-2.163744719319261e-5
-7.209955139988575	-2.179076788931399e-5
-7.194247176720626	-2.1945571596501892e-5
-7.1785392134526775	-2.2101876679713525e-5
-7.162831250184729	-2.225970178350361e-5
-7.147123286916779	-2.2419065837113647e-5
-7.13141532364883	-2.2579988059668122e-5
-7.115707360380881	-2.2742487965483992e-5
-7.099999397112932	-2.290658536949204e-5
-7.084291433844983	-2.3072300392776072e-5
-7.0685834705770345	-2.323965346823222e-5
-7.052875507309086	-2.3408665346348827e-5
-7.037167544041137	-2.3579357101113724e-5
-7.021459580773188	-2.3751750136049865e-5
-7.005751617505239	-2.3925866190382935e-5
-6.99004365423729	-2.4101727345343133e-5
-6.97433569096934	-2.427935603060874e-5
-6.9586277277013915	-2.445877503088803e-5
-6.942919764433443	-2.4640007492650212e-5
-6.927211801165494	-2.4823076931005565e-5
-6.911503837897545	-2.500800723673679e-5
-6.895795874629596	-2.519482268349085e-5
-6.880087911361647	-2.5383547935131117e-5
-6.864379948093698	-2.557420805325421e-5
-6.848671984825749	-2.5766828504878754e-5
-6.8329640215578	-2.5961435170307484e-5
-6.817256058289851	-2.6158054351168662e-5
-6.801548095021902	-2.6356712778640855e-5
-6.785840131753953	-2.6557437621868034e-5
-6.770132168486004	-2.676025649656614e-5
-6.754424205218055	-2.6965197473829606e-5
-6.738716241950106	-2.717228908914238e-5
-6.7230082786821574	-2.738156035159734e-5
-6.707300315414209	-2.759304075333245e-5
-6.69159235214626	-2.780676027918619e-5
-6.675884388878311	-2.8022749416582515e-5
-6.660176425610361	-2.8241039165646013e-5
-6.644468462342412	-2.8461661049559283e-5
-6.628760499074463	-2.868464712516493e-5
-6.613052535806514	-2.8910029993821807e-5
-6.5973445725385655	-2.9137842812519728e-5
-6.581636609270617	-2.9368119305262857e-5
-6.565928646002668	-2.9600893774726295e-5
-6.550220682734719	-2.983620111419615e-5
-6.53451271946677	-3.007407681979987e-5
-6.51880475619882	-3.031455700303318e-5
-6.503096792930871	-3.055767840359707e-5
-6.4873888296629225	-3.0803478402547106e-5
-6.471680866394974	-3.105199503576943e-5
-6.455972903127025	-3.130326700779034e-5
-6.440264939859076	-3.1557333705928006e-5
-6.424556976591127	-3.181423521480051e-5
-6.408849013323178	-3.207401233119396e-5
-6.393141050055229	-3.233670657930815e-5
-6.37743308678728	-3.260236022638524e-5
-6.3617251235193315	-3.287101629873594e-5
-6.346017160251382	-3.3142718598174376e-5
-6.330309196983433	-3.341751171887175e-5
-6.314601233715484	-3.369544106464485e-5
-6.298893270447535	-3.397655286668866e-5
-6.283185307179586	-3.4260894201769414e-5
-6.267477343911637	-3.4548513010889624e-5
-6.2517693806436885	-3.483945811844117e-5
-6.23606141737574	-3.51337792518602e-5
-6.220353454107791	-3.5431527061800434e-5
-6.204645490839841	-3.57327531428375e-5
-6.188937527571892	-3.603751005472588e-5
-6.173229564303943	-3.634585134422116e-5
-6.157521601035994	-3.665783156748723e-5
-6.1418136377680455	-3.697350631310492e-5
-6.126105674500097	-3.729293222570598e-5
-6.110397711232148	-3.761616703024234e-5
-6.094689747964199	-3.794326955692392e-5
-6.07898178469625	-3.8274299766832233e-5
-6.063273821428301	-3.860931877824507e-5
-6.047565858160352	-3.8948388893681994e-5
-6.031857894892402	-3.9291573627706276e-5
-6.0161499316244536	-3.963893773549661e-5
-6.000441968356505	-3.9990547242223e-5
-5.984734005088556	-4.0346469473247905e-5
-5.969026041820607	-4.070677308517968e-5
-5.953318078552658	-4.107152809780996e-5
-5.937610115284709	-4.144080592696152e-5
-5.92190215201676	-4.181467941827773e-5
-5.906194188748811	-4.2193222881986834e-5
-5.890486225480862	-4.257651212866914e-5
-5.874778262212913	-4.2964624506070166e-5
-5.859070298944964	-4.335763893698484e-5
-5.843362335677015	-4.3755635958257054e-5
-5.827654372409066	-4.415869776093146e-5
-5.811946409141117	-4.456690823159366e-5
-5.796238445873168	-4.498035299494742e-5
-5.7805304826052195	-4.539911945766475e-5
-5.764822519337271	-4.582329685355862e-5
-5.749114556069322	-4.625297629012337e-5
-5.733406592801373	-4.6688250796493644e-5
-5.717698629533423	-4.7129215372868474e-5
-5.701990666265474	-4.757596704145896e-5
-5.686282702997525	-4.802860489900936e-5
-5.6705747397295765	-4.848723017095355e-5
-5.654866776461628	-4.8951946267263656e-5
-5.639158813193679	-4.942285884005839e-5
-5.62345084992573	-4.9900075843025985e-5
-5.607742886657781	-5.038370759274413e-5
-5.592034923389832	-5.0873866831956474e-5
-5.576326960121882	-5.137066879488428e-5
-5.5606189968539335	-5.187423127465349e-5
-5.544911033585985	-5.2384674692912256e-5
-5.529203070318036	-5.290212217172815e-5
-5.513495107050087	-5.34266996078549e-5
-5.497787143782138	-5.3958535749452635e-5
-5.482079180514189	-5.449776227537385e-5
-5.46637121724624	-5.504451387709749e-5
-5.450663253978291	-5.559892834343589e-5
-5.4349552907103424	-5.616114664811247e-5
-5.419247327442394	-5.673131304033278e-5
-5.403539364174444	-5.730957513847032e-5
-5.387831400906495	-5.789608402699652e-5
-5.372123437638546	-5.849099435678179e-5
-5.356415474370597	-5.909446444892174e-5
-5.340707511102648	-5.9706656402225855e-5
-5.324999547834699	-6.032773620452656e-5
-5.3092915845667505	-6.095787384797585e-5
-5.293583621298802	-6.15972434484972e-5
-5.277875658030853	-6.224602336957697e-5
-5.262167694762903	-6.290439635058032e-5
-5.246459731494954	-6.35725496397995e-5
-5.230751768227005	-6.425067513243683e-5
-5.215043804959056	-6.493896951375473e-5
-5.1993358416911075	-6.563763440761753e-5
-5.183627878423159	-6.634687653068108e-5
-5.16791991515521	-6.706690785248492e-5
-5.152211951887261	-6.779794576172942e-5
-5.136503988619312	-6.854021323902819e-5
-5.120796025351363	-6.92939390364417e-5
-5.105088062083414	-7.00593578641276e-5
-5.0893800988154645	-7.083671058444744e-5
-5.073672135547516	-7.162624441390446e-5
-5.057964172279567	-7.242821313330181e-5
-5.042256209011618	-7.324287730653578e-5
-5.026548245743669	-7.4070504508476e-5
-5.01084028247572	-7.491136956238898e-5
-4.995132319207771	-7.576575478742458e-5
-4.979424355939822	-7.663395025669426e-5
-4.9637163926718735	-7.75162540665197e-5
-4.948008429403924	-7.841297261746357e-5
-4.932300466135975	-7.932442090780766e-5
-4.916592502868026	-8.025092284018414e-5
-4.900884539600077	-8.119281154212467e-5
-4.885176576332128	-8.215042970134854e-5
-4.869468613064179	-8.312412991667734e-5
-4.8537606497962305	-8.411427506554136e-5
-4.838052686528282	-8.512123868911632e-5
-4.822344723260333	-8.614540539622529e-5
-4.806636759992384	-8.718717128724086e-5
-4.790928796724435	-8.824694439934774e-5
-4.775220833456485	-8.932514517463341e-5
-4.759512870188536	-9.042220695264972e-5
-4.743804906920587	-9.153857648925814e-5
-4.7280969436526386	-9.267471450371815e-5
-4.71238898038469	-9.383109625629512e-5
-4.696681017116741	-9.500821215884112e-5
-4.680973053848792	-9.62065684211556e-5
-4.665265090580843	-9.742668773629146e-5
-4.649557127312894	-9.866911000839686e-5
-4.633849164044944	-9.99343931271891e-5
-4.6181412007769955	-0.00010122311379379867
-4.602433237509047	-0.00010253586840343348
-4.586725274241098	-0.00010387327399126745
-4.571017310973149	-0.0001052359692490233
-4.5553093477052	-0.0001066246156211695
-4.539601384437251	-0.00010803989849131321
-4.523893421169302	-0.00010948252847162663
-4.508185457901353	-0.00011095324281084114
-4.4924774946334045	-0.00011245280693996034
-4.476769531365456	-0.00011398201617939138
-4.461061568097506	-0.00011554169763724308
-4.445353604829557	-0.0001171327123364175
-4.429645641561608	-0.00011875595761873896
-4.413937678293659	-0.00012041236988854157
-4.39822971502571	-0.00012210292777758625
-4.3825217517577615	-0.00012382865583989396
-4.366813788489813	-0.00012559062892240991
-4.351105825221864	-0.00012738997741023044
-4.335397861953915	-0.0001292278936208128
-4.319689898685965	-0.0001311056397317678
-4.303981935418016	-0.00013302455778971002
-4.288273972150067	-0.0001349860825925532
-4.2725660088821185	-0.00013699175861275214
-4.25685804561417	-0.00013904326271496403
-4.241150082346221	-0.00014114243535724507
-4.225442119078272	-0.00014329132449468439
-4.209734155810323	-0.00014549224897279146
-4.194026192542374	-0.0001477478926439622
-4.178318229274425	-0.00015006144881195955
-4.162610266006476	-0.00015243684539383514
-4.146902302738527	-0.00015487912370999992
-4.131194339470578	-0.00015739507267656272
-4.115486376202629	-0.00015999437994457426
-4.09977841293468	-0.00016269181584643353
-4.084070449666731	-0.00016551168428435568
-4.068362486398782	-0.0001684976986936262
-4.052654523130833	-0.00017173742085082303
-4.036946559862884	-0.00017543222236839344
-4.0212385965949355	-0.00018014365292337204
-4.005530633326986	-0.00018799481209012066
-3.9898226700590373	-0.00021362968622033396
-3.9741147067910885	-0.0016924253349561646
-3.958406743523139	-0.0002474360084675979
-3.9426987802551903	-0.00020409975244861553
-3.9269908169872414	-0.0002003119030821186
-3.9112828537192925	-0.00020146668537976458
-3.8955748904513436	-0.00020403675775101677
-3.8798669271833943	-0.00020721642605851172
-3.8641589639154454	-0.00021074533706007828
-3.8484510006474966	-0.0002145228806741463
-3.8327430373795477	-0.00021850789026632052
-3.817035074111599	-0.0002226863033282887
-3.8013271108436495	-0.00022705825604408796
-3.7856191475757006	-0.00023163681787750283
-3.7699111843077517	-0.00023644680983240233
-3.754203221039803	-0.00024153236995506238
-3.738495257771854	-0.00024697334758041654
-3.7227872945039047	-0.00025292852638485137
-3.707079331235956	-0.0002597638394330991
-3.691371367968007	-0.00026852619235253635
-3.675663404700058	-0.0002834564580338385
-3.659955441432109	-0.00033999795306895604
-3.64424747816416	-0.012157144847531618
-3.628539514896211	-0.0003451087151207362
-3.612831551628262	-0.0003097785691155377
-3.597123588360313	-0.00030976332571083716
-3.5814156250923643	-0.0003160567867728622
-3.565707661824415	-0.0003254662895831092
-3.549999698556466	-0.0003383819840544738
-3.5342917352885173	-0.00035843593053870847
-3.5185837720205684	-0.0004028907354604101
-3.5028758087526195	-0.0006569592530644561
-3.48716784548467	-0.003944113323149433
-3.4714598822167213	-0.0005081146686158048
-3.4557519189487724	-0.000439162248143151
-3.4400439556808236	-0.0004415554137941765
-3.4243359924128747	-0.0004631494518474523
-3.4086280291449254	-0.0005008823830398559
-3.3929200658769765	-0.0005648783489869901
-3.3772121026090276	-0.0006902651156612691
-3.3615041393410787	-0.0010358763210031488
-3.34579617607313	-0.0041317477469095185
-3.3300882128051805	-0.005270984216333407
-3.3143802495372316	-0.06057368206373711
-3.2986722862692828	-0.005009775828705079
-3.282964323001334	-0.0014370616150474306
-3.267256359733385	-0.0009456064101479204
-3.2515483964654357	-0.00088266055520643
-3.235840433197487	-0.0020344435251507796
-3.220132469929538	-0.0018877117205180734
-3.204424506661589	-0.0008098844504271771
-3.18871654339364	-0.000774866789751848
-3.173008580125691	-0.0012731981510611468
-3.157300616857742	-0.001863109292068364
-3.141592653589793	-0.0008097797003256741
-3.1258846903218442	-0.0007689388686659398
-3.1101767270538954	-0.0007862778838242392
-3.094468763785946	-0.0008248920708773494
-3.078760800517997	-0.000883667019509151
-3.0630528372500483	-0.0009751416093647096
-3.0473448739820994	-0.001142724394688096
-3.0316369107141505	-0.0015941733353047177
-3.015928947446201	-0.0059944480815985425
-3.0002209841782523	-0.0064740135090384345
-2.9845130209103035	-0.06367107578319095
-2.9688050576423546	-0.006547034535341965
-2.9530970943744057	-0.002103587383352768
-2.9373891311064564	-0.0016889580538502907
-2.9216811678385075	-0.001667923180899709
-2.9059732045705586	-0.0018019449824333853
-2.8902652413026098	-0.002100246353119128
-2.874557278034661	-0.0027656557235494978
-2.8588493147667116	-0.005010698471352717
-2.8431413514987627	-0.03984359687732505
-2.827433388230814	-0.019310942469162238
-2.811725424962865	-0.030218364321434016
-2.796017461694916	-0.005472182206780818
-2.7803094984269667	-0.008127447835008584
-2.764601535159018	-0.019575546068220973
-2.748893571891069	-0.01211502013332908
-2.73318560862312	-0.029450388667075236
-2.7174776453551712	-0.48618495808994056
-2.701769682087222	-0.10224265162372989
-2.686061718819273	-1.789161573168991
-2.670353755551324	-0.05414346070688148
-2.6546457922833753	-0.016176628286320535
-2.6389378290154264	-0.009652407927677426
-2.623229865747477	-0.007902811603841542
-2.607521902479528	-0.00791067993080285
-2.5918139392115793	-0.009199774167195906
-2.5761059759436304	-0.013850998908015512
-2.5603980126756816	-0.019422113770656436
-2.5446900494077322	-0.03959494012236695
-2.5289820861397834	-0.15913996973177136
-2.5132741228718345	-13.634937916016309
-2.4975661596038856	-0.1611416653544578
-2.4818581963359367	-0.07918496281382788
-2.4661502330679874	-0.06545484476516834
-2.4504422698000385	-0.18614144432351634
-2.4347343065320897	-0.029204326109529877
-2.419026343264141	-0.01912978943980734
-2.403318379996192	-0.026387831868427657
-2.3876104167282426	-0.06831780126295034
-2.3719024534602937	-1.7630322554258864
-2.356194490192345	-0.16030239624235662
-2.340486526924396	-0.046456827187371895
-2.324778563656447	-0.10507524327779377
-2.3090706003884978	-0.18056276822580908
-2.293362637120549	-0.029259134525189606
-2.2776546738526	-0.025858485726502914
-2.261946710584651	-0.7037340176315376
-2.2462387473167023	-0.04489893693574979
-2.230530784048753	-0.12931128288521077
-2.214822820780804	-2.5292167651408857
-2.199114857512855	-0.24675356455631306
-2.1834068942449063	-0.1737680943373008
-2.1676989309769574	-1.2333426827050484
-2.151990967709008	-1.5531673345012227
-2.1362830044410592	-0.044447885602993856
-2.1205750411731104	-0.023624181943966198
-2.1048670779051615	-0.0234954381807953
-2.0891591146372126	-0.061498746982522966
-2.0734511513692633	-0.36395221703448954
-2.0577431881013144	-0.0993703604828171
-2.0420352248333655	-0.06871835753820361
-2.0263272615654166	-0.16809842664268973
-2.0106192982974678	-0.041656567417632684
-1.9949113350295187	-0.04366215545716836
-1.9792033717615696	-0.12016431072848786
-1.9634954084936207	-4.995951847886892
-1.9477874452256718	-0.16366598963832504
-1.9320794819577227	-0.10434561917721814
-1.9163715186897738	-0.6124147806487632
-1.9006635554218247	-0.09552432399417882
-1.8849555921538759	-5.6195830846993875
-1.869247628885927	-0.11653762241029314
-1.853539665617978	-0.029964456427937308
-1.837831702350029	-0.03172408247011793
-1.82212373908208	-0.03719287992423409
-1.806415775814131	-0.03725216069553733
-1.7907078125461822	-0.0571710163792333
-1.774999849278233	-0.1336502797592132
-1.7592918860102842	-2.922507345750694
-1.743583922742335	-1.5032770936162085
-1.7278759594743862	-0.4608297858125209
-1.7121679962064373	-0.6073964044843028
-1.6964600329384882	-0.2166056241501729
-1.6807520696705394	-0.13123298528413377
-1.6650441064025903	-0.1847803096609397
-1.6493361431346414	-0.4606118598383147
-1.6336281798666925	-1.6599756067788907
-1.6179202165987434	-199.9858146435958
-1.6022122533307945	-7.1535076980511585
-1.5865042900628454	-0.46570893670158614
-1.5707963267948966	-3.5226417013448628
-1.5550883635269477	-0.19924066730866133
-1.5393804002589986	-0.1484081745880757
-1.5236724369910497	-1.0814931005636754
-1.5079644737231006	-0.4541091483232044
-1.4922565104551517	-1.889798262481947
-1.4765485471872029	-0.31667601264953577
-1.4608405839192538	-0.36546501705746454
-1.4451326206513049	-0.6743930801820739
-1.4294246573833558	-0.09872688909823872
-1.413716694115407	-0.12233680209580897
-1.398008730847458	-0.601174435010101
-1.382300767579509	-0.08727292936964484
-1.36659280431156	-0.35805329181623413
-1.350884841043611	-0.2344293559331273
-1.335176877775662	-13.976285819654647
-1.3194689145077132	-1.1713106056117872
-1.303760951239764	-0.2860414007984349
-1.2880529879718152	-0.19181354573458856
-1.2723450247038661	-0.14936193599191463
-1.2566370614359172	-0.1984052641761676
-1.2409290981679684	-0.48735899459277143
-1.2252211349000193	-0.03750854535844806
-1.2095131716320704	-0.45813367452268366
-1.1938052083641213	-0.9450327728152038
-1.1780972450961724	-0.07087322020419583
-1.1623892818282235	-0.9589193704207708
-1.1466813185602744	-0.5196995918595853
-1.1309733552923256	-0.19650264721634683
-1.1152653920243765	-0.24220534186435538
-1.0995574287564276	-0.06888566557555145
-1.0838494654884787	-0.20200291233862863
-1.0681415022205296	-0.10837725396357674
-1.0524335389525807	-0.03685132126809903
-1.0367255756846316	-0.03596745837731713
-1.0210176124166828	-0.08219529587394439
-1.0053096491487339	-0.16156823244247642
-0.9896016858807848	-1.0844914579275535
-0.9738937226128359	-2.2208374881589945
-0.9581857593448869	-0.2675429174507162
-0.9424777960769379	-0.16807216495144928
-0.926769832808989	-3.797742719328023
-0.91106186954104	-0.1603392626378178
-0.8953539062730911	-0.42662683160625703
-0.8796459430051421	-0.17837773776843815
-0.8639379797371931	-0.8320520743572777
-0.8482300164692441	-1.2952040578697865
-0.8325220532012951	-1.0488612489727698
-0.8168140899333463	-3.91017456461149
-0.8011061266653973	-20.77318046937526
-0.7853981633974483	-0.7383054541864296
-0.7696902001294993	-2.3419405212776647
-0.7539822368615503	-0.5118511034523283
-0.7382742735936014	-0.20029897156637325
-0.7225663103256524	-2.0876255163274746
-0.7068583470577035	-0.2677210382402312
-0.6911503837897545	-0.12649253830192347
-0.6754424205218055	-1.0227347537548115
-0.6597344572538566	-0.07686332133501801
-0.6440264939859076	-0.04362385359790284
-0.6283185307179586	-0.1527964442777148
-0.6126105674500096	-1.0383204800769106
-0.5969026041820606	-0.35922399638741526
-0.5811946409141118	-0.03623492935692373
-0.5654866776461628	-0.06907147749463001
-0.5497787143782138	-0.3386498886731994
-0.5340707511102648	-0.647981989901057
-0.5183627878423158	-0.09613290358784068
-0.5026548245743669	-0.09797655117025714
-0.48694686130641796	-0.4239072298522911
-0.47123889803846897	-0.09448634634764017
-0.45553093477052	-0.04235217103521487
-0.43982297150257105	-0.010830629883396354
-0.42411500823462206	-0.009570054266319001
-0.4084070449666731	-0.023809899892495514
-0.39269908169872414	-0.05747308582660417
-0.37699111843077515	-0.009403953849351741
-0.3612831551628262	-0.0205708474101514
-0.34557519189487723	-0.0403087565989248
-0.3298672286269283	-0.12573711028208095
-0.3141592653589793	-0.1364571321667878
-0.2984513020910303	-0.02315803195273996
-0.2827433388230814	-0.008979115086528495
-0.2670353755551324	-0.15348170602647687
-0.25132741228718347	-0.008621142404741398
-0.23561944901923448	-0.023626052677415896
-0.21991148575128552	-0.5340084119495406
-0.20420352248333656	-0.027257969286339223
-0.18849555921538758	-1.86909282193453
-0.17278759594743862	-0.03506511878366989
-0.15707963267948966	-0.023909149081117315
-0.1413716694115407	-0.037066967150023784
-0.12566370614359174	-0.0622037479766523
-0.10995574287564276	-0.019552430932631114
-0.09424777960769379	-0.030512173570046833
-0.07853981633974483	-0.01143902231437288
-0.06283185307179587	-0.0037527002090645533
-0.047123889803846894	-0.0056678573953353
-0.031415926535897934	-0.0018728698373769545
-0.015707963267948967	-0.00044740864260514336
0.0	-2.5807933173231094e-19
0.015707963267948967	0.0004474086426051438
0.031415926535897934	0.0018728698373769558
0.047123889803846894	0.005667857395335352
0.06283185307179587	0.0037527002090645637
0.07853981633974483	0.011439022314372937
0.09424777960769379	0.030512173570046874
0.10995574287564276	0.019552430932631353
0.12566370614359174	0.06220374797665252
0.1413716694115407	0.03706696715002403
0.15707963267948966	0.023909149081117503
0.17278759594743862	0.03506511878366998
0.18849555921538758	1.86909282193453
0.20420352248333656	0.02725796928633921
0.21991148575128552	0.5340084119495422
0.23561944901923448	0.023626052677416003
0.25132741228718347	0.008621142404741478
0.2670353755551324	0.15348170602647754
0.2827433388230814	0.008979115086528516
0.2984513020910303	0.023158031952740007
0.3141592653589793	0.13645713216678826
0.3298672286269283	0.1257371102820817
0.34557519189487723	0.04030875659892695
0.3612831551628262	0.020570847410148595
0.37699111843077515	0.009403953849351812
0.39269908169872414	0.057473085826604375
0.4084070449666731	0.023809899892495767
0.42411500823462206	0.009570054266319006
0.43982297150257105	0.010830629883396399
0.45553093477052	0.04235217103521529
0.47123889803846897	0.09448634634764107
0.48694686130641796	0.4239072298523081
0.5026548245743669	0.0979765511702614
0.5183627878423158	0.09613290358783788
0.5340707511102648	0.6479819899010614
0.5497787143782138	0.3386498886731586
0.5654866776461628	0.06907147749462975
0.5811946409141118	0.03623492935692383
0.5969026041820606	0.3592239963874189
0.6126105674500096	1.0383204800769117
0.6283185307179586	0.15279644427771497
0.6440264939859076	0.043623853597903044
0.6597344572538566	0.07686332133502023
0.6754424205218055	1.0227347537548315
0.6911503837897545	0.12649253830192475
0.7068583470577035	0.26772103824022186
0.7225663103256524	2.087625516327477
0.7382742735936014	0.2002989715663747
0.7539822368615503	0.5118511034523275
0.7696902001294993	2.341940521277517
0.7853981633974483	0.7383054541864315
0.8011061266653973	20.773180469376054
0.8168140899333463	3.910174564611489
0.8325220532012951	1.0488612489727687
0.8482300164692441	1.2952040578697872
0.8639379797371931	0.8320520743572765
0.8796459430051421	0.17837773776843968
0.8953539062730911	0.4266268316062578
0.91106186954104	0.16033926263781784
0.926769832808989	3.7977427193280238
0.9424777960769379	0.1680721649514491
0.9581857593448869	0.26754291745071107
0.9738937226128359	2.2208374881591717
0.9896016858807848	1.0844914579275513
1.0053096491487339	0.16156823244247592
1.0210176124166828	0.08219529587395204
1.0367255756846316	0.035967458377317206
1.0524335389525807	0.036851321268099105
1.0681415022205296	0.10837725396357666
1.0838494654884787	0.20200291233862916
1.0995574287564276	0.06888566557555169
1.1152653920243765	0.24220534186435644
1.1309733552923256	0.19650264721636385
1.1466813185602744	0.5196995918595869
1.1623892818282235	0.9589193704206528
1.1780972450961724	0.07087322020419633
1.1938052083641213	0.9450327728152063
1.2095131716320704	0.4581336745227429
1.2252211349000193	0.03750854535844822
1.2409290981679684	0.4873589945928109
1.2566370614359172	0.19840526417616922
1.2723450247038661	0.1493619359919177
1.2880529879718152	0.19181354573458995
1.303760951239764	0.28604140079840734
1.3194689145077132	1.171310605611793
1.335176877775662	13.976285819653405
1.350884841043611	0.2344293559331331
1.36659280431156	0.35805329181623163
1.382300767579509	0.08727292936964685
1.398008730847458	0.6011744350101011
1.413716694115407	0.12233680209580973
1.4294246573833558	0.09872688909823868
1.4451326206513049	0.6743930801820565
1.4608405839192538	0.3654650170574742
1.4765485471872029	0.31667601264953416
1.4922565104551517	1.8897982624820528
1.5079644737231006	0.4541091483232091
1.5236724369910497	1.0814931005636903
1.5393804002589986	0.148408174588076
1.5550883635269477	0.1992406673086614
1.5707963267948966	3.5226417013450164
1.5865042900628454	0.4657089367015863
1.6022122533307945	7.153507698051147
1.6179202165987434	199.985814643596
1.6336281798666925	1.6599756067788773
1.6493361431346414	0.46061185983831776
1.6650441064025903	0.18478030966093922
1.6807520696705394	0.13123298528413396
1.6964600329384882	0.2166056241501739
1.7121679962064373	0.6073964044842844
1.7278759594743862	0.4608297858125236
1.743583922742335	1.503277093616213
1.7592918860102842	2.9225073457507036
1.774999849278233	0.13365027975921295
1.7907078125461822	0.05717101637923347
1.806415775814131	0.03725216069553739
1.82212373908208	0.0371928799242341
1.837831702350029	0.03172408247011789
1.853539665617978	0.029964456427937193
1.869247628885927	0.11653762241029414
1.8849555921538759	5.619583084699764
1.9006635554218247	0.09552432399417995
1.9163715186897738	0.6124147806487629
1.9320794819577227	0.10434561917721821
1.9477874452256718	0.16366598963832596
1.9634954084936207	4.995951847886865
1.9792033717615696	0.12016431072848857
1.9949113350295187	0.04366215545716848
2.0106192982974678	0.041656567417629436
2.0263272615654166	0.16809842664268956
2.0420352248333655	0.06871835753820395
2.0577431881013144	0.09937036048281805
2.0734511513692633	0.36395221703450864
2.0891591146372126	0.061498746982524104
2.1048670779051615	0.023495438180795608
2.1205750411731104	0.023624181943966115
2.1362830044410592	0.04444788560299402
2.151990967709008	1.5531673345013826
2.1676989309769574	1.2333426827049871
2.1834068942449063	0.17376809433730228
2.199114857512855	0.24675356455631764
2.214822820780804	2.529216765140708
2.230530784048753	0.12931128288521318
2.2462387473167023	0.04489893693574997
2.261946710584651	0.7037340176316138
2.2776546738526	0.02585848572650331
2.293362637120549	0.029259134525189787
2.3090706003884978	0.18056276822581518
2.324778563656447	0.10507524327779613
2.340486526924396	0.04645682718737243
2.356194490192345	0.16030239624235765
2.3719024534602937	1.7630322554258924
2.3876104167282426	0.06831780126295076
2.403318379996192	0.0263878318684278
2.419026343264141	0.019129789439807393
2.4347343065320897	0.02920432610953003
2.4504422698000385	0.18614144432351704
2.4661502330679874	0.06545484476516689
2.4818581963359367	0.07918496281382834
2.4975661596038856	0.1611416653544609
2.5132741228718345	13.634937916016286
2.5289820861397834	0.159139969731772
2.5446900494077322	0.03959494012236712
2.5603980126756816	0.01942211377065672
2.5761059759436304	0.013850998908015479
2.5918139392115793	0.00919977416719598
2.607521902479528	0.007910679930802883
2.623229865747477	0.007902811603841552
2.6389378290154264	0.009652407927677478
2.6546457922833753	0.016176628286320705
2.670353755551324	0.05414346070688203
2.686061718819273	1.7891615731689654
2.701769682087222	0.10224265162372997
2.7174776453551712	0.4861849580899418
2.73318560862312	0.029450388667075507
2.748893571891069	0.012115020133329124
2.764601535159018	0.01957554606822114
2.7803094984269667	0.008127447835008596
2.796017461694916	0.005472182206780928
2.811725424962865	0.0302183643214363
2.827433388230814	0.019310942469162894
2.8431413514987627	0.03984359687732359
2.8588493147667116	0.005010698471352709
2.874557278034661	0.0027656557235495346
2.8902652413026098	0.002100246353119139
2.9059732045705586	0.001801944982433379
2.9216811678385075	0.0016679231808997127
2.9373891311064564	0.0016889580538503018
2.9530970943744057	0.002103587383352767
2.9688050576423546	0.006547034535341929
2.9845130209103035	0.06367107578319131
3.0002209841782523	0.006474013509038631
3.015928947446201	0.005994448081598453
3.0316369107141505	0.001594173335304728
3.0473448739820994	0.0011427243946880964
3.0630528372500483	0.0009751416093647122
3.078760800517997	0.0008836670195091563
3.094468763785946	0.0008248920708773485
3.1101767270538954	0.0007862778838242414
3.1258846903218442	0.0007689388686659422
3.141592653589793	0.0008097797003256742
3.157300616857742	0.0018631092920683952
3.173008580125691	0.001273198151061146
3.18871654339364	0.000774866789751852
3.204424506661589	0.0008098844504271759
3.220132469929538	0.0018877117205180782
3.235840433197487	0.0020344435251507796
3.2515483964654357	0.0008826605552064368
3.267256359733385	0.0009456064101479258
3.282964323001334	0.0014370616150474395
3.2986722862692828	0.005009775828705092
3.3143802495372316	0.060573682063737526
3.3300882128051805	0.0052709842163334636
3.34579617607313	0.004131747746909518
3.3615041393410787	0.0010358763210031536
3.3772121026090276	0.0006902651156612725
3.3929200658769765	0.0005648783489869908
3.4086280291449254	0.0005008823830398591
3.4243359924128747	0.0004631494518474512
3.4400439556808236	0.00044155541379417524
3.4557519189487724	0.0004391622481431497
3.4714598822167213	0.0005081146686158034
3.48716784548467	0.003944113323149457
3.5028758087526195	0.0006569592530644559
3.5185837720205684	0.00040289073546041066
3.5342917352885173	0.0003584359305387122
3.549999698556466	0.00033838198405447523
3.565707661824415	0.00032546628958310696
3.5814156250923643	0.00031605678677286186
3.597123588360313	0.0003097633257108404
3.612831551628262	0.0003097785691155406
3.628539514896211	0.0003451087151207383
3.64424747816416	0.012157144847531685
3.659955441432109	0.00033999795306895446
3.675663404700058	0.0002834564580338381
3.691371367968007	0.0002685261923525358
3.707079331235956	0.00025976383943309973
3.7227872945039047	0.00025292852638485267
3.738495257771854	0.00024697334758041583
3.754203221039803	0.00024153236995506298
3.7699111843077517	0.00023644680983240195
3.7856191475757006	0.00023163681787750372
3.8013271108436495	0.00022705825604408893
3.817035074111599	0.00022268630332828977
3.8327430373795477	0.00021850789026632033
3.8484510006474966	0.0002145228806741458
3.8641589639154454	0.00021074533706007926
3.8798669271833943	0.00020721642605851207
3.8955748904513436	0.00020403675775101745
3.9112828537192925	0.0002014666853797653
3.9269908169872414	0.00020031190308211855
3.9426987802551903	0.00020409975244861642
3.958406743523139	0.00024743600846759736
3.9741147067910885	0.0016924253349561687
3.9898226700590373	0.00021362968622033529
4.005530633326986	0.0001879948120901214
4.0212385965949355	0.0001801436529233731
4.036946559862884	0.0001754322223683945
4.052654523130833	0.00017173742085082415
4.068362486398782	0.00016849769869362722
4.084070449666731	0.0001655116842843557
4.09977841293468	0.00016269181584643432
4.115486376202629	0.00015999437994457542
4.131194339470578	0.00015739507267656388
4.146902302738527	0.00015487912371000144
4.162610266006476	0.0001524368453938355
4.178318229274425	0.0001500614488119601
4.194026192542374	0.00014774789264396248
4.209734155810323	0.00014549224897279143
4.225442119078272	0.00014329132449468325
4.241150082346221	0.00014114243535724515
4.25685804561417	0.00013904326271496468
4.2725660088821185	0.00013699175861275239
4.288273972150067	0.00013498608259255326
4.303981935418016	0.00013302455778971034
4.319689898685965	0.0001311056397317681
4.335397861953915	0.00012922789362081237
4.351105825221864	0.00012738997741023098
4.366813788489813	0.00012559062892241024
4.3825217517577615	0.00012382865583989417
4.39822971502571	0.00012210292777758665
4.413937678293659	0.00012041236988854159
4.429645641561608	0.0001187559576187391
4.445353604829557	0.00011713271233641829
4.461061568097506	0.00011554169763724262
4.476769531365456	0.00011398201617939156
4.4924774946334045	0.00011245280693996086
4.508185457901353	0.00011095324281084189
4.523893421169302	0.00010948252847162602
4.539601384437251	0.00010803989849131363
4.5553093477052	0.00010662461562116935
4.571017310973149	0.00010523596924902336
4.586725274241098	0.0001038732739912676
4.602433237509047	0.0001025358684034335
4.6181412007769955	0.00010122311379379875
4.633849164044944	9.99343931271891e-5
4.649557127312894	9.866911000839755e-5
4.665265090580843	9.742668773629216e-5
4.680973053848792	9.620656842115527e-5
4.696681017116741	9.500821215884099e-5
4.71238898038469	9.38310962562954e-5
4.7280969436526386	9.267471450371853e-5
4.743804906920587	9.153857648925828e-5
4.759512870188536	9.042220695264955e-5
4.775220833456485	8.932514517463267e-5
4.790928796724435	8.824694439934751e-5
4.806636759992384	8.71871712872414e-5
4.822344723260333	8.614540539622501e-5
4.838052686528282	8.51212386891164e-5
4.8537606497962305	8.411427506554116e-5
4.869468613064179	8.312412991667682e-5
4.885176576332128	8.215042970134886e-5
4.900884539600077	8.119281154212539e-5
4.916592502868026	8.025092284018423e-5
4.932300466135975	7.932442090780733e-5
4.948008429403924	7.841297261746352e-5
4.9637163926718735	7.751625406651916e-5
4.979424355939822	7.663395025669326e-5
4.995132319207771	7.576575478742426e-5
5.01084028247572	7.491136956238865e-5
5.026548245743669	7.407050450847627e-5
5.042256209011618	7.32428773065356e-5
5.057964172279567	7.242821313330166e-5
5.073672135547516	7.162624441390396e-5
5.0893800988154645	7.08367105844474e-5
5.105088062083414	7.005935786412791e-5
5.120796025351363	6.929393903644173e-5
5.136503988619312	6.854021323902812e-5
5.152211951887261	6.779794576172944e-5
5.16791991515521	6.706690785248497e-5
5.183627878423159	6.634687653068091e-5
5.1993358416911075	6.563763440761772e-5
5.215043804959056	6.493896951375427e-5
5.230751768227005	6.425067513243668e-5
5.246459731494954	6.357254963979943e-5
5.262167694762903	6.290439635058036e-5
5.277875658030853	6.224602336957681e-5
5.293583621298802	6.159724344849726e-5
5.3092915845667505	6.095787384797583e-5
5.324999547834699	6.0327736204526155e-5
5.340707511102648	5.970665640222591e-5
5.356415474370597	5.909446444892193e-5
5.372123437638546	5.849099435678164e-5
5.387831400906495	5.789608402699655e-5
5.403539364174444	5.730957513847038e-5
5.419247327442394	5.673131304033306e-5
5.4349552907103424	5.6161146648112646e-5
5.450663253978291	5.559892834343601e-5
5.46637121724624	5.504451387709756e-5
5.482079180514189	5.449776227537389e-5
5.497787143782138	5.3958535749452676e-5
5.513495107050087	5.3426699607855067e-5
5.529203070318036	5.290212217172812e-5
5.544911033585985	5.238467469291186e-5
5.5606189968539335	5.187423127465349e-5
5.576326960121882	5.137066879488441e-5
5.592034923389832	5.087386683195644e-5
5.607742886657781	5.038370759274397e-5
5.62345084992573	4.9900075843025856e-5
5.639158813193679	4.9422858840058196e-5
5.654866776461628	4.895194626726375e-5
5.6705747397295765	4.848723017095358e-5
5.686282702997525	4.8028604899009444e-5
5.701990666265474	4.757596704145874e-5
5.717698629533423	4.712921537286859e-5
5.733406592801373	4.668825079649396e-5
5.749114556069322	4.625297629012378e-5
5.764822519337271	4.5823296853558836e-5
5.7805304826052195	4.5399119457664874e-5
5.796238445873168	4.4980352994947515e-5
5.811946409141117	4.4566908231593814e-5
5.827654372409066	4.415869776093152e-5
5.843362335677015	4.375563595825695e-5
5.859070298944964	4.3357638936984916e-5
5.874778262212913	4.2964624506070064e-5
5.890486225480862	4.2576512128669015e-5
5.906194188748811	4.219322288198663e-5
5.92190215201676	4.1814679418277514e-5
5.937610115284709	4.144080592696136e-5
5.953318078552658	4.1071528097809854e-5
5.969026041820607	4.070677308517921e-5
5.984734005088556	4.0346469473248e-5
6.000441968356505	3.999054724222301e-5
6.0161499316244536	3.9638937735496874e-5
6.031857894892402	3.929157362770607e-5
6.047565858160352	3.8948388893682035e-5
6.063273821428301	3.860931877824506e-5
6.07898178469625	3.8274299766832416e-5
6.094689747964199	3.794326955692398e-5
6.110397711232148	3.761616703024262e-5
6.126105674500097	3.729293222570601e-5
6.1418136377680455	3.697350631310499e-5
6.157521601035994	3.6657831567487034e-5
6.173229564303943	3.634585134422111e-5
6.188937527571892	3.603751005472569e-5
6.204645490839841	3.5732753142837364e-5
6.220353454107791	3.5431527061800305e-5
6.23606141737574	3.513377925186019e-5
6.2517693806436885	3.4839458118441094e-5
6.267477343911637	3.454851301088967e-5
6.283185307179586	3.4260894201769394e-5
6.298893270447535	3.397655286668843e-5
6.314601233715484	3.369544106464491e-5
6.330309196983433	3.3417511718871685e-5
6.346017160251382	3.3142718598174376e-5
6.3617251235193315	3.2871016298736135e-5
6.37743308678728	3.2602360226384926e-5
6.393141050055229	3.2336706579307837e-5
6.408849013323178	3.207401233119393e-5
6.424556976591127	3.181423521480039e-5
6.440264939859076	3.155733370592828e-5
6.455972903127025	3.130326700779036e-5
6.471680866394974	3.1051995035769544e-5
6.4873888296629225	3.080347840254695e-5
6.503096792930871	3.0557678403597166e-5
6.51880475619882	3.0314557003033152e-5
6.53451271946677	3.0074076819799688e-5
6.550220682734719	2.9836201114196267e-5
6.565928646002668	2.960089377472641e-5
6.581636609270617	2.9368119305262854e-5
6.5973445725385655	2.9137842812519796e-5
6.613052535806514	2.8910029993821885e-5
6.628760499074463	2.8684647125165105e-5
6.644468462342412	2.8461661049559134e-5
6.660176425610361	2.824103916564597e-5
6.675884388878311	2.802274941658243e-5
6.69159235214626	2.780676027918636e-5
6.707300315414209	2.7593040753332493e-5
6.7230082786821574	2.738156035159741e-5
6.738716241950106	2.7172289089142415e-5
6.754424205218055	2.6965197473829616e-5
6.770132168486004	2.6760256496566233e-5
6.785840131753953	2.6557437621868183e-5
6.801548095021902	2.6356712778640957e-5
6.817256058289851	2.6158054351168737e-5
6.8329640215578	2.596143517030742e-5
6.848671984825749	2.576682850487871e-5
6.864379948093698	2.5574208053254183e-5
6.880087911361647	2.538354793513109e-5
6.895795874629596	2.5194822683491026e-5
6.911503837897545	2.5008007236736745e-5
6.927211801165494	2.482307693100541e-5
6.942919764433443	2.46400074926504e-5
6.9586277277013915	2.4458775030888007e-5
6.97433569096934	2.4279356030608965e-5
6.99004365423729	2.410172734534331e-5
7.005751617505239	2.392586619038306e-5
7.021459580773188	2.3751750136049983e-5
7.037167544041137	2.3579357101113822e-5
7.052875507309086	2.3408665346348915e-5
7.0685834705770345	2.3239653468232338e-5
7.084291433844983	2.3072300392776234e-5
7.099999397112932	2.2906585369491954e-5
7.115707360380881	2.2742487965483944e-5
7.13141532364883	2.257998805966821e-5
7.147123286916779	2.2419065837113762e-5
7.162831250184729	2.2259701783503585e-5
7.1785392134526775	2.210187667971343e-5
7.194247176720626	2.1945571596501838e-5
7.209955139988575	2.1790767889314275e-5
7.225663103256524	2.1637447193192676e-5
7.241371066524473	2.148559141779548e-5
7.257079029792422	2.1335182742514814e-5
7.272786993060371	2.1186203611699668e-5
7.28849495632832	2.103863672997575e-5
7.304202919596269	2.089246505766034e-5
7.319910882864218	2.074767180627432e-5
7.335618846132167	2.060424043414125e-5
7.351326809400116	2.0462154642080782e-5
7.367034772668065	2.0321398369186445e-5
7.382742735936014	2.0181955788690088e-5
7.398450699203963	2.0043811303909217e-5
7.414158662471912	1.9906949544276285e-5
7.4298666257398605	1.9771355361448337e-5
7.445574589007809	1.963701382549201e-5
7.461282552275758	1.950391022114889e-5
7.476990515543708	1.937203004416951e-5
7.492698478811657	1.9241358997726008e-5
7.508406442079606	1.9111882988890586e-5
7.524114405347555	1.898358812518669e-5
7.5398223686155035	1.8856460711207235e-5
7.555530331883452	1.8730487245297608e-5
7.571238295151401	1.8605654416306056e-5
7.58694625841935	1.8481949100394333e-5
7.602654221687299	1.8359358357914667e-5
7.618362184955249	1.8237869430341078e-5
7.634070148223198	1.811746973726708e-5
7.6497781114911465	1.7998146873455207e-5
7.665486074759095	1.7879888605946837e-5
7.681194038027044	1.7762682871225905e-5
7.696902001294993	1.7646517772437027e-5
7.712609964562942	1.753138157665797e-5
7.728317927830891	1.7417262712220457e-5
7.74402589109884	1.7304149766087053e-5
7.759733854366789	1.7192031481271604e-5
7.7754418176347375	1.70808967543133e-5
7.791149780902687	1.697073463279627e-5
7.806857744170636	1.6861534312914175e-5
7.822565707438585	1.6753285137083084e-5
7.838273670706534	1.6645976591596735e-5
7.853981633974483	1.6539598304328012e-5
7.869689597242432	1.6434140042468215e-5
7.8853975605103805	1.6329591710313372e-5
7.901105523778329	1.6225943347089224e-5
7.916813487046278	1.6123185124814805e-5
7.932521450314228	1.6021307346208198e-5
7.948229413582177	1.592030044262755e-5
7.963937376850126	1.582015497205229e-5
7.979645340118075	1.5720861617099288e-5
7.995353303386024	1.5622411183075538e-5
8.011061266653972	1.5524794596067335e-5
8.026769229921921	1.5428002901061077e-5
8.042477193189871	1.533202726010161e-5
8.058185156457819	1.523685895047998e-5
8.073893119725769	1.5142489362957437e-5
8.089601082993717	1.5048910000017217e-5
8.105309046261667	1.4956112474150885e-5
8.121017009529615	1.4864088506172835e-5
8.136724972797564	1.4772829923566378e-5
8.152432936065512	1.4682328658858024e-5
8.168140899333462	1.4592576748020045e-5
8.183848862601412	1.4503566328903413e-5
8.19955682586936	1.4415289639695234e-5
8.21526478913731	1.4327739017405389e-5
8.230972752405258	1.4240906896378951e-5
8.246680715673207	1.4154785806834335e-5
8.262388678941155	1.4069368373427069e-5
8.278096642209105	1.3984647313838538e-5
8.293804605477053	1.3900615437388962e-5
8.309512568745003	1.3817265643674023e-5
8.325220532012953	1.3734590921226479e-5
8.3409284952809	1.3652584346198474e-5
8.35663645854885	1.3571239081067636e-5
8.372344421816798	1.3490548373366264e-5
8.388052385084748	1.3410505554430052e-5
8.403760348352696	1.3331104038169754e-5
8.419468311620646	1.3252337319863239e-5
8.435176274888594	1.3174198974967446e-5
8.450884238156544	1.3096682657951148e-5
8.466592201424492	1.3019782101146772e-5
8.482300164692441	1.2943491113622949e-5
8.498008127960391	1.2867803580073094e-5
8.51371609122834	1.2792713459725676e-5
8.529424054496289	1.2718214785270706e-5
8.545132017764237	1.2644301661805229e-5
8.560839981032187	1.2570968265795103e-5
8.576547944300135	1.2498208844055445e-5
8.592255907568084	1.242601771274679e-5
8.607963870836032	1.2354389256388233e-5
8.623671834103982	1.2283317926886995e-5
8.63937979737193	1.221279824258352e-5
8.65508776063988	1.214282478731257e-5
8.67079572390783	1.2073392209479424e-5
8.686503687175778	1.2004495221151164e-5
8.702211650443727	1.193612859716249e-5
8.717919613711675	1.1868287174237776e-5
8.733627576979625	1.1800965850124225e-5
8.749335540247573	1.1734159582741444e-5
8.765043503515523	1.1667863389344018e-5
8.780751466783471	1.1602072345697643e-5
8.79645943005142	1.1536781585268605e-5
8.81216739331937	1.1471986298425165e-5
8.827875356587318	1.1407681731653472e-5
8.843583319855268	1.1343863186784889e-5
8.859291283123216	1.1280526020235295e-5
8.874999246391166	1.1217665642257557e-5
8.890707209659114	1.1155277516205062e-5
8.906415172927064	1.1093357157806463e-5
8.922123136195012	1.103190013445413e-5
8.937831099462962	1.0970902064499695e-5
8.953539062730911	1.091035861656521e-5
8.96924702599886	1.0850265508862083e-5
8.984954989266809	1.0790618508521369e-5
9.000662952534757	1.0731413430934975e-5
9.016370915802707	1.067264613910693e-5
9.032078879070655	1.0614312543014427e-5
9.047786842338605	1.0556408598978616e-5
9.063494805606553	1.0498930309046805e-5
9.079202768874502	1.0441873720380585e-5
9.09491073214245	1.0385234924658324e-5
9.1106186954104	1.032901005748175e-5
9.12632665867835	1.027319529779537e-5
9.142034621946298	1.0217786867313446e-5
9.157742585214248	1.0162781029955307e-5
9.173450548482196	1.010817409128955e-5
9.189158511750145	1.005396239798728e-5
9.204866475018093	1.0000142337282805e-5
9.220574438286043	9.94671033644292e-6
9.236282401553991	9.893662862244344e-6
9.25199036482194	9.8409964204586e-6
9.267698328089889	9.788707555345043e-6
9.283406291357839	9.736792849151234e-6
9.299114254625788	9.685248921621018e-6
9.314822217893736	9.634072429509237e-6
9.330530181161686	9.583260066105193e-6
9.346238144429634	9.532808560762313e-6
9.361946107697584	9.482714678433197e-6
9.377654070965532	9.432975219215363e-6
9.393362034233482	9.383587017899674e-6
9.40906999750143	9.334546943528478e-6
9.42477796076938	9.285851898958013e-6
9.44048592403733	9.237498820429356e-6
9.456193887305277	9.189484677143551e-6
9.471901850573227	9.141806470844669e-6
9.487609813841175	9.094461235408e-6
9.503317777109125	9.047446036434426e-6
9.519025740377073	9.000757970851203e-6
9.534733703645022	8.954394166517527e-6
9.55044166691297	8.908351781837301e-6
9.56614963018092	8.862628005375742e-6
9.58185759344887	8.817220055482819e-6
9.597565556716818	8.772125179921914e-6
9.613273519984768	8.727340655503412e-6
9.628981483252716	8.682863787723819e-6
9.644689446520665	8.638691910409685e-6
9.660397409788613	8.59482238536773e-6
9.676105373056563	8.551252602038484e-6
9.691813336324511	8.507979977155483e-6
9.707521299592461	8.46500195441e-6
9.723229262860409	8.422316004119564e-6
9.738937226128359	8.379919622901239e-6
9.754645189396308	8.337810333350244e-6
9.770353152664256	8.295985683722534e-6
9.786061115932206	8.254443247621903e-6
9.801769079200154	8.213180623691648e-6
9.817477042468104	8.172195435310436e-6
9.833185005736052	8.13148533029215e-6
9.848892969004002	8.091047980591111e-6
9.86460093227195	8.05088108200937e-6
9.8803088955399	8.010982353910497e-6
9.896016858807847	7.97134953893486e-6
9.911724822075797	7.931980402721212e-6
9.927432785343747	7.892872733629981e-6
9.943140748611695	7.854024342472246e-6
9.958848711879645	7.815433062241096e-6
9.974556675147593	7.777096747847818e-6
9.990264638415542	7.739013275859948e-6
10.00597260168349	7.701180544245362e-6
10.02168056495144	7.66359647211781e-6
10.037388528219388	7.6262589994866765e-6
10.053096491487338	7.589166087010621e-6
10.068804454755288	7.552315715753567e-6
10.084512418023236	7.515705886945071e-6
10.100220381291185	7.47933462174292e-6
10.115928344559133	7.4431999609997615e-6
10.131636307827083	7.407299965032674e-6
10.147344271095031	7.371632713395174e-6
10.163052234362981	7.3361963046534295e-6
10.178760197630929	7.300988856164731e-6
10.194468160898879	7.2660085038589545e-6
10.210176124166829	7.231253402023408e-6
10.225884087434777	7.1967217230899144e-6
10.241592050702726	7.162411657425202e-6
10.257300013970674	7.128321413123929e-6
10.273007977238624	7.094449215804547e-6
10.288715940506572	7.060793308408042e-6
10.304423903774522	7.027351950998308e-6
10.32013186704247	6.99412342056691e-6
10.33583983031042	6.961106010838952e-6
10.351547793578368	6.928298032081833e-6
10.367255756846317	6.895697810917308e-6
10.382963720114267	6.863303690134941e-6
10.398671683382215	6.83111402850865e-6
10.414379646650165	6.799127200615369e-6
10.430087609918113	6.767341596656146e-6
10.445795573186063	6.735755622280216e-6
10.46150353645401	6.704367698409553e-6
10.47721149972196	6.673176261067861e-6
10.492919462989908	6.642179761210725e-6
10.508627426257858	6.61137666455794e-6
10.524335389525806	6.580765451427552e-6
10.540043352793756	6.550344616573751e-6
10.555751316061706	6.520112669024612e-6
10.571459279329654	6.4900681319237865e-6
10.587167242597603	6.460209542373099e-6
10.602875205865551	6.430535451277441e-6
10.618583169133501	6.401044423192168e-6
10.634291132401449	6.371735036171365e-6
10.649999095669399	6.3426058816193815e-6
10.665707058937347	6.313655564142746e-6
10.681415022205297	6.284882701405648e-6
10.697122985473246	6.256285923985778e-6
10.712830948741194	6.2278638752325856e-6
10.728538912009144	6.199615211127862e-6
10.744246875277092	6.1715386001467285e-6
10.759954838545042	6.143632723122148e-6
10.77566280181299	6.115896273109164e-6
10.79137076508094	6.088327955252903e-6
10.807078728348888	6.060926486656213e-6
10.822786691616837	6.033690596250656e-6
10.838494654884787	6.006619024668103e-6
10.854202618152735	5.979710524114304e-6
10.869910581420685	5.952963858243698e-6
10.885618544688633	5.926377802036269e-6
10.901326507956583	5.899951141675761e-6
10.91703447122453	5.87368267442911e-6
10.93274243449248	5.847571208527812e-6
10.948450397760428	5.821615563049874e-6
10.964158361028378	5.795814567804996e-6
10.979866324296326	5.7701670632191095e-6
10.995574287564276	5.744671900221313e-6
11.011282250832226	5.71932794013296e-6
11.026990214100174	5.69413405455625e-6
11.042698177368123	5.669089125265809e-6
11.058406140636071	5.644192044100956e-6
11.074114103904021	5.619441712859142e-6
11.08982206717197	5.594837043190953e-6
11.105530030439919	5.570376956496248e-6
11.121237993707867	5.546060383822028e-6
11.136945956975817	5.521886265760293e-6
11.152653920243765	5.497853552348771e-6
11.168361883511714	5.473961202971606e-6
11.184069846779664	5.450208186261584e-6
11.199777810047612	5.4265934800040115e-6
11.215485773315562	5.403116071041178e-6
11.23119373658351	5.379774955178002e-6
11.24690169985146	5.356569137089043e-6
11.262609663119408	5.333497630226592e-6
11.278317626387357	5.310559456729771e-6
11.294025589655305	5.287753647334587e-6
11.309733552923255	5.265079241285439e-6
11.325441516191205	5.242535286247302e-6
11.341149479459153	5.220120838219087e-6
11.356857442727103	5.197834961448076e-6
11.37256540599505	5.175676728345348e-6
11.388273369263	5.153645219401898e-6
11.403981332530948	5.131739523106741e-6
11.419689295798898	5.10995873586427e-6
11.435397259066846	5.088301961914308e-6
11.451105222334796	5.066768313252173e-6
11.466813185602746	5.045356909549678e-6
11.482521148870694	5.024066878077536e-6
11.498229112138644	5.002897353628098e-6
11.513937075406592	4.98184747843954e-6
11.529645038674541	4.960916402120432e-6
11.54535300194249	4.94010328157542e-6
11.561060965210439	4.919407280932135e-6
11.576768928478387	4.898827571468049e-6
11.592476891746337	4.878363331538965e-6
11.608184855014285	4.858013746508185e-6
11.623892818282235	4.837778008676097e-6
11.639600781550184	4.817655317211024e-6
11.655308744818132	4.7976448780806926e-6
11.671016708086082	4.777745903984638e-6
11.68672467135403	4.757957614286712e-6
11.70243263462198	4.738279234949602e-6
11.718140597889928	4.718709998468732e-6
11.733848561157878	4.699249143808036e-6
11.749556524425826	4.679895916335844e-6
11.765264487693775	4.660649567761508e-6
11.780972450961723	4.6415093560731235e-6
11.796680414229673	4.62247454547549e-6
11.812388377497623	4.603544406329231e-6
11.82809634076557	4.584718215090171e-6
11.84380430403352	4.565995254249643e-6
11.859512267301469	4.547374812275566e-6
11.875220230569418	4.528856183553914e-6
11.890928193837366	4.510438668331084e-6
11.906636157105316	4.492121572656479e-6
11.922344120373264	4.4739042083264606e-6
11.938052083641214	4.4557858928283184e-6
11.953760046909164	4.437765949285221e-6
11.969468010177112	4.419843706401179e-6
11.985175973445061	4.402018498407793e-6
12.00088393671301	4.384289665010135e-6
12.01659189998096	4.366656551334437e-6
12.032299863248907	4.349118507875753e-6
12.048007826516857	4.331674890446315e-6
12.063715789784805	4.31432506012441e-6
12.079423753052755	4.297068383204062e-6
12.095131716320704	4.279904231144966e-6
12.110839679588652	4.262831980523054e-6
12.126547642856602	4.245851012981914e-6
12.14225560612455	4.228960715184035e-6
12.1579635693925	4.212160478763544e-6
12.173671532660448	4.195449700278491e-6
12.189379495928398	4.178827781164464e-6
12.205087459196346	4.162294127688081e-6
12.220795422464295	4.145848150901453e-6
12.236503385732243	4.1294892665968565e-6
12.252211349000193	4.113216895261954e-6
12.267919312268143	4.097030462035796e-6
12.283627275536091	4.080929396664678e-6
12.29933523880404	4.06491313345909e-6
12.315043202071989	4.048981111250777e-6
12.330751165339938	4.0331327733504274e-6
12.346459128607886	4.017367567505612e-6
12.362167091875836	4.001684945859635e-6
12.377875055143784	3.9860843649101075e-6
12.393583018411734	3.970565285468712e-6
12.409290981679682	3.955127172620804e-6
12.424998944947632	3.939769495685779e-6
12.440706908215581	3.924491728177984e-6
12.45641487148353	3.909293347767398e-6
12.47212283475148	3.8941738362416656e-6
12.487830798019427	3.8791326794675456e-6
12.503538761287377	3.864169367353806e-6
12.519246724555325	3.849283393813506e-6
12.534954687823275	3.834474256727346e-6
12.550662651091223	3.819741457907208e-6
12.566370614359172	3.8050845030600466e-6
