-12.566370614359172	-3.8050591078792484e-6
-12.550662651091223	-3.819715927758305e-6
-12.534954687823275	-3.834448590858876e-6
-12.519246724555325	-3.849257591470612e-6
-12.503538761287377	-3.864143427778483e-6
-12.487830798019427	-3.879106601898505e-6
-12.47212283475148	-3.894147619914364e-6
-12.45641487148353	-3.909266991914198e-6
-12.440706908215581	-3.9244652320276755e-6
-12.424998944947632	-3.93974285846426e-6
-12.409290981679682	-3.95510039355071e-6
-12.393583018411734	-3.970538363769652e-6
-12.377875055143784	-3.986057299798446e-6
-12.362167091875836	-4.001657736548513e-6
-12.346459128607886	-4.017340213205374e-6
-12.330751165339938	-4.033105273268112e-6
-12.315043202071989	-4.048953464590563e-6
-12.29933523880404	-4.0648853394220106e-6
-12.283627275536091	-4.080901454448898e-6
-12.267919312268143	-4.097002370836459e-6
-12.252211349000193	-4.11318865427134e-6
-12.236503385732243	-4.129460875004337e-6
-12.220795422464295	-4.145819607893685e-6
-12.205087459196346	-4.162265432448524e-6
-12.189379495928398	-4.178798932874472e-6
-12.173671532660448	-4.195420698116129e-6
-12.1579635693925	-4.2121313219043376e-6
-12.14225560612455	-4.228931402800848e-6
-12.126547642856602	-4.245821544245015e-6
-12.110839679588652	-4.262802354600188e-6
-12.095131716320704	-4.279874447201214e-6
-12.079423753052755	-4.297038440402269e-6
-12.063715789784805	-4.3142949576248974e-6
-12.048007826516857	-4.331644627406851e-6
-12.032299863248907	-4.349088083452162e-6
-12.01659189998096	-4.3666259646800645e-6
-12.00088393671301	-4.3842589152760834e-6
-11.985175973445061	-4.401987584743062e-6
-11.969468010177112	-4.419812627952933e-6
-11.953760046909164	-4.437734705198236e-6
-11.938052083641214	-4.455754482245716e-6
-11.922344120373264	-4.473872630389189e-6
-11.906636157105316	-4.492089826503894e-6
-11.890928193837366	-4.510406753101034e-6
-11.875220230569418	-4.5288240983821e-6
-11.859512267301469	-4.547342556296499e-6
-11.84380430403352	-4.56596282659599e-6
-11.82809634076557	-4.584685614893469e-6
-11.812388377497623	-4.603511632719615e-6
-11.796680414229673	-4.6224415975818515e-6
-11.780972450961723	-4.641476233023134e-6
-11.765264487693775	-4.660616268681895e-6
-11.749556524425826	-4.6798624403522785e-6
-11.733848561157878	-4.699215490045446e-6
-11.718140597889928	-4.718676166051255e-6
-11.70243263462198	-4.7382452230006014e-6
-11.68672467135403	-4.757923421929235e-6
-11.671016708086082	-4.777711530341203e-6
-11.655308744818132	-4.797610322273513e-6
-11.639600781550184	-4.817620578362193e-6
-11.623892818282235	-4.837743085907508e-6
-11.608184855014285	-4.857978638941858e-6
-11.592476891746337	-4.878328038297148e-6
-11.576768928478387	-4.898792091673375e-6
-11.561060965210439	-4.919371613707372e-6
-11.54535300194249	-4.94006742604465e-6
-11.529645038674541	-4.960880357407849e-6
-11.513937075406592	-4.981811243670613e-6
-11.498229112138644	-5.002860927929236e-6
-11.482521148870694	-5.0240302605762845e-6
-11.466813185602746	-5.04532009937529e-6
-11.451105222334796	-5.066731309535092e-6
-11.435397259066846	-5.088264763786946e-6
-11.419689295798898	-5.109921342460884e-6
-11.403981332530948	-5.131701933563744e-6
-11.388273369263	-5.15360743285794e-6
-11.37256540599505	-5.175638743941671e-6
-11.356857442727103	-5.197796778328594e-6
-11.341149479459153	-5.220082455530409e-6
-11.325441516191205	-5.2424967031394815e-6
-11.309733552923255	-5.265040456911626e-6
-11.294025589655305	-5.2877146608516e-6
-11.278317626387357	-5.3105202672982015e-6
-11.262609663119408	-5.333458237010941e-6
-11.24690169985146	-5.356529539258077e-6
-11.23119373658351	-5.3797351519050315e-6
-11.215485773315562	-5.403076061504686e-6
-11.199777810047612	-5.426553263386857e-6
-11.184069846779664	-5.450167761752085e-6
-11.168361883511714	-5.473920569763939e-6
-11.152653920243765	-5.4978127096428145e-6
-11.136945956975817	-5.521845212762101e-6
-11.121237993707867	-5.546019119744185e-6
-11.105530030439919	-5.570335480557911e-6
-11.08982206717197	-5.5947953546184485e-6
-11.074114103904021	-5.619399810886195e-6
-11.058406140636071	-5.6441499279692465e-6
-11.042698177368123	-5.669046794224816e-6
-11.026990214100174	-5.694091507863972e-6
-11.011282250832226	-5.719285177056101e-6
-10.995574287564276	-5.744628920035912e-6
-10.979866324296326	-5.770123865210712e-6
-10.964158361028378	-5.795771151269146e-6
-10.948450397760428	-5.821571927292317e-6
-10.93274243449248	-5.847527352865231e-6
-10.91703447122453	-5.87363859818919e-6
-10.901326507956583	-5.899906844197699e-6
-10.885618544688633	-5.9263332826715385e-6
-10.869910581420685	-5.952919116356204e-6
-10.854202618152735	-5.979665559080945e-6
-10.838494654884787	-6.006573835879182e-6
-10.822786691616837	-6.0336451831105245e-6
-10.807078728348888	-6.060880848583625e-6
-10.79137076508094	-6.08828209168161e-6
-10.77566280181299	-6.115850183488338e-6
-10.759954838545042	-6.14358640691685e-6
-10.744246875277092	-6.1714920568391895e-6
-10.728538912009144	-6.199568440216976e-6
-10.712830948741194	-6.2278168762351835e-6
-10.697122985473246	-6.25623869643713e-6
-10.681415022205297	-6.2848352448599365e-6
-10.665707058937347	-6.313607878173966e-6
-10.649999095669399	-6.342557965821613e-6
-10.634291132401449	-6.37168689015986e-6
-10.618583169133501	-6.400996046603602e-6
-10.602875205865551	-6.430486843771134e-6
-10.587167242597603	-6.460160703631017e-6
-10.571459279329654	-6.490019061652075e-6
-10.555751316061706	-6.5200633669538564e-6
-10.540043352793756	-6.550295082459981e-6
-10.524335389525806	-6.58071568505291e-6
-10.508627426257858	-6.6113266657312454e-6
-10.492919462989908	-6.642129529769116e-6
-10.47721149972196	-6.673125796876811e-6
-10.46150353645401	-6.704317001364473e-6
-10.445795573186063	-6.73570469230661e-6
-10.430087609918113	-6.76729043371144e-6
-10.414379646650165	-6.799075804688702e-6
-10.398671683382215	-6.831062399622915e-6
-10.382963720114267	-6.863251828347239e-6
-10.367255756846317	-6.89564571632002e-6
-10.351547793578368	-6.928245704804041e-6
-10.33583983031042	-6.961053451047073e-6
-10.32013186704247	-6.994070628466102e-6
-10.304423903774522	-7.027298926833582e-6
-10.288715940506572	-7.060740052465027e-6
-10.273007977238624	-7.094395728411217e-6
-10.257300013970674	-7.128267694651743e-6
-10.241592050702726	-7.162357708289764e-6
-10.225884087434777	-7.196667543753433e-6
-10.210176124166829	-7.231198992995102e-6
-10.194468160898879	-7.265953865696487e-6
-10.178760197630929	-7.300933989475668e-6
-10.163052234362981	-7.336141210097207e-6
-10.147344271095031	-7.371577391683929e-6
-10.131636307827083	-7.4072444169329096e-6
-10.115928344559133	-7.443144187334043e-6
-10.100220381291185	-7.479278623391177e-6
-10.084512418023236	-7.515649664846659e-6
-10.068804454755288	-7.5522592709082314e-6
-10.053096491487338	-7.589109420481174e-6
-10.037388528219388	-7.62620211239988e-6
-10.02168056495144	-7.663539365666789e-6
-10.00597260168349	-7.701123219691018e-6
-9.990264638415542	-7.738955734532925e-6
-9.974556675147593	-7.777038991150746e-6
-9.958848711879645	-7.815375091650403e-6
-9.943140748611695	-7.8539661595397e-6
-9.927432785343747	-7.892814339985832e-6
-9.911724822075797	-7.931921800075279e-6
-9.896016858807847	-7.971290729079832e-6
-9.8803088955399	-8.010923338722749e-6
-9.86460093227195	-8.050821863452496e-6
-9.848892969004002	-8.090988560718033e-6
-9.833185005736052	-8.131425711247506e-6
-9.817477042468104	-8.172135619332646e-6
-9.801769079200154	-8.21312061311628e-6
-9.786061115932206	-8.254383044883504e-6
-9.770353152664256	-8.295925291357627e-6
-9.754645189396308	-8.337749754000807e-6
-9.738937226128359	-8.379858859316058e-6
-9.723229262860409	-8.42225505915895e-6
-9.707521299592461	-8.464940831047093e-6
-9.691813336324511	-8.507918678480419e-6
-9.676105373056563	-8.551191131260958e-6
-9.660397409788613	-8.59476074582098e-6
-9.644689446520665	-8.638630105552797e-6
-9.628981483252716	-8.682801821145974e-6
-9.613273519984768	-8.72727853092688e-6
-9.597565556716818	-8.77206290120548e-6
-9.58185759344887	-8.817157626626499e-6
-9.56614963018092	-8.862565430523564e-6
-9.55044166691297	-8.908289065281467e-6
-9.534733703645022	-8.954331312702482e-6
-9.519025740377073	-9.000694984376946e-6
-9.503317777109125	-9.047382922062658e-6
-9.487609813841175	-9.094397998063917e-6
-9.471901850573227	-9.141743115623231e-6
-9.456193887305277	-9.189421209313311e-6
-9.44048592403733	-9.237435245437449e-6
-9.42477796076938	-9.285788222433778e-6
-9.40906999750143	-9.334483171289966e-6
-9.393362034233482	-9.38352315595806e-6
-9.377654070965532	-9.432911273779826e-6
-9.361946107697584	-9.482650655915909e-6
-9.346238144429634	-9.53274446778471e-6
-9.330530181161686	-9.583195909503716e-6
-9.314822217893736	-9.63400821633953e-6
-9.299114254625788	-9.685184659165349e-6
-9.283406291357839	-9.73672854492471e-6
-9.267698328089889	-9.788643217099685e-6
-9.25199036482194	-9.840932056191898e-6
-9.236282401553991	-9.893598480205298e-6
-9.220574438286043	-9.946645945138255e-6
-9.204866475018093	-1.0000077945484212e-5
-9.189158511750145	-1.0053898014738024e-5
-9.173450548482196	-1.0108109725912593e-5
-9.157742585214248	-1.0162716692059957e-5
-9.142034621946298	-1.0217722566803946e-5
-9.12632665867835	-1.0273131044877487e-5
-9.1106186954104	-1.0328945862671854e-5
-9.09491073214245	-1.0385170798791739e-5
-9.079202768874502	-1.0441809674619643e-5
-9.063494805606553	-1.0498866354889526e-5
-9.047786842338605	-1.0556344748268719e-5
-9.032078879070655	-1.0614248807948749e-5
-9.016370915802707	-1.0672582532247173e-5
-9.000662952534757	-1.0731349965215442e-5
-8.984954989266809	-1.0790555197260651e-5
-8.96924702599886	-1.0850202365772302e-5
-8.953539062730911	-1.091029565576274e-5
-8.937831099462962	-1.0970839300516173e-5
-8.922123136195012	-1.1031837582248394e-5
-8.906415172927064	-1.1093294832775045e-5
-8.890707209659114	-1.115521543419355e-5
-8.874999246391166	-1.121760381957462e-5
-8.859291283123216	-1.128046447366376e-5
-8.843583319855268	-1.1343801933594836e-5
-8.827875356587318	-1.1407620789615293e-5
-8.81216739331937	-1.1471925685823522e-5
-8.79645943005142	-1.1536721320915278e-5
-8.780751466783471	-1.160201244894809e-5
-8.765043503515523	-1.1667803880109364e-5
-8.749335540247573	-1.1734100481505784e-5
-8.733627576979625	-1.1800907177959178e-5
-8.717919613711675	-1.1868228952818607e-5
-8.702211650443727	-1.1936070848784337e-5
-8.686503687175778	-1.2004437968746426e-5
-8.67079572390783	-1.2073335476635569e-5
-8.65508776063988	-1.2142768598288159e-5
-8.63937979737193	-1.2212742622328815e-5
-8.623671834103982	-1.2283262901061316e-5
-8.607963870836032	-1.2354334851380746e-5
-8.592255907568084	-1.2425963955695436e-5
-8.576547944300135	-1.2498155762867244e-5
-8.560839981032187	-1.2570915889168777e-5
-8.545132017764237	-1.264425001925228e-5
-8.529424054496289	-1.2718163907137172e-5
-8.51371609122834	-1.2792663377216354e-5
-8.498008127960391	-1.2867754325274694e-5
-8.482300164692441	-1.2943442719527684e-5
-8.466592201424492	-1.3019734601679112e-5
-8.450884238156544	-1.3096636087992797e-5
-8.435176274888594	-1.3174153370384075e-5
-8.419468311620646	-1.3252292717531566e-5
-8.403760348352696	-1.3331060476006215e-5
-8.388052385084748	-1.3410463071420095e-5
-8.372344421816798	-1.3490507009592943e-5
-8.35663645854885	-1.3571198877743466e-5
-8.3409284952809	-1.3652545345697063e-5
-8.325220532012953	-1.373455316711493e-5
-8.309512568745003	-1.3817229180746233e-5
-8.293804605477053	-1.3900580311699814e-5
-8.278096642209105	-1.3984613572740979e-5
-8.262388678941155	-1.406933606560712e-5
-8.246680715673207	-1.4154754982349559e-5
-8.230972752405258	-1.4240877606697941e-5
-8.21526478913731	-1.4327711315446501e-5
-8.19955682586936	-1.4415263579868811e-5
-8.183848862601412	-1.4503541967154072e-5
-8.168140899333462	-1.4592554141869764e-5
-8.152432936065512	-1.4682307867451592e-5
-8.136724972797564	-1.4772811007718695e-5
-8.121017009529615	-1.4864071528416133e-5
-8.105309046261667	-1.4956097498783497e-5
-8.089601082993717	-1.5048897093155367e-5
-8.073893119725769	-1.5142478592586892e-5
-8.058185156457819	-1.5236850386510954e-5
-8.042477193189871	-1.5332020974422694e-5
-8.026769229921921	-1.542799896759885e-5
-8.011061266653972	-1.552479309084405e-5
-7.995353303386024	-1.5622412184271293e-5
-7.979645340118075	-1.5720865205112187e-5
-7.963937376850126	-1.582016122956662e-5
-7.948229413582177	-1.592030945467941e-5
-7.932521450314228	-1.6021319200253128e-5
-7.916813487046278	-1.6123199910801076e-5
-7.901105523778329	-1.6225961157529365e-5
-7.8853975605103805	-1.6329612640360804e-5
-7.869689597242432	-1.643416418999506e-5
-7.853981633974483	-1.6539625770005792e-5
-7.838273670706534	-1.664600747897901e-5
-7.822565707438585	-1.6753319552690895e-5
-7.806857744170636	-1.6861572366326945e-5
-7.791149780902687	-1.6970776436739167e-5
-7.7754418176347375	-1.708094242475432e-5
-7.759733854366789	-1.7192081137517577e-5
-7.74402589109884	-1.7304203530884846e-5
-7.728317927830891	-1.7417320711860117e-5
-7.712609964562942	-1.7531443941079036e-5
-7.696902001294993	-1.7646584635340916e-5
-7.681194038027044	-1.776275437018732e-5
-7.665486074759095	-1.7879964882533646e-5
-7.6497781114911465	-1.799822807335053e-5
-7.634070148223198	-1.8117556010392695e-5
-7.618362184955249	-1.8237960930987605e-5
-7.602654221687299	-1.835945524487773e-5
-7.58694625841935	-1.848205153711203e-5
-7.571238295151401	-1.8605762571000434e-5
-7.555530331883452	-1.8730601291125294e-5
-7.5398223686155035	-1.885658082640919e-5
-7.524114405347555	-1.8983714493249634e-5
-7.508406442079606	-1.911201579870724e-5
-7.492698478811657	-1.9241498443766985e-5
-7.476990515543708	-1.937217632665292e-5
-7.461282552275758	-1.950406354622672e-5
-7.445574589007809	-1.963717440543241e-5
-7.4298666257398605	-1.977152341482978e-5
-7.414158662471912	-1.990712529618675e-5
-7.398450699203963	-2.004399498615459e-5
-7.382742735936014	-2.0182147640003326e-5
-7.367034772668065	-2.032159863545289e-5
-7.351326809400116	-2.046236357656398e-5
-7.335618846132167	-2.060445829772051e-5
-7.319910882864218	-2.074789886768834e-5
-7.304202919596269	-2.0892701593760833e-5
-7.28849495632832	-2.103888302599019e-5
-7.272786993060371	-2.118645996150158e-5
-7.257079029792422	-2.133544944890603e-5
-7.241371066524473	-2.148586879279379e-5
-7.225663103256524	-2.1637735558337963e-5
-7.209955139988575	-2.1791067575975894e-5
-7.194247176720626	-2.194588294620389e-5
-7.1785392134526775	-2.2102200044468704e-5
-7.162831250184729	-2.2260037526161236e-5
-7.147123286916779	-2.2419414331716113e-5
-7.13141532364883	-2.2580349691825566e-5
-7.115707360380881	-2.2742863132760072e-5
-7.099999397112932	-2.290697448180108e-5
-7.084291433844983	-2.3072703872800796e-5
-7.0685834705770345	-2.3240071751851742e-5
-7.052875507309086	-2.340909888308449e-5
-7.037167544041137	-2.357980635459103e-5
-7.021459580773188	-2.375221558447793e-5
-7.005751617505239	-2.3926348327051838e-5
-6.99004365423729	-2.4102226679138927e-5
-6.97433569096934	-2.427987308654822e-5
-6.9586277277013915	-2.4459310350674898e-5
-6.942919764433443	-2.464056163525057e-5
-6.927211801165494	-2.4823650473246704e-5
-6.911503837897545	-2.5008600773926997e-5
-6.895795874629596	-2.5195436830065147e-5
-6.880087911361647	-2.538418332531976e-5
-6.864379948093698	-2.557486534177872e-5
-6.848671984825749	-2.5767508367673393e-5
-6.8329640215578	-2.5962138305269096e-5
-6.817256058289851	-2.6158781478937323e-5
-6.801548095021902	-2.6357464643408454e-5
-6.785840131753953	-2.6558214992220402e-5
-6.770132168486004	-2.6761060166360497e-5
-6.754424205218055	-2.6966028263099474e-5
-6.738716241950106	-2.7173147845049312e-5
-6.7230082786821574	-2.7382447949409973e-5
-6.707300315414209	-2.75939580974522e-5
-6.69159235214626	-2.780770830421265e-5
-6.675884388878311	-2.802372908841706e-5
-6.660176425610361	-2.8242051482650145e-5
-6.644468462342412	-2.8462707043750716e-5
-6.628760499074463	-2.8685727863468564e-5
-6.613052535806514	-2.8911146579371126e-5
-6.5973445725385655	-2.913899638600777e-5
-6.581636609270617	-2.9369311046355413e-5
-6.565928646002668	-2.9602124903533936e-5
-6.550220682734719	-2.9837472892803413e-5
-6.53451271946677	-3.0075390553863395e-5
-6.51880475619882	-3.0315914043442735e-5
-6.503096792930871	-3.0559080148213034e-5
-6.4873888296629225	-3.0804926298010435e-5
-6.471680866394974	-3.105349057938707e-5
-6.455972903127025	-3.130481174950539e-5
-6.440264939859076	-3.1558929250373134e-5
-6.424556976591127	-3.181588322344563e-5
-6.408849013323178	-3.2075714524581585e-5
-6.393141050055229	-3.233846473939374e-5
-6.37743308678728	-3.260417619897687e-5
-6.3617251235193315	-3.287289199604842e-5
-6.346017160251382	-3.31446560014919e-5
-6.330309196983433	-3.341951288133558e-5
-6.314601233715484	-3.3697508114170015e-5
-6.298893270447535	-3.397868800900445e-5
-6.283185307179586	-3.426309972361118e-5
-6.267477343911637	-3.455079128333387e-5
-6.2517693806436885	-3.484181160039335e-5
-6.23606141737574	-3.513621049371389e-5
-6.220353454107791	-3.543403870925998e-5
-6.204645490839841	-3.573534794093382e-5
-6.188937527571892	-3.6040190852015975e-5
-6.173229564303943	-3.6348621097197136e-5
-6.157521601035994	-3.666069334519412e-5
-6.1418136377680455	-3.697646330199531e-5
-6.126105674500097	-3.729598773472214e-5
-6.110397711232148	-3.761932449616263e-5
-6.094689747964199	-3.794653254997742e-5
-6.07898178469625	-3.82776719965943e-5
-6.063273821428301	-3.861280409984201e-5
-6.047565858160352	-3.895199131431575e-5
-6.031857894892402	-3.929529731351752e-5
-6.0161499316244536	-3.964278701880168e-5
-6.000441968356505	-3.999452662913128e-5
-5.984734005088556	-4.035058365169686e-5
-5.969026041820607	-4.0711026933414616e-5
-5.953318078552658	-4.1075926693338516e-5
-5.937610115284709	-4.144535455601104e-5
-5.92190215201676	-4.1819383585806504e-5
-5.906194188748811	-4.2198088322280884e-5
-5.890486225480862	-4.258154481657119e-5
-5.874778262212913	-4.296983066889937e-5
-5.859070298944964	-4.3363025067199786e-5
-5.843362335677015	-4.3761208826934033e-5
-5.827654372409066	-4.4164464432121775e-5
-5.811946409141117	-4.457287607765942e-5
-5.796238445873168	-4.498652971298129e-5
-5.7805304826052195	-4.54055130870807e-5
-5.764822519337271	-4.5829915795026514e-5
-5.749114556069322	-4.625982932599351e-5
-5.733406592801373	-4.669534711291284e-5
-5.717698629533423	-4.713656458382845e-5
-5.701990666265474	-4.7583579215066055e-5
-5.686282702997525	-4.803649058637189e-5
-5.6705747397295765	-4.849540043812752e-5
-5.654866776461628	-4.8960412730887064e-5
-5.639158813193679	-4.943163370744586e-5
-5.62345084992573	-4.990917195779702e-5
-5.607742886657781	-5.039313848739441e-5
-5.592034923389832	-5.088364678933113e-5
-5.576326960121882	-5.138081292131e-5
-5.5606189968539335	-5.188475558866018e-5
-5.544911033585985	-5.239559623532659e-5
-5.529203070318036	-5.291345914581504e-5
-5.513495107050087	-5.343847156287597e-5
-5.497787143782138	-5.397076382894116e-5
-5.482079180514189	-5.4510469565070954e-5
-5.46637121724624	-5.5057725912260943e-5
-5.450663253978291	-5.5612673882313153e-5
-5.4349552907103424	-5.6175458910158196e-5
-5.419247327442394	-5.6746231812918614e-5
-5.403539364174444	-5.732515060785892e-5
-5.387831400906495	-5.7912384373095896e-5
-5.372123437638546	-5.8508122537857726e-5
-5.356415474370597	-5.91126011835205e-5
-5.340707511102648	-5.9726196427600934e-5
-5.324999547834699	-6.03498985745939e-5
-5.3092915845667505	-6.099022624532572e-5
-5.293583621298802	-6.451537517493286e-5
-5.277875658030853	-6.228288163506302e-5
-5.262167694762903	-6.293648376225167e-5
-5.246459731494954	-6.363811966787689e-5
-5.230751768227005	-6.451965444605906e-5
-5.215043804959056	-6.497672752365071e-5
-5.1993358416911075	-6.566756094046494e-5
-5.183627878423159	-6.637573995231982e-5
-5.16791991515521	-6.70960961570738e-5
-5.152211951887261	-6.78279726719623e-5
-5.136503988619312	-6.857135649238655e-5
-5.120796025351363	-6.932640115002751e-5
-5.105088062083414	-7.00933255222245e-5
-5.0893800988154645	-7.087238932511506e-5
-5.073672135547516	-7.166389476645033e-5
-5.057964172279567	-7.246821116021312e-5
-5.042256209011618	-7.328584767071544e-5
-5.026548245743669	-7.41176803513422e-5
-5.01084028247572	-7.49658497201567e-5
-4.995132319207771	-7.583936656526724e-5
-4.979424355939822	-7.690789773758376e-5
-4.9637163926718735	-8.225258262618028e-5
-4.948008429403924	-7.857128683562879e-5
-4.932300466135975	-7.940555582366714e-5
-4.916592502868026	-8.032344650055723e-5
-4.900884539600077	-8.127156229415528e-5
-4.885176576332128	-8.230153859006316e-5
-4.869468613064179	-8.343481810869066e-5
-4.8537606497962305	-8.420721545187406e-5
-4.838052686528282	-8.520899287150713e-5
-4.822344723260333	-8.624389748723416e-5
-4.806636759992384	-8.750926177006109e-5
-4.790928796724435	-8.847133595078228e-5
-4.775220833456485	-9.236260162389378e-5
-4.759512870188536	-9.067177633663848e-5
-4.743804906920587	-9.168141184994635e-5
-4.7280969436526386	-9.280505933864579e-5
-4.71238898038469	-9.397074390807165e-5
-4.696681017116741	-9.517352792206607e-5
-4.680973053848792	-9.796709343985325e-5
-4.665265090580843	-9.769512268141823e-5
-4.649557127312894	-9.918810264366568e-5
-4.633849164044944	-0.00010813290790660103
-4.6181412007769955	-0.00010374448269007233
-4.602433237509047	-0.00010295808109479312
-4.586725274241098	-0.00010426197070698492
-4.571017310973149	-0.00010619785006744593
-4.5553093477052	-0.00010894729381596188
-4.539601384437251	-0.00012485818084666437
-4.523893421169302	-0.00011026320058480271
-4.508185457901353	-0.00011143223481158578
-4.4924774946334045	-0.00011309437369904611
-4.476769531365456	-0.00014554562920110077
-4.461061568097506	-0.00012003134535150411
-4.445353604829557	-0.0001267187218307896
-4.429645641561608	-0.00011970838817601455
-4.413937678293659	-0.00012261697611232701
-4.39822971502571	-0.00012367462572189934
-4.3825217517577615	-0.0001249511584544792
-4.366813788489813	-0.00012807289125855601
-4.351105825221864	-0.0003783024514873215
-4.335397861953915	-0.00019541775112746568
-4.319689898685965	-0.00013365451778739242
-4.303981935418016	-0.00015007647631375817
-4.288273972150067	-0.0001393011609608949
-4.2725660088821185	-0.00013865710912571875
-4.25685804561417	-0.00014062170467730255
-4.241150082346221	-0.00014311532339329438
-4.225442119078272	-0.0001535170387490692
-4.209734155810323	-0.0001525083779124087
-4.194026192542374	-0.00018318785035211817
-4.178318229274425	-0.00033778791441146705
-4.162610266006476	-0.00016345856441301416
-4.146902302738527	-0.00021677601742732866
-4.131194339470578	-0.0001852183365484783
-4.115486376202629	-0.0001785863227876804
-4.09977841293468	-0.0003974350604416692
-4.084070449666731	-0.0007784631878239305
-4.068362486398782	-0.00019933468465771668
-4.052654523130833	-0.00019809363208304472
-4.036946559862884	-0.0017709031310034692
-4.0212385965949355	-0.000793546358324591
-4.005530633326986	-0.000189834952796712
-3.9898226700590373	-0.0001993284356622965
-3.9741147067910885	-0.00023876265162831752
-3.958406743523139	-0.0002601052744702848
-3.9426987802551903	-0.0004214184604944387
-3.9269908169872414	-0.00021215202451642083
-3.9112828537192925	-0.00021160988841246837
-3.8955748904513436	-0.00022327817749805752
-3.8798669271833943	-0.0006158802444136475
-3.8641589639154454	-0.002973335454494905
-3.8484510006474966	-0.0002585517658563837
-3.8327430373795477	-0.0002739667888308537
-3.817035074111599	-0.0005696386586692287
-3.8013271108436495	-0.0006198575942543038
-3.7856191475757006	-0.0007923505715206767
-3.7699111843077517	-0.0049440790484829526
-3.754203221039803	-0.00028943126654010015
-3.738495257771854	-0.0003474235721845323
-3.7227872945039047	-0.0003185505021543362
-3.707079331235956	-0.0003575522586229928
-3.691371367968007	-0.000589969591056941
-3.675663404700058	-0.0005389815516392564
-3.659955441432109	-0.007845961798230583
-3.64424747816416	-0.0007855033169313358
-3.628539514896211	-0.0007089717717238961
-3.612831551628262	-0.0006435939256011449
-3.597123588360313	-0.0003537055492617757
-3.5814156250923643	-0.0006308131123863804
-3.565707661824415	-0.002982504133747638
-3.549999698556466	-0.0010967783672664393
-3.5342917352885173	-0.006774462083657699
-3.5185837720205684	-0.0008004961200575356
-3.5028758087526195	-0.0016768946105122048
-3.48716784548467	-0.0011298963419898761
-3.4714598822167213	-0.02093177455905452
-3.4557519189487724	-0.0009547766605055488
-3.4400439556808236	-0.001116433603572196
-3.4243359924128747	-0.0023713629219829124
-3.4086280291449254	-0.00256560439046327
-3.3929200658769765	-0.0015877536203400273
-3.3772121026090276	-0.01766904878024243
-3.3615041393410787	-0.001285528330253006
-3.34579617607313	-0.01413070063470878
-3.3300882128051805	-0.0018761970801262971
-3.3143802495372316	-0.004654882300613452
-3.2986722862692828	-0.011430918737736322
-3.282964323001334	-0.0011144965731104915
-3.267256359733385	-0.006428157334422487
-3.2515483964654357	-0.001039729697603034
-3.235840433197487	-0.012157004981919366
-3.220132469929538	-0.005656873694114874
-3.204424506661589	-0.0011618435059370061
-3.18871654339364	-0.0013802144812711515
-3.173008580125691	-0.006075215660746128
-3.157300616857742	-0.004210536743053106
-3.141592653589793	-0.004006616434716142
-3.1258846903218442	-0.08864213140077602
-3.1101767270538954	-0.007593499398085525
-3.094468763785946	-0.014361877314472212
-3.078760800517997	-0.011677401845928897
-3.0630528372500483	-0.0021889799539732565
-3.0473448739820994	-0.002212641180805366
-3.0316369107141505	-0.00984886760200675
-3.015928947446201	-0.018124044133196567
-3.0002209841782523	-0.020473732768882653
-2.9845130209103035	-0.023618615998287483
-2.9688050576423546	-0.01594336885672421
-2.9530970943744057	-0.024655092382017494
-2.9373891311064564	-0.005703890154238625
-2.9216811678385075	-0.01293842900060985
-2.9059732045705586	-0.019123055552611908
-2.8902652413026098	-0.19326097359254799
-2.874557278034661	-0.055011341529094177
-2.8588493147667116	-1.0612938602536632
-2.8431413514987627	-0.0751856821105772
-2.827433388230814	-0.08105598720283352
-2.811725424962865	-0.1945830010240158
-2.796017461694916	-0.04870347415888376
-2.7803094984269667	-0.007528112387368206
-2.764601535159018	-0.014949012165760837
-2.748893571891069	-0.02577655040771183
-2.73318560862312	-0.044013486927530064
-2.7174776453551712	-8.477499455818448
-2.701769682087222	-0.20975471275306928
-2.686061718819273	-0.042108463029528045
-2.670353755551324	-0.10249171214726695
-2.6546457922833753	-0.09138613020619973
-2.6389378290154264	-0.015040452412719724
-2.623229865747477	-0.022243754406389402
-2.607521902479528	-0.12341020687101004
-2.5918139392115793	-0.0637627253728444
-2.5761059759436304	-0.045474174238366194
-2.5603980126756816	-0.16013122531893767
-2.5446900494077322	-0.10325316585248294
-2.5289820861397834	-0.10585210620492289
-2.5132741228718345	-0.21122136169323102
-2.4975661596038856	-0.03557411180212404
-2.4818581963359367	-0.10562868303623878
-2.4661502330679874	-1.4878957948161071
-2.4504422698000385	-0.10687491778958075
-2.4347343065320897	-0.2743308779596058
-2.419026343264141	-0.3762348923038832
-2.403318379996192	-0.0338792470674936
-2.3876104167282426	-0.06875357071290336
-2.3719024534602937	-0.03527199193075149
-2.356194490192345	-1.1762149083018918
-2.340486526924396	-0.5002804284295401
-2.324778563656447	-0.3465009717154894
-2.3090706003884978	-0.1320724813722036
-2.293362637120549	-0.16915962963065445
-2.2776546738526	-0.4178944993443334
-2.261946710584651	-0.06735408020286587
-2.2462387473167023	-0.39060663368239434
-2.230530784048753	-0.060089175316437995
-2.214822820780804	-0.08617224308322896
-2.199114857512855	-0.10166142829993711
-2.1834068942449063	-0.33953395795758007
-2.1676989309769574	-1.4835281115937426
-2.151990967709008	-0.31006711830553435
-2.1362830044410592	-0.2321659947910015
-2.1205750411731104	-0.14748872167840416
-2.1048670779051615	-0.19453896006852597
-2.0891591146372126	-0.08441720014497985
-2.0734511513692633	-1.0018001653301738
-2.0577431881013144	-0.33453240075281465
-2.0420352248333655	-0.5130894515389728
-2.0263272615654166	-1.215142555425911
-2.0106192982974678	-1.2208330742241578
-1.9949113350295187	-0.31583624774539826
-1.9792033717615696	-2.164144094483478
-1.9634954084936207	-0.22475984533425042
-1.9477874452256718	-2.5092845004780777
-1.9320794819577227	-0.6307468008019156
-1.9163715186897738	-11.64097961348762
-1.9006635554218247	-0.38685958083438005
-1.8849555921538759	-0.9386717145668119
-1.869247628885927	-0.27051981548108806
-1.853539665617978	-3.3108266160808677
-1.837831702350029	-1.2768906447439858
-1.82212373908208	-0.5303433894607701
-1.806415775814131	-1.631965222696078
-1.7907078125461822	-1.213268500881258
-1.774999849278233	-0.732522755402829
-1.7592918860102842	-2.5145842293052847
-1.743583922742335	-0.30002781799593015
-1.7278759594743862	-1.2203699669073715
-1.7121679962064373	-0.5089745479807576
-1.6964600329384882	-1.041598930668595
-1.6807520696705394	-1.455396631180396
-1.6650441064025903	-0.4099685714818201
-1.6493361431346414	-0.48578735438391607
-1.6336281798666925	-1.7970835140562997
-1.6179202165987434	-0.23858601499449733
-1.6022122533307945	-1.2489264312192232
-1.5865042900628454	-0.3494882928559794
-1.5707963267948966	-0.4558563828945041
-1.5550883635269477	-0.49776433080796895
-1.5393804002589986	-0.17262892526050677
-1.5236724369910497	-0.3161312450561852
-1.5079644737231006	-0.28675396841956907
-1.4922565104551517	-0.5797889566787344
-1.4765485471872029	-1.4365426503077015
-1.4608405839192538	-16.578893228781165
-1.4451326206513049	-0.6089766365260086
-1.4294246573833558	-3.104195756268695
-1.413716694115407	-1.9824512876902332
-1.398008730847458	-1.152750864849249
-1.382300767579509	-1.331645663379178
-1.36659280431156	-0.7439570876214795
-1.350884841043611	-2.213749205111299
-1.335176877775662	-0.7956061551793686
-1.3194689145077132	-0.7994152467871622
-1.303760951239764	-0.919090773910537
-1.2880529879718152	-4.375472681923609
-1.2723450247038661	-33.29116809525681
-1.2566370614359172	-0.5499949626784862
-1.2409290981679684	-0.5716741559581283
-1.2252211349000193	-8.753066288619953
-1.2095131716320704	-1.9291939336467883
-1.1938052083641213	-5.830849541336866
-1.1780972450961724	-0.2924029416942799
-1.1623892818282235	-0.7020983853946174
-1.1466813185602744	-0.4185770323339129
-1.1309733552923256	-0.1936898599585334
-1.1152653920243765	-0.2826448277687636
-1.0995574287564276	-0.8491835715347519
-1.0838494654884787	-0.1210227666606699
-1.0681415022205296	-1.0403891254038171
-1.0524335389525807	-0.2845304809718838
-1.0367255756846316	-0.8308767130933452
-1.0210176124166828	-0.8795268524562543
-1.0053096491487339	-0.625115184825593
-0.9896016858807848	-0.20067697745669805
-0.9738937226128359	-1.4276894394273536
-0.9581857593448869	-0.41649151262493816
-0.9424777960769379	-0.3708795309003639
-0.926769832808989	-0.381316019272595
-0.91106186954104	-0.760497140429629
-0.8953539062730911	-0.1147156672894308
-0.8796459430051421	-0.14263358031108336
-0.8639379797371931	-0.17881675879396583
-0.8482300164692441	-6.816482991696638
-0.8325220532012951	-3.2906861755893764
-0.8168140899333463	-1.0766367821208973
-0.8011061266653973	-0.37571413063996106
-0.7853981633974483	-39.322391838466466
-0.7696902001294993	-0.5717353706613658
-0.7539822368615503	-1.7346024968625038
-0.7382742735936014	-0.6086229627620928
-0.7225663103256524	-4.092724277426877
-0.7068583470577035	-0.5030790273031782
-0.6911503837897545	-0.6549064953668263
-0.6754424205218055	-20.07903278078148
-0.6597344572538566	-1.812295946818703
-0.6440264939859076	-0.8407737476624889
-0.6283185307179586	-0.9411968942270738
-0.6126105674500096	-1.8261695858981983
-0.5969026041820606	-1.9909408541494618
-0.5811946409141118	-3.0641495451988616
-0.5654866776461628	-1.5493305244199864
-0.5497787143782138	-0.24570903659955637
-0.5340707511102648	-0.3028948226278685
-0.5183627878423158	-0.20222886350498115
-0.5026548245743669	-0.23144890111274719
-0.48694686130641796	-8.82334952146177
-0.47123889803846897	-0.19283796694171704
-0.45553093477052	-1.6539483611605368
-0.43982297150257105	-0.16638962629526943
-0.42411500823462206	-0.31014084381115387
-0.4084070449666731	-0.08715041101498978
-0.39269908169872414	-0.15082403697596158
-0.37699111843077515	-0.10490165783939766
-0.3612831551628262	-0.04029001077790304
-0.34557519189487723	-0.348774163019818
-0.3298672286269283	-0.11001920384520066
-0.3141592653589793	-0.20062309382999763
-0.2984513020910303	-0.3245621511189327
-0.2827433388230814	-0.1409412644088547
-0.2670353755551324	-0.02458966532950247
-0.25132741228718347	-0.09862809689309768
-0.23561944901923448	-3.657140878122137
-0.21991148575128552	-0.04570600198445408
-0.20420352248333656	-0.025704700697342542
-0.18849555921538758	-0.03201673437286602
-0.17278759594743862	-0.20735328799461608
-0.15707963267948966	-0.3943054929572374
-0.1413716694115407	-0.06865344638800075
-0.12566370614359174	-0.19718386938710172
-0.10995574287564276	-0.10050561165991946
-0.09424777960769379	-0.04498389158740087
-0.07853981633974483	-0.02607086711873189
-0.06283185307179587	-0.020221426807953233
-0.047123889803846894	-0.01435490112104757
-0.031415926535897934	-0.011863730982716774
-0.015707963267948967	-0.04799534375474742
0.0	-1.0404039947371345e-17
0.015707963267948967	0.047995343754747864
0.031415926535897934	0.011863730982717079
0.047123889803846894	0.014354901121048131
0.06283185307179587	0.02022142680795348
0.07853981633974483	0.02607086711873258
0.09424777960769379	0.04498389158740238
0.10995574287564276	0.10050561165992009
0.12566370614359174	0.19718386938710367
0.1413716694115407	0.06865344638800368
0.15707963267948966	0.39430549295723794
0.17278759594743862	0.2073532879946212
0.18849555921538758	0.032016734372868796
0.20420352248333656	0.025704700697343024
0.21991148575128552	0.04570600198445461
0.23561944901923448	3.657140878122157
0.25132741228718347	0.09862809689309858
0.2670353755551324	0.024589665329502873
0.2827433388230814	0.1409412644088653
0.2984513020910303	0.32456215111894465
0.3141592653589793	0.20062309383000343
0.3298672286269283	0.11001920384520188
0.34557519189487723	0.3487741630198295
0.3612831551628262	0.04029001077790537
0.37699111843077515	0.10490165783940332
0.39269908169872414	0.15082403697596689
0.4084070449666731	0.0871504110149934
0.42411500823462206	0.3101408438111701
0.43982297150257105	0.1663896262952788
0.45553093477052	1.6539483611606007
0.47123889803846897	0.1928379669417169
0.48694686130641796	8.823349521461727
0.5026548245743669	0.23144890111277325
0.5183627878423158	0.20222886350499386
0.5340707511102648	0.3028948226278833
0.5497787143782138	0.24570903659957175
0.5654866776461628	1.5493305244199995
0.5811946409141118	3.064149545198883
0.5969026041820606	1.990940854149469
0.6126105674500096	1.8261695858982578
0.6283185307179586	0.9411968942270998
0.6440264939859076	0.8407737476624788
0.6597344572538566	1.8122959468186999
0.6754424205218055	20.07903278078157
0.6911503837897545	0.6549064953668334
0.7068583470577035	0.5030790273031887
0.7225663103256524	4.092724277426783
0.7382742735936014	0.6086229627620974
0.7539822368615503	1.734602496862499
0.7696902001294993	0.5717353706613856
0.7853981633974483	39.322391838466785
0.8011061266653973	0.3757141306399663
0.8168140899333463	1.076636782120934
0.8325220532012951	3.290686175589387
0.8482300164692441	6.816482991697292
0.8639379797371931	0.1788167587939686
0.8796459430051421	0.1426335803110896
0.8953539062730911	0.11471566728944228
0.91106186954104	0.7604971404296436
0.926769832808989	0.3813160192726077
0.9424777960769379	0.3708795309003819
0.9581857593448869	0.41649151262497763
0.9738937226128359	1.4276894394273685
0.9896016858807848	0.2006769774567061
1.0053096491487339	0.6251151848256054
1.0210176124166828	0.8795268524562883
1.0367255756846316	0.8308767130933371
1.0524335389525807	0.28453048097191486
1.0681415022205296	1.040389125403851
1.0838494654884787	0.12102276666067564
1.0995574287564276	0.8491835715347733
1.1152653920243765	0.282644827768787
1.1309733552923256	0.19368985995854407
1.1466813185602744	0.41857703233396826
1.1623892818282235	0.7020983853946369
1.1780972450961724	0.29240294169428527
1.1938052083641213	5.830849541336921
1.2095131716320704	1.9291939336466155
1.2252211349000193	8.753066288619932
1.2409290981679684	0.5716741559581425
1.2566370614359172	0.549994962678505
1.2723450247038661	33.29116809525737
1.2880529879718152	4.375472681923408
1.303760951239764	0.9190907739105689
1.3194689145077132	0.7994152467871425
1.335176877775662	0.7956061551793767
1.350884841043611	2.213749205111329
1.36659280431156	0.7439570876214844
1.382300767579509	1.3316456633791907
1.398008730847458	1.1527508648492648
1.413716694115407	1.982451287690262
1.4294246573833558	3.104195756268735
1.4451326206513049	0.6089766365260153
1.4608405839192538	16.578893228781258
1.4765485471872029	1.4365426503076866
1.4922565104551517	0.5797889566787526
1.5079644737231006	0.2867539684195803
1.5236724369910497	0.31613124505618306
1.5393804002589986	0.17262892526050266
1.5550883635269477	0.4977643308080104
1.5707963267948966	0.45585638289452374
1.5865042900628454	0.3494882928559857
1.6022122533307945	1.2489264312192039
1.6179202165987434	0.238586014994517
1.6336281798666925	1.7970835140563415
1.6493361431346414	0.48578735438393617
1.6650441064025903	0.4099685714818289
1.6807520696705394	1.4553966311804203
1.6964600329384882	1.0415989306685869
1.7121679962064373	0.5089745479807821
1.7278759594743862	1.2203699669073957
1.743583922742335	0.30002781799594824
1.7592918860102842	2.514584229305459
1.774999849278233	0.7325227554028427
1.7907078125461822	1.2132685008812998
1.806415775814131	1.6319652226960897
1.82212373908208	0.5303433894607921
1.837831702350029	1.27689064474406
1.853539665617978	3.3108266160808797
1.869247628885927	0.270519815481097
1.8849555921538759	0.9386717145668043
1.9006635554218247	0.386859580834392
1.9163715186897738	11.640979613488188
1.9320794819577227	0.6307468008019219
1.9477874452256718	2.509284500478128
1.9634954084936207	0.22475984533426058
1.9792033717615696	2.164144094483504
1.9949113350295187	0.3158362477453876
2.0106192982974678	1.2208330742241589
2.0263272615654166	1.2151425554259194
2.0420352248333655	0.5130894515389942
2.0577431881013144	0.33453240075280566
2.0734511513692633	1.0018001653301805
2.0891591146372126	0.0844172001449787
2.1048670779051615	0.19453896006853283
2.1205750411731104	0.14748872167841023
2.1362830044410592	0.23216599479102956
2.151990967709008	0.3100671183055421
2.1676989309769574	1.4835281115937626
2.1834068942449063	0.339533957957591
2.199114857512855	0.10166142829994061
2.214822820780804	0.08617224308323161
2.230530784048753	0.06008917531644091
2.2462387473167023	0.39060663368241094
2.261946710584651	0.0673540802028717
2.2776546738526	0.4178944993443412
2.293362637120549	0.1691596296306611
2.3090706003884978	0.13207248137220517
2.324778563656447	0.3465009717155199
2.340486526924396	0.5002804284295752
2.356194490192345	1.1762149083020412
2.3719024534602937	0.03527199193075271
2.3876104167282426	0.06875357071290596
2.403318379996192	0.033879247067495254
2.419026343264141	0.3762348923038727
2.4347343065320897	0.2743308779596122
2.4504422698000385	0.1068749177895829
2.4661502330679874	1.4878957948161344
2.4818581963359367	0.10562868303624111
2.4975661596038856	0.03557411180212702
2.5132741228718345	0.21122136169322103
2.5289820861397834	0.10585210620493227
2.5446900494077322	0.10325316585248967
2.5603980126756816	0.16013122531895232
2.5761059759436304	0.04547417423836357
2.5918139392115793	0.06376272537284647
2.607521902479528	0.12341020687101598
2.623229865747477	0.022243754406390176
2.6389378290154264	0.015040452412720447
2.6546457922833753	0.09138613020620241
2.670353755551324	0.10249171214727
2.686061718819273	0.042108463029528816
2.701769682087222	0.20975471275307278
2.7174776453551712	8.477499455818517
2.73318560862312	0.044013486927531084
2.748893571891069	0.02577655040771186
2.764601535159018	0.014949012165761347
2.7803094984269667	0.007528112387368601
2.796017461694916	0.048703474158885186
2.811725424962865	0.19458300102404197
2.827433388230814	0.0810559872028206
2.8431413514987627	0.07518568211058027
2.8588493147667116	1.0612938602536957
2.874557278034661	0.055011341529094766
2.8902652413026098	0.19326097359254713
2.9059732045705586	0.019123055552612567
2.9216811678385075	0.012938429000610121
2.9373891311064564	0.005703890154238938
2.9530970943744057	0.024655092382018042
2.9688050576423546	0.015943368856724278
2.9845130209103035	0.02361861599828846
3.0002209841782523	0.020473732768884395
3.015928947446201	0.018124044133197275
3.0316369107141505	0.009848867602007264
3.0473448739820994	0.0022126411808053976
3.0630528372500483	0.0021889799539733666
3.078760800517997	0.011677401845928814
3.094468763785946	0.014361877314473043
3.1101767270538954	0.007593499398086095
3.1258846903218442	0.08864213140077865
3.141592653589793	0.004006616434716183
3.157300616857742	0.004210536743053298
3.173008580125691	0.006075215660746616
3.18871654339364	0.0013802144812711872
3.204424506661589	0.0011618435059370786
3.220132469929538	0.005656873694113946
3.235840433197487	0.012157004981919706
3.2515483964654357	0.0010397296976030824
3.267256359733385	0.0064281573344232
3.282964323001334	0.0011144965731105573
3.2986722862692828	0.011430918737736924
3.3143802495372316	0.004654882300614104
3.3300882128051805	0.001876197080126375
3.34579617607313	0.014130700634710069
3.3615041393410787	0.0012855283302530686
3.3772121026090276	0.01766904878024375
3.3929200658769765	0.001587753620340086
3.4086280291449254	0.002565604390463386
3.4243359924128747	0.0023713629219829628
3.4400439556808236	0.001116433603572256
3.4557519189487724	0.0009547766605056127
3.4714598822167213	0.020931774559055507
3.48716784548467	0.001129896341989936
3.5028758087526195	0.0016768946105123342
3.5185837720205684	0.0008004961200575695
3.5342917352885173	0.006774462083657992
3.549999698556466	0.001096778367266336
3.565707661824415	0.002982504133747412
3.5814156250923643	0.0006308131123864141
3.597123588360313	0.0003537055492617847
3.612831551628262	0.0006435939256011687
3.628539514896211	0.0007089717717238844
3.64424747816416	0.0007855033169314017
3.659955441432109	0.007845961798231002
3.675663404700058	0.0005389815516392815
3.691371367968007	0.0005899695910569596
3.707079331235956	0.00035755225862299815
3.7227872945039047	0.00031855050215434585
3.738495257771854	0.00034742357218455145
3.754203221039803	0.00028943126654011294
3.7699111843077517	0.004944079048483207
3.7856191475757006	0.0007923505715205096
3.8013271108436495	0.0006198575942543192
3.817035074111599	0.000569638658669268
3.8327430373795477	0.0002739667888308645
3.8484510006474966	0.0002585517658564021
3.8641589639154454	0.002973335454494756
3.8798669271833943	0.0006158802444137386
3.8955748904513436	0.00022327817749806262
3.9112828537192925	0.00021160988841247306
3.9269908169872414	0.00021215202451642075
3.9426987802551903	0.0004214184604944402
3.958406743523139	0.0002601052744703002
3.9741147067910885	0.00023876265162831996
3.9898226700590373	0.00019932843566230116
4.005530633326986	0.00018983495279671414
4.0212385965949355	0.0007935463583245646
4.036946559862884	0.0017709031310035174
4.052654523130833	0.00019809363208304553
4.068362486398782	0.00019933468465772064
4.084070449666731	0.0007784631878238954
4.09977841293468	0.0003974350604416651
4.115486376202629	0.00017858632278768195
4.131194339470578	0.00018521833654848303
4.146902302738527	0.0002167760174273387
4.162610266006476	0.00016345856441301603
4.178318229274425	0.0003377879144114669
4.194026192542374	0.00018318785035211933
4.209734155810323	0.00015250837791240898
4.225442119078272	0.00015351703874907406
4.241150082346221	0.00014311532339329898
4.25685804561417	0.00014062170467730575
4.2725660088821185	0.00013865710912572133
4.288273972150067	0.0001393011609608985
4.303981935418016	0.0001500764763137636
4.319689898685965	0.0001336545177873963
4.335397861953915	0.00019541775112748218
4.351105825221864	0.0003783024514872954
4.366813788489813	0.00012807289125856165
4.3825217517577615	0.00012495115845448078
4.39822971502571	0.00012367462572190102
4.413937678293659	0.00012261697611232742
4.429645641561608	0.00011970838817601764
4.445353604829557	0.00012671872183079094
4.461061568097506	0.00012003134535151066
4.476769531365456	0.00014554562920109703
4.4924774946334045	0.00011309437369905187
4.508185457901353	0.00011143223481158585
4.523893421169302	0.00011026320058480674
4.539601384437251	0.00012485818084666722
4.5553093477052	0.00010894729381596457
4.571017310973149	0.00010619785006745448
4.586725274241098	0.00010426197070698372
4.602433237509047	0.00010295808109479157
4.6181412007769955	0.00010374448269007087
4.633849164044944	0.00010813290790660405
4.649557127312894	9.918810264366535e-5
4.665265090580843	9.76951226814172e-5
4.680973053848792	9.796709343985322e-5
4.696681017116741	9.517352792206737e-5
4.71238898038469	9.397074390807216e-5
4.7280969436526386	9.28050593386478e-5
4.743804906920587	9.168141184994722e-5
4.759512870188536	9.067177633664037e-5
4.775220833456485	9.23626016238946e-5
4.790928796724435	8.847133595078341e-5
4.806636759992384	8.750926177006204e-5
4.822344723260333	8.624389748723616e-5
4.838052686528282	8.520899287150826e-5
4.8537606497962305	8.420721545187676e-5
4.869468613064179	8.343481810869197e-5
4.885176576332128	8.230153859006469e-5
4.900884539600077	8.127156229415589e-5
4.916592502868026	8.032344650055922e-5
4.932300466135975	7.940555582366821e-5
4.948008429403924	7.857128683563123e-5
4.9637163926718735	8.225258262618003e-5
4.979424355939822	7.690789773758559e-5
4.995132319207771	7.583936656526863e-5
5.01084028247572	7.496584972015844e-5
5.026548245743669	7.41176803513428e-5
5.042256209011618	7.328584767071736e-5
5.057964172279567	7.246821116021525e-5
5.073672135547516	7.16638947664524e-5
5.0893800988154645	7.087238932511804e-5
5.105088062083414	7.009332552222554e-5
5.120796025351363	6.93264011500296e-5
5.136503988619312	6.857135649238938e-5
5.152211951887261	6.782797267196413e-5
5.16791991515521	6.709609615707434e-5
5.183627878423159	6.637573995232295e-5
5.1993358416911075	6.566756094046737e-5
5.215043804959056	6.497672752365345e-5
5.230751768227005	6.451965444606235e-5
5.246459731494954	6.363811966787987e-5
5.262167694762903	6.293648376225303e-5
5.277875658030853	6.228288163506505e-5
5.293583621298802	6.451537517493542e-5
5.3092915845667505	6.099022624532915e-5
5.324999547834699	6.034989857459546e-5
5.340707511102648	5.972619642760289e-5
5.356415474370597	5.9112601183523156e-5
5.372123437638546	5.850812253786152e-5
5.387831400906495	5.7912384373099224e-5
5.403539364174444	5.732515060785936e-5
5.419247327442394	5.674623181291886e-5
5.4349552907103424	5.61754589101603e-5
5.450663253978291	5.561267388231509e-5
5.46637121724624	5.50577259122638e-5
5.482079180514189	5.451046956507169e-5
5.497787143782138	5.397076382894428e-5
5.513495107050087	5.3438471562877836e-5
5.529203070318036	5.29134591458161e-5
5.544911033585985	5.239559623532512e-5
5.5606189968539335	5.188475558865797e-5
5.576326960121882	5.138081292130825e-5
5.592034923389832	5.088364678933066e-5
5.607742886657781	5.039313848739366e-5
5.62345084992573	4.9909171957796465e-5
5.639158813193679	4.943163370744545e-5
5.654866776461628	4.896041273088669e-5
5.6705747397295765	4.849540043812654e-5
5.686282702997525	4.803649058637251e-5
5.701990666265474	4.7583579215065594e-5
5.717698629533423	4.713656458382856e-5
5.733406592801373	4.669534711291292e-5
5.749114556069322	4.625982932599336e-5
5.764822519337271	4.582991579502611e-5
5.7805304826052195	4.540551308708163e-5
5.796238445873168	4.4986529712981716e-5
5.811946409141117	4.4572876077660544e-5
5.827654372409066	4.416446443212223e-5
5.843362335677015	4.3761208826934264e-5
5.859070298944964	4.33630250672008e-5
5.874778262212913	4.296983066889943e-5
5.890486225480862	4.258154481657209e-5
5.906194188748811	4.219808832228119e-5
5.92190215201676	4.181938358580693e-5
5.937610115284709	4.14453545560119e-5
5.953318078552658	4.107592669333947e-5
5.969026041820607	4.071102693341491e-5
5.984734005088556	4.035058365169774e-5
6.000441968356505	3.999452662913165e-5
6.0161499316244536	3.9642787018802285e-5
6.031857894892402	3.9295297313518534e-5
6.047565858160352	3.895199131431594e-5
6.063273821428301	3.861280409984252e-5
6.07898178469625	3.8277671996594654e-5
6.094689747964199	3.7946532549978046e-5
6.110397711232148	3.7619324496162634e-5
6.126105674500097	3.729598773472263e-5
6.1418136377680455	3.697646330199644e-5
6.157521601035994	3.666069334519527e-5
6.173229564303943	3.634862109719835e-5
6.188937527571892	3.604019085201564e-5
6.204645490839841	3.5735347940934835e-5
6.220353454107791	3.543403870926043e-5
6.23606141737574	3.513621049371445e-5
6.2517693806436885	3.484181160039418e-5
6.267477343911637	3.455079128333448e-5
6.283185307179586	3.426309972361171e-5
6.298893270447535	3.397868800900578e-5
6.314601233715484	3.369750811417095e-5
6.330309196983433	3.3419512881336244e-5
6.346017160251382	3.314465600149296e-5
6.3617251235193315	3.2872891996049547e-5
6.37743308678728	3.260417619897714e-5
6.393141050055229	3.2338464739393596e-5
6.408849013323178	3.207571452458228e-5
6.424556976591127	3.181588322344602e-5
6.440264939859076	3.155892925037392e-5
6.455972903127025	3.130481174950575e-5
6.471680866394974	3.1053490579387554e-5
6.4873888296629225	3.080492629801091e-5
6.503096792930871	3.055908014821456e-5
6.51880475619882	3.0315914043444442e-5
6.53451271946677	3.0075390553863775e-5
6.550220682734719	2.9837472892804294e-5
6.565928646002668	2.9602124903534827e-5
6.581636609270617	2.9369311046356524e-5
6.5973445725385655	2.9138996386008326e-5
6.613052535806514	2.8911146579371106e-5
6.628760499074463	2.8685727863468933e-5
6.644468462342412	2.8462707043752355e-5
6.660176425610361	2.8242051482651484e-5
6.675884388878311	2.8023729088417924e-5
6.69159235214626	2.7807708304213807e-5
6.707300315414209	2.7593958097453833e-5
6.7230082786821574	2.7382447949410644e-5
6.738716241950106	2.7173147845050806e-5
6.754424205218055	2.6966028263100365e-5
6.770132168486004	2.6761060166361033e-5
6.785840131753953	2.6558214992223597e-5
6.801548095021902	2.6357464643408833e-5
6.817256058289851	2.615878147893691e-5
6.8329640215578	2.5962138305269445e-5
6.848671984825749	2.576750836767347e-5
6.864379948093698	2.557486534177842e-5
6.880087911361647	2.538418332531974e-5
6.895795874629596	2.5195436830064568e-5
6.911503837897545	2.500860077392658e-5
6.927211801165494	2.4823650473246592e-5
6.942919764433443	2.46405616352496e-5
6.9586277277013915	2.4459310350674587e-5
6.97433569096934	2.4279873086547865e-5
6.99004365423729	2.4102226679138297e-5
7.005751617505239	2.3926348327052082e-5
7.021459580773188	2.3752215584477437e-5
7.037167544041137	2.3579806354590913e-5
7.052875507309086	2.340909888308427e-5
7.0685834705770345	2.3240071751851806e-5
7.084291433844983	2.3072703872801284e-5
7.099999397112932	2.290697448180084e-5
7.115707360380881	2.2742863132759872e-5
7.13141532364883	2.258034969182577e-5
7.147123286916779	2.2419414331715716e-5
7.162831250184729	2.2260037526161036e-5
7.1785392134526775	2.210220004446889e-5
7.194247176720626	2.1945882946204205e-5
7.209955139988575	2.1791067575975552e-5
7.225663103256524	2.1637735558337404e-5
7.241371066524473	2.1485868792793988e-5
7.257079029792422	2.1335449448906384e-5
7.272786993060371	2.11864599615016e-5
7.28849495632832	2.1038883025990392e-5
7.304202919596269	2.089270159376092e-5
7.319910882864218	2.0747898867688323e-5
7.335618846132167	2.0604458297720806e-5
7.351326809400116	2.0462363576564412e-5
7.367034772668065	2.0321598635453228e-5
7.382742735936014	2.0182147640003495e-5
7.398450699203963	2.0043994986155077e-5
7.414158662471912	1.990712529618701e-5
7.4298666257398605	1.9771523414830444e-5
7.445574589007809	1.9637174405432982e-5
7.461282552275758	1.9504063546226984e-5
7.476990515543708	1.937217632665307e-5
7.492698478811657	1.924149844376724e-5
7.508406442079606	1.911201579870731e-5
7.524114405347555	1.898371449324985e-5
7.5398223686155035	1.885658082640999e-5
7.555530331883452	1.8730601291125887e-5
7.571238295151401	1.8605762571000875e-5
7.58694625841935	1.8482051537112384e-5
7.602654221687299	1.8359455244878292e-5
7.618362184955249	1.8237960930987957e-5
7.634070148223198	1.8117556010393193e-5
7.6497781114911465	1.7998228073350935e-5
7.665486074759095	1.7879964882533866e-5
7.681194038027044	1.7762754370187777e-5
7.696902001294993	1.7646584635341417e-5
7.712609964562942	1.7531443941079453e-5
7.728317927830891	1.741732071186062e-5
7.74402589109884	1.7304203530885233e-5
7.759733854366789	1.719208113751839e-5
7.7754418176347375	1.7080942424754273e-5
7.791149780902687	1.697077643673908e-5
7.806857744170636	1.686157236632714e-5
7.822565707438585	1.675331955269167e-5
7.838273670706534	1.6646007478979322e-5
7.853981633974483	1.6539625770006385e-5
7.869689597242432	1.643416418999556e-5
7.8853975605103805	1.6329612640361177e-5
7.901105523778329	1.6225961157529856e-5
7.916813487046278	1.61231999108013e-5
7.932521450314228	1.602131920025378e-5
7.948229413582177	1.5920309454680014e-5
7.963937376850126	1.5820161229567008e-5
7.979645340118075	1.5720865205112604e-5
7.995353303386024	1.562241218427112e-5
8.011061266653972	1.5524793090844333e-5
8.026769229921921	1.5427998967599603e-5
8.042477193189871	1.533202097442278e-5
8.058185156457819	1.5236850386511423e-5
8.073893119725769	1.5142478592587153e-5
8.089601082993717	1.504889709315574e-5
8.105309046261667	1.495609749878422e-5
8.121017009529615	1.4864071528416411e-5
8.136724972797564	1.47728110077192e-5
8.152432936065512	1.4682307867452063e-5
8.168140899333462	1.4592554141870211e-5
8.183848862601412	1.45035419671541e-5
8.19955682586936	1.441526357986941e-5
8.21526478913731	1.4327711315446886e-5
8.230972752405258	1.4240877606698409e-5
8.246680715673207	1.4154754982349843e-5
8.262388678941155	1.4069336065607555e-5
8.278096642209105	1.3984613572741513e-5
8.293804605477053	1.390058031170028e-5
8.309512568745003	1.3817229180746868e-5
8.325220532012953	1.3734553167115979e-5
8.3409284952809	1.3652545345697832e-5
8.35663645854885	1.3571198877743383e-5
8.372344421816798	1.3490507009593532e-5
8.388052385084748	1.3410463071420526e-5
8.403760348352696	1.3331060476006913e-5
8.419468311620646	1.3252292717532047e-5
8.435176274888594	1.317415337038412e-5
8.450884238156544	1.3096636087992404e-5
8.466592201424492	1.301973460167927e-5
8.482300164692441	1.2943442719527923e-5
8.498008127960391	1.2867754325274531e-5
8.51371609122834	1.2792663377216214e-5
8.529424054496289	1.2718163907137069e-5
8.545132017764237	1.2644250019251733e-5
8.560839981032187	1.2570915889168694e-5
8.576547944300135	1.2498155762867471e-5
8.592255907568084	1.2425963955695294e-5
8.607963870836032	1.235433485138056e-5
8.623671834103982	1.228326290106125e-5
8.63937979737193	1.2212742622328541e-5
8.65508776063988	1.2142768598288272e-5
8.67079572390783	1.2073335476635454e-5
8.686503687175778	1.2004437968746777e-5
8.702211650443727	1.1936070848784619e-5
8.717919613711675	1.1868228952818373e-5
8.733627576979625	1.1800907177958947e-5
8.749335540247573	1.1734100481505679e-5
8.765043503515523	1.1667803880109577e-5
8.780751466783471	1.1602012448948004e-5
8.79645943005142	1.1536721320915393e-5
8.81216739331937	1.1471925685823266e-5
8.827875356587318	1.1407620789615305e-5
8.843583319855268	1.1343801933594706e-5
8.859291283123216	1.1280464473664022e-5
8.874999246391166	1.1217603819574303e-5
8.890707209659114	1.1155215434193514e-5
8.906415172927064	1.1093294832775102e-5
8.922123136195012	1.103183758224825e-5
8.937831099462962	1.097083930051617e-5
8.953539062730911	1.0910295655762826e-5
8.96924702599886	1.0850202365771898e-5
8.984954989266809	1.0790555197260551e-5
9.000662952534757	1.0731349965215496e-5
9.016370915802707	1.06725825322472e-5
9.032078879070655	1.0614248807948577e-5
9.047786842338605	1.0556344748268629e-5
9.063494805606553	1.0498866354889447e-5
9.079202768874502	1.0441809674619654e-5
9.09491073214245	1.0385170798791959e-5
9.1106186954104	1.032894586267203e-5
9.12632665867835	1.0273131044877625e-5
9.142034621946298	1.0217722566804107e-5
9.157742585214248	1.0162716692059981e-5
9.173450548482196	1.0108109725912427e-5
9.189158511750145	1.0053898014738106e-5
9.204866475018093	1.0000077945484205e-5
9.220574438286043	9.946645945138115e-6
9.236282401553991	9.89359848020545e-6
9.25199036482194	9.840932056192207e-6
9.267698328089889	9.788643217099785e-6
9.283406291357839	9.736728544924592e-6
9.299114254625788	9.685184659165384e-6
9.314822217893736	9.6340082163395e-6
9.330530181161686	9.583195909503871e-6
9.346238144429634	9.532744467784914e-6
9.361946107697584	9.482650655915851e-6
9.377654070965532	9.432911273779677e-6
9.393362034233482	9.383523155958197e-6
9.40906999750143	9.334483171290064e-6
9.42477796076938	9.285788222433595e-6
9.44048592403733	9.237435245437234e-6
9.456193887305277	9.18942120931326e-6
9.471901850573227	9.141743115623082e-6
9.487609813841175	9.094397998063978e-6
9.503317777109125	9.047382922062634e-6
9.519025740377073	9.000694984377388e-6
9.534733703645022	8.954331312702417e-6
9.55044166691297	8.908289065281572e-6
9.56614963018092	8.862565430523577e-6
9.58185759344887	8.817157626626546e-6
9.597565556716818	8.772062901205595e-6
9.613273519984768	8.727278530926989e-6
9.628981483252716	8.682801821146091e-6
9.644689446520665	8.63863010555311e-6
9.660397409788613	8.59476074582115e-6
9.676105373056563	8.551191131261166e-6
9.691813336324511	8.507918678480765e-6
9.707521299592461	8.46494083104718e-6
9.723229262860409	8.422255059159196e-6
9.738937226128359	8.379858859316254e-6
9.754645189396308	8.337749754000947e-6
9.770353152664256	8.295925291357922e-6
9.786061115932206	8.254383044883624e-6
9.801769079200154	8.21312061311639e-6
9.817477042468104	8.172135619332874e-6
9.833185005736052	8.131425711247513e-6
9.848892969004002	8.09098856071837e-6
9.86460093227195	8.050821863452793e-6
9.8803088955399	8.010923338722946e-6
9.896016858807847	7.971290729080308e-6
9.911724822075797	7.931921800075508e-6
9.927432785343747	7.892814339985979e-6
9.943140748611695	7.853966159539882e-6
9.958848711879645	7.815375091650652e-6
9.974556675147593	7.777038991151166e-6
9.990264638415542	7.738955734533076e-6
10.00597260168349	7.701123219691308e-6
10.02168056495144	7.663539365666895e-6
10.037388528219388	7.6262021124001316e-6
10.053096491487338	7.589109420481341e-6
10.068804454755288	7.552259270908677e-6
10.084512418023236	7.515649664846795e-6
10.100220381291185	7.479278623391216e-6
10.115928344559133	7.443144187334343e-6
10.131636307827083	7.407244416933233e-6
10.147344271095031	7.371577391684328e-6
10.163052234362981	7.336141210097445e-6
10.178760197630929	7.300933989475905e-6
10.194468160898879	7.265953865696628e-6
10.210176124166829	7.231198992995263e-6
10.225884087434777	7.196667543753811e-6
10.241592050702726	7.1623577082901364e-6
10.257300013970674	7.128267694652036e-6
10.273007977238624	7.094395728411633e-6
10.288715940506572	7.060740052465254e-6
10.304423903774522	7.027298926833488e-6
10.32013186704247	6.994070628466457e-6
10.33583983031042	6.961053451047521e-6
10.351547793578368	6.92824570480444e-6
10.367255756846317	6.895645716320159e-6
10.382963720114267	6.863251828347471e-6
10.398671683382215	6.831062399623118e-6
10.414379646650165	6.799075804689034e-6
10.430087609918113	6.767290433711682e-6
10.445795573186063	6.7357046923069175e-6
10.46150353645401	6.704317001364709e-6
10.47721149972196	6.673125796877108e-6
10.492919462989908	6.642129529769467e-6
10.508627426257858	6.611326665731733e-6
10.524335389525806	6.580715685053119e-6
10.540043352793756	6.550295082459762e-6
10.555751316061706	6.520063366953792e-6
10.571459279329654	6.490019061651893e-6
10.587167242597603	6.460160703630883e-6
10.602875205865551	6.430486843770921e-6
10.618583169133501	6.400996046603679e-6
10.634291132401449	6.3716868901597335e-6
10.649999095669399	6.342557965821415e-6
10.665707058937347	6.313607878173889e-6
10.681415022205297	6.284835244859971e-6
10.697122985473246	6.2562386964371165e-6
10.712830948741194	6.22781687623514e-6
10.728538912009144	6.1995684402167945e-6
10.744246875277092	6.1714920568390735e-6
10.759954838545042	6.143586406916683e-6
10.77566280181299	6.11585018348802e-6
10.79137076508094	6.088282091681487e-6
10.807078728348888	6.0608808485837605e-6
10.822786691616837	6.03364518311036e-6
10.838494654884787	6.006573835879226e-6
10.854202618152735	5.97966555908098e-6
10.869910581420685	5.9529191163561025e-6
10.885618544688633	5.926333282671551e-6
10.901326507956583	5.899906844197741e-6
10.91703447122453	5.873638598189106e-6
10.93274243449248	5.847527352865177e-6
10.948450397760428	5.821571927292441e-6
10.964158361028378	5.795771151269288e-6
10.979866324296326	5.770123865210479e-6
10.995574287564276	5.74462892003608e-6
11.011282250832226	5.719285177055904e-6
11.026990214100174	5.694091507863892e-6
11.042698177368123	5.669046794224748e-6
11.058406140636071	5.644149927969224e-6
11.074114103904021	5.61939981088622e-6
11.08982206717197	5.5947953546183595e-6
11.105530030439919	5.570335480557858e-6
11.121237993707867	5.546019119744163e-6
11.136945956975817	5.521845212762191e-6
11.152653920243765	5.497812709642742e-6
11.168361883511714	5.473920569764022e-6
11.184069846779664	5.450167761752042e-6
11.199777810047612	5.426553263386998e-6
11.215485773315562	5.40307606150469e-6
11.23119373658351	5.379735151905085e-6
11.24690169985146	5.356529539258061e-6
11.262609663119408	5.333458237010981e-6
11.278317626387357	5.31052026729819e-6
11.294025589655305	5.287714660851702e-6
11.309733552923255	5.2650404569116054e-6
11.325441516191205	5.24249670313937e-6
11.341149479459153	5.22008245553056e-6
11.356857442727103	5.197796778328535e-6
11.37256540599505	5.1756387439415615e-6
11.388273369263	5.153607432858057e-6
11.403981332530948	5.131701933563778e-6
11.419689295798898	5.109921342460807e-6
11.435397259066846	5.088264763786839e-6
11.451105222334796	5.066731309534989e-6
11.466813185602746	5.045320099375315e-6
11.482521148870694	5.024030260576389e-6
11.498229112138644	5.0028609279294105e-6
11.513937075406592	4.981811243670683e-6
11.529645038674541	4.960880357407645e-6
11.54535300194249	4.94006742604458e-6
11.561060965210439	4.9193716137075056e-6
11.576768928478387	4.898792091673188e-6
11.592476891746337	4.878328038297122e-6
11.608184855014285	4.857978638941891e-6
11.623892818282235	4.837743085907506e-6
11.639600781550184	4.8176205783620525e-6
11.655308744818132	4.797610322273564e-6
11.671016708086082	4.777711530341197e-6
11.68672467135403	4.757923421929331e-6
11.70243263462198	4.738245223000608e-6
11.718140597889928	4.718676166051238e-6
11.733848561157878	4.699215490045424e-6
11.749556524425826	4.679862440352317e-6
11.765264487693775	4.660616268681959e-6
11.780972450961723	4.641476233023129e-6
11.796680414229673	4.6224415975818684e-6
11.812388377497623	4.6035116327194316e-6
11.82809634076557	4.58468561489355e-6
11.84380430403352	4.565962826595914e-6
11.859512267301469	4.5473425562963e-6
11.875220230569418	4.528824098382068e-6
11.890928193837366	4.510406753100992e-6
11.906636157105316	4.492089826503885e-6
11.922344120373264	4.473872630389246e-6
11.938052083641214	4.4557544822457095e-6
11.953760046909164	4.437734705198221e-6
11.969468010177112	4.419812627952928e-6
11.985175973445061	4.401987584743102e-6
12.00088393671301	4.384258915276042e-6
12.01659189998096	4.366625964680021e-6
12.032299863248907	4.349088083452231e-6
12.048007826516857	4.331644627406941e-6
12.063715789784805	4.314294957624914e-6
12.079423753052755	4.297038440402413e-6
12.095131716320704	4.279874447201236e-6
12.110839679588652	4.262802354600192e-6
12.126547642856602	4.245821544245111e-6
12.14225560612455	4.228931402800963e-6
12.1579635693925	4.212131321904369e-6
12.173671532660448	4.195420698116211e-6
12.189379495928398	4.178798932874528e-6
12.205087459196346	4.1622654324485665e-6
12.220795422464295	4.145819607893736e-6
12.236503385732243	4.129460875004395e-6
12.252211349000193	4.113188654271375e-6
12.267919312268143	4.097002370836411e-6
12.283627275536091	4.080901454448905e-6
12.29933523880404	4.064885339422095e-6
12.315043202071989	4.048953464590644e-6
12.330751165339938	4.033105273268145e-6
12.346459128607886	4.017340213205434e-6
12.362167091875836	4.001657736548592e-6
12.377875055143784	3.986057299798476e-6
12.393583018411734	3.970538363769648e-6
12.409290981679682	3.955100393550846e-6
12.424998944947632	3.939742858464307e-6
12.440706908215581	3.924465232027797e-6
12.45641487148353	3.9092669919142164e-6
12.47212283475148	3.894147619914426e-6
12.487830798019427	3.879106601898624e-6
12.503538761287377	3.864143427778691e-6
12.519246724555325	3.849257591470764e-6
12.534954687823275	3.834448590858969e-6
12.550662651091223	3.819715927758392e-6
12.566370614359172	3.8050591078792043e-6
