-12.566370614359172	-4.875708584897216e-6
-12.550662651091223	-4.894482695870592e-6
-12.534954687823275	-4.913353913722749e-6
-12.519246724555325	-4.932322871018691e-6
-12.503538761287377	-4.951390205305554e-6
-12.487830798019427	-4.9705565591584205e-6
-12.47212283475148	-4.98982258022752e-6
-12.45641487148353	-5.009188921285137e-6
-12.440706908215581	-5.0286562402729414e-6
-12.424998944947632	-5.0482252003503686e-6
-12.409290981679682	-5.067896469943348e-6
-12.393583018411734	-5.0876707227935825e-6
-12.377875055143784	-5.107548638007554e-6
-12.362167091875836	-5.127530900107188e-6
-12.346459128607886	-5.147618199081381e-6
-12.330751165339938	-5.167811230435865e-6
-12.315043202071989	-5.188110695246471e-6
-12.29933523880404	-5.208517300210196e-6
-12.283627275536091	-5.229031757699759e-6
-12.267919312268143	-5.249654785815587e-6
-12.252211349000193	-5.2703871084412735e-6
-12.236503385732243	-5.2912294552978634e-6
-12.220795422464295	-5.312182561998787e-6
-12.205087459196346	-5.333247170106519e-6
-12.189379495928398	-5.3544240271888e-6
-12.173671532660448	-5.375713886875742e-6
-12.1579635693925	-5.397117508917618e-6
-12.14225560612455	-5.418635659244132e-6
-12.126547642856602	-5.4402691100218155e-6
-12.110839679588652	-5.46201863971588e-6
-12.095131716320704	-5.483885033148753e-6
-12.079423753052755	-5.50586908156232e-6
-12.063715789784805	-5.5279715826790865e-6
-12.048007826516857	-5.550193340765342e-6
-12.032299863248907	-5.572535166692875e-6
-12.01659189998096	-5.594997878004518e-6
-12.00088393671301	-5.617582298977515e-6
-11.985175973445061	-5.640289260689372e-6
-11.969468010177112	-5.663119601083024e-6
-11.953760046909164	-5.686074165035195e-6
-11.938052083641214	-5.7091538044217615e-6
-11.922344120373264	-5.732359378187603e-6
-11.906636157105316	-5.755691752414679e-6
-11.890928193837366	-5.779151800392572e-6
-11.875220230569418	-5.802740402688825e-6
-11.859512267301469	-5.826458447219306e-6
-11.84380430403352	-5.8503068293218766e-6
-11.82809634076557	-5.87428645182835e-6
-11.812388377497623	-5.8983982251385695e-6
-11.796680414229673	-5.922643067295552e-6
-11.780972450961723	-5.947021904059848e-6
-11.765264487693775	-5.971535668987103e-6
-11.749556524425826	-5.9961853035044556e-6
-11.733848561157878	-6.020971756989168e-6
-11.718140597889928	-6.045895986846979e-6
-11.70243263462198	-6.070958958592919e-6
-11.68672467135403	-6.096161645931302e-6
-11.671016708086082	-6.121505030837642e-6
-11.655308744818132	-6.146990103642226e-6
-11.639600781550184	-6.172617863111937e-6
-11.623892818282235	-6.1983893165367745e-6
-11.608184855014285	-6.2243054798142095e-6
-11.592476891746337	-6.25036737753619e-6
-11.576768928478387	-6.276576043077018e-6
-11.561060965210439	-6.302932518681189e-6
-11.54535300194249	-6.329437855553306e-6
-11.529645038674541	-6.356093113949651e-6
-11.513937075406592	-6.38289936326834e-6
-11.498229112138644	-6.409857682143305e-6
-11.482521148870694	-6.436969158537582e-6
-11.466813185602746	-6.464234889838984e-6
-11.451105222334796	-6.491655982954995e-6
-11.435397259066846	-6.519233554411718e-6
-11.419689295798898	-6.546968730450117e-6
-11.403981332530948	-6.574862647127571e-6
-11.388273369263	-6.602916450417409e-6
-11.37256540599505	-6.63113129631129e-6
-11.356857442727103	-6.659508350922266e-6
-11.341149479459153	-6.688048790588254e-6
-11.325441516191205	-6.7167538019794846e-6
-11.309733552923255	-6.745624582203603e-6
-11.294025589655305	-6.774662338914239e-6
-11.278317626387357	-6.803868290421206e-6
-11.262609663119408	-6.833243665799693e-6
-11.24690169985146	-6.862789705004432e-6
-11.23119373658351	-6.892507658980435e-6
-11.215485773315562	-6.9223987897801035e-6
-11.199777810047612	-6.9524643706783735e-6
-11.184069846779664	-6.982705686289516e-6
-11.168361883511714	-7.01312403268776e-6
-11.152653920243765	-7.043720717526373e-6
-11.136945956975817	-7.074497060159356e-6
-11.121237993707867	-7.105454391766474e-6
-11.105530030439919	-7.136594055475606e-6
-11.08982206717197	-7.167917406491671e-6
-11.074114103904021	-7.199425812222183e-6
-11.058406140636071	-7.231120652408311e-6
-11.042698177368123	-7.263003319255365e-6
-11.026990214100174	-7.295075217565351e-6
-11.011282250832226	-7.327337764871083e-6
-10.995574287564276	-7.359792391573132e-6
-10.979866324296326	-7.39244054107582e-6
-10.964158361028378	-7.425283669927448e-6
-10.948450397760428	-7.458323247961731e-6
-10.93274243449248	-7.491560758439379e-6
-10.91703447122453	-7.524997698194411e-6
-10.901326507956583	-7.558635577777937e-6
-10.885618544688633	-7.592475921608613e-6
-10.869910581420685	-7.626520268121453e-6
-10.854202618152735	-7.660770169920575e-6
-10.838494654884787	-7.695227193931576e-6
-10.822786691616837	-7.729892921558713e-6
-10.807078728348888	-7.764768948841806e-6
-10.79137076508094	-7.799856886615569e-6
-10.77566280181299	-7.83515836067252e-6
-10.759954838545042	-7.870675011924458e-6
-10.744246875277092	-7.906408496571176e-6
-10.728538912009144	-7.942360486265419e-6
-10.712830948741194	-7.978532668284822e-6
-10.697122985473246	-8.014926745703273e-6
-10.681415022205297	-8.051544437565067e-6
-10.665707058937347	-8.088387479062177e-6
-10.649999095669399	-8.125457621712135e-6
-10.634291132401449	-8.162756633539811e-6
-10.618583169133501	-8.200286299260522e-6
-10.602875205865551	-8.23804842046612e-6
-10.587167242597603	-8.27604481581259e-6
-10.571459279329654	-8.314277321210894e-6
-10.555751316061706	-8.352747790020463e-6
-10.540043352793756	-8.391458093243807e-6
-10.524335389525806	-8.43041011972531e-6
-10.508627426257858	-8.46960577635145e-6
-10.492919462989908	-8.509046988254336e-6
-10.47721149972196	-8.548735699017442e-6
-10.46150353645401	-8.588673870883802e-6
-10.445795573186063	-8.628863484968152e-6
-10.430087609918113	-8.6693065414699e-6
-10.414379646650165	-8.710005059890896e-6
-10.398671683382215	-8.750961079254902e-6
-10.382963720114267	-8.792176658329429e-6
-10.367255756846317	-8.833653875852567e-6
-10.351547793578368	-8.875394830760558e-6
-10.33583983031042	-8.917401642419435e-6
-10.32013186704247	-8.959676450859637e-6
-10.304423903774522	-9.002221417013652e-6
-10.288715940506572	-9.045038722957645e-6
-10.273007977238624	-9.088130572154261e-6
-10.257300013970674	-9.131499189700868e-6
-10.241592050702726	-9.175146822579583e-6
-10.225884087434777	-9.219075739911809e-6
-10.210176124166829	-9.263288233215328e-6
-10.194468160898879	-9.307786616665157e-6
-10.178760197630929	-9.352573227357777e-6
-10.163052234362981	-9.397650425579326e-6
-10.147344271095031	-9.44302059507713e-6
-10.131636307827083	-9.48868614333472e-6
-10.115928344559133	-9.534649501850737e-6
-10.100220381291185	-9.580913126422382e-6
-10.084512418023236	-9.62747949743055e-6
-10.068804454755288	-9.674351120132173e-6
-10.053096491487338	-9.72153052495321e-6
-10.037388528219388	-9.76902026778763e-6
-10.02168056495144	-9.81682293030054e-6
-10.00597260168349	-9.864941120234338e-6
-9.990264638415542	-9.91337747171911e-6
-9.974556675147593	-9.962134645589939e-6
-9.958848711879645	-1.0011215329703678e-5
-9.943140748611695	-1.0060622239266176e-5
-9.927432785343747	-1.011035811715835e-5
-9.911724822075797	-1.0160425734269538e-5
-9.896016858807847	-1.0210827889836539e-5
-9.8803088955399	-1.0261567411785482e-5
-9.86460093227195	-1.0312647157078418e-5
-9.848892969004002	-1.0364070012066363e-5
-9.833185005736052	-1.0415838892845697e-5
-9.817477042468104	-1.0467956745620323e-5
-9.801769079200154	-1.0520426547069722e-5
-9.786061115932206	-1.0573251304719896e-5
-9.770353152664256	-1.0626434057321278e-5
-9.754645189396308	-1.0679977875232929e-5
-9.738937226128359	-1.0733885860809446e-5
-9.723229262860409	-1.0788161148796231e-5
-9.707521299592461	-1.0842806906727137e-5
-9.691813336324511	-1.0897826335331838e-5
-9.676105373056563	-1.0953222668945479e-5
-9.660397409788613	-1.1008999175925424e-5
-9.644689446520665	-1.1065159159075811e-5
-9.628981483252716	-1.1121705956074983e-5
-9.613273519984768	-1.1178642939911023e-5
-9.597565556716818	-1.1235973519323703e-5
-9.58185759344887	-1.1293701139251398e-5
-9.56614963018092	-1.135182928128629e-5
-9.55044166691297	-1.1410361464135602e-5
-9.534733703645022	-1.146930124408781e-5
-9.519025740377073	-1.152865221548884e-5
-9.503317777109125	-1.1588418011222543e-5
-9.487609813841175	-1.1648602303198983e-5
-9.471901850573227	-1.1709208802851207e-5
-9.456193887305277	-1.177024126163629e-5
-9.44048592403733	-1.1831703471548318e-5
-9.42477796076938	-1.1893599265633347e-5
-9.40906999750143	-1.1955932518518089e-5
-9.393362034233482	-1.2018707146939889e-5
-9.377654070965532	-1.2081927110291217e-5
-9.361946107697584	-1.2145596411166146e-5
-9.346238144429634	-1.2209719095920682e-5
-9.330530181161686	-1.2274299255236347e-5
-9.314822217893736	-1.2339341024695887e-5
-9.299114254625788	-1.2404848585365208e-5
-9.283406291357839	-1.2470826164386271e-5
-9.267698328089889	-1.2537278035577597e-5
-9.25199036482194	-1.2604208520042016e-5
-9.236282401553991	-1.2671621986789384e-5
-9.220574438286043	-1.2739522853361253e-5
-9.204866475018093	-1.2807915586470645e-5
-9.189158511750145	-1.2876804702649789e-5
-9.173450548482196	-1.294619476890759e-5
-9.157742585214248	-1.3016090403396182e-5
-9.142034621946298	-1.3086496276089564e-5
-9.12632665867835	-1.3157417109472536e-5
-9.1106186954104	-1.322885767923777e-5
-9.09491073214245	-1.3300822814997107e-5
-9.079202768874502	-1.3373317401001734e-5
-9.063494805606553	-1.3446346376872749e-5
-9.047786842338605	-1.3519914738346549e-5
-9.032078879070655	-1.3594027538027264e-5
-9.016370915802707	-1.3668689886154702e-5
-9.000662952534757	-1.3743906951382821e-5
-8.984954989266809	-1.3819683961568113e-5
-8.96924702599886	-1.3896026204577095e-5
-8.953539062730911	-1.3972939029097828e-5
-8.937831099462962	-1.4050427845469822e-5
-8.922123136195012	-1.4128498126527566e-5
-8.906415172927064	-1.4207155408451681e-5
-8.890707209659114	-1.42864052916416e-5
-8.874999246391166	-1.4366253441595963e-5
-8.859291283123216	-1.4446705589808271e-5
-8.843583319855268	-1.4527767534679839e-5
-8.827875356587318	-1.4609445142442979e-5
-8.81216739331937	-1.4691744348102888e-5
-8.79645943005142	-1.4774671156392035e-5
-8.780751466783471	-1.485823164274254e-5
-8.765043503515523	-1.4942431954270604e-5
-8.749335540247573	-1.5027278310778913e-5
-8.733627576979625	-1.511277700577767e-5
-8.717919613711675	-1.5198934407518285e-5
-8.702211650443727	-1.5285756960045345e-5
-8.686503687175778	-1.537325118426631e-5
-8.67079572390783	-1.5461423679040036e-5
-8.65508776063988	-1.5550281122278903e-5
-8.63937979737193	-1.5639830272072933e-5
-8.623671834103982	-1.5730077967832118e-5
-8.607963870836032	-1.582103113144536e-5
-8.592255907568084	-1.5912696768461493e-5
-8.576547944300135	-1.6005081969287715e-5
-8.560839981032187	-1.6098193910407948e-5
-8.545132017764237	-1.619203985562445e-5
-8.529424054496289	-1.628662715731649e-5
-8.51371609122834	-1.6381963257722045e-5
-8.498008127960391	-1.6478055690241573e-5
-8.482300164692441	-1.6574912080762022e-5
-8.466592201424492	-1.667254014900469e-5
-8.450884238156544	-1.677094770989454e-5
-8.435176274888594	-1.6870142674955322e-5
-8.419468311620646	-1.6970133053724558e-5
-8.403760348352696	-1.7070926955196917e-5
-8.388052385084748	-1.7172532589288414e-5
-8.372344421816798	-1.7274958268327927e-5
-8.35663645854885	-1.7378212408574723e-5
-8.3409284952809	-1.7482303531760923e-5
-8.325220532012953	-1.7587240266659964e-5
-8.309512568745003	-1.7693031350684427e-5
-8.293804605477053	-1.7799685631509555e-5
-8.278096642209105	-1.7907212068726183e-5
-8.262388678941155	-1.8015619735522604e-5
-8.246680715673207	-1.8124917820394286e-5
-8.230972752405258	-1.823511562888477e-5
-8.21526478913731	-1.834622258536002e-5
-8.19955682586936	-1.8458248234804587e-5
-8.183848862601412	-1.8571202244662646e-5
-8.168140899333462	-1.8685094406701357e-5
-8.152432936065512	-1.879993463891135e-5
-8.136724972797564	-1.8915732987441005e-5
-8.121017009529615	-1.903249962856431e-5
-8.105309046261667	-1.915024487068531e-5
-8.089601082993717	-1.9268979156375788e-5
-8.073893119725769	-1.938871306445335e-5
-8.058185156457819	-1.950945731209352e-5
-8.042477193189871	-1.9631222756982086e-5
-8.026769229921921	-1.975402039950539e-5
-8.011061266653972	-1.987786138498226e-5
-7.995353303386024	-2.0002757005931362e-5
-7.979645340118075	-2.012871870439076e-5
-7.963937376850126	-2.0255758074263382e-5
-7.948229413582177	-2.0383886863724007e-5
-7.932521450314228	-2.051311697765714e-5
-7.916813487046278	-2.0643460480144045e-5
-7.901105523778329	-2.077492959699674e-5
-7.8853975605103805	-2.0907536718341888e-5
-7.869689597242432	-2.1041294401243093e-5
-7.853981633974483	-2.1176215372383138e-5
-7.838273670706534	-2.1312312530789434e-5
-7.822565707438585	-2.144959895061349e-5
-7.806857744170636	-2.1588087883960733e-5
-7.791149780902687	-2.172779276377694e-5
-7.7754418176347375	-2.186872720678503e-5
-7.759733854366789	-2.2010905016478975e-5
-7.74402589109884	-2.2154340186181083e-5
-7.728317927830891	-2.2299046902143124e-5
-7.712609964562942	-2.244503954672327e-5
-7.696902001294993	-2.2592332701611158e-5
-7.681194038027044	-2.27409411511206e-5
-7.665486074759095	-2.289087988554989e-5
-7.6497781114911465	-2.304216410459513e-5
-7.634070148223198	-2.319480922084251e-5
-7.618362184955249	-2.3348830863319444e-5
-7.602654221687299	-2.350424488112206e-5
-7.58694625841935	-2.3661067347106857e-5
-7.571238295151401	-2.381931456165805e-5
-7.555530331883452	-2.3979003056531806e-5
-7.5398223686155035	-2.4140149598771636e-5
-7.524114405347555	-2.4302771194702752e-5
-7.508406442079606	-2.446688509400564e-5
-7.492698478811657	-2.4632508793874393e-5
-7.476990515543708	-2.4799660043250993e-5
-7.461282552275758	-2.4968356847148885e-5
-7.445574589007809	-2.5138617471065403e-5
-7.4298666257398605	-2.5310460445476655e-5
-7.414158662471912	-2.5483904570428737e-5
-7.398450699203963	-2.5658968920221854e-5
-7.382742735936014	-2.5835672848181985e-5
-7.367034772668065	-2.6014035991544e-5
-7.351326809400116	-2.61940782764183e-5
-7.335618846132167	-2.6375819922874242e-5
-7.319910882864218	-2.6559281450114958e-5
-7.304202919596269	-2.6744483681770675e-5
-7.28849495632832	-2.6931447751292298e-5
-7.272786993060371	-2.712019510746285e-5
-7.257079029792422	-2.7310747520021537e-5
-7.241371066524473	-2.7503127085403566e-5
-7.225663103256524	-2.7697356232604568e-5
-7.209955139988575	-2.789345772916596e-5
-7.194247176720626	-2.809145468728335e-5
-7.1785392134526775	-2.829137057005082e-5
-7.162831250184729	-2.849322919783174e-5
-7.147123286916779	-2.8697054754769956e-5
-7.13141532364883	-2.8902871795437268e-5
-7.115707360380881	-2.9110705251618722e-5
-7.099999397112932	-2.932058043925953e-5
-7.084291433844983	-2.9532523065542656e-5
-7.0685834705770345	-2.974655923612999e-5
-7.052875507309086	-2.9962715462560174e-5
-7.037167544041137	-3.018101866980776e-5
-7.021459580773188	-3.040149620400329e-5
-7.005751617505239	-3.062417584032637e-5
-6.99004365423729	-3.084908579107121e-5
-6.97433569096934	-3.107625471389446e-5
-6.9586277277013915	-3.1305711720235026e-5
-6.942919764433443	-3.1537486383935494e-5
-6.927211801165494	-3.177160875004021e-5
-6.911503837897545	-3.2008109343805524e-5
-6.895795874629596	-3.22470191799016e-5
-6.880087911361647	-3.248836977182464e-5
-6.864379948093698	-3.273219314152443e-5
-6.848671984825749	-3.297852182924594e-5
-6.8329640215578	-3.322738890359893e-5
-6.817256058289851	-3.347882797185644e-5
-6.801548095021902	-3.3732873190487366e-5
-6.785840131753953	-3.398955927593544e-5
-6.770132168486004	-3.424892151564106e-5
-6.754424205218055	-3.45109957793258e-5
-6.738716241950106	-3.477581853053572e-5
-6.7230082786821574	-3.504342683845454e-5
-6.707300315414209	-3.531385838998941e-5
-6.69159235214626	-3.558715150215007e-5
-6.675884388878311	-3.586334513471321e-5
-6.660176425610361	-3.614247890318879e-5
-6.644468462342412	-3.64245930920943e-5
-6.628760499074463	-3.6709728668546234e-5
-6.613052535806514	-3.699792729617916e-5
-6.5973445725385655	-3.728923134939377e-5
-6.581636609270617	-3.7583683927956995e-5
-6.565928646002668	-3.7881328871948316e-5
-6.550220682734719	-3.8182210777075015e-5
-6.53451271946677	-3.848637501035835e-5
-6.51880475619882	-3.879386772620546e-5
-6.503096792930871	-3.910473588287893e-5
-6.4873888296629225	-3.9419027259366534e-5
-6.471680866394974	-3.973679047267737e-5
-6.455972903127025	-4.0058074995563614e-5
-6.440264939859076	-4.038293117469299e-5
-6.424556976591127	-4.0711410249261364e-5
-6.408849013323178	-4.104356437009123e-5
-6.393141050055229	-4.1379446619208066e-5
-6.37743308678728	-4.17191110299091e-5
-6.3617251235193315	-4.206261260735504e-5
-6.346017160251382	-4.2410007349669696e-5
-6.330309196983433	-4.276135226961188e-5
-6.314601233715484	-4.31167054167838e-5
-6.298893270447535	-4.347612590041705e-5
-6.283185307179586	-4.3839673912765116e-5
-6.267477343911637	-4.420741075310292e-5
-6.2517693806436885	-4.457939885234861e-5
-6.23606141737574	-4.495570179834964e-5
-6.220353454107791	-4.533638436182479e-5
-6.204645490839841	-4.5721512523009484e-5
-6.188937527571892	-4.6111153499003363e-5
-6.173229564303943	-4.650537577186378e-5
-6.157521601035994	-4.690424911744513e-5
-6.1418136377680455	-4.7307844635033206e-5
-6.126105674500097	-4.7716234777771404e-5
-6.110397711232148	-4.812949338393061e-5
-6.094689747964199	-4.854769570904287e-5
-6.07898178469625	-4.8970918458901395e-5
-6.063273821428301	-4.939923982350312e-5
-6.047565858160352	-4.983273951191279e-5
-6.031857894892402	-5.0271498788125264e-5
-6.0161499316244536	-5.0715600507915134e-5
-6.000441968356505	-5.116512915675211e-5
-5.984734005088556	-5.162017088877155e-5
-5.969026041820607	-5.208081356687653e-5
-5.953318078552658	-5.254714680397305e-5
-5.937610115284709	-5.3019262005411766e-5
-5.92190215201676	-5.349725241264963e-5
-5.906194188748811	-5.398121314818851e-5
-5.890486225480862	-5.4471241261824443e-5
-5.874778262212913	-5.4967435778263644e-5
-5.859070298944964	-5.546989774614675e-5
-5.843362335677015	-5.5978730288536646e-5
-5.827654372409066	-5.64940386549028e-5
-5.811946409141117	-5.701593027468576e-5
-5.796238445873168	-5.754451481246465e-5
-5.7805304826052195	-5.807990422482699e-5
-5.764822519337271	-5.862221281894617e-5
-5.749114556069322	-5.917155731299069e-5
-5.733406592801373	-5.972805689837229e-5
-5.717698629533423	-6.029183330396882e-5
-5.701990666265474	-6.086301086231641e-5
-5.686282702997525	-6.14417165779146e-5
-5.6705747397295765	-6.202808019768796e-5
-5.654866776461628	-6.26222342836809e-5
-5.639158813193679	-6.322431428811228e-5
-5.62345084992573	-6.383445863081613e-5
-5.607742886657781	-6.44528087792356e-5
-5.592034923389832	-6.50795093310035e-5
-5.576326960121882	-6.571470809926502e-5
-5.5606189968539335	-6.635855620080559e-5
-5.544911033585985	-6.7011208147147e-5
-5.529203070318036	-6.76728219386863e-5
-5.513495107050087	-6.834355916203279e-5
-5.497787143782138	-6.902358509066844e-5
-5.482079180514189	-6.971306878906143e-5
-5.46637121724624	-7.041218322040519e-5
-5.450663253978291	-7.112110535811135e-5
-5.4349552907103424	-7.1840016301227e-5
-5.419247327442394	-7.256910139398231e-5
-5.403539364174444	-7.330855034960178e-5
-5.387831400906495	-7.405855737862191e-5
-5.372123437638546	-7.481932132188613e-5
-5.356415474370597	-7.559104578847776e-5
-5.340707511102648	-7.637393929880276e-5
-5.324999547834699	-7.716821543307304e-5
-5.3092915845667505	-7.797409298550231e-5
-5.293583621298802	-7.87917961244559e-5
-5.277875658030853	-7.962155455892614e-5
-5.262167694762903	-8.046360371165305e-5
-5.246459731494954	-8.131818489927526e-5
-5.230751768227005	-8.218554551992796e-5
-5.215043804959056	-8.306593924876788e-5
-5.1993358416911075	-8.395962624191827e-5
-5.183627878423159	-8.48668733494163e-5
-5.16791991515521	-8.578795433783612e-5
-5.152211951887261	-8.672315012330798e-5
-5.136503988619312	-8.76727490158113e-5
-5.120796025351363	-8.863704697574888e-5
-5.105088062083414	-8.96163478840049e-5
-5.0893800988154645	-9.061096382689639e-5
-5.073672135547516	-9.16212153977772e-5
-5.057964172279567	-9.264743201744197e-5
-5.042256209011618	-9.368995227600885e-5
-5.026548245743669	-9.47491242997456e-5
-5.01084028247572	-9.582530614726337e-5
-4.995132319207771	-9.69188662409596e-5
-4.979424355939822	-9.803018384159202e-5
-4.9637163926718735	-9.915964957672736e-5
-4.948008429403924	-0.0001003076660380868
-4.932300466135975	-0.00010147464846901793
-4.916592502868026	-0.00010266102557295619
-4.900884539600077	-0.00010386724048845433
-4.885176576332128	-0.00010509375199987125
-4.869468613064179	-0.00010634103609094003
-4.8537606497962305	-0.00010760958801209773
-4.838052686528282	-0.00010889992514240084
-4.822344723260333	-0.00011021259112263144
-4.806636759992384	-0.00011154816209994875
-4.790928796724435	-0.00011290725663059952
-4.775220833456485	-0.00011429055223266246
-4.759512870188536	-0.00011569881472979619
-4.743804906920587	-0.00011713295391604739
-4.7280969436526386	-0.00011859413806491394
-4.71238898038469	-0.00012008405452982625
-4.696681017116741	-0.00012160558652044088
-4.680973053848792	-0.0001231649233320483
-4.665265090580843	-0.00012478022468107543
-4.649557127312894	-0.00012653909778440135
-4.633849164044944	-0.00012991989791120905
-4.6181412007769955	-0.00013215579363819936
-4.602433237509047	-0.00013178274400791403
-4.586725274241098	-0.00013462965517822996
-4.571017310973149	-0.00015056573685441707
-4.5553093477052	-0.00013712043570216173
-4.539601384437251	-0.00013850713666323388
-4.523893421169302	-0.00014026529967172907
-4.508185457901353	-0.00014213042741397538
-4.4924774946334045	-0.00014407401224482706
-4.476769531365456	-0.0001461481949942204
-4.461061568097506	-0.00014923505679632107
-4.445353604829557	-0.0001534707998647515
-4.429645641561608	-0.00015236633602390512
-4.413937678293659	-0.00015433333009761874
-4.39822971502571	-0.00015648704262351268
-4.3825217517577615	-0.00015874395259759418
-4.366813788489813	-0.00016126228081671855
-4.351105825221864	-0.00016669573100959968
-4.335397861953915	-0.00016612605205147517
-4.319689898685965	-0.00017060296376322797
-4.303981935418016	-0.00017748751968913086
-4.288273972150067	-0.00017428463312456577
-4.2725660088821185	-0.00018413712277838394
-4.25685804561417	-0.00018262005423979601
-4.241150082346221	-0.00018236612061691164
-4.225442119078272	-0.00018434312125309028
-4.209734155810323	-0.00018743851732731708
-4.194026192542374	-0.00019340821089209524
-4.178318229274425	-0.0002156262835485152
-4.162610266006476	-0.00019823234682371087
-4.146902302738527	-0.00027190185733471343
-4.131194339470578	-0.00022667440261674515
-4.115486376202629	-0.00040423714016791536
-4.09977841293468	-0.0002469183649994809
-4.084070449666731	-0.00021685928372157167
-4.068362486398782	-0.00021782106339954718
-4.052654523130833	-0.00023607892971172075
-4.036946559862884	-0.00022564303470168037
-4.0212385965949355	-0.00022971397427001198
-4.005530633326986	-0.0006100306750695789
-3.9898226700590373	-0.0002526195680332273
-3.9741147067910885	-0.00024023762360752895
-3.958406743523139	-0.0002443219243806519
-3.9426987802551903	-0.00025247839258654063
-3.9269908169872414	-0.0002540615473186539
-3.9112828537192925	-0.0002597926637052428
-3.8955748904513436	-0.00026914910492441415
-3.8798669271833943	-0.00045777502880297287
-3.8641589639154454	-0.00036778446132542845
-3.8484510006474966	-0.00029128527244778294
-3.8327430373795477	-0.000701550871214775
-3.817035074111599	-0.0003078575121453839
-3.8013271108436495	-0.0003208272526742955
-3.7856191475757006	-0.0003731262728385963
-3.7699111843077517	-0.003882715375271208
-3.754203221039803	-0.00048146763659083415
-3.738495257771854	-0.0009603507258826775
-3.7227872945039047	-0.002230572781833902
-3.707079331235956	-0.0005667186117680708
-3.691371367968007	-0.0010999336225948984
-3.675663404700058	-0.0008664794021103475
-3.659955441432109	-0.07197704304637476
-3.64424747816416	-0.0009083613983034457
-3.628539514896211	-0.0005507417410527778
-3.612831551628262	-0.00046324576377398355
-3.597123588360313	-0.004058703086633154
-3.5814156250923643	-0.0005434860883571829
-3.565707661824415	-0.027231742058715043
-3.549999698556466	-0.0006567480821855453
-3.5342917352885173	-0.0005045792822540241
-3.5185837720205684	-0.0004697255337982388
-3.5028758087526195	-0.00049289734261354
-3.48716784548467	-0.0006708724046325719
-3.4714598822167213	-0.0010853878931044864
-3.4557519189487724	-0.0015823063625667881
-3.4400439556808236	-0.0006088785470070094
-3.4243359924128747	-0.0007912347227726056
-3.4086280291449254	-0.00118789172013538
-3.3929200658769765	-0.0006960164884518615
-3.3772121026090276	-0.0007499324154280827
-3.3615041393410787	-0.0009595879805169109
-3.34579617607313	-0.0018324459835168479
-3.3300882128051805	-0.02442689030431972
-3.3143802495372316	-0.00499522405321992
-3.2986722862692828	-0.003321097573325006
-3.282964323001334	-0.0010055076019927038
-3.267256359733385	-0.0009374228084833184
-3.2515483964654357	-0.0011503115671406563
-3.235840433197487	-0.003245301176318074
-3.220132469929538	-0.004217063722401109
-3.204424506661589	-0.00229227510239504
-3.18871654339364	-0.0013955724718345418
-3.173008580125691	-0.0022557307016079805
-3.157300616857742	-0.006689230512016056
-3.141592653589793	-0.0020605323410078694
-3.1258846903218442	-0.002700672332520299
-3.1101767270538954	-0.15480760699457302
-3.094468763785946	-0.007150387403445189
-3.078760800517997	-0.005535044596014015
-3.0630528372500483	-0.03972850003164261
-3.0473448739820994	-0.011235222895746662
-3.0316369107141505	-0.005500287193779278
-3.015928947446201	-0.0022383312865978558
-3.0002209841782523	-0.0026006236369770785
-2.9845130209103035	-0.05014265590852369
-2.9688050576423546	-0.002416770618631129
-2.9530970943744057	-0.0028297753087441428
-2.9373891311064564	-0.0029254864356130714
-2.9216811678385075	-0.011412000377649185
-2.9059732045705586	-0.006748484809370631
-2.8902652413026098	-0.03440176871663736
-2.874557278034661	-0.0036691379216223716
-2.8588493147667116	-0.003105312870324102
-2.8431413514987627	-0.00842289369229302
-2.827433388230814	-0.005466426915505245
-2.811725424962865	-0.004990634907378995
-2.796017461694916	-0.009328631876948719
-2.7803094984269667	-0.06630036322889266
-2.764601535159018	-0.04345485485384208
-2.748893571891069	-0.009042153962481682
-2.73318560862312	-0.010401130865751512
-2.7174776453551712	-0.016170265430194525
-2.701769682087222	-0.04120396534732652
-2.686061718819273	-0.1761863884783407
-2.670353755551324	-0.4121761911174436
-2.6546457922833753	-0.39678584294055813
-2.6389378290154264	-0.060855923228985455
-2.623229865747477	-0.04363031713287013
-2.607521902479528	-0.06391360238939392
-2.5918139392115793	-0.201728835591848
-2.5761059759436304	-19.39450177357853
-2.5603980126756816	-0.30197033460792716
-2.5446900494077322	-0.12338638485083497
-2.5289820861397834	-0.09955750880333815
-2.5132741228718345	-0.8115528822647526
-2.4975661596038856	-0.038160610027433296
-2.4818581963359367	-0.023395793282979173
-2.4661502330679874	-0.01940973062085335
-2.4504422698000385	-0.07394441176990857
-2.4347343065320897	-0.07405975825575531
-2.419026343264141	-0.05000760282451032
-2.403318379996192	-0.2660399997116707
-2.3876104167282426	-0.41916525831533674
-2.3719024534602937	-0.10038515513238487
-2.356194490192345	-0.1276010445820033
-2.340486526924396	-0.03640910703844396
-2.324778563656447	-0.006909931586287197
-2.3090706003884978	-0.006922918044246886
-2.293362637120549	-0.013326038463687994
-2.2776546738526	-0.006931896693341222
-2.261946710584651	-0.00992817164382688
-2.2462387473167023	-0.018959666997402473
-2.230530784048753	-0.006768500751765296
-2.214822820780804	-0.005850065828232852
-2.199114857512855	-0.006486281959674704
-2.1834068942449063	-0.01030838907562563
-2.1676989309769574	-0.007505710486535664
-2.151990967709008	-0.0142238763611359
-2.1362830044410592	-0.1818595818129617
-2.1205750411731104	-0.08207569956208095
-2.1048670779051615	-0.02478295887952872
-2.0891591146372126	-0.09823907918612557
-2.0734511513692633	-0.20536559274125618
-2.0577431881013144	-0.02145262533964903
-2.0420352248333655	-0.019941385390033258
-2.0263272615654166	-0.024214130230910427
-2.0106192982974678	-0.029518557438350853
-1.9949113350295187	-0.037362253977620705
-1.9792033717615696	-0.13033577634805135
-1.9634954084936207	-0.10626566645462257
-1.9477874452256718	-0.49628126453161653
-1.9320794819577227	-0.2688425017616508
-1.9163715186897738	-0.3712269871909579
-1.9006635554218247	-0.6086859555472233
-1.8849555921538759	-7.329044236434915
-1.869247628885927	-3.534315328834278
-1.853539665617978	-0.5049646347949058
-1.837831702350029	-0.5449892360915324
-1.82212373908208	-2.9459766356262174
-1.806415775814131	-7.439610555492266
-1.7907078125461822	-0.6512610614438473
-1.774999849278233	-1.36095894423431
-1.7592918860102842	-6.533799323523244
-1.743583922742335	-0.29606378391618554
-1.7278759594743862	-0.1379714201086308
-1.7121679962064373	-0.9413213349238848
-1.6964600329384882	-0.952533651948787
-1.6807520696705394	-0.10097201982679357
-1.6650441064025903	-0.059593276653635424
-1.6493361431346414	-0.08192666391714244
-1.6336281798666925	-0.04780886683933165
-1.6179202165987434	-0.03284080180951035
-1.6022122533307945	-0.025534687363267843
-1.5865042900628454	-0.023214555806205676
-1.5707963267948966	-0.026059360794481085
-1.5550883635269477	-0.1392512253561126
-1.5393804002589986	-0.028413690818228775
-1.5236724369910497	-0.03257330324412888
-1.5079644737231006	-0.03911407396610836
-1.4922565104551517	-0.049822243564778775
-1.4765485471872029	-0.07335331586563677
-1.4608405839192538	-0.7807436581651508
-1.4451326206513049	-0.21322981428034324
-1.4294246573833558	-0.5464648022458706
-1.413716694115407	-2.6088754115590476
-1.398008730847458	-11.692307761466912
-1.382300767579509	-5.400981976236149
-1.36659280431156	-0.29085597439538546
-1.350884841043611	-0.2286059168188403
-1.335176877775662	-0.36948725698802876
-1.3194689145077132	-0.09818172890630816
-1.303760951239764	-0.28041959646867987
-1.2880529879718152	-1.0516215750997182
-1.2723450247038661	-0.3237359355404092
-1.2566370614359172	-0.101768698737657
-1.2409290981679684	-0.1073429619910073
-1.2252211349000193	-0.4768082699455121
-1.2095131716320704	-0.5698576597164764
-1.1938052083641213	-0.12550193686872363
-1.1780972450961724	-1.0340604918153762
-1.1623892818282235	-0.5854652112358738
-1.1466813185602744	-1.886604767865088
-1.1309733552923256	-0.25023732855528713
-1.1152653920243765	-0.3354750662205201
-1.0995574287564276	-1.163016550433537
-1.0838494654884787	-42.47049141980298
-1.0681415022205296	-0.9734434602764187
-1.0524335389525807	-3.750121991509541
-1.0367255756846316	-0.28038306131975294
-1.0210176124166828	-0.981460319288845
-1.0053096491487339	-0.31392598766365004
-0.9896016858807848	-0.08631867238792529
-0.9738937226128359	-0.7692655401450378
-0.9581857593448869	-0.039836301633651004
-0.9424777960769379	-0.027786373669420186
-0.926769832808989	-0.024341752691996017
-0.91106186954104	-0.13160403177232394
-0.8953539062730911	-0.024669695234311347
-0.8796459430051421	-0.026283538403933583
-0.8639379797371931	-0.017709401404597473
-0.8482300164692441	-0.01757922468718345
-0.8325220532012951	-0.022492579197678067
-0.8168140899333463	-0.0360219561052606
-0.8011061266653973	-1.2128130809071307
-0.7853981633974483	-0.16605090853394383
-0.7696902001294993	-0.3807521856963198
-0.7539822368615503	-0.03476523636297668
-0.7382742735936014	-0.13004150790950403
-0.7225663103256524	-0.27875966547761594
-0.7068583470577035	-0.08610075449719574
-0.6911503837897545	-0.12879503679956486
-0.6754424205218055	-0.208959267472279
-0.6597344572538566	-2.412394278050693
-0.6440264939859076	-3.161736320812421
-0.6283185307179586	-6.4370840569494865
-0.6126105674500096	-0.5562954642181014
-0.5969026041820606	-0.21293139718688894
-0.5811946409141118	-0.25287233445413215
-0.5654866776461628	-0.18333875436547226
-0.5497787143782138	-3.394599733803394
-0.5340707511102648	-0.3244472623230015
-0.5183627878423158	-0.32962486188581946
-0.5026548245743669	-0.07204487148707718
-0.48694686130641796	-0.07544359967877555
-0.47123889803846897	-0.1109896231352072
-0.45553093477052	-0.2875640853434328
-0.43982297150257105	-1.3077468849718057
-0.42411500823462206	-7.542034616830482
-0.4084070449666731	-0.4175704594274432
-0.39269908169872414	-0.13334955411694582
-0.37699111843077515	-0.06821440878806675
-0.3612831551628262	-0.04753374094968547
-0.34557519189487723	-0.028725206123118914
-0.3298672286269283	-0.021148029092207067
-0.3141592653589793	-0.01682810125306286
-0.2984513020910303	-0.01319205403344983
-0.2827433388230814	-0.01105976503426031
-0.2670353755551324	-0.010058558791768183
-0.25132741228718347	-0.01665680771832082
-0.23561944901923448	-0.0101050304707921
-0.21991148575128552	-0.02173611266855555
-0.20420352248333656	-0.8103126858397199
-0.18849555921538758	-0.015701441390165837
-0.17278759594743862	-0.006535825045699048
-0.15707963267948966	-0.00742917576079637
-0.1413716694115407	-0.0035868598451288735
-0.12566370614359174	-0.0032986705399927884
-0.10995574287564276	-0.003696381976541039
-0.09424777960769379	-0.025112351028922716
-0.07853981633974483	-0.0021374293998640066
-0.06283185307179587	-0.0015673197471130387
-0.047123889803846894	-0.0010213942959645258
-0.031415926535897934	-0.0005888398205091406
-0.015707963267948967	-0.00028818481836844753
0.0	-6.404081741614497e-18
0.015707963267948967	0.0002881848183684494
0.031415926535897934	0.0005888398205091368
0.047123889803846894	0.0010213942959645312
0.06283185307179587	0.0015673197471130504
0.07853981633974483	0.002137429399864004
0.09424777960769379	0.025112351028922557
0.10995574287564276	0.003696381976541028
0.12566370614359174	0.003298670539992772
0.1413716694115407	0.003586859845128865
0.15707963267948966	0.00742917576079638
0.17278759594743862	0.006535825045699062
0.18849555921538758	0.015701441390165907
0.20420352248333656	0.8103126858396829
0.21991148575128552	0.021736112668555532
0.23561944901923448	0.01010503047079225
0.25132741228718347	0.01665680771832032
0.2670353755551324	0.01005855879176807
0.2827433388230814	0.011059765034260257
0.2984513020910303	0.013192054033449821
0.3141592653589793	0.016828101253062874
0.3298672286269283	0.02114802909220701
0.34557519189487723	0.028725206123118928
0.3612831551628262	0.047533740949685224
0.37699111843077515	0.06821440878806692
0.39269908169872414	0.13334955411694602
0.4084070449666731	0.41757045942744137
0.42411500823462206	7.54203461683048
0.43982297150257105	1.3077468849718115
0.45553093477052	0.28756408534343086
0.47123889803846897	0.11098962313520673
0.48694686130641796	0.07544359967877558
0.5026548245743669	0.07204487148707717
0.5183627878423158	0.3296248618858196
0.5340707511102648	0.3244472623230014
0.5497787143782138	3.394599733803389
0.5654866776461628	0.18333875436547203
0.5811946409141118	0.2528723344541316
0.5969026041820606	0.21293139718688778
0.6126105674500096	0.5562954642181009
0.6283185307179586	6.437084056949483
0.6440264939859076	3.1617363208124196
0.6597344572538566	2.4123942780506944
0.6754424205218055	0.20895926747227914
0.6911503837897545	0.12879503679956303
0.7068583470577035	0.08610075449719447
0.7225663103256524	0.27875966547759
0.7382742735936014	0.13004150790950414
0.7539822368615503	0.03476523636297673
0.7696902001294993	0.38075218569628205
0.7853981633974483	0.16605090853394408
0.8011061266653973	1.2128130809070066
0.8168140899333463	0.0360219561052605
0.8325220532012951	0.022492579197678178
0.8482300164692441	0.017579224687183388
0.8639379797371931	0.017709401404597484
0.8796459430051421	0.026283538403933177
0.8953539062730911	0.024669695234311482
0.91106186954104	0.13160403177232372
0.926769832808989	0.02434175269199614
0.9424777960769379	0.027786373669420272
0.9581857593448869	0.03983630163365097
0.9738937226128359	0.7692655401450366
0.9896016858807848	0.08631867238792591
1.0053096491487339	0.3139259876636516
1.0210176124166828	0.9814603192888495
1.0367255756846316	0.2803830613197537
1.0524335389525807	3.750121991509557
1.0681415022205296	0.9734434602764197
1.0838494654884787	42.47049141980337
1.0995574287564276	1.163016550433538
1.1152653920243765	0.33547506622052436
1.1309733552923256	0.25023732855528785
1.1466813185602744	1.8866047678650935
1.1623892818282235	0.5854652112358742
1.1780972450961724	1.0340604918153846
1.1938052083641213	0.12550193686872368
1.2095131716320704	0.5698576597164773
1.2252211349000193	0.47680826994551256
1.2409290981679684	0.10734296199100689
1.2566370614359172	0.10176869873765702
1.2723450247038661	0.32373593554041047
1.2880529879718152	1.0516215750997118
1.303760951239764	0.2804195964686814
1.3194689145077132	0.09818172890630844
1.335176877775662	0.3694872569880286
1.350884841043611	0.22860591681884126
1.36659280431156	0.29085597439538524
1.382300767579509	5.400981976236311
1.398008730847458	11.692307761467006
1.413716694115407	2.6088754115590502
1.4294246573833558	0.5464648022458706
1.4451326206513049	0.21322981428034135
1.4608405839192538	0.78074365816517
1.4765485471872029	0.07335331586563644
1.4922565104551517	0.049822243564778476
1.5079644737231006	0.03911407396610838
1.5236724369910497	0.03257330324412878
1.5393804002589986	0.028413690818229097
1.5550883635269477	0.13925122535611442
1.5707963267948966	0.026059360794481057
1.5865042900628454	0.02321455580620546
1.6022122533307945	0.025534687363267923
1.6179202165987434	0.03284080180950992
1.6336281798666925	0.04780886683933214
1.6493361431346414	0.08192666391714738
1.6650441064025903	0.05959327665363636
1.6807520696705394	0.10097201982679443
1.6964600329384882	0.9525336519487664
1.7121679962064373	0.9413213349238954
1.7278759594743862	0.13797142010863134
1.743583922742335	0.2960637839161891
1.7592918860102842	6.5337993235234775
1.774999849278233	1.3609589442342453
1.7907078125461822	0.6512610614438524
1.806415775814131	7.4396105554924015
1.82212373908208	2.9459766356262542
1.837831702350029	0.5449892360915344
1.853539665617978	0.5049646347949083
1.869247628885927	3.534315328834363
1.8849555921538759	7.3290442364351005
1.9006635554218247	0.6086859555472269
1.9163715186897738	0.3712269871909523
1.9320794819577227	0.26884250176165164
1.9477874452256718	0.496281264531619
1.9634954084936207	0.10626566645462399
1.9792033717615696	0.130335776348054
1.9949113350295187	0.03736225397762075
2.0106192982974678	0.02951855743835102
2.0263272615654166	0.024214130230911228
2.0420352248333655	0.019941385390033286
2.0577431881013144	0.02145262533964966
2.0734511513692633	0.20536559274126134
2.0891591146372126	0.09823907918613144
2.1048670779051615	0.024782958879529336
2.1205750411731104	0.08207569956208881
2.1362830044410592	0.18185958181297143
2.151990967709008	0.014223876361135939
2.1676989309769574	0.007505710486535731
2.1834068942449063	0.010308389075626262
2.199114857512855	0.006486281959674811
2.214822820780804	0.005850065828232882
2.230530784048753	0.006768500751765331
2.2462387473167023	0.01895966699740262
2.261946710584651	0.009928171643826946
2.2776546738526	0.00693189669334133
2.293362637120549	0.013326038463688477
2.3090706003884978	0.006922918044246872
2.324778563656447	0.006909931586287273
2.340486526924396	0.036409107038445396
2.356194490192345	0.1276010445820089
2.3719024534602937	0.1003851551323882
2.3876104167282426	0.41916525831535584
2.403318379996192	0.26603999971167924
2.419026343264141	0.05000760282451406
2.4347343065320897	0.07405975825575943
2.4504422698000385	0.07394441176991248
2.4661502330679874	0.01940973062085365
2.4818581963359367	0.023395793282980484
2.4975661596038856	0.03816061002743446
2.5132741228718345	0.8115528822648164
2.5289820861397834	0.09955750880334399
2.5446900494077322	0.12338638485083951
2.5603980126756816	0.3019703346079365
2.5761059759436304	19.394501773579734
2.5918139392115793	0.20172883559185956
2.607521902479528	0.0639136023893963
2.623229865747477	0.04363031713287218
2.6389378290154264	0.060855923228987946
2.6546457922833753	0.3967858429405799
2.670353755551324	0.4121761911174679
2.686061718819273	0.17618638847835458
2.701769682087222	0.04120396534733031
2.7174776453551712	0.01617026543019509
2.73318560862312	0.010401130865752098
2.748893571891069	0.00904215396248183
2.764601535159018	0.04345485485384695
2.7803094984269667	0.06630036322889785
2.796017461694916	0.009328631876948996
2.811725424962865	0.004990634907379126
2.827433388230814	0.005466426915505594
2.8431413514987627	0.00842289369229335
2.8588493147667116	0.003105312870324174
2.874557278034661	0.003669137921622504
2.8902652413026098	0.03440176871663946
2.9059732045705586	0.006748484809370833
2.9216811678385075	0.011412000377649828
2.9373891311064564	0.002925486435613188
2.9530970943744057	0.0028297753087442854
2.9688050576423546	0.002416770618631152
2.9845130209103035	0.05014265590852895
3.0002209841782523	0.0026006236369772195
3.015928947446201	0.0022383312865978697
3.0316369107141505	0.005500287193779612
3.0473448739820994	0.01123522289574738
3.0630528372500483	0.03972850003164445
3.078760800517997	0.0055350445960145375
3.094468763785946	0.0071503874034457545
3.1101767270538954	0.15480760699458196
3.1258846903218442	0.0027006723325204477
3.141592653589793	0.0020605323410079505
3.157300616857742	0.0066892305120166045
3.173008580125691	0.002255730701608101
3.18871654339364	0.0013955724718346314
3.204424506661589	0.002292275102395078
3.220132469929538	0.004217063722401325
3.235840433197487	0.0032453011763182607
3.2515483964654357	0.0011503115671406704
3.267256359733385	0.0009374228084833447
3.282964323001334	0.0010055076019927249
3.2986722862692828	0.0033210975733251862
3.3143802495372316	0.004995224053220101
3.3300882128051805	0.024426890304321665
3.34579617607313	0.0018324459835169318
3.3615041393410787	0.0009595879805169505
3.3772121026090276	0.0007499324154281099
3.3929200658769765	0.0006960164884519033
3.4086280291449254	0.0011878917201354087
3.4243359924128747	0.0007912347227726383
3.4400439556808236	0.0006088785470070069
3.4557519189487724	0.0015823063625668783
3.4714598822167213	0.001085387893104528
3.48716784548467	0.0006708724046326087
3.5028758087526195	0.0004928973426135394
3.5185837720205684	0.00046972553379824025
3.5342917352885173	0.0005045792822540346
3.549999698556466	0.0006567480821855386
3.565707661824415	0.027231742058717652
3.5814156250923643	0.0005434860883571912
3.597123588360313	0.004058703086632932
3.612831551628262	0.00046324576377398496
3.628539514896211	0.0005507417410527849
3.64424747816416	0.0009083613983034758
3.659955441432109	0.07197704304637945
3.675663404700058	0.0008664794021103925
3.691371367968007	0.0010999336225949907
3.707079331235956	0.0005667186117680854
3.7227872945039047	0.002230572781834009
3.738495257771854	0.0009603507258827115
3.754203221039803	0.0004814676365908384
3.7699111843077517	0.0038827153752714143
3.7856191475757006	0.00037312627283860803
3.8013271108436495	0.00032082725267431245
3.817035074111599	0.0003078575121453822
3.8327430373795477	0.0007015508712148173
3.8484510006474966	0.0002912852724477858
3.8641589639154454	0.0003677844613254323
3.8798669271833943	0.0004577750288030132
3.8955748904513436	0.0002691491049244152
3.9112828537192925	0.0002597926637052397
3.9269908169872414	0.00025406154731865544
3.9426987802551903	0.00025247839258654215
3.958406743523139	0.00024432192438065224
3.9741147067910885	0.00024023762360753144
3.9898226700590373	0.00025261956803322754
4.005530633326986	0.0006100306750694522
4.0212385965949355	0.0002297139742700113
4.036946559862884	0.00022564303470167942
4.052654523130833	0.0002360789297117181
4.068362486398782	0.00021782106339954772
4.084070449666731	0.0002168592837215724
4.09977841293468	0.00024691836499947855
4.115486376202629	0.0004042371401679351
4.131194339470578	0.0002266744026167453
4.146902302738527	0.00027190185733469365
4.162610266006476	0.00019823234682371123
4.178318229274425	0.00021562628354851037
4.194026192542374	0.00019340821089209876
4.209734155810323	0.00018743851732731825
4.225442119078272	0.00018434312125308917
4.241150082346221	0.00018236612061691307
4.25685804561417	0.00018262005423979588
4.2725660088821185	0.00018413712277838437
4.288273972150067	0.00017428463312456672
4.303981935418016	0.00017748751968912956
4.319689898685965	0.00017060296376322917
4.335397861953915	0.0001661260520514748
4.351105825221864	0.00016669573100959537
4.366813788489813	0.0001612622808167198
4.3825217517577615	0.00015874395259759318
4.39822971502571	0.0001564870426235106
4.413937678293659	0.0001543333300976182
4.429645641561608	0.00015236633602390258
4.445353604829557	0.00015347079986475175
4.461061568097506	0.00014923505679632066
4.476769531365456	0.0001461481949942242
4.4924774946334045	0.00014407401224482668
4.508185457901353	0.00014213042741397595
4.523893421169302	0.00014026529967172872
4.539601384437251	0.0001385071366632346
4.5553093477052	0.00013712043570215962
4.571017310973149	0.0001505657368544173
4.586725274241098	0.00013462965517823132
4.602433237509047	0.00013178274400791245
4.6181412007769955	0.00013215579363819773
4.633849164044944	0.00012991989791120975
4.649557127312894	0.00012653909778440167
4.665265090580843	0.00012478022468107413
4.680973053848792	0.00012316492333204772
4.696681017116741	0.00012160558652044155
4.71238898038469	0.00012008405452982594
4.7280969436526386	0.0001185941380649136
4.743804906920587	0.00011713295391604723
4.759512870188536	0.00011569881472979605
4.775220833456485	0.00011429055223266254
4.790928796724435	0.00011290725663059933
4.806636759992384	0.0001115481620999489
4.822344723260333	0.00011021259112263085
4.838052686528282	0.0001088999251423994
4.8537606497962305	0.00010760958801209692
4.869468613064179	0.000106341036090941
4.885176576332128	0.00010509375199987127
4.900884539600077	0.00010386724048845497
4.916592502868026	0.00010266102557295658
4.932300466135975	0.0001014746484690184
4.948008429403924	0.00010030766603808584
4.9637163926718735	9.915964957672753e-5
4.979424355939822	9.803018384159269e-5
4.995132319207771	9.69188662409609e-5
5.01084028247572	9.582530614726666e-5
5.026548245743669	9.474912429974627e-5
5.042256209011618	9.36899522760095e-5
5.057964172279567	9.264743201744349e-5
5.073672135547516	9.16212153977777e-5
5.0893800988154645	9.061096382689629e-5
5.105088062083414	8.96163478840055e-5
5.120796025351363	8.863704697575049e-5
5.136503988619312	8.767274901581343e-5
5.152211951887261	8.67231501233077e-5
5.16791991515521	8.578795433783705e-5
5.183627878423159	8.486687334941538e-5
5.1993358416911075	8.395962624191852e-5
5.215043804959056	8.306593924876843e-5
5.230751768227005	8.218554551993082e-5
5.246459731494954	8.131818489927772e-5
5.262167694762903	8.046360371165663e-5
5.277875658030853	7.962155455892701e-5
5.293583621298802	7.879179612445492e-5
5.3092915845667505	7.797409298550274e-5
5.324999547834699	7.716821543307255e-5
5.340707511102648	7.63739392988031e-5
5.356415474370597	7.559104578847777e-5
5.372123437638546	7.481932132188585e-5
5.387831400906495	7.405855737862266e-5
5.403539364174444	7.33085503496021e-5
5.419247327442394	7.256910139398318e-5
5.4349552907103424	7.184001630122758e-5
5.450663253978291	7.112110535810975e-5
5.46637121724624	7.041218322040519e-5
5.482079180514189	6.971306878905952e-5
5.497787143782138	6.902358509066775e-5
5.513495107050087	6.834355916203347e-5
5.529203070318036	6.76728219386863e-5
5.544911033585985	6.701120814714722e-5
5.5606189968539335	6.635855620080686e-5
5.576326960121882	6.571470809926516e-5
5.592034923389832	6.507950933100404e-5
5.607742886657781	6.44528087792363e-5
5.62345084992573	6.38344586308168e-5
5.639158813193679	6.32243142881111e-5
5.654866776461628	6.262223428368105e-5
5.6705747397295765	6.20280801976881e-5
5.686282702997525	6.144171657791453e-5
5.701990666265474	6.086301086231627e-5
5.717698629533423	6.029183330396888e-5
5.733406592801373	5.9728056898371975e-5
5.749114556069322	5.917155731299002e-5
5.764822519337271	5.862221281894759e-5
5.7805304826052195	5.807990422482735e-5
5.796238445873168	5.754451481246502e-5
5.811946409141117	5.701593027468606e-5
5.827654372409066	5.6494038654903915e-5
5.843362335677015	5.597873028853694e-5
5.859070298944964	5.546989774614712e-5
5.874778262212913	5.4967435778263895e-5
5.890486225480862	5.4471241261824206e-5
5.906194188748811	5.398121314818834e-5
5.92190215201676	5.349725241264953e-5
5.937610115284709	5.301926200541108e-5
5.953318078552658	5.2547146803973095e-5
5.969026041820607	5.2080813566876814e-5
5.984734005088556	5.1620170888771663e-5
6.000441968356505	5.116512915675228e-5
6.0161499316244536	5.071560050791532e-5
6.031857894892402	5.0271498788125034e-5
6.047565858160352	4.983273951191363e-5
6.063273821428301	4.939923982350333e-5
6.07898178469625	4.897091845890109e-5
6.094689747964199	4.8547695709044276e-5
6.110397711232148	4.8129493383931115e-5
6.126105674500097	4.771623477777184e-5
6.1418136377680455	4.73078446350339e-5
6.157521601035994	4.6904249117445324e-5
6.173229564303943	4.650537577186477e-5
6.188937527571892	4.611115349900332e-5
6.204645490839841	4.5721512523009315e-5
6.220353454107791	4.533638436182517e-5
6.23606141737574	4.4955701798350294e-5
6.2517693806436885	4.457939885234882e-5
6.267477343911637	4.4207410753103126e-5
6.283185307179586	4.383967391276612e-5
6.298893270447535	4.347612590041661e-5
6.314601233715484	4.3116705416783585e-5
6.330309196983433	4.276135226961258e-5
6.346017160251382	4.241000734967022e-5
6.3617251235193315	4.206261260735533e-5
6.37743308678728	4.1719111029909786e-5
6.393141050055229	4.137944661920983e-5
6.408849013323178	4.1043564370092306e-5
6.424556976591127	4.0711410249262896e-5
6.440264939859076	4.038293117469466e-5
6.455972903127025	4.0058074995566176e-5
6.471680866394974	3.9736790472676905e-5
6.4873888296629225	3.941902725936599e-5
6.503096792930871	3.910473588287863e-5
6.51880475619882	3.879386772620614e-5
6.53451271946677	3.848637501035845e-5
6.550220682734719	3.818221077707485e-5
6.565928646002668	3.788132887194879e-5
6.581636609270617	3.758368392795686e-5
6.5973445725385655	3.728923134939428e-5
6.613052535806514	3.699792729617914e-5
6.628760499074463	3.670972866854663e-5
6.644468462342412	3.6424593092093885e-5
6.660176425610361	3.6142478903188895e-5
6.675884388878311	3.58633451347136e-5
6.69159235214626	3.558715150215037e-5
6.707300315414209	3.531385838998912e-5
6.7230082786821574	3.5043426838454674e-5
6.738716241950106	3.477581853053557e-5
6.754424205218055	3.4510995779325614e-5
6.770132168486004	3.4248921515640476e-5
6.785840131753953	3.398955927593553e-5
6.801548095021902	3.373287319048756e-5
6.817256058289851	3.3478827971856556e-5
6.8329640215578	3.322738890359859e-5
6.848671984825749	3.297852182924589e-5
6.864379948093698	3.2732193141524303e-5
6.880087911361647	3.248836977182439e-5
6.895795874629596	3.224701917990223e-5
6.911503837897545	3.2008109343805754e-5
6.927211801165494	3.177160875004039e-5
6.942919764433443	3.153748638393567e-5
6.9586277277013915	3.130571172023528e-5
6.97433569096934	3.10762547138942e-5
6.99004365423729	3.084908579107114e-5
7.005751617505239	3.062417584032619e-5
7.021459580773188	3.0401496204003104e-5
7.037167544041137	3.018101866980781e-5
7.052875507309086	2.9962715462560625e-5
7.0685834705770345	2.9746559236130097e-5
7.084291433844983	2.9532523065542283e-5
7.099999397112932	2.9320580439259496e-5
7.115707360380881	2.911070525161856e-5
7.13141532364883	2.890287179543681e-5
7.147123286916779	2.8697054754769725e-5
7.162831250184729	2.8493229197831297e-5
7.1785392134526775	2.829137057005115e-5
7.194247176720626	2.809145468728311e-5
7.209955139988575	2.789345772916645e-5
7.225663103256524	2.769735623260458e-5
7.241371066524473	2.750312708540362e-5
7.257079029792422	2.731074752002135e-5
7.272786993060371	2.7120195107463027e-5
7.28849495632832	2.6931447751292203e-5
7.304202919596269	2.6744483681770746e-5
7.319910882864218	2.655928145011489e-5
7.335618846132167	2.6375819922874293e-5
7.351326809400116	2.619407827641865e-5
7.367034772668065	2.601403599154438e-5
7.382742735936014	2.5835672848182057e-5
7.398450699203963	2.5658968920221705e-5
7.414158662471912	2.5483904570429184e-5
7.4298666257398605	2.5310460445476648e-5
7.445574589007809	2.513861747106582e-5
7.461282552275758	2.496835684714882e-5
7.476990515543708	2.4799660043251094e-5
7.492698478811657	2.4632508793874796e-5
7.508406442079606	2.44668850940057e-5
7.524114405347555	2.430277119470287e-5
7.5398223686155035	2.4140149598772144e-5
7.555530331883452	2.3979003056531592e-5
7.571238295151401	2.3819314561658314e-5
7.58694625841935	2.3661067347107067e-5
7.602654221687299	2.350424488112261e-5
7.618362184955249	2.334883086331969e-5
7.634070148223198	2.3194809220842375e-5
7.6497781114911465	2.3042164104595327e-5
7.665486074759095	2.2890879885550053e-5
7.681194038027044	2.274094115112061e-5
7.696902001294993	2.2592332701611435e-5
7.712609964562942	2.2445039546723412e-5
7.728317927830891	2.229904690214305e-5
7.74402589109884	2.215434018618159e-5
7.759733854366789	2.2010905016478873e-5
7.7754418176347375	2.1868727206784937e-5
7.791149780902687	2.172779276377735e-5
7.806857744170636	2.1588087883960804e-5
7.822565707438585	2.1449598950613852e-5
7.838273670706534	2.1312312530789417e-5
7.853981633974483	2.1176215372383144e-5
7.869689597242432	2.1041294401243412e-5
7.8853975605103805	2.090753671834191e-5
7.901105523778329	2.0774929596997118e-5
7.916813487046278	2.064346048014385e-5
7.932521450314228	2.0513116977657637e-5
7.948229413582177	2.0383886863724922e-5
7.963937376850126	2.0255758074263666e-5
7.979645340118075	2.0128718704391164e-5
7.995353303386024	2.000275700593185e-5
8.011061266653972	1.9877861384981697e-5
8.026769229921921	1.9754020399505785e-5
8.042477193189871	1.963122275698173e-5
8.058185156457819	1.9509457312093585e-5
8.073893119725769	1.9388713064453314e-5
8.089601082993717	1.9268979156375933e-5
8.105309046261667	1.9150244870685257e-5
8.121017009529615	1.9032499628564426e-5
8.136724972797564	1.8915732987441177e-5
8.152432936065512	1.8799934638911164e-5
8.168140899333462	1.8685094406701398e-5
8.183848862601412	1.857120224466278e-5
8.19955682586936	1.845824823480438e-5
8.21526478913731	1.8346222585359924e-5
8.230972752405258	1.8235115628884987e-5
8.246680715673207	1.81249178203944e-5
8.262388678941155	1.8015619735522455e-5
8.278096642209105	1.790721206872623e-5
8.293804605477053	1.779968563150972e-5
8.309512568745003	1.7693031350684515e-5
8.325220532012953	1.758724026666023e-5
8.3409284952809	1.7482303531761005e-5
8.35663645854885	1.7378212408574764e-5
8.372344421816798	1.7274958268327937e-5
8.388052385084748	1.7172532589288468e-5
8.403760348352696	1.7070926955196724e-5
8.419468311620646	1.6970133053724578e-5
8.435176274888594	1.6870142674955288e-5
8.450884238156544	1.67709477098945e-5
8.466592201424492	1.667254014900446e-5
8.482300164692441	1.6574912080761653e-5
8.498008127960391	1.6478055690241525e-5
8.51371609122834	1.6381963257721906e-5
8.529424054496289	1.628662715731642e-5
8.545132017764237	1.619203985562464e-5
8.560839981032187	1.6098193910407832e-5
8.576547944300135	1.6005081969287704e-5
8.592255907568084	1.5912696768461765e-5
8.607963870836032	1.5821031131445373e-5
8.623671834103982	1.5730077967832077e-5
8.63937979737193	1.5639830272072916e-5
8.65508776063988	1.5550281122278866e-5
8.67079572390783	1.546142367903996e-5
8.686503687175778	1.537325118426638e-5
8.702211650443727	1.528575696004498e-5
8.717919613711675	1.519893440751825e-5
8.733627576979625	1.511277700577782e-5
8.749335540247573	1.502727831077854e-5
8.765043503515523	1.4942431954270545e-5
8.780751466783471	1.4858231642742901e-5
8.79645943005142	1.4774671156392055e-5
8.81216739331937	1.4691744348102476e-5
8.827875356587318	1.4609445142443094e-5
8.843583319855268	1.4527767534679839e-5
8.859291283123216	1.4446705589808091e-5
8.874999246391166	1.4366253441595717e-5
8.890707209659114	1.4286405291641741e-5
8.906415172927064	1.4207155408451695e-5
8.922123136195012	1.4128498126527572e-5
8.937831099462962	1.4050427845469639e-5
8.953539062730911	1.397293902909797e-5
8.96924702599886	1.3896026204577252e-5
8.984954989266809	1.3819683961568108e-5
9.000662952534757	1.3743906951382643e-5
9.016370915802707	1.3668689886154646e-5
9.032078879070655	1.35940275380273e-5
9.047786842338605	1.3519914738346315e-5
9.063494805606553	1.3446346376872498e-5
9.079202768874502	1.3373317401001573e-5
9.09491073214245	1.3300822814996985e-5
9.1106186954104	1.3228857679238004e-5
9.12632665867835	1.315741710947252e-5
9.142034621946298	1.3086496276089613e-5
9.157742585214248	1.3016090403396068e-5
9.173450548482196	1.2946194768907551e-5
9.189158511750145	1.2876804702649804e-5
9.204866475018093	1.2807915586470552e-5
9.220574438286043	1.2739522853361087e-5
9.236282401553991	1.2671621986789455e-5
9.25199036482194	1.2604208520041901e-5
9.267698328089889	1.2537278035577404e-5
9.283406291357839	1.2470826164386283e-5
9.299114254625788	1.2404848585365417e-5
9.314822217893736	1.2339341024695977e-5
9.330530181161686	1.2274299255236339e-5
9.346238144429634	1.220971909592101e-5
9.361946107697584	1.2145596411166191e-5
9.377654070965532	1.2081927110291316e-5
9.393362034233482	1.2018707146940204e-5
9.40906999750143	1.1955932518518184e-5
9.42477796076938	1.189359926563348e-5
9.44048592403733	1.1831703471548582e-5
9.456193887305277	1.177024126163655e-5
9.471901850573227	1.1709208802851212e-5
9.487609813841175	1.1648602303199155e-5
9.503317777109125	1.1588418011222727e-5
9.519025740377073	1.1528652215488875e-5
9.534733703645022	1.1469301244087702e-5
9.55044166691297	1.141036146413551e-5
9.56614963018092	1.1351829281286218e-5
9.58185759344887	1.129370113925135e-5
9.597565556716818	1.123597351932366e-5
9.613273519984768	1.1178642939911004e-5
9.628981483252716	1.1121705956075284e-5
9.644689446520665	1.1065159159076033e-5
9.660397409788613	1.1008999175925199e-5
9.676105373056563	1.0953222668945716e-5
9.691813336324511	1.089782633533169e-5
9.707521299592461	1.0842806906727339e-5
9.723229262860409	1.0788161148796546e-5
9.738937226128359	1.073388586080948e-5
9.754645189396308	1.0679977875232829e-5
9.770353152664256	1.0626434057321715e-5
9.786061115932206	1.0573251304720135e-5
9.801769079200154	1.0520426547069866e-5
9.817477042468104	1.0467956745620337e-5
9.833185005736052	1.0415838892845509e-5
9.848892969004002	1.0364070012066309e-5
9.86460093227195	1.0312647157078562e-5
9.8803088955399	1.0261567411785189e-5
9.896016858807847	1.0210827889836784e-5
9.911724822075797	1.0160425734269738e-5
9.927432785343747	1.0110358117158242e-5
9.943140748611695	1.006062223926622e-5
9.958848711879645	1.0011215329703796e-5
9.974556675147593	9.962134645589622e-6
9.990264638415542	9.913377471719028e-6
10.00597260168349	9.864941120234121e-6
10.02168056495144	9.81682293030036e-6
10.037388528219388	9.769020267787613e-6
10.053096491487338	9.721530524952976e-6
10.068804454755288	9.674351120132212e-6
10.084512418023236	9.627479497430628e-6
10.100220381291185	9.580913126422257e-6
10.115928344559133	9.534649501850725e-6
10.131636307827083	9.488686143334715e-6
10.147344271095031	9.443020595077185e-6
10.163052234362981	9.39765042557926e-6
10.178760197630929	9.352573227357647e-6
10.194468160898879	9.307786616665389e-6
10.210176124166829	9.26328823321536e-6
10.225884087434777	9.219075739911829e-6
10.241592050702726	9.175146822579513e-6
10.257300013970674	9.131499189700668e-6
10.273007977238624	9.088130572154151e-6
10.288715940506572	9.045038722957572e-6
10.304423903774522	9.002221417013674e-6
10.32013186704247	8.959676450859486e-6
10.33583983031042	8.917401642419462e-6
10.351547793578368	8.8753948307607e-6
10.367255756846317	8.833653875852623e-6
10.382963720114267	8.792176658329397e-6
10.398671683382215	8.750961079254835e-6
10.414379646650165	8.710005059891084e-6
10.430087609918113	8.669306541469975e-6
10.445795573186063	8.62886348496808e-6
10.46150353645401	8.588673870883873e-6
10.47721149972196	8.548735699017359e-6
10.492919462989908	8.509046988254267e-6
10.508627426257858	8.469605776351276e-6
10.524335389525806	8.430410119725541e-6
10.540043352793756	8.391458093243873e-6
10.555751316061706	8.352747790020292e-6
10.571459279329654	8.314277321210918e-6
10.587167242597603	8.276044815812777e-6
10.602875205865551	8.238048420466113e-6
10.618583169133501	8.20028629926046e-6
10.634291132401449	8.162756633539854e-6
10.649999095669399	8.125457621712117e-6
10.665707058937347	8.088387479062138e-6
10.681415022205297	8.051544437565074e-6
10.697122985473246	8.014926745703376e-6
10.712830948741194	7.978532668284764e-6
10.728538912009144	7.942360486265334e-6
10.744246875277092	7.906408496571242e-6
10.759954838545042	7.87067501192456e-6
10.77566280181299	7.835158360672371e-6
10.79137076508094	7.799856886615648e-6
10.807078728348888	7.764768948841872e-6
10.822786691616837	7.729892921558714e-6
10.838494654884787	7.69522719393159e-6
10.854202618152735	7.660770169920563e-6
10.869910581420685	7.626520268121467e-6
10.885618544688633	7.592475921608577e-6
10.901326507956583	7.558635577777905e-6
10.91703447122453	7.5249976981942415e-6
10.93274243449248	7.4915607584395234e-6
10.948450397760428	7.458323247961727e-6
10.964158361028378	7.425283669927327e-6
10.979866324296326	7.3924405410757545e-6
10.995574287564276	7.359792391573056e-6
11.011282250832226	7.327337764871124e-6
11.026990214100174	7.2950752175655106e-6
11.042698177368123	7.263003319255266e-6
11.058406140636071	7.2311206524083724e-6
11.074114103904021	7.199425812222066e-6
11.08982206717197	7.167917406491575e-6
11.105530030439919	7.1365940554756485e-6
11.121237993707867	7.105454391766442e-6
11.136945956975817	7.074497060159496e-6
11.152653920243765	7.0437207175262265e-6
11.168361883511714	7.013124032687646e-6
11.184069846779664	6.98270568628948e-6
11.199777810047612	6.9524643706782295e-6
11.215485773315562	6.922398789780087e-6
11.23119373658351	6.892507658980625e-6
11.24690169985146	6.862789705004444e-6
11.262609663119408	6.8332436657996884e-6
11.278317626387357	6.803868290421144e-6
11.294025589655305	6.77466233891418e-6
11.309733552923255	6.7456245822035664e-6
11.325441516191205	6.716753801979607e-6
11.341149479459153	6.6880487905882935e-6
11.356857442727103	6.659508350922221e-6
11.37256540599505	6.6311312963114785e-6
11.388273369263	6.602916450417425e-6
11.403981332530948	6.574862647127428e-6
11.419689295798898	6.5469687304501e-6
11.435397259066846	6.51923355441181e-6
11.451105222334796	6.491655982954978e-6
11.466813185602746	6.464234889838929e-6
11.482521148870694	6.436969158537546e-6
11.498229112138644	6.409857682143133e-6
11.513937075406592	6.382899363268336e-6
11.529645038674541	6.356093113949651e-6
11.54535300194249	6.32943785555329e-6
11.561060965210439	6.302932518681259e-6
11.576768928478387	6.27657604307709e-6
11.592476891746337	6.25036737753618e-6
11.608184855014285	6.224305479814207e-6
11.623892818282235	6.198389316536811e-6
11.639600781550184	6.172617863111935e-6
11.655308744818132	6.14699010364217e-6
11.671016708086082	6.1215050308376355e-6
11.68672467135403	6.096161645931237e-6
11.70243263462198	6.070958958592921e-6
11.718140597889928	6.045895986846842e-6
11.733848561157878	6.020971756988994e-6
11.749556524425826	5.996185303504527e-6
11.765264487693775	5.971535668986903e-6
11.780972450961723	5.947021904059821e-6
11.796680414229673	5.922643067295546e-6
11.812388377497623	5.8983982251386135e-6
11.82809634076557	5.874286451828123e-6
11.84380430403352	5.850306829321807e-6
11.859512267301469	5.826458447219133e-6
11.875220230569418	5.802740402688796e-6
11.890928193837366	5.779151800392644e-6
11.906636157105316	5.75569175241464e-6
11.922344120373264	5.7323593781875e-6
11.938052083641214	5.709153804421692e-6
11.953760046909164	5.686074165035295e-6
11.969468010177112	5.6631196010830765e-6
11.985175973445061	5.640289260689433e-6
12.00088393671301	5.617582298977567e-6
12.01659189998096	5.594997878004494e-6
12.032299863248907	5.572535166692943e-6
12.048007826516857	5.5501933407651975e-6
12.063715789784805	5.527971582679129e-6
12.079423753052755	5.505869081562318e-6
12.095131716320704	5.483885033148685e-6
12.110839679588652	5.462018639715979e-6
12.126547642856602	5.440269110021791e-6
12.14225560612455	5.418635659244038e-6
12.1579635693925	5.397117508917683e-6
12.173671532660448	5.375713886875876e-6
12.189379495928398	5.354424027188847e-6
12.205087459196346	5.333247170106661e-6
12.220795422464295	5.3121825619988275e-6
12.236503385732243	5.291229455297953e-6
12.252211349000193	5.270387108441508e-6
12.267919312268143	5.249654785815606e-6
12.283627275536091	5.229031757699689e-6
12.29933523880404	5.208517300210286e-6
12.315043202071989	5.188110695246261e-6
12.330751165339938	5.16781123043582e-6
12.346459128607886	5.147618199081418e-6
12.362167091875836	5.127530900107033e-6
12.377875055143784	5.107548638007512e-6
12.393583018411734	5.087670722793557e-6
12.409290981679682	5.067896469943362e-6
12.424998944947632	5.048225200350456e-6
12.440706908215581	5.028656240272891e-6
12.45641487148353	5.009188921285157e-6
12.47212283475148	4.989822580227606e-6
12.487830798019427	4.970556559158353e-6
12.503538761287377	4.951390205305311e-6
12.519246724555325	4.932322871018709e-6
12.534954687823275	4.913353913722796e-6
12.550662651091223	4.894482695870594e-6
12.566370614359172	4.875708584897292e-6
