0.0	1.0000000000000007
0.000625	0.9693818417910908
0.00125	0.9410391168579535
0.001875	0.9147678721866608
0.0025	0.8903844242645584
0.003125	0.8677231785546458
0.00375	0.846634700606473
0.0043749999999999995	0.8269840078148007
0.005	0.8086490548865084
0.005625	0.7915193895679135
0.00625	0.7754949581993641
0.006875000000000001	0.7604850432696801
0.0075	0.7464073173977978
0.008125	0.733187000122473
0.008749999999999999	0.7207561055752495
0.009375	0.7090527705831934
0.01	0.6980206540270568
0.010624999999999999	0.6876083993938642
0.01125	0.6777691534330975
0.011875	0.6684601346720614
0.0125	0.6596422462852737
0.013125000000000001	0.6512797284591604
0.013750000000000002	0.6433398459592564
0.014374999999999999	0.6357926071030756
0.015	0.6286105107770237
0.015625	0.6217683185179197
0.01625	0.6152428490159054
0.016875	0.6090127926913749
0.017499999999999998	0.6030585442593576
0.018125	0.59736205142481
0.01875	0.591906678055491
0.019375	0.5866770803586375
0.02	0.5816590947466229
0.020624999999999998	0.5768396362175711
0.021249999999999998	0.572206606201702
0.021875	0.5677488089349945
0.0225	0.5634558755201523
0.023125	0.5593181949223598
0.02375	0.5553268512252192
0.024375	0.5514735665415753
0.025	0.5477506490358395
0.025625	0.5441509455695273
0.026250000000000002	0.5406677985310488
0.026875	0.5372950064547872
0.027500000000000004	0.5340267880738969
0.028125	0.5308577494864843
0.028749999999999998	0.5277828541464114
0.029375000000000002	0.5247973954182572
0.03	0.5218969714613494
0.030625000000000003	0.5190774622305613
0.03125	0.5163350084020216
0.031875	0.5136659920503155
0.0325	0.5110670189202056
0.033125	0.5085349021509006
0.03375	0.506066647324191
0.034375	0.5036594387199289
0.034999999999999996	0.5013106266731442
0.035625000000000004	0.49901771593696687
0.03625	0.49677835496433975
0.036875000000000005	0.49459032602953024
0.0375	0.492451536117666
0.038125	0.49036000851705913
0.03875	0.48831387505498886
0.039375	0.4863113689229542
0.04	0.484350818042254
0.040625	0.48243063892514415
0.041249999999999995	0.4805493309907598
0.041875	0.4787054712986344
0.042499999999999996	0.4768977096658786
0.043125000000000004	0.47512476413707483
0.04375	0.4733854167786003
0.044375	0.4716785097715647
0.045	0.4700029417797611
0.045625	0.4683576645710303
0.04625	0.4667416798722993
0.046875	0.46515403644020975
0.0475	0.4635938273307713
0.048125	0.4620601873528829
0.04875	0.46055229069177767
0.049375	0.45906934868966154
0.05	0.4576106077718052
0.050624999999999996	0.4561753475073476
0.05125	0.4547628787949153
0.051875000000000004	0.45337254216397893
0.052500000000000005	0.4520037061835782
0.053125	0.4506557659707388
0.05375	0.44932814179147457
0.05437499999999999	0.4480202777478677
0.05500000000000001	0.4467316405452023
0.055625	0.4454617183335921
0.05625	0.4442100196190031
0.056874999999999995	0.4429760722389087
0.057499999999999996	0.44175942239823585
0.058125	0.44055963376153773
0.058750000000000004	0.43937628659767225
0.059375	0.43820897697351413
0.06	0.4370573159934937
0.060625	0.43592092908200725
0.061250000000000006	0.4347994553059255
0.061875	0.43369254673465807
0.0625	0.432599867835392
0.063125	0.43152109490131035
0.06375	0.43045591551073703
0.064375	0.4294040280152915
0.065	0.4283651410553072
0.065625	0.4273389731008358
0.06625	0.4263252520167147
0.06687499999999999	0.42532371465025776
0.0675	0.42433410644023184
0.068125	0.42335618104587797
0.06875	0.4223896999947982
0.06937499999999999	0.4214344323486345
0.06999999999999999	0.4204901543855025
0.07062500000000001	0.4195566492982508
0.07125000000000001	0.41863370690763063
0.071875	0.41772112338955786
0.0725	0.41681870101567636
0.073125	0.4159262479064918
0.07375000000000001	0.4150435777963882
0.074375	0.41417050980988074
0.075	0.41330686824849766
0.075625	0.41245248238772353
0.07625	0.41160718628346704
0.076875	0.4107708185875523
0.0775	0.4099432223717531
0.078125	0.40912424495993366
0.07875	0.4083137377678703
0.079375	0.40751155615035883
0.08	0.4067175592552327
0.080625	0.4059316098839487
0.08125	0.40515357435839533
0.081875	0.40438332239362446
0.08249999999999999	0.4036207269762006
0.083125	0.40286566424788695
0.08375	0.40211801339442005
0.084375	0.4013776565391048
0.08499999999999999	0.4006444786410008
0.08562499999999999	0.39991836739748104
0.08625000000000001	0.39919921315094803
0.08687500000000001	0.398486908799504
0.0875	0.39778134971139356
0.088125	0.3970824336430302
0.08875	0.39639006066044535
0.08937500000000001	0.3957041330639916
0.09	0.39502455531615177
0.090625	0.39435123397230737
0.09125	0.39368407761432656
0.091875	0.3930229967868458
0.0925	0.39236790393611626
0.093125	0.39171871335129954
0.09375	0.3910753411081029
0.094375	0.3904377050146426
0.095	0.38980572455943796
0.095625	0.38917932086144047
0.09625	0.3885584166220034
0.096875	0.3879429360787102
0.0975	0.3873328049609721
0.09812499999999999	0.3867279504473212
0.09875	0.38612830112432867
0.099375	0.38553378694706086
0.1	0.3849443392010254
0.100625	0.38435989046552843
0.10124999999999999	0.38378037457838887
0.10187500000000001	0.38320572660194585
0.1025	0.38263588279030725
0.103125	0.38207078055778737
0.10375000000000001	0.3815103584484784
0.104375	0.38095455610690815
0.10500000000000001	0.380403314249742
0.105625	0.37985657463848405
0.10625	0.37931428005312934
0.10687500000000001	0.3787763742667346
0.1075	0.3782428020208668
0.108125	0.3777135090018918
0.10874999999999999	0.3771884418180678
0.109375	0.3766675479774174
0.11000000000000001	0.3761507758663344
0.110625	0.37563807472890415
0.11125	0.37512939464691025
0.11187499999999999	0.37462468652048797
0.1125	0.3741239020494128
0.113125	0.3736269937149891
0.11374999999999999	0.37313391476251806
0.114375	0.3726446191843201
0.11499999999999999	0.372159061703296
0.115625	0.37167719775699465
0.11625	0.37119898348217784
0.11687499999999999	0.3707243756998581
0.11750000000000001	0.37025333190079135
0.118125	0.36978581023140583
0.11875	0.36932176948015427
0.11937500000000001	0.36886116906426847
0.12	0.36840396901690614
0.12062500000000001	0.36795012997466947
0.12125	0.36749961316548485
0.121875	0.36705238039683163
0.12250000000000001	0.36660839404430157
0.123125	0.36616761704048345
0.12375	0.36573001286415485
0.12437499999999999	0.36529554552977495
0.125	0.36486417957726053
0.12562500000000001	0.3644358800620464
0.12625	0.3640106125454049
0.12687500000000002	0.3635883430850299
0.1275	0.36316903822586544
0.128125	0.36275266499117487
0.12875	0.3623391908738422
0.129375	0.3619285838278954
0.13	0.3615208122602468
0.130625	0.3611158450226405
0.13125	0.3607136514038002
0.13187500000000002	0.3603142011217735
0.1325	0.3599174643164601
0.133125	0.35952341154232503
0.13374999999999998	0.3591320137612845
0.134375	0.35874324233576343
0.135	0.35835706902191383
0.135625	0.3579734659629954
0.13625	0.35759240568290646
0.136875	0.35721386107986447
0.1375	0.35683780542023225
0.138125	0.3564642123324783
0.13874999999999998	0.35609305580127903
0.139375	0.35572431016174444
0.13999999999999999	0.35535795009377663
0.140625	0.35499395061654604
0.14125000000000001	0.3546322870830898
0.141875	0.35427293517502434
0.14250000000000002	0.35391587089737
0.143125	0.3535610705734843
0.14375	0.3532085108401001
0.144375	0.3528581686424685
0.145	0.35251002122959557
0.145625	0.3521640461495835
0.14625	0.35182022124505785
0.146875	0.35147852464869006
0.14750000000000002	0.3511389347788095
0.148125	0.35080143033509703
0.14875	0.35046599029436754
0.14937499999999998	0.3501325939064288
0.15	0.3498012206900254
0.150625	0.3494718504288534
0.15125	0.3491444631676547
0.151875	0.3488190392083843
0.1525	0.3484955591064443
0.153125	0.34817400366699364
0.15375	0.3478543539413187
0.15437499999999998	0.34753659122327707
0.155	0.3472206970457982
0.15562499999999999	0.34690665317745106
0.15625	0.3465944416190727
0.15687500000000001	0.34628404460045403
0.1575	0.3459754445770857
0.15812500000000002	0.3456686242269589
0.15875	0.34536356644742466
0.159375	0.34506025435210336
0.16	0.3447586712678486
0.160625	0.3444588007317633
0.16125	0.3441606264882652
0.161875	0.3438641324862022
0.1625	0.3435693028760151
0.16312500000000002	0.3432761220069468
0.16375	0.34298457442429975
0.164375	0.3426946448667361
0.16499999999999998	0.3424063182636219
0.165625	0.3421195797324162
0.16625	0.34183441457609925
0.166875	0.34155080828064566
0.1675	0.3412687465125336
0.168125	0.34098821511629746
0.16875	0.34070920011211603
0.169375	0.34043168769344023
0.16999999999999998	0.34015566422465726
0.170625	0.3398811162387915
0.17124999999999999	0.33960803043524135
0.171875	0.33933639367754825
0.17250000000000001	0.3390661929912049
0.173125	0.3387974155614911
0.17375000000000002	0.3385300487313488
0.174375	0.33826407999928226
0.175	0.3379994970172966
0.175625	0.33773628758886265
0.17625	0.3374744396669139
0.176875	0.3372139413518744
0.1775	0.3369547808897147
0.178125	0.33669694667003447
0.17875000000000002	0.33644042722417844
0.179375	0.3361852112233748
0.18	0.33593128747690554
0.18062499999999998	0.3356786449302988
0.18125	0.3354272726635508
0.181875	0.3351771598893727
0.1825	0.33492829595146234
0.183125	0.3346806703228008
0.18375	0.3344342726039744
0.184375	0.3341890925215194
0.185	0.3339451199262906
0.18562499999999998	0.3337023447918549
0.18625	0.33346075721290425
0.18687499999999999	0.33322034740369516
0.1875	0.33298110569650635
0.18812500000000001	0.33274302254012045
0.18875	0.33250608849832636
0.18937500000000002	0.33227029424844284
0.19	0.33203563057986274
0.190625	0.33180208839261593
0.19125	0.33156965869595423
0.191875	0.33133833260695705
0.1925	0.3311081013491514
0.193125	0.3308789562511559
0.19375	0.3306508887453412
0.19437500000000002	0.3304238903665106
0.195	0.33019795275059477
0.195625	0.32997306763336864
0.19624999999999998	0.32974922684918473
0.196875	0.3295264223297221
0.1975	0.3293046461027537
0.198125	0.3290838902909304
0.19875	0.32886414711058104
0.199375	0.32864540887052957
0.2	0.32842766797092615
0.200625	0.32821091690209764
0.20125	0.327995148243409
0.20187499999999997	0.32778035466214467
0.20249999999999999	0.32756652891240107
0.203125	0.3273536638339959
0.20375000000000001	0.3271417523513919
0.20437500000000003	0.32693078747263504
0.205	0.32672076228830615
0.205625	0.32651166997048703
0.20625	0.32630350377173983
0.206875	0.3260962570241018
0.20750000000000002	0.3258899231380908
0.20812499999999998	0.3256844956017258
0.20875	0.3254799679795588
0.209375	0.3252763339117214
0.21000000000000002	0.3250735871129837
0.210625	0.32487172137182196
0.21125	0.3246707305495057
0.21187499999999998	0.3244706085791884
0.2125	0.32427134946501845
0.213125	0.32407294728125385
0.21375000000000002	0.3238753961713955
0.21437499999999998	0.3236786903473261
0.215	0.3234828240884644
0.215625	0.32328779174092914
0.21625	0.3230935877167129
0.216875	0.3229002064928675
0.21749999999999997	0.3227076426107009
0.21812499999999999	0.32251589067498326
0.21875	0.3223249453531636
0.21937500000000001	0.3221348013745967
0.22000000000000003	0.32194545352978154
0.220625	0.32175689666960544
0.22125	0.3215691257046041
0.221875	0.3213821356042251
0.2225	0.321195921396105
0.22312500000000002	0.32101047816535444
0.22374999999999998	0.3208258010538521
0.224375	0.3206418852595486
0.225	0.3204587260357779
0.22562500000000002	0.3202763186905809
0.22625	0.32009465858603253
0.226875	0.319913741137582
0.22749999999999998	0.3197335618134003
0.228125	0.3195541161337346
0.22875	0.31937539967027206
0.22937500000000002	0.3191974080455129
0.22999999999999998	0.31902013693214915
0.230625	0.31884358205245333
0.23125	0.31866773917767327
0.231875	0.31849260412743613
0.2325	0.31831817276916013
0.23312499999999997	0.31814444101747175
0.23374999999999999	0.3179714048336323
0.234375	0.3177990602249713
0.23500000000000001	0.3176274032443272
0.23562500000000003	0.31745642998949436
0.23625	0.3172861366026786
0.236875	0.31711651926995776
0.2375	0.3169475742207506
0.238125	0.31677929772729246
0.23875000000000002	0.3166116861041161
0.23937499999999998	0.3164447357075408
0.24	0.3162784429351674
0.240625	0.3161128042253785
0.24125000000000002	0.3159478160568474
0.241875	0.3157834749480507
0.2425	0.3156197774567897
0.24312499999999998	0.3154567201797148
0.24375	0.31529429975185796
0.244375	0.3151325128461721
0.24500000000000002	0.3149713561730729
0.24562499999999998	0.31481082647998887
0.24625	0.31465092055091753
0.246875	0.31449163520598433
0.2475	0.31433296730101074
0.248125	0.31417491372708517
0.24874999999999997	0.3140174714101394
0.24937499999999999	0.31386063731053326
0.25	0.31370440842263914
0.250625	0.31354878177443835
0.25125000000000003	0.31339375442711603
0.25187499999999996	0.3132393234746662
0.2525	0.3130854860434987
0.253125	0.3129322392920529
0.25375000000000003	0.31277958041041437
0.254375	0.31262750661993854
0.255	0.3124760151728777
0.255625	0.31232510335201197
0.25625	0.31217476847028686
0.256875	0.31202500787045484
0.2575	0.31187581892471916
0.258125	0.31172719903438445
0.25875	0.31157914562951283
0.259375	0.31143165616858
0.26	0.3112847281381386
0.260625	0.31113835905248755
0.26125	0.3109925464533411
0.26187499999999997	0.3108472879095042
0.2625	0.31070258101655285
0.263125	0.310558423396517
0.26375000000000004	0.3104148126975684
0.26437499999999997	0.3102717465937106
0.265	0.31012922278447475
0.265625	0.3099872389946191
0.26625	0.30984579297382986
0.26687500000000003	0.30970488249642875
0.26749999999999996	0.3095645053610828
0.268125	0.3094246593905171
0.26875	0.3092853424312325
0.26937500000000003	0.30914655235322563
0.27	0.3090082870497136
0.270625	0.3088705444368604
0.27125	0.3087333224535088
0.271875	0.3085966190609136
0.2725	0.30846043224247954
0.273125	0.30832476000350106
0.27375	0.30818960037090776
0.274375	0.3080549513930099
0.275	0.307920811139249
0.275625	0.3077871776999514
0.27625	0.3076540491860839
0.276875	0.30752142372901387
0.27749999999999997	0.30738929948027044
0.278125	0.30725767461131
0.27875	0.3071265473132848
0.27937500000000004	0.3069959157968136
0.27999999999999997	0.30686577829175465
0.280625	0.306736133046983
0.28125	0.30660697833016937
0.281875	0.30647831242756246
0.28250000000000003	0.30635013364377306
0.28312499999999996	0.30622244030156215
0.28375	0.30609523074162936
0.284375	0.3059685033224071
0.28500000000000003	0.3058422564198544
0.285625	0.30571648842725485
0.28625	0.30559119775501686
0.286875	0.3054663828304754
0.2875	0.3053420420976978
0.288125	0.30521817401728996
0.28875	0.3050947770662073
0.289375	0.3049718497375651
0.29	0.3048493905404543
0.290625	0.30472739799975707
0.29125	0.3046058706559656
0.291875	0.30448480706500425
0.2925	0.30436420579805007
0.29312499999999997	0.3042440654413619
0.29375	0.304124384596104
0.294375	0.3040051618781785
0.29500000000000004	0.3038863959180555
0.29562499999999997	0.3037680853606069
0.29625	0.30365022886494325
0.296875	0.30353282510424945
0.2975	0.3034158727656267
0.29812500000000003	0.3032993705499326
0.29874999999999996	0.30318331717162517
0.299375	0.3030677113586085
0.3	0.30295255185207953
0.30062500000000003	0.3028378374063785
0.30125	0.3027235667888383
0.301875	0.30260973877963915
0.3025	0.3024963521716617
0.303125	0.302383405770344
0.30375	0.30227089839354015
0.304375	0.30215882887137957
0.305	0.3020471960461286
0.305625	0.301935998772054
0.30625	0.3018252359152879
0.306875	0.30171490635369413
0.3075	0.30160500897673614
0.308125	0.30149554268534773
0.30874999999999997	0.30138650639180325
0.309375	0.30127789901959123
0.31	0.3011697195032884
0.31062500000000004	0.3010619667884362
0.31124999999999997	0.30095463983141724
0.311875	0.30084773759933575
0.3125	0.30074125906989585
0.313125	0.30063520323128634
0.31375000000000003	0.30052956908206024
0.31437499999999996	0.30042435563102315
0.315	0.30031956189711734
0.315625	0.30021518690930854
0.31625000000000003	0.30011122970647697
0.316875	0.3000076893373057
0.3175	0.2999045648601726
0.318125	0.2998018553430435
0.31875	0.2996995598633656
0.319375	0.2995976775079634
0.32	0.2994962073729353
0.320625	0.29939514856355104
0.32125	0.29929450019415077
0.321875	0.2991942613880457
0.3225	0.2990944312774198
0.323125	0.298995009003232
0.32375	0.2988959937151197
0.32437499999999997	0.29879738457130495
0.325	0.2986991807384994
0.325625	0.2986013813918129
0.32625000000000004	0.2985039857146599
0.32687499999999997	0.29840699289867134
0.3275	0.2983104021436031
0.328125	0.2982142126572492
0.32875	0.29811842365535396
0.32937500000000003	0.29802303436152494
0.32999999999999996	0.29792804400714884
0.330625	0.29783345183130755
0.33125	0.2977392570806938
0.33187500000000003	0.2976454590095298
0.3325	0.29755205687948544
0.333125	0.2974590499595991
0.33375	0.2973664375261973
0.334375	0.29727421886281685
0.335	0.2971823932601278
0.335625	0.297090960015856
0.33625	0.29699991843470885
0.336875	0.29690926782830007
0.3375	0.29681900751507534
0.338125	0.2967291368202406
0.33875	0.29663965507568935
0.339375	0.2965505616199319
0.33999999999999997	0.29646185579802403
0.340625	0.29637353696149954
0.34125	0.2962856044683001
0.34187500000000004	0.29619805768270757
0.34249999999999997	0.2961108959752782
0.343125	0.2960241187227743
0.34375	0.29593772530810136
0.344375	0.2958517151202416
0.34500000000000003	0.2957660875541912
0.34562499999999996	0.29568084201089645
0.34625	0.295595977897192
0.346875	0.2955114946257392
0.34750000000000003	0.29542739161496495
0.348125	0.29534366828900155
0.34875	0.29526032407762837
0.349375	0.2951773584162112
0.35	0.29509477074564633
0.350625	0.29501256051230157
0.35125	0.2949307271679612
0.351875	0.2948492701697683
0.3525	0.2947681889801713
0.353125	0.29468748306686715
0.35375	0.2946071519027501
0.354375	0.2945271949658561
0.355	0.29444761173931083
0.35562499999999997	0.29436840171127826
0.35625	0.29428956437490816
0.356875	0.2942110992282859
0.35750000000000004	0.2941330057743824
0.35812499999999997	0.29405528352100424
0.35875	0.29397793198074423
0.359375	0.2939009506709335
0.36	0.29382433911359346
0.36062500000000003	0.2937480968353888
0.36124999999999996	0.2936722233675799
0.361875	0.2935967182459779
0.3625	0.2935215810108974
0.36312500000000003	0.293446811207113
0.36375	0.2933724083838142
0.364375	0.2932983720945605
0.365	0.29322470189723937
0.365625	0.2931513973540222
0.36625	0.2930784580313222
0.366875	0.2930058834997524
0.3675	0.29293367333408404
0.368125	0.29286182711320613
0.36875	0.2927903444200838
0.369375	0.29271922484171975
0.37	0.2926484679691141
0.370625	0.29257807339722436
0.37124999999999997	0.2925080407249286
0.371875	0.2924383695549865
0.3725	0.29236905949400066
0.37312500000000004	0.29230011015238166
0.37374999999999997	0.29223152114430856
0.374375	0.2921632920876949
0.375	0.2920954226041514
0.375625	0.29202791231895114
0.37625000000000003	0.2919607608609941
0.37687499999999996	0.29189396786277233
0.3775	0.291827532960337
0.378125	0.29176145579326235
0.37875000000000003	0.29169573600461446
0.379375	0.29163037324091645
0.38	0.29156536715211795
0.380625	0.2915007173915605
0.38125	0.29143642361594735
0.381875	0.29137248548531075
0.3825	0.29130890266298254
0.383125	0.29124567481556185
0.38375	0.29118280161288534
0.384375	0.29112028272799695
0.385	0.2910581178371191
0.385625	0.2909963066196222
0.38625	0.29093484875799647
0.38687499999999997	0.29087374393782345
0.3875	0.290812991847747
0.388125	0.2907525921794465
0.38875000000000004	0.290692544627608
0.38937499999999997	0.2906328488898985
0.39	0.29057350466693704
0.390625	0.2905145116622703
0.39125	0.2904558695823449
0.39187500000000003	0.2903975781364814
0.39249999999999996	0.29033963703685
0.393125	0.2902820459984435
0.39375	0.2902248047390534
0.39437500000000003	0.2901679129792448
0.395	0.290111370442332
0.395625	0.2900551768543543
0.39625	0.2899993319440525
0.396875	0.28994383544284474
0.3975	0.2898886870848036
0.398125	0.2898338866066336
0.39875	0.2897794337476468
0.399375	0.2897253282497431
0.4	0.28967156985738546
0.40062499999999995	0.289618158317579
0.40125	0.28956509337985004
0.401875	0.28951237479622394
0.4025	0.2894600023212037
0.403125	0.28940797571175014
0.40374999999999994	0.2893562947272608
0.40437500000000004	0.28930495912954896
0.40499999999999997	0.2892539686828249
0.405625	0.28920332315367453
0.40625	0.28915302231104173
0.406875	0.28910306592620616
0.40750000000000003	0.2890534537727671
0.40812499999999996	0.2890041856266232
0.40875000000000006	0.288955261265953
0.409375	0.2889066804711982
0.41	0.28885844302504415
0.410625	0.2888105487124028
0.41125	0.2887629973203941
0.41187500000000005	0.2887157886383288
0.4125	0.28866892245769216
0.41312499999999996	0.28862239857212457
0.41375	0.28857621677740675
0.414375	0.2885303768714424
0.41500000000000004	0.28848487865424116
0.415625	0.2884397219279032
0.41624999999999995	0.28839490649660304
0.416875	0.2883504321665727
0.4175	0.28830629874608743
0.418125	0.28826250604544973
0.41875	0.28821905387697305
0.41937499999999994	0.2881759420549689
0.42000000000000004	0.28813317039572994
0.42062499999999997	0.2880907387175161
0.42125	0.2880486468405401
0.421875	0.28800689458695367
0.4225	0.2879654817808316
0.42312500000000003	0.28792440824816035
0.42374999999999996	0.2878836738168218
0.42437500000000006	0.28784327831658163
0.425	0.2878032215790748
0.425625	0.28776350343779195
0.42625	0.28772412372806805
0.426875	0.28768508228706763
0.42750000000000005	0.28764637895377293
0.428125	0.28760801356897114
0.42874999999999996	0.28756998597524225
0.429375	0.2875322960169465
0.43	0.2874949435402124
0.43062500000000004	0.28745792839292467
0.43125	0.28742125042471334
0.43187499999999995	0.2873849094869404
0.4325	0.28734890543269004
0.433125	0.2873132381167566
0.43375	0.2872779073956335
0.434375	0.2872429131275021
0.43499999999999994	0.28720825517222154
0.43562500000000004	0.287173933391317
0.43624999999999997	0.2871399476479701
0.436875	0.28710629780700797
0.4375	0.287072983734893
0.438125	0.2870400052997127
0.43875000000000003	0.28700736237117036
0.43937499999999996	0.2869750548205747
0.44000000000000006	0.2869430825208296
0.440625	0.28691144534642565
0.44125	0.28688014317343
0.441875	0.28684917587947756
0.4425	0.286818543343761
0.44312500000000005	0.286788245447023
0.44375	0.28675828207154597
0.44437499999999996	0.2867286531011445
0.445	0.2866993584211558
0.445625	0.2866703979184316
0.44625000000000004	0.28664177148133024
0.446875	0.28661347899970696
0.44749999999999995	0.28658552036490786
0.448125	0.2865578954697597
0.44875	0.28653060420856363
0.449375	0.286503646477087
0.45	0.2864770221725546
0.45062499999999994	0.2864507311936432
0.45125000000000004	0.2864247734404724
0.45187499999999997	0.28639914881459816
0.4525	0.2863738572190052
0.453125	0.28634889855810025
0.45375	0.2863242727377053
0.45437500000000003	0.2862999796650497
0.45499999999999996	0.2862760192487646
0.45562500000000006	0.2862523913988763
0.45625	0.28622909602679875
0.456875	0.2862061330453278
0.4575	0.28618350236863505
0.458125	0.28616120391226146
0.45875000000000005	0.28613923759311116
0.459375	0.2861176033294457
0.45999999999999996	0.2860963010408779
0.460625	0.2860753306483669
0.46125	0.286054692074211
0.46187500000000004	0.28603438524204355
0.4625	0.28601441007682693
0.46312499999999995	0.2859947665048468
0.46375	0.2859754544537077
0.464375	0.28595647385232703
0.465	0.28593782463093115
0.465625	0.28591950672104866
0.46624999999999994	0.28590152005550745
0.46687500000000004	0.2858838645684287
0.46749999999999997	0.28586654019522284
0.468125	0.2858495468725842
0.46875	0.28583288453848754
0.469375	0.28581655313218357
0.47000000000000003	0.2858005525941933
0.47062499999999996	0.2857848828663056
0.47125000000000006	0.2857695438915724
0.471875	0.2857545356143045
0.4725	0.28573985798006724
0.473125	0.28572551093567883
0.47375	0.2857114944292038
0.47437500000000005	0.28569780840995057
0.475	0.28568445282846855
0.47562499999999996	0.2856714276365442
0.47625	0.2856587327871968
0.476875	0.2856463682346766
0.47750000000000004	0.28563433393446114
0.478125	0.28562262984325115
0.47874999999999995	0.28561125591896946
0.479375	0.28560021212075576
0.48	0.28558949840896597
0.480625	0.2855791147451681
0.48125	0.2855690610921401
0.48187499999999994	0.2855593374138672
0.48250000000000004	0.285549943675539
0.48312499999999997	0.285540879843548
0.48375	0.2855321458854864
0.484375	0.2855237417701444
0.485	0.2855156674675074
0.48562500000000003	0.28550792294875454
0.48624999999999996	0.28550050818625683
0.48687500000000006	0.2854934231535744
0.4875	0.28548666782545545
0.488125	0.2854802421778346
0.48875	0.2854741461878299
0.489375	0.28546837983374357
0.49000000000000005	0.285462943095058
0.490625	0.28545783595243623
0.49124999999999996	0.28545305838771967
0.491875	0.2854486103839269
0.4925	0.2854444919252533
0.49312500000000004	0.2854407029970683
0.49375	0.28543724358591654
0.49437499999999995	0.28543411367951493
0.495	0.2854313132667534
0.495625	0.285428842337693
0.49625	0.28542670088356603
0.496875	0.2854248888967745
0.49749999999999994	0.2854234063708907
0.49812500000000004	0.28542225330065585
0.49874999999999997	0.28542142968198053
0.499375	0.2854209355119435
0.5	0.2854207707887927
0.500625	0.2854209355119435
0.50125	0.2854214296819804
0.501875	0.2854222533006558
0.5025000000000001	0.28542340637089075
0.503125	0.28542488889677436
0.5037499999999999	0.285426700883566
0.504375	0.2854288423376931
0.505	0.28543131326675353
0.505625	0.28543411367951493
0.50625	0.2854372435859165
0.506875	0.28544070299706825
0.5075000000000001	0.2854444919252532
0.5081249999999999	0.2854486103839269
0.50875	0.28545305838771956
0.509375	0.28545783595243623
0.51	0.28546294309505793
0.510625	0.28546837983374346
0.51125	0.28547414618783
0.5118750000000001	0.2854802421778346
0.5125	0.28548666782545545
0.5131249999999999	0.28549342315357434
0.51375	0.2855005081862569
0.514375	0.28550792294875454
0.515	0.28551566746750734
0.515625	0.28552374177014445
0.51625	0.28553214588548637
0.516875	0.28554087984354803
0.5175	0.28554994367553893
0.5181250000000001	0.2855593374138672
0.51875	0.28556906109214
0.5193749999999999	0.2855791147451681
0.52	0.2855894984089659
0.520625	0.28560021212075576
0.52125	0.28561125591896935
0.521875	0.2856226298432512
0.5225	0.28563433393446114
0.5231250000000001	0.28564636823467654
0.5237499999999999	0.2856587327871968
0.524375	0.2856714276365442
0.525	0.28568445282846855
0.525625	0.28569780840995057
0.52625	0.2857114944292037
0.526875	0.28572551093567883
0.5275000000000001	0.28573985798006724
0.528125	0.2857545356143045
0.5287499999999999	0.28576954389157233
0.529375	0.28578488286630543
0.53	0.2858005525941934
0.530625	0.2858165531321835
0.53125	0.2858328845384876
0.531875	0.2858495468725841
0.5325	0.28586654019522284
0.533125	0.2858838645684288
0.5337500000000001	0.2859015200555075
0.534375	0.2859195067210486
0.5349999999999999	0.285937824630931
0.535625	0.2859564738523271
0.53625	0.2859754544537077
0.536875	0.28599476650484684
0.5375	0.2860144100768268
0.538125	0.28603438524204366
0.5387500000000001	0.286054692074211
0.5393749999999999	0.286075330648367
0.54	0.286096301040878
0.540625	0.28611760332944586
0.54125	0.2861392375931111
0.541875	0.2861612039122614
0.5425	0.28618350236863493
0.5431250000000001	0.28620613304532777
0.54375	0.28622909602679886
0.5443749999999999	0.28625239139887637
0.545	0.2862760192487648
0.545625	0.2862999796650498
0.54625	0.28632427273770533
0.546875	0.2863488985581003
0.5475	0.2863738572190051
0.548125	0.28639914881459816
0.54875	0.28642477344047246
0.5493750000000001	0.28645073119364317
0.55	0.2864770221725546
0.5506249999999999	0.28650364647708687
0.55125	0.2865306042085636
0.551875	0.2865578954697596
0.5525	0.28658552036490775
0.553125	0.286613478999707
0.55375	0.28664177148133024
0.5543750000000001	0.28667039791843163
0.5549999999999999	0.28669935842115574
0.555625	0.2867286531011445
0.55625	0.28675828207154597
0.556875	0.28678824544702297
0.5575	0.28681854334376095
0.558125	0.28684917587947756
0.5587500000000001	0.2868801431734301
0.559375	0.2869114453464256
0.5599999999999999	0.28694308252082956
0.560625	0.2869750548205747
0.56125	0.28700736237117047
0.561875	0.2870400052997128
0.5625	0.28707298373489293
0.563125	0.287106297807008
0.56375	0.28713994764797
0.564375	0.2871739333913171
0.5650000000000001	0.28720825517222154
0.565625	0.2872429131275021
0.5662499999999999	0.2872779073956335
0.566875	0.2873132381167566
0.5675	0.2873489054326901
0.568125	0.2873849094869404
0.56875	0.2874212504247134
0.569375	0.2874579283929247
0.5700000000000001	0.2874949435402123
0.5706249999999999	0.2875322960169464
0.57125	0.2875699859752423
0.571875	0.2876080135689712
0.5725	0.287646378953773
0.573125	0.28768508228706763
0.57375	0.28772412372806805
0.5743750000000001	0.28776350343779206
0.575	0.28780322157907484
0.5756249999999999	0.2878432783165817
0.57625	0.2878836738168218
0.576875	0.2879244082481603
0.5775	0.2879654817808316
0.578125	0.28800689458695367
0.57875	0.28804864684054016
0.579375	0.2880907387175162
0.58	0.28813317039572994
0.5806250000000001	0.2881759420549689
0.58125	0.28821905387697305
0.5818749999999999	0.28826250604544956
0.5825	0.2883062987460875
0.583125	0.2883504321665727
0.58375	0.28839490649660304
0.584375	0.2884397219279032
0.585	0.2884848786542412
0.5856250000000001	0.28853037687144245
0.5862499999999999	0.2885762167774068
0.586875	0.28862239857212457
0.5875	0.2886689224576922
0.588125	0.28871578863832886
0.58875	0.28876299732039407
0.589375	0.2888105487124027
0.5900000000000001	0.2888584430250442
0.590625	0.2889066804711982
0.5912499999999999	0.288955261265953
0.591875	0.2890041856266233
0.5925	0.2890534537727671
0.593125	0.2891030659262062
0.59375	0.2891530223110417
0.594375	0.2892033231536745
0.595	0.2892539686828249
0.595625	0.2893049591295489
0.5962500000000001	0.2893562947272608
0.596875	0.28940797571175014
0.5974999999999999	0.2894600023212037
0.598125	0.28951237479622394
0.59875	0.2895650933798501
0.599375	0.28961815831757903
0.6	0.28967156985738546
0.600625	0.2897253282497431
0.6012500000000001	0.28977943374764686
0.6018749999999999	0.2898338866066336
0.6025	0.28988868708480353
0.603125	0.28994383544284474
0.60375	0.2899993319440526
0.604375	0.2900551768543542
0.605	0.29011137044233204
0.6056250000000001	0.29016791297924477
0.60625	0.29022480473905343
0.6068749999999999	0.2902820459984435
0.6075	0.29033963703684995
0.608125	0.2903975781364814
0.60875	0.29045586958234487
0.609375	0.2905145116622703
0.61	0.29057350466693704
0.610625	0.2906328488898985
0.61125	0.290692544627608
0.6118750000000001	0.2907525921794466
0.6125	0.2908129918477469
0.6131249999999999	0.2908737439378234
0.61375	0.2909348487579965
0.614375	0.29099630661962217
0.615	0.29105811783711916
0.615625	0.291120282727997
0.61625	0.29118280161288534
0.6168750000000001	0.2912456748155619
0.6174999999999999	0.29130890266298254
0.618125	0.29137248548531086
0.61875	0.2914364236159473
0.619375	0.29150071739156047
0.62	0.29156536715211784
0.620625	0.2916303732409165
0.6212500000000001	0.29169573600461435
0.621875	0.29176145579326235
0.6224999999999999	0.291827532960337
0.623125	0.29189396786277244
0.62375	0.29196076086099415
0.624375	0.2920279123189512
0.625	0.2920954226041514
0.625625	0.2921632920876948
0.62625	0.2922315211443085
0.626875	0.29230011015238166
0.6275000000000001	0.29236905949400066
0.628125	0.2924383695549866
0.6287499999999999	0.29250804072492864
0.629375	0.29257807339722436
0.63	0.29264846796911403
0.630625	0.2927192248417198
0.63125	0.29279034442008384
0.631875	0.292861827113206
0.6325000000000001	0.29293367333408404
0.6331249999999999	0.2930058834997525
0.63375	0.29307845803132215
0.634375	0.2931513973540221
0.635	0.2932247018972395
0.635625	0.29329837209456056
0.63625	0.29337240838381423
0.6368750000000001	0.2934468112071131
0.6375	0.29352158101089737
0.6381249999999999	0.2935967182459779
0.63875	0.2936722233675799
0.639375	0.2937480968353887
0.64	0.29382433911359346
0.640625	0.2939009506709334
0.64125	0.2939779319807444
0.641875	0.29405528352100424
0.6425	0.2941330057743824
0.6431250000000001	0.2942110992282858
0.64375	0.29428956437490816
0.6443749999999999	0.2943684017112782
0.645	0.2944476117393108
0.645625	0.2945271949658561
0.64625	0.2946071519027501
0.646875	0.2946874830668672
0.6475	0.29476818898017126
0.6481250000000001	0.29484927016976825
0.6487499999999999	0.29493072716796115
0.649375	0.2950125605123016
0.65	0.2950947707456464
0.650625	0.2951773584162112
0.65125	0.2952603240776284
0.651875	0.29534366828900166
0.6525000000000001	0.29542739161496495
0.653125	0.2955114946257392
0.6537499999999999	0.29559597789719205
0.654375	0.29568084201089645
0.655	0.29576608755419115
0.655625	0.29585171512024167
0.65625	0.29593772530810125
0.656875	0.2960241187227743
0.6575	0.2961108959752782
0.658125	0.29619805768270746
0.6587500000000001	0.2962856044683001
0.659375	0.29637353696149954
0.6599999999999999	0.29646185579802414
0.660625	0.2965505616199319
0.66125	0.2966396550756894
0.661875	0.2967291368202407
0.6625	0.2968190075150754
0.663125	0.2969092678283
0.6637500000000001	0.2969999184347089
0.6643749999999999	0.29709096001585594
0.665	0.2971823932601277
0.665625	0.29727421886281685
0.66625	0.29736643752619746
0.666875	0.2974590499595991
0.6675	0.2975520568794854
0.6681250000000001	0.29764545900952977
0.66875	0.29773925708069376
0.6693749999999999	0.29783345183130755
0.67	0.29792804400714873
0.670625	0.2980230343615248
0.67125	0.29811842365535396
0.671875	0.29821421265724923
0.6725	0.2983104021436031
0.673125	0.2984069928986714
0.67375	0.2985039857146599
0.6743750000000001	0.2986013813918129
0.675	0.2986991807384994
0.6756249999999999	0.298797384571305
0.67625	0.29889599371511966
0.676875	0.2989950090032319
0.6775	0.2990944312774198
0.678125	0.2991942613880457
0.67875	0.2992945001941507
0.6793750000000001	0.29939514856355115
0.6799999999999999	0.29949620737293536
0.680625	0.2995976775079634
0.68125	0.2996995598633656
0.681875	0.29980185534304343
0.6825	0.2999045648601726
0.683125	0.3000076893373057
0.6837500000000001	0.30011122970647697
0.684375	0.30021518690930843
0.6849999999999999	0.3003195618971173
0.685625	0.30042435563102315
0.68625	0.3005295690820602
0.686875	0.3006352032312862
0.6875	0.30074125906989585
0.688125	0.3008477375993357
0.68875	0.3009546398314173
0.689375	0.3010619667884363
0.6900000000000001	0.3011697195032884
0.690625	0.3012778990195911
0.6912499999999999	0.3013865063918033
0.691875	0.3014955426853478
0.6925	0.3016050089767361
0.693125	0.3017149063536942
0.69375	0.3018252359152879
0.694375	0.301935998772054
0.6950000000000001	0.30204719604612856
0.6956249999999999	0.3021588288713795
0.69625	0.3022708983935402
0.696875	0.30238340577034406
0.6975	0.3024963521716617
0.698125	0.3026097387796392
0.69875	0.3027235667888383
0.6993750000000001	0.30283783740637843
0.7	0.30295255185207953
0.7006249999999999	0.30306771135860844
0.70125	0.3031833171716252
0.701875	0.30329937054993267
0.7025	0.30341587276562665
0.703125	0.30353282510424945
0.70375	0.30365022886494325
0.704375	0.303768085360607
0.705	0.30388639591805555
0.7056250000000001	0.3040051618781785
0.70625	0.3041243845961041
0.7068749999999999	0.30424406544136184
0.7075	0.30436420579805007
0.708125	0.30448480706500414
0.70875	0.30460587065596567
0.709375	0.3047273979997571
0.71	0.30484939054045435
0.7106250000000001	0.3049718497375651
0.7112499999999999	0.3050947770662072
0.711875	0.30521817401728996
0.7125	0.30534204209769766
0.713125	0.3054663828304755
0.71375	0.30559119775501675
0.714375	0.3057164884272549
0.7150000000000001	0.30584225641985446
0.715625	0.30596850332240716
0.7162499999999999	0.30609523074162936
0.716875	0.30622244030156226
0.7175	0.30635013364377317
0.718125	0.3064783124275625
0.71875	0.30660697833016937
0.719375	0.306736133046983
0.72	0.30686577829175476
0.720625	0.3069959157968136
0.7212500000000001	0.30712654731328487
0.721875	0.3072576746113099
0.7224999999999999	0.30738929948027044
0.723125	0.30752142372901387
0.72375	0.307654049186084
0.724375	0.3077871776999514
0.725	0.30792081113924896
0.725625	0.30805495139300987
0.7262500000000001	0.30818960037090787
0.7268749999999999	0.30832476000350106
0.7275	0.3084604322424795
0.728125	0.3085966190609137
0.72875	0.3087333224535088
0.729375	0.3088705444368604
0.73	0.3090082870497137
0.7306250000000001	0.30914655235322563
0.73125	0.3092853424312325
0.7318749999999999	0.30942465939051705
0.7325	0.3095645053610828
0.733125	0.30970488249642875
0.73375	0.30984579297382975
0.734375	0.3099872389946191
0.735	0.3101292227844747
0.735625	0.3102717465937106
0.73625	0.3104148126975683
0.7368750000000001	0.310558423396517
0.7375	0.31070258101655285
0.7381249999999999	0.31084728790950417
0.73875	0.310992546453341
0.739375	0.31113835905248743
0.74	0.3112847281381386
0.740625	0.31143165616858
0.74125	0.3115791456295128
0.7418750000000001	0.3117271990343845
0.7424999999999999	0.31187581892471916
0.743125	0.31202500787045484
0.74375	0.31217476847028686
0.744375	0.3123251033520119
0.745	0.3124760151728776
0.745625	0.3126275066199385
0.7462500000000001	0.31277958041041437
0.746875	0.3129322392920528
0.7474999999999999	0.31308548604349873
0.748125	0.3132393234746662
0.74875	0.31339375442711603
0.749375	0.31354878177443846
0.75	0.31370440842263914
0.750625	0.31386063731053315
0.75125	0.31401747141013936
0.751875	0.3141749137270851
0.7525000000000001	0.31433296730101074
0.753125	0.31449163520598433
0.7537499999999999	0.3146509205509175
0.754375	0.31481082647998887
0.755	0.31497135617307287
0.755625	0.31513251284617205
0.75625	0.31529429975185796
0.756875	0.31545672017971477
0.7575000000000001	0.3156197774567897
0.7581249999999999	0.31578347494805065
0.75875	0.31594781605684735
0.759375	0.31611280422537846
0.76	0.3162784429351674
0.760625	0.31644473570754084
0.76125	0.31661168610411616
0.7618750000000001	0.3167792977272925
0.7625	0.31694757422075054
0.7631249999999999	0.31711651926995776
0.76375	0.3172861366026787
0.764375	0.3174564299894943
0.765	0.31762740324432714
0.765625	0.31779906022497123
0.76625	0.31797140483363223
0.766875	0.3181444410174718
0.7675	0.3183181727691602
0.7681250000000001	0.31849260412743613
0.76875	0.31866773917767327
0.7693749999999999	0.3188435820524533
0.77	0.3190201369321491
0.770625	0.3191974080455129
0.77125	0.3193753996702721
0.771875	0.3195541161337345
0.7725	0.3197335618134003
0.7731250000000001	0.319913741137582
0.7737499999999999	0.3200946585860324
0.774375	0.3202763186905809
0.775	0.3204587260357779
0.775625	0.32064188525954856
0.77625	0.3208258010538521
0.776875	0.32101047816535433
0.7775000000000001	0.321195921396105
0.778125	0.32138213560422507
0.7787499999999999	0.32156912570460394
0.779375	0.3217568966696055
0.78	0.32194545352978143
0.780625	0.3221348013745967
0.78125	0.32232494535316353
0.781875	0.3225158906749832
0.7825	0.3227076426107009
0.783125	0.32290020649286744
0.7837500000000001	0.3230935877167129
0.784375	0.3232877917409291
0.7849999999999999	0.3234828240884644
0.785625	0.3236786903473261
0.78625	0.32387539617139544
0.786875	0.3240729472812539
0.7875	0.3242713494650184
0.788125	0.3244706085791884
0.7887500000000001	0.3246707305495056
0.7893749999999999	0.32487172137182185
0.79	0.3250735871129836
0.790625	0.32527633391172134
0.79125	0.32547996797955875
0.791875	0.32568449560172585
0.7925	0.32588992313809073
0.7931250000000001	0.3260962570241019
0.79375	0.32630350377173983
0.7943749999999999	0.326511669970487
0.795	0.32672076228830615
0.795625	0.326930787472635
0.79625	0.327141752351392
0.796875	0.3273536638339959
0.7975	0.32756652891240107
0.798125	0.32778035466214467
0.79875	0.3279951482434089
0.7993750000000001	0.3282109169020976
0.8	0.32842766797092615
0.8006249999999999	0.32864540887052945
0.8012499999999999	0.3288641471105811
0.8018750000000001	0.3290838902909304
0.8025	0.3293046461027537
0.803125	0.32952642232972207
0.80375	0.32974922684918473
0.804375	0.32997306763336853
0.805	0.3301979527505947
0.805625	0.33042389036651054
0.80625	0.33065088874534115
0.806875	0.33087895625115593
0.8074999999999999	0.3311081013491514
0.8081250000000001	0.3313383326069571
0.8087500000000001	0.3315696586959543
0.809375	0.33180208839261593
0.8099999999999999	0.33203563057986263
0.8106249999999999	0.3322702942484428
0.81125	0.33250608849832636
0.811875	0.33274302254012045
0.8125	0.33298110569650635
0.813125	0.3332203474036951
0.81375	0.33346075721290425
0.8143750000000001	0.3337023447918549
0.8150000000000001	0.33394511992629056
0.815625	0.33418909252151935
0.8162499999999999	0.33443427260397435
0.8168749999999999	0.33468067032280074
0.8175000000000001	0.3349282959514624
0.818125	0.3351771598893727
0.81875	0.3354272726635508
0.819375	0.3356786449302988
0.82	0.3359312874769055
0.820625	0.3361852112233748
0.82125	0.33644042722417833
0.821875	0.3366969466700344
0.8225	0.3369547808897146
0.8231249999999999	0.33721394135187444
0.8237500000000001	0.3374744396669139
0.8243750000000001	0.3377362875888627
0.825	0.33799949701729654
0.8256249999999999	0.33826407999928226
0.8262499999999999	0.3385300487313487
0.826875	0.3387974155614911
0.8275	0.33906619299120483
0.828125	0.3393363936775482
0.82875	0.33960803043524124
0.829375	0.33988111623879147
0.8300000000000001	0.3401556642246574
0.8306250000000001	0.3404316876934403
0.83125	0.340709200112116
0.8318749999999999	0.34098821511629746
0.8324999999999999	0.3412687465125336
0.8331250000000001	0.34155080828064566
0.83375	0.34183441457609925
0.834375	0.3421195797324161
0.835	0.34240631826362183
0.835625	0.342694644866736
0.83625	0.34298457442429975
0.836875	0.3432761220069468
0.8375	0.3435693028760151
0.838125	0.3438641324862021
0.8387499999999999	0.3441606264882651
0.8393750000000001	0.34445880073176327
0.8400000000000001	0.3447586712678486
0.840625	0.34506025435210336
0.8412499999999999	0.34536356644742466
0.8418749999999999	0.3456686242269588
0.8425	0.3459754445770856
0.843125	0.34628404460045403
0.84375	0.34659444161907266
0.844375	0.34690665317745106
0.845	0.34722069704579817
0.8456250000000001	0.34753659122327707
0.8462500000000001	0.34785435394131864
0.846875	0.34817400366699364
0.8474999999999999	0.3484955591064442
0.8481249999999999	0.34881903920838425
0.8487500000000001	0.3491444631676547
0.849375	0.3494718504288535
0.85	0.34980122069002534
0.850625	0.3501325939064288
0.85125	0.3504659902943675
0.851875	0.35080143033509703
0.8525	0.3511389347788095
0.853125	0.35147852464869006
0.85375	0.3518202212450578
0.8543749999999999	0.3521640461495834
0.8550000000000001	0.3525100212295956
0.8556250000000001	0.35285816864246855
0.85625	0.3532085108401
0.8568749999999999	0.35356107057348424
0.8574999999999999	0.35391587089736987
0.858125	0.3542729351750244
0.85875	0.35463228708308986
0.859375	0.35499395061654604
0.86	0.3553579500937766
0.860625	0.35572431016174433
0.8612500000000001	0.3560930558012791
0.8618750000000001	0.3564642123324783
0.8625	0.35683780542023225
0.8631249999999999	0.35721386107986447
0.8637499999999999	0.3575924056829063
0.8643750000000001	0.3579734659629955
0.865	0.3583570690219139
0.865625	0.35874324233576343
0.86625	0.3591320137612845
0.866875	0.35952341154232487
0.8675	0.3599174643164601
0.868125	0.3603142011217735
0.86875	0.36071365140380024
0.869375	0.36111584502264044
0.8699999999999999	0.3615208122602467
0.8706250000000001	0.3619285838278954
0.8712500000000001	0.3623391908738422
0.871875	0.3627526649911748
0.8724999999999999	0.3631690382258654
0.8731249999999999	0.36358834308502974
0.87375	0.36401061254540495
0.874375	0.3644358800620464
0.875	0.3648641795772605
0.875625	0.36529554552977495
0.87625	0.36573001286415474
0.8768750000000001	0.36616761704048345
0.8775000000000001	0.36660839404430157
0.878125	0.36705238039683163
0.8787499999999999	0.3674996131654848
0.8793749999999999	0.3679501299746694
0.8800000000000001	0.3684039690169062
0.880625	0.36886116906426847
0.88125	0.3693217694801542
0.881875	0.3697858102314057
0.8825	0.37025333190079135
0.883125	0.3707243756998583
0.88375	0.37119898348217784
0.884375	0.3716771977569946
0.885	0.37215906170329593
0.8856249999999999	0.37264461918432007
0.8862500000000001	0.3731339147625181
0.8868750000000001	0.3736269937149891
0.8875	0.37412390204941287
0.8881249999999999	0.3746246865204879
0.8887499999999999	0.3751293946469103
0.889375	0.37563807472890415
0.89	0.37615077586633433
0.890625	0.37666754797741747
0.89125	0.37718844181806777
0.891875	0.37771350900189177
0.8925000000000001	0.37824280202086696
0.8931250000000001	0.3787763742667346
0.89375	0.3793142800531294
0.8943749999999999	0.379856574638484
0.8949999999999999	0.38040331424974194
0.8956250000000001	0.3809545561069081
0.89625	0.3815103584484785
0.896875	0.38207078055778737
0.8975	0.3826358827903071
0.898125	0.38320572660194563
0.89875	0.383780374578389
0.899375	0.38435989046552854
0.9	0.3849443392010254
0.900625	0.3855337869470608
0.9012499999999999	0.38612830112432855
0.9018750000000001	0.38672795044732133
0.9025000000000001	0.38733280496097217
0.903125	0.3879429360787102
0.9037499999999999	0.38855841662200324
0.9043749999999999	0.3891793208614405
0.905	0.389805724559438
0.905625	0.39043770501464253
0.90625	0.3910753411081028
0.906875	0.3917187133512993
0.9075	0.3923679039361162
0.9081250000000001	0.3930229967868458
0.9087500000000001	0.3936840776143265
0.909375	0.3943512339723073
0.9099999999999999	0.3950245553161516
0.9106249999999999	0.39570413306399155
0.9112500000000001	0.3963900606604453
0.911875	0.39708243364303025
0.9125	0.3977813497113935
0.913125	0.398486908799504
0.91375	0.3991992131509478
0.914375	0.39991836739748104
0.915	0.40064447864100083
0.915625	0.40137765653910484
0.91625	0.40211801339442
0.9168749999999999	0.4028656642478868
0.9175000000000001	0.4036207269762006
0.9181250000000001	0.4043833223936246
0.91875	0.40515357435839533
0.9193749999999999	0.40593160988394866
0.9199999999999999	0.40671755925523256
0.920625	0.40751155615035883
0.92125	0.4083137377678703
0.921875	0.40912424495993366
0.9225	0.4099432223717531
0.923125	0.41077081858755204
0.9237500000000001	0.4116071862834672
0.9243750000000001	0.41245248238772353
0.925	0.41330686824849766
0.9256249999999999	0.4141705098098806
0.9262499999999999	0.41504357779638806
0.9268750000000001	0.41592624790649185
0.9275	0.4168187010156764
0.928125	0.4177211233895578
0.92875	0.4186337069076306
0.929375	0.41955664929825087
0.93	0.42049015438550263
0.930625	0.42143443234863465
0.93125	0.4223896999947984
0.931875	0.42335618104587774
0.9324999999999999	0.42433410644023184
0.9331250000000001	0.4253237146502579
0.9337500000000001	0.426325252016715
0.934375	0.4273389731008358
0.9349999999999999	0.4283651410553071
0.9356249999999999	0.4294040280152915
0.93625	0.4304559155107374
0.936875	0.43152109490131024
0.9375	0.4325998678353921
0.938125	0.4336925467346583
0.93875	0.4347994553059255
0.9393750000000001	0.43592092908200736
0.9400000000000001	0.4370573159934932
0.940625	0.43820897697351413
0.9412499999999999	0.43937628659767264
0.9418749999999999	0.44055963376153756
0.9425000000000001	0.4417594223982361
0.943125	0.44297607223890867
0.94375	0.4442100196190031
0.944375	0.44546171833359194
0.945	0.4467316405452019
0.945625	0.4480202777478679
0.94625	0.4493281417914743
0.946875	0.450655765970739
0.9475	0.4520037061835784
0.9481249999999999	0.45337254216397865
0.9487500000000001	0.45476287879491567
0.9493750000000001	0.4561753475073478
0.95	0.4576106077718055
0.9506249999999999	0.4590693486896613
0.9512499999999999	0.4605522906917773
0.951875	0.462060187352883
0.9525	0.4635938273307715
0.953125	0.46515403644020953
0.95375	0.4667416798722996
0.954375	0.4683576645710299
0.9550000000000001	0.4700029417797611
0.9556250000000001	0.4716785097715642
0.95625	0.47338541677859997
0.9568749999999999	0.4751247641370744
0.9574999999999999	0.4768977096658781
0.9581250000000001	0.4787054712986343
0.95875	0.4805493309907601
0.959375	0.48243063892514415
0.96	0.484350818042254
0.960625	0.48631136892295396
0.96125	0.48831387505498913
0.961875	0.49036000851705897
0.9625	0.4924515361176656
0.963125	0.49459032602953085
0.9637499999999999	0.49677835496434003
0.9643750000000001	0.49901771593696703
0.9650000000000001	0.5013106266731444
0.965625	0.5036594387199288
0.9662499999999999	0.5060666473241913
0.9668749999999999	0.5085349021509004
0.9675	0.5110670189202057
0.968125	0.5136659920503156
0.96875	0.516335008402022
0.969375	0.5190774622305612
0.97	0.5218969714613491
0.9706250000000001	0.5247973954182573
0.9712500000000001	0.5277828541464117
0.971875	0.5308577494864843
0.9724999999999999	0.5340267880738968
0.9731249999999999	0.5372950064547867
0.9737500000000001	0.5406677985310496
0.974375	0.5441509455695276
0.975	0.5477506490358393
0.975625	0.5514735665415752
0.97625	0.5553268512252187
0.976875	0.559318194922361
0.9775	0.563455875520153
0.978125	0.5677488089349948
0.97875	0.5722066062017017
0.9793749999999999	0.5768396362175707
0.9800000000000001	0.5816590947466237
0.9806250000000001	0.586677080358638
0.98125	0.5919066780554912
0.9818749999999999	0.59736205142481
0.9824999999999999	0.6030585442593569
0.983125	0.6090127926913763
0.98375	0.6152428490159058
0.984375	0.6217683185179199
0.985	0.6286105107770241
0.985625	0.6357926071030752
0.9862500000000001	0.6433398459592576
0.9868750000000001	0.6512797284591605
0.9875	0.6596422462852745
0.9881249999999999	0.6684601346720611
0.9887499999999999	0.6777691534330966
0.9893750000000001	0.6876083993938653
0.99	0.6980206540270572
0.990625	0.7090527705831935
0.99125	0.7207561055752497
0.991875	0.7331870001224724
0.9925	0.7464073173978
0.993125	0.7604850432696815
0.99375	0.7754949581993645
0.994375	0.7915193895679132
0.9949999999999999	0.8086490548865062
0.9956250000000001	0.8269840078148034
0.9962500000000001	0.8466347006064759
0.996875	0.8677231785546472
0.9974999999999999	0.8903844242645577
0.9981249999999999	0.9147678721866576
0.99875	0.9410391168579564
0.999375	0.9693818417910899
1.0	0.9999999999999997
