0.0	0.9999999999999978
0.000625	0.9769540324517417
0.00125	0.9545147739882731
0.001875	0.932664467645198
0.0025	0.9113859207620296
0.003125	0.8906624856613513
0.00375	0.8704780410496751
0.0043749999999999995	0.8508169741097023
0.005	0.8316641632551052
0.005625	0.8130049615204583
0.00625	0.7948251805601154
0.006875000000000001	0.7771110752312025
0.0075	0.7598493287369846
0.008125	0.743027038308008
0.008749999999999999	0.7266317013994573
0.009375	0.7106512023841628
0.01	0.6950737997216204
0.010624999999999999	0.6798881135842901
0.01125	0.6650831139232587
0.011875	0.6506481089561754
0.0125	0.6365727340610917
0.013125000000000001	0.622846941060593
0.013750000000000002	0.6094609878812461
0.014374999999999999	0.5964054285740734
0.015	0.5836711036823472
0.015625	0.5712491309435905
0.01625	0.5591308963132458
0.016875	0.5473080452979512
0.017499999999999998	0.5357724745869207
0.018125	0.5245163239703567
0.01875	0.5135319685343226
0.019375	0.5028120111218826
0.02	0.49234927505077825
0.020624999999999998	0.482136797078274
0.021249999999999998	0.47216782060420526
0.021875	0.4624357891035841
0.0225	0.45293433978049763
0.023125	0.4436572974353408
0.02375	0.43459866853774115
0.024375	0.4257526354978303
0.025	0.41711355112881077
0.025625	0.408675933294018
0.026250000000000002	0.40043445973197234
0.026875	0.39238396305312884
0.027500000000000004	0.3845194259022943
0.028125	0.3768359762809129
0.028749999999999998	0.3693288830236136
0.029375000000000002	0.36199355142366285
0.03	0.3548255190021242
0.030625000000000003	0.3478204514157608
0.03125	0.3409741384988639
0.031875	0.3342824904343992
0.0325	0.3277415340500108
0.033125	0.3213474092346002
0.03375	0.31509636547134307
0.034375	0.30898475848317125
0.034999999999999996	0.3030090469868729
0.035625000000000004	0.29716578955212297
0.03625	0.2914516415618742
0.036875000000000005	0.28586335227067355
0.0375	0.2803977619575934
0.038125	0.27505179917057704
0.03875	0.2698224780591264
0.039375	0.26470689579235523
0.04	0.25970223005953846
0.040625	0.2548057366504031
0.041249999999999995	0.2500147471124831
0.041875	0.24532666648297216
0.042499999999999996	0.24073897109258466
0.043125000000000004	0.2362492064390356
0.04375	0.23185498512782016
0.044375	0.22755398487806458
0.045	0.22334394659129259
0.045625	0.21922267248102598
0.04625	0.21518802426121408
0.046875	0.21123792139155279
0.0475	0.20737033937781668
0.048125	0.20358330812540454
0.04875	0.19987491034434485
0.049375	0.19624328000408128
0.05	0.19268660083640812
0.050624999999999996	0.18920310488497918
0.05125	0.18579107109987922
0.051875000000000004	0.1824488239757821
0.052500000000000005	0.179174732232285
0.053125	0.1759672075350416
0.05375	0.17282470325638086
0.05437499999999999	0.16974571327412177
0.05500000000000001	0.16672877080735896
0.055625	0.16377244728801646
0.05625	0.16087535126702307
0.056874999999999995	0.15803612735398895
0.057499999999999996	0.15525345518930977
0.058125	0.15252604844765416
0.058750000000000004	0.1498526538718292
0.059375	0.14723205033605047
0.06	0.14466304793767407
0.060625	0.14214448711648733
0.061250000000000006	0.13967523780066826
0.061875	0.13725419857857662
0.0625	0.13488029589554285
0.063125	0.13255248327486907
0.06375	0.13026974056226942
0.064375	0.12803107319300644
0.065	0.12583551148100813
0.065625	0.12368210992926863
0.06625	0.12156994656085815
0.06687499999999999	0.11949812226989975
0.0675	0.11746576019187573
0.068125	0.11547200509266133
0.06875	0.11351602277569527
0.06937499999999999	0.11159699950671932
0.06999999999999999	0.10971414145553625
0.07062500000000001	0.10786667415425374
0.07125000000000001	0.10605384197149888
0.071875	0.10427490760210657
0.0725	0.10252915157179769
0.073125	0.10081587175638276
0.07375000000000001	0.09913438291503776
0.074375	0.09748401623721811
0.075	0.09586411890278435
0.075625	0.09427405365493531
0.07625	0.09271319838555003
0.076875	0.09118094573255611
0.0775	0.08967670268895438
0.078125	0.08819989022314105
0.07875	0.08674994291018066
0.079375	0.08532630857369247
0.08	0.08392844793802691
0.080625	0.08255583429041578
0.08125	0.08120795315279308
0.081875	0.07988430196298883
0.08249999999999999	0.07858438976501403
0.083125	0.07730773690815665
0.08375	0.07605387475462341
0.084375	0.0748223453954673
0.08499999999999999	0.07361270137454967
0.08562499999999999	0.07242450542029466
0.08625000000000001	0.07125733018500026
0.08687500000000001	0.07011075799147835
0.0875	0.06898438058680217
0.088125	0.06787779890295018
0.08875	0.06679062282413607
0.08937500000000001	0.0657224709606262
0.09	0.06467297042885256
0.090625	0.06364175663762787
0.09125	0.06262847308028634
0.091875	0.061632771132570194
0.0925	0.060654309856092915
0.093125	0.05969275580721289
0.09375	0.058747782851157004
0.094375	0.057819071981239784
0.095	0.056906311143026814
0.095625	0.05600919506329682
0.09625	0.055127425083661315
0.096875	0.054260708998704756
0.0975	0.05340876089851292
0.09812499999999999	0.05257130101546067
0.09875	0.05174805557513422
0.099375	0.05093875665126868
0.1	0.05014314202458205
0.100625	0.04936095504539302
0.10124999999999999	0.04859194449991389
0.10187500000000001	0.047835864480109916
0.1025	0.04709247425702384
0.103125	0.046361538157464216
0.10375000000000001	0.04564282544396135
0.104375	0.044936110197896416
0.10500000000000001	0.04424117120571276
0.105625	0.04355779184812104
0.10625	0.042885759992212
0.10687500000000001	0.04222486788639506
0.1075	0.04157491205808058
0.108125	0.04093569321402888
0.10874999999999999	0.04030701614328985
0.109375	0.03968868962265935
0.11000000000000001	0.039080526324582095
0.110625	0.03848234272743087
0.11125	0.037893959028095676
0.11187499999999999	0.03731519905681795
0.1125	0.03674589019420611
0.113125	0.03618586329037227
0.11374999999999999	0.0356349525861298
0.114375	0.035092995636194946
0.11499999999999999	0.03455983323433645
0.115625	0.03403530934041831
0.11625	0.03351927100928504
0.11687499999999999	0.03301156832143569
0.11750000000000001	0.03251205431543974
0.118125	0.03202058492204531
0.11875	0.031537018899933586
0.11937500000000001	0.031061217773074138
0.12	0.03059304576963731
0.12062500000000001	0.030132369762421368
0.12125	0.02967905921075252
0.121875	0.0292329861038179
0.12250000000000001	0.028794024905392925
0.123125	0.028362052499924587
0.12375	0.027936948139934567
0.12437499999999999	0.027518593394706307
0.125	0.027106872100220922
0.12562500000000001	0.026701670310309563
0.12625	0.026302876248988454
0.12687500000000002	0.0259103802639453
0.1275	0.025524074781146926
0.128125	0.025143854260537054
0.12875	0.02476961515279631
0.129375	0.024401255857135987
0.13	0.024038676680097553
0.130625	0.023681779795332515
0.13125	0.023330469204335565
0.13187500000000002	0.02298465069810706
0.1325	0.022644231819719432
0.133125	0.022309121827764677
0.13374999999999998	0.021979231660659668
0.134375	0.02165447390178644
0.135	0.02133476274544659
0.135625	0.02102001396360816
0.13625	0.020710144873424454
0.136875	0.02040507430550522
0.1375	0.02010472257292037
0.138125	0.01980901144091792
0.13874999999999998	0.019517864097337377
0.139375	0.019231205123701075
0.13999999999999999	0.018948960466966116
0.140625	0.018671057411919986
0.14125000000000001	0.01839742455420368
0.141875	0.01812799177394637
0.14250000000000002	0.01786269020999593
0.143125	0.017601452234730815
0.14375	0.01734421142943833
0.144375	0.01709090256024481
0.145	0.016841461554584696
0.145625	0.016595825478194166
0.14625	0.01635393251261709
0.146875	0.01611572193320966
0.14750000000000002	0.015881134087632382
0.148125	0.015650110374816405
0.14875	0.01542259322439323
0.14937499999999998	0.015198526076576024
0.15	0.014977853362481374
0.150625	0.014760520484881192
0.15125	0.014546473799373684
0.151875	0.014335660595963556
0.1525	0.014128029081041354
0.153125	0.013923528359752366
0.15375	0.013722108418745587
0.15437499999999998	0.01352372010929366
0.155	0.013328315130774688
0.15562499999999999	0.013135846014507619
0.15625	0.012946266107932246
0.15687500000000001	0.012759529559126053
0.1575	0.01257559130164956
0.15812500000000002	0.012394407039712473
0.15875	0.012215933233653291
0.159375	0.012040127085724358
0.16	0.01186694652617592
0.160625	0.01169635019963145
0.16125	0.011528297451747967
0.161875	0.011362748316154341
0.1625	0.011199663501661197
0.16312500000000002	0.011039004379736192
0.16375	0.010880732972238358
0.164375	0.01072481193940554
0.16499999999999998	0.010571204568089326
0.165625	0.010419874760231219
0.16625	0.010270787021575224
0.166875	0.010123906450610788
0.1675	0.00997919872774125
0.168125	0.00983663010467246
0.16875	0.009696167394016606
0.169375	0.009557777959106378
0.16999999999999998	0.00942142970401471
0.170625	0.009287091063775513
0.17124999999999999	0.009154730994800617
0.171875	0.009024318965488977
0.17250000000000001	0.008895824947023385
0.173125	0.008769219404350766
0.17375000000000002	0.00864447328734182
0.174375	0.008521558022126242
0.175	0.008400445502599259
0.175625	0.008281108082096093
0.17625	0.008163518565230395
0.176875	0.008047650199893074
0.1775	0.007933476669408147
0.178125	0.007820972084841893
0.17875000000000002	0.00771011097746235
0.179375	0.007600868291345465
0.18	0.00749321937612499
0.18062499999999998	0.007387139979882998
0.18125	0.007282606242177719
0.181875	0.007179594687206134
0.1825	0.007078082217098075
0.183125	0.0069780461053391765
0.18375	0.006879463990319939
0.184375	0.006782313869008109
0.185	0.006686574090741855
0.18562499999999998	0.006592223351141057
0.18625	0.006499240686134349
0.18687499999999999	0.006407605466099332
0.1875	0.006317297390113641
0.18812500000000001	0.006228296480314543
0.18875	0.006140583076364744
0.18937500000000002	0.006054137830022191
0.19	0.005968941699811729
0.190625	0.005884975945796468
0.19125	0.005802222124446777
0.191875	0.005720662083604913
0.1925	0.005640277957543243
0.193125	0.0055610521621142
0.19375	0.005482967389990073
0.19437500000000002	0.005406006605990724
0.195	0.0053301530424975235
0.195625	0.005255390194951597
0.19624999999999998	0.0051817018174349005
0.196875	0.005109071918332149
0.1975	0.005037484756072238
0.198125	0.004966924834947302
0.19875	0.004897376901008013
0.199375	0.004828825938033525
0.2	0.004761257163574529
0.200625	0.004694656025068042
0.20125	0.004629008196022364
0.20187499999999997	0.004564299572270892
0.20249999999999999	0.0045005162682934755
0.203125	0.004437644613603788
0.20375000000000001	0.004375671149201584
0.20437500000000003	0.004314582624088456
0.205	0.004254365991845871
0.205625	0.004195008407274272
0.20625	0.0041364972230920035
0.206875	0.004078819986692947
0.20750000000000002	0.004021964436961631
0.20812499999999998	0.003965918501144803
0.20875	0.003910670291778249
0.209375	0.0038562081036678858
0.21000000000000002	0.003802520410924011
0.210625	0.0037495958640477133
0.21125	0.0036974232870683812
0.21187499999999998	0.0036459916747314195
0.2125	0.003595290189735129
0.213125	0.0035453081600158327
0.21375000000000002	0.003496035076080324
0.21437499999999998	0.0034474605883847297
0.215	0.0033995745047589155
0.215625	0.0033523667878755338
0.21625	0.003305827552762929
0.216875	0.003259947064360976
0.21749999999999997	0.0032147157351191374
0.21812499999999999	0.0031701241226358653
0.21875	0.00312616292733863
0.21937500000000001	0.0030828229902037626
0.22000000000000003	0.0030400952905153917
0.220625	0.002997970943662736
0.22125	0.002956441198975033
0.221875	0.002915497437593412
0.2225	0.0028751311703790034
0.22312500000000002	0.0028353340358566515
0.22374999999999998	0.0027960977981935104
0.224375	0.0027574143452119234
0.225	0.0027192756864359647
0.22562500000000002	0.002681673951170955
0.22625	0.0026446013866154305
0.226875	0.002608050356004901
0.22749999999999998	0.0025720133367868455
0.228125	0.002536482918826385
0.22875	0.0025014518026420423
0.22937500000000002	0.0024669127976710537
0.22999999999999998	0.00243285882056371
0.230625	0.0023992828935061753
0.23125	0.0023661781425712938
0.231875	0.0023335377960968418
0.2325	0.0023013551830907814
0.23312499999999997	0.002269623731662964
0.23374999999999999	0.002238336967482875
0.234375	0.0022074885122628997
0.23500000000000001	0.0021770720822667055
0.23562500000000003	0.002147081486842209
0.23625	0.0021175106269787783
0.236875	0.0020883534938881997
0.2375	0.0020596041676089567
0.238125	0.0020312568156334743
0.23875000000000002	0.002003305691557856
0.23937499999999998	0.001975745133753755
0.24	0.0019485695640619608
0.240625	0.0019217734865073636
0.24125000000000002	0.001895351486034867
0.241875	0.0018692982272659063
0.2425	0.0018436084532752093
0.24312499999999998	0.0018182769843874487
0.24375	0.001793298716993425
0.244375	0.001768668622385461
0.24500000000000002	0.001744381745611642
0.24562499999999998	0.0017204332043485922
0.24625	0.0016968181877924757
0.246875	0.0016735319555678837
0.2475	0.0016505698366543085
0.248125	0.0016279272283299033
0.24874999999999997	0.0016055995951322146
0.24937499999999999	0.0015835824678356192
0.25	0.001561871442445151
0.250625	0.0015404621792064661
0.25125000000000003	0.0015193504016316275
0.25187499999999996	0.0014985318955404823
0.2525	0.0014780025081173353
0.253125	0.0014577581469826769
0.25375000000000003	0.0014377947792796897
0.254375	0.0014181084307752882
0.255	0.001398695184975463
0.255625	0.001379551182254653
0.25625	0.0013606726189989405
0.256875	0.001342055746762809
0.2575	0.001323696871439255
0.258125	0.0013055923524430092
0.25875	0.001287738601906661
0.259375	0.00127013208388947
0.26	0.0012527693135986329
0.260625	0.0012356468566228167
0.26125	0.0012187613281777411
0.26187499999999997	0.0012021093923636132
0.2625	0.0011856877614342149
0.263125	0.0011694931950774516
0.26375000000000004	0.0011535224997071601
0.26437499999999997	0.0011377725277660023
0.265	0.0011222401770392561
0.265625	0.001106922389979308
0.26625	0.001091816153040702
0.26687500000000003	0.0010769184960255378
0.26749999999999996	0.0010622264914390514
0.268125	0.0010477372538552421
0.26875	0.001033447939292335
0.26937500000000003	0.0010193557445979467
0.27	0.0010054579068437912
0.270625	0.0009917517027297463
0.27125	0.0009782344479971647
0.271875	0.0009649034968512481
0.2725	0.0009517562413923464
0.273125	0.0009387901110560381
0.27375	0.0009260025720618404
0.274375	0.0009133911268704187
0.275	0.0009009533136491548
0.275625	0.000888686705745927
0.27625	0.0008765889111709841
0.276875	0.0008646575720867652
0.27749999999999997	0.0008528903643055583
0.278125	0.0008412849967948482
0.27875	0.0008298392111902427
0.27937500000000004	0.0008185507813158529
0.27999999999999997	0.000807417512712001
0.280625	0.000796437242170147
0.28125	0.0007856078372749094
0.281875	0.0007749271959530729
0.28250000000000003	0.0007643932460294671
0.28312499999999996	0.0007540039447896001
0.28375	0.0007437572785489553
0.284375	0.0007336512622288245
0.28500000000000003	0.0007236839389385917
0.285625	0.0007138533795643505
0.28625	0.0007041576823637543
0.286875	0.0006945949725670146
0.2875	0.0006851634019839352
0.288125	0.0006758611486168872
0.28875	0.0006666864162796392
0.289375	0.0006576374342219427
0.29	0.0006487124567597787
0.290625	0.0006399097629111874
0.29125	0.0006312276560375827
0.291875	0.0006226644634904652
0.2925	0.0006142185362634524
0.29312499999999997	0.0006058882486495437
0.29375	0.0005976719979035283
0.294375	0.0005895682039094677
0.29500000000000004	0.000581575308853166
0.29562499999999997	0.0005736917768995425
0.29625	0.0005659160938748499
0.296875	0.0005582467669536387
0.2975	0.000550682324350411
0.29812500000000003	0.0005432213150158841
0.29874999999999996	0.0005358623083377841
0.299375	0.0005286038938461154
0.3	0.0005214446809228197
0.30062500000000003	0.0005143832985157714
0.30125	0.0005074183948570237
0.301875	0.0005005486371852569
0.3025	0.0004937727114723542
0.303125	0.0004870893221540403
0.30375	0.00048049719186452706
0.304375	0.00047399506117509445
0.305	0.000467581688336552
0.305625	0.00046125584902552094
0.30625	0.0004550163360944739
0.306875	0.00044886195932548043
0.3075	0.0004427915451875921
0.308125	0.00043680393659781844
0.30874999999999997	0.00043089799268563803
0.309375	0.0004250725885609864
0.31	0.0004193266150856698
0.31062500000000004	0.00041365897864815277
0.31124999999999997	0.0004080686009416627
0.311875	0.00040255441874557024
0.3125	0.0003971153837099857
0.313125	0.00039175046214352756
0.31375000000000003	0.00038645863480421235
0.31437499999999996	0.0003812388966934191
0.315	0.0003760902568528806
0.315625	0.0003710117381646575
0.31625000000000003	0.0003660023771540471
0.316875	0.0003610612237953834
0.3175	0.00035618734132068113
0.318125	0.00035137980603108993
0.31875	0.0003466377071111029
0.319375	0.00034196014644548886
0.32	0.0003373462384388999
0.320625	0.0003327951098381174
0.32125	0.0003283058995568932
0.321875	0.0003238777585033523
0.3225	0.00031950984940991225
0.323125	0.0003152013466656843
0.32375	0.00031095143615131706
0.32437499999999997	0.00030675931507624904
0.325	0.0003026241918183302
0.325625	0.0002985452857657801
0.32625000000000004	0.0002945218271614417
0.32687499999999997	0.00029055305694930506
0.3275	0.0002866382266232572
0.328125	0.00028277659807803354
0.32875	0.00027896744346233166
0.32937500000000003	0.0002752100450340575
0.32999999999999996	0.00027150369501766905
0.330625	0.0002678476954635937
0.33125	0.00026424135810967773
0.33187500000000003	0.00026068400424464734
0.3325	0.0002571749645735434
0.333125	0.00025371357908510466
0.33375	0.00025029919692107054
0.334375	0.0002469311762473729
0.335	0.00024360888412718902
0.335625	0.00024033169639582844
0.33625	0.00023709899753742797
0.336875	0.00023391018056342417
0.3375	0.00023076464689278107
0.338125	0.00022766180623394429
0.33875	0.00022460107646849633
0.339375	0.0002215818835364885
0.33999999999999997	0.00021860366132342492
0.340625	0.00021566585154887276
0.34125	0.0002127679036566761
0.34187500000000004	0.00020990927470674863
0.34249999999999997	0.0002070894292684214
0.343125	0.00020430783931532547
0.34375	0.00020156398412178266
0.344375	0.00019885735016068616
0.34500000000000003	0.0001961874310028453
0.34562499999999996	0.00019355372721777657
0.34625	0.0001909557462759158
0.346875	0.00018839300245223462
0.34750000000000003	0.00018586501673123736
0.348125	0.00018337131671331916
0.34875	0.00018091143652246584
0.349375	0.00017848491671527416
0.35	0.0001760913041912768
0.350625	0.00017373015210454796
0.35125	0.0001714010197765747
0.351875	0.00016910347261037313
0.3525	0.0001668370820058328
0.353125	0.0001646014252762708
0.35375	0.00016239608556617777
0.354375	0.0001602206517701387
0.355	0.0001580747184529091
0.35562499999999997	0.00015595788577063522
0.35625	0.00015386975939319554
0.356875	0.00015180995042765082
0.35750000000000004	0.0001497780753427852
0.35812499999999997	0.000147773755894723
0.35875	0.00014579661905360535
0.359375	0.00014384629693131162
0.36	0.00014192242671021
0.36062500000000003	0.0001400246505729222
0.36124999999999996	0.00013815261563308818
0.361875	0.0001363059738671159
0.3625	0.00013448438204690232
0.36312500000000003	0.00013268750167351096
0.36375	0.00013091499891179257
0.364375	0.00012916654452593539
0.365	0.00012744181381593077
0.365625	0.00012574048655494252
0.36625	0.0001240622469275655
0.366875	0.00012240678346896105
0.3675	0.00012077378900485616
0.368125	0.00011916296059239582
0.36875	0.00011757399946183371
0.369375	0.00011600661095905113
0.37	0.00011446050448889105
0.370625	0.00011293539345929598
0.37124999999999997	0.00011143099522623863
0.371875	0.00010994703103943336
0.3725	0.0001084832259888172
0.37312500000000004	0.00010703930895179002
0.37374999999999997	0.0001056150125412019
0.374375	0.00010421007305407812
0.375	0.00010282423042107155
0.375625	0.00010145722815662952
0.37625000000000003	0.00010010881330986848
0.37687499999999996	9.877873641614353e-5
0.3775	9.746675144930386e-5
0.378125	9.617261577462579e-5
0.37875000000000003	9.48960901024113e-5
0.379375	9.363693844224302e-5
0.38	9.239492805788934e-5
0.380625	9.116982942284512e-5
0.38125	8.996141617650502e-5
0.381875	8.876946508095472e-5
0.3825	8.75937559783755e-5
0.383125	8.643407174905146e-5
0.38375	8.52901982699708e-5
0.384375	8.416192437401483e-5
0.385	8.304904180972251e-5
0.385625	8.195134520162671e-5
0.38625	8.086863201115157e-5
0.38687499999999997	7.98007024980623e-5
0.3875	7.874735968246304e-5
0.388125	7.770840930733131e-5
0.38875000000000004	7.668365980158366e-5
0.38937499999999997	7.567292224366501e-5
0.39	7.4676010325652e-5
0.390625	7.369274031786785e-5
0.39125	7.272293103399622e-5
0.39187500000000003	7.176640379668977e-5
0.39249999999999996	7.082298240366798e-5
0.393125	6.989249309429295e-5
0.39375	6.897476451662189e-5
0.39437500000000003	6.806962769492474e-5
0.395	6.71769159976635e-5
0.395625	6.62964651059264e-5
0.39625	6.542811298230865e-5
0.396875	6.45716998402367e-5
0.3975	6.372706811372654e-5
0.398125	6.289406242757301e-5
0.39875	6.20725295679617e-5
0.399375	6.126231845349855e-5
0.4	6.046328010665262e-5
0.40062499999999995	5.967526762560353e-5
0.40125	5.8898136156490214e-5
0.401875	5.8131742866055606e-5
0.4025	5.737594691467884e-5
0.403125	5.663060942979402e-5
0.40374999999999994	5.589559347968637e-5
0.40437500000000004	5.517076404766262e-5
0.40499999999999997	5.445598800659041e-5
0.405625	5.3751134093800185e-5
0.40625	5.305607288634724e-5
0.406875	5.237067677662534e-5
0.40750000000000003	5.169481994833085e-5
0.40812499999999996	5.1028378352770656e-5
0.40875000000000006	5.0371229685508185e-5
0.409375	4.9723253363345594e-5
0.41	4.908433050163529e-5
0.410625	4.8454343891917385e-5
0.41125	4.7833177979878435e-5
0.41187500000000005	4.722071884362646e-5
0.4125	4.6616854172279744e-5
0.41312499999999996	4.6021473244862554e-5
0.41375	4.5434466909505944e-5
0.414375	4.485572756294898e-5
0.41500000000000004	4.428514913033449e-5
0.415625	4.3722627045298564e-5
0.41624999999999995	4.3168058230347347e-5
0.416875	4.262134107751777e-5
0.4175	4.208237542931985e-5
0.418125	4.1551062559954297e-5
0.41875	4.1027305156804806e-5
0.41937499999999994	4.051100730219782e-5
0.42000000000000004	4.000207445542957e-5
0.42062499999999997	3.95004134350553e-5
0.42125	3.900593240143597e-5
0.421875	3.8518540839542144e-5
0.4225	3.803814954200827e-5
0.42312500000000003	3.7564670592436996e-5
0.42374999999999996	3.709801734894793e-5
0.42437500000000006	3.663810442796882e-5
0.425	3.6184847688266394e-5
0.425625	3.5738164215212015e-5
0.42625	3.52979723052808e-5
0.426875	3.4864191450781156e-5
0.42750000000000005	3.443674232480932e-5
0.428125	3.401554676642981e-5
0.42874999999999996	3.3600527766075576e-5
0.429375	3.3191609451166435e-5
0.43	3.278871707194351e-5
0.43062500000000004	3.2391776987515304e-5
0.43125	3.200071665211471e-5
0.43187499999999995	3.161546460156186e-5
0.4325	3.123595043993269e-5
0.433125	3.08621048264291e-5
0.43375	3.049385946244802e-5
0.434375	3.0131147078848127e-5
0.43499999999999994	2.97739014234103e-5
0.43562500000000004	2.942205724849055e-5
0.43624999999999997	2.907555029886233e-5
0.436875	2.8734317299745726e-5
0.4375	2.8398295945022403e-5
0.438125	2.8067424885632036e-5
0.43875000000000003	2.774164371814991e-5
0.43937499999999996	2.7420892973542717e-5
0.44000000000000006	2.7105114106099412e-5
0.440625	2.6794249482537027e-5
0.44125	2.6488242371277468e-5
0.441875	2.6187036931894038e-5
0.4425	2.589057820472595e-5
0.44312500000000005	2.5598812100657776e-5
0.44375	2.531168539106335e-5
0.44437499999999996	2.5029145697910402e-5
0.445	2.4751141484025573e-5
0.445625	2.4477622043517457e-5
0.44625000000000004	2.4208537492354775e-5
0.446875	2.3943838759099885e-5
0.44749999999999995	2.3683477575793805e-5
0.448125	2.3427406468992502e-5
0.44875	2.3175578750951807e-5
0.449375	2.292794851095954e-5
0.45	2.26844706068136e-5
0.45062499999999994	2.2445100656443344e-5
0.45125000000000004	2.22097950296738e-5
0.45187499999999997	2.1978510840130598e-5
0.4525	2.1751205937283505e-5
0.453125	2.152783889862842e-5
0.45375	2.130836902200486e-5
0.45437500000000003	2.1092756318048334e-5
0.45499999999999996	2.0880961502776083e-5
0.45562500000000006	2.0672945990304233e-5
0.45625	2.0468671885695834e-5
0.456875	2.026810197793733e-5
0.4575	2.007119973304309e-5
0.458125	1.9877929287286414e-5
0.45875000000000005	1.9688255440554934e-5
0.459375	1.9502143649830553e-5
0.45999999999999996	1.9319560022791276e-5
0.460625	1.914047131153479e-5
0.46125	1.8964844906421885e-5
0.46187500000000004	1.8792648830038666e-5
0.4625	1.8623851731277048e-5
0.46312499999999995	1.8458422879531097e-5
0.46375	1.8296332159009467e-5
0.464375	1.813755006316219e-5
0.465	1.7982047689220403e-5
0.465625	1.782979673284893e-5
0.46624999999999994	1.768076948290974e-5
0.46687500000000004	1.753493881633581e-5
0.46749999999999997	1.7392278193114424e-5
0.468125	1.725276165137853e-5
0.46875	1.711636380260586e-5
0.469375	1.698305982692411e-5
0.47000000000000003	1.685282546852205e-5
0.47062499999999996	1.67256370311653e-5
0.47125000000000006	1.6601471373815668e-5
0.471875	1.6480305906353923e-5
0.4725	1.6362118585404443e-5
0.473125	1.624688791026144e-5
0.47375	1.613459291891576e-5
0.47437500000000005	1.602521318418149e-5
0.475	1.5918728809921876e-5
0.47562499999999996	1.5815120427373352e-5
0.47625	1.571436919156756e-5
0.476875	1.5616456777850334e-5
0.47750000000000004	1.5521365378496836e-5
0.478125	1.5429077699422685e-5
0.47874999999999995	1.533957695699002e-5
0.479375	1.5252846874908083e-5
0.48	1.5168871681227675e-5
0.480625	1.5087636105428918e-5
0.48125	1.5009125375601882e-5
0.48187499999999994	1.4933325215719246e-5
0.48250000000000004	1.4860221843000828e-5
0.48312499999999997	1.4789801965369287e-5
0.48375	1.4722052778996448e-5
0.484375	1.4656961965940016e-5
0.485	1.4594517691869954e-5
0.48562500000000003	1.4534708603884378e-5
0.48624999999999996	1.4477523828414261e-5
0.48687500000000006	1.442295296921676e-5
0.4875	1.4370986105456781e-5
0.488125	1.432161378987618e-5
0.48875	1.4274827047050568e-5
0.489375	1.4230617371733238e-5
0.49000000000000005	1.4188976727285765e-5
0.490625	1.4149897544195333e-5
0.49124999999999996	1.4113372718678068e-5
0.491875	1.4079395611368524e-5
0.4925	1.4047960046094778e-5
0.49312500000000004	1.4019060308739011e-5
0.49375	1.3992691146183451e-5
0.49437499999999995	1.3968847765341232e-5
0.495	1.3947525832272275e-5
0.495625	1.3928721471383796e-5
0.49625	1.391243126471539e-5
0.496875	1.3898652251308607e-5
0.49749999999999994	1.3887381926660719e-5
0.49812500000000004	1.3878618242262784e-5
0.49874999999999997	1.387235960522178e-5
0.499375	1.3868604877966793e-5
0.5	1.3867353378039204e-5
0.500625	1.3868604877966793e-5
0.50125	1.387235960522178e-5
0.501875	1.3878618242262784e-5
0.5025000000000001	1.3887381926660719e-5
0.503125	1.3898652251308607e-5
0.5037499999999999	1.391243126471539e-5
0.504375	1.3928721471383796e-5
0.505	1.3947525832272273e-5
0.505625	1.3968847765341234e-5
0.50625	1.3992691146183454e-5
0.506875	1.4019060308739013e-5
0.5075000000000001	1.4047960046094778e-5
0.5081249999999999	1.4079395611368524e-5
0.50875	1.4113372718678068e-5
0.509375	1.4149897544195333e-5
0.51	1.4188976727285767e-5
0.510625	1.4230617371733238e-5
0.51125	1.4274827047050568e-5
0.5118750000000001	1.4321613789876181e-5
0.5125	1.4370986105456781e-5
0.5131249999999999	1.442295296921676e-5
0.51375	1.4477523828414261e-5
0.514375	1.4534708603884378e-5
0.515	1.4594517691869954e-5
0.515625	1.4656961965940014e-5
0.51625	1.4722052778996448e-5
0.516875	1.4789801965369287e-5
0.5175	1.4860221843000826e-5
0.5181250000000001	1.4933325215719247e-5
0.51875	1.5009125375601882e-5
0.5193749999999999	1.5087636105428916e-5
0.52	1.5168871681227676e-5
0.520625	1.5252846874908085e-5
0.52125	1.533957695699002e-5
0.521875	1.5429077699422685e-5
0.5225	1.552136537849684e-5
0.5231250000000001	1.561645677785034e-5
0.5237499999999999	1.5714369191567565e-5
0.524375	1.5815120427373352e-5
0.525	1.5918728809921873e-5
0.525625	1.6025213184181486e-5
0.52625	1.613459291891576e-5
0.526875	1.624688791026144e-5
0.5275000000000001	1.636211858540444e-5
0.528125	1.6480305906353926e-5
0.5287499999999999	1.6601471373815664e-5
0.529375	1.6725637031165296e-5
0.53	1.685282546852205e-5
0.530625	1.6983059826924105e-5
0.53125	1.7116363802605852e-5
0.531875	1.7252761651378526e-5
0.5325	1.739227819311442e-5
0.533125	1.7534938816335814e-5
0.5337500000000001	1.7680769482909743e-5
0.534375	1.782979673284893e-5
0.5349999999999999	1.7982047689220406e-5
0.535625	1.8137550063162184e-5
0.53625	1.8296332159009464e-5
0.536875	1.8458422879531097e-5
0.5375	1.862385173127705e-5
0.538125	1.879264883003867e-5
0.5387500000000001	1.8964844906421882e-5
0.5393749999999999	1.914047131153479e-5
0.54	1.9319560022791276e-5
0.540625	1.9502143649830557e-5
0.54125	1.9688255440554937e-5
0.541875	1.9877929287286414e-5
0.5425	2.0071199733043088e-5
0.5431250000000001	2.026810197793733e-5
0.54375	2.0468671885695837e-5
0.5443749999999999	2.067294599030423e-5
0.545	2.0880961502776083e-5
0.545625	2.109275631804833e-5
0.54625	2.130836902200486e-5
0.546875	2.1527838898628416e-5
0.5475	2.1751205937283505e-5
0.548125	2.1978510840130595e-5
0.54875	2.2209795029673802e-5
0.5493750000000001	2.2445100656443348e-5
0.55	2.2684470606813604e-5
0.5506249999999999	2.292794851095954e-5
0.55125	2.3175578750951807e-5
0.551875	2.3427406468992502e-5
0.5525	2.3683477575793802e-5
0.553125	2.3943838759099882e-5
0.55375	2.4208537492354775e-5
0.5543750000000001	2.4477622043517454e-5
0.5549999999999999	2.4751141484025573e-5
0.555625	2.5029145697910402e-5
0.55625	2.531168539106335e-5
0.556875	2.5598812100657776e-5
0.5575	2.589057820472595e-5
0.558125	2.618703693189404e-5
0.5587500000000001	2.6488242371277468e-5
0.559375	2.6794249482537024e-5
0.5599999999999999	2.7105114106099412e-5
0.560625	2.7420892973542714e-5
0.56125	2.7741643718149908e-5
0.561875	2.806742488563204e-5
0.5625	2.83982959450224e-5
0.563125	2.8734317299745726e-5
0.56375	2.9075550298862324e-5
0.564375	2.942205724849055e-5
0.5650000000000001	2.9773901423410295e-5
0.565625	3.0131147078848127e-5
0.5662499999999999	3.0493859462448023e-5
0.566875	3.08621048264291e-5
0.5675	3.1235950439932684e-5
0.568125	3.161546460156185e-5
0.56875	3.20007166521147e-5
0.569375	3.239177698751531e-5
0.5700000000000001	3.278871707194351e-5
0.5706249999999999	3.319160945116643e-5
0.57125	3.360052776607558e-5
0.571875	3.401554676642982e-5
0.5725	3.443674232480932e-5
0.573125	3.486419145078115e-5
0.57375	3.529797230528081e-5
0.5743750000000001	3.5738164215212015e-5
0.575	3.618484768826639e-5
0.5756249999999999	3.663810442796881e-5
0.57625	3.709801734894794e-5
0.576875	3.756467059243699e-5
0.5775	3.803814954200827e-5
0.578125	3.8518540839542144e-5
0.57875	3.900593240143597e-5
0.579375	3.950041343505529e-5
0.58	4.000207445542956e-5
0.5806250000000001	4.051100730219781e-5
0.58125	4.1027305156804806e-5
0.5818749999999999	4.15510625599543e-5
0.5825	4.208237542931985e-5
0.583125	4.262134107751777e-5
0.58375	4.3168058230347347e-5
0.584375	4.3722627045298564e-5
0.585	4.4285149130334486e-5
0.5856250000000001	4.485572756294898e-5
0.5862499999999999	4.5434466909505944e-5
0.586875	4.6021473244862554e-5
0.5875	4.661685417227975e-5
0.588125	4.722071884362646e-5
0.58875	4.783317797987844e-5
0.589375	4.845434389191738e-5
0.5900000000000001	4.9084330501635296e-5
0.590625	4.9723253363345594e-5
0.5912499999999999	5.0371229685508185e-5
0.591875	5.102837835277066e-5
0.5925	5.169481994833084e-5
0.593125	5.237067677662534e-5
0.59375	5.305607288634724e-5
0.594375	5.375113409380019e-5
0.595	5.445598800659041e-5
0.595625	5.517076404766261e-5
0.5962500000000001	5.589559347968636e-5
0.596875	5.6630609429794015e-5
0.5974999999999999	5.7375946914678835e-5
0.598125	5.813174286605561e-5
0.59875	5.8898136156490214e-5
0.599375	5.967526762560353e-5
0.6	6.0463280106652615e-5
0.600625	6.126231845349846e-5
0.6012500000000001	6.207252956796169e-5
0.6018749999999999	6.289406242757302e-5
0.6025	6.372706811372654e-5
0.603125	6.457169984023672e-5
0.60375	6.542811298230865e-5
0.604375	6.629646510592642e-5
0.605	6.71769159976635e-5
0.6056250000000001	6.806962769492485e-5
0.60625	6.897476451662189e-5
0.6068749999999999	6.989249309429284e-5
0.6075	7.082298240366798e-5
0.608125	7.17664037966898e-5
0.60875	7.272293103399622e-5
0.609375	7.369274031786787e-5
0.61	7.467601032565201e-5
0.610625	7.5672922243665e-5
0.61125	7.668365980158367e-5
0.6118750000000001	7.770840930733145e-5
0.6125	7.874735968246304e-5
0.6131249999999999	7.980070249806216e-5
0.61375	8.086863201115158e-5
0.614375	8.195134520162671e-5
0.615	8.304904180972252e-5
0.615625	8.416192437401484e-5
0.61625	8.529019826997081e-5
0.6168750000000001	8.643407174905146e-5
0.6174999999999999	8.75937559783755e-5
0.618125	8.876946508095486e-5
0.61875	8.996141617650503e-5
0.619375	9.116982942284496e-5
0.62	9.239492805788934e-5
0.620625	9.363693844224305e-5
0.6212500000000001	9.489609010241131e-5
0.621875	9.61726157746258e-5
0.6224999999999999	9.746675144930384e-5
0.623125	9.877873641614351e-5
0.62375	0.00010010881330986848
0.624375	0.00010145722815662973
0.625	0.00010282423042107156
0.625625	0.00010421007305407794
0.62625	0.00010561501254120191
0.626875	0.00010703930895179002
0.6275000000000001	0.0001084832259888173
0.628125	0.00010994703103943347
0.6287499999999999	0.00011143099522623857
0.629375	0.00011293539345929599
0.63	0.00011446050448889095
0.630625	0.00011600661095905135
0.63125	0.00011757399946183371
0.631875	0.00011916296059239565
0.6325000000000001	0.00012077378900485626
0.6331249999999999	0.00012240678346896105
0.63375	0.00012406224692756567
0.634375	0.0001257404865549424
0.635	0.00012744181381593066
0.635625	0.00012916654452593544
0.63625	0.0001309149989117925
0.6368750000000001	0.00013268750167351118
0.6375	0.00013448438204690226
0.6381249999999999	0.00013630597386711567
0.63875	0.0001381526156330883
0.639375	0.0001400246505729222
0.64	0.00014192242671021008
0.640625	0.00014384629693131178
0.64125	0.00014579661905360526
0.641875	0.000147773755894723
0.6425	0.00014977807534278514
0.6431250000000001	0.0001518099504276511
0.64375	0.00015386975939319552
0.6443749999999999	0.00015595788577063495
0.645	0.00015807471845290924
0.645625	0.00016022065177013868
0.64625	0.00016239608556617793
0.646875	0.00016460142527627064
0.6475	0.00016683708200583265
0.6481250000000001	0.00016910347261037313
0.6487499999999999	0.0001714010197765746
0.649375	0.0001737301521045483
0.65	0.0001760913041912768
0.650625	0.0001784849167152738
0.65125	0.00018091143652246598
0.651875	0.0001833713167133192
0.6525000000000001	0.00018586501673123755
0.653125	0.00018839300245223473
0.6537499999999999	0.00019095574627591563
0.654375	0.0001935537272177766
0.655	0.00019618743100284521
0.655625	0.0001988573501606865
0.65625	0.00020156398412178266
0.656875	0.0002043078393153251
0.6575	0.00020708942926842154
0.658125	0.00020990927470674863
0.6587500000000001	0.00021276790365667623
0.659375	0.00021566585154887254
0.6599999999999999	0.00021860366132342473
0.660625	0.0002215818835364885
0.66125	0.00022460107646849614
0.661875	0.0002276618062339447
0.6625	0.00023076464689278107
0.663125	0.00023391018056342382
0.6637500000000001	0.0002370989975374282
0.6643749999999999	0.00024033169639582847
0.665	0.00024360888412718927
0.665625	0.0002469311762473731
0.66625	0.0002502991969210703
0.666875	0.00025371357908510466
0.6675	0.00025717496457354315
0.6681250000000001	0.0002606840042446478
0.66875	0.0002642413581096778
0.6693749999999999	0.00026784769546359317
0.67	0.00027150369501766937
0.670625	0.0002752100450340575
0.67125	0.0002789674434623319
0.671875	0.0002827765980780332
0.6725	0.000286638226623257
0.673125	0.000290553056949305
0.67375	0.0002945218271614416
0.6743750000000001	0.0002985452857657806
0.675	0.00030262419181833024
0.6756249999999999	0.00030675931507624855
0.67625	0.0003109514361513173
0.676875	0.0003152013466656843
0.6775	0.0003195098494099125
0.678125	0.00032387775850335255
0.67875	0.000328305899556893
0.6793750000000001	0.0003327951098381173
0.6799999999999999	0.00033734623843889973
0.680625	0.00034196014644548935
0.68125	0.00034663770711110286
0.681875	0.00035137980603108934
0.6825	0.0003561873413206815
0.683125	0.0003610612237953834
0.6837500000000001	0.00036600237715404745
0.684375	0.00037101173816465714
0.6849999999999999	0.00037609025685288015
0.685625	0.00038123889669341917
0.68625	0.000386458634804212
0.686875	0.0003917504621435282
0.6875	0.0003971153837099857
0.688125	0.0004025544187455696
0.68875	0.0004080686009416631
0.689375	0.00041365897864815277
0.6900000000000001	0.0004193266150856702
0.690625	0.00042507258856098676
0.6912499999999999	0.0004308979926856376
0.691875	0.0004368039365978184
0.6925	0.0004427915451875917
0.693125	0.0004488619593254812
0.69375	0.00045501633609447396
0.694375	0.00046125584902552
0.6950000000000001	0.00046758168833655237
0.6956249999999999	0.00047399506117509445
0.69625	0.0004804971918645275
0.696875	0.00048708932215403984
0.6975	0.0004937727114723535
0.698125	0.0005005486371852569
0.69875	0.0005074183948570232
0.6993750000000001	0.0005143832985157723
0.7	0.0005214446809228197
0.7006249999999999	0.0005286038938461143
0.70125	0.0005358623083377847
0.701875	0.0005432213150158842
0.7025	0.0005506823243504115
0.703125	0.000558246766953639
0.70375	0.0005659160938748494
0.704375	0.0005736917768995425
0.705	0.0005815753088531656
0.7056250000000001	0.0005895682039094686
0.70625	0.0005976719979035283
0.7068749999999999	0.0006058882486495428
0.7075	0.000614218536263453
0.708125	0.0006226644634904651
0.70875	0.000631227656037583
0.709375	0.0006399097629111866
0.71	0.0006487124567597779
0.7106250000000001	0.0006576374342219427
0.7112499999999999	0.0006666864162796386
0.711875	0.0006758611486168883
0.7125	0.0006851634019839351
0.713125	0.0006945949725670136
0.71375	0.0007041576823637548
0.714375	0.0007138533795643503
0.7150000000000001	0.0007236839389385925
0.715625	0.0007336512622288249
0.7162499999999999	0.0007437572785489546
0.716875	0.0007540039447896002
0.7175	0.0007643932460294664
0.718125	0.0007749271959530742
0.71875	0.0007856078372749094
0.719375	0.0007964372421701456
0.72	0.0008074175127120018
0.720625	0.000818550781315853
0.7212500000000001	0.0008298392111902434
0.721875	0.0008412849967948476
0.7224999999999999	0.0008528903643055575
0.723125	0.0008646575720867653
0.72375	0.0008765889111709832
0.724375	0.0008886867057459285
0.725	0.0009009533136491548
0.725625	0.0009133911268704172
0.7262500000000001	0.0009260025720618409
0.7268749999999999	0.0009387901110560382
0.7275	0.0009517562413923474
0.728125	0.0009649034968512488
0.72875	0.0009782344479971636
0.729375	0.000991751702729746
0.73	0.0010054579068437903
0.7306250000000001	0.0010193557445979488
0.73125	0.0010334479392923352
0.7318749999999999	0.0010477372538552404
0.7325	0.0010622264914390525
0.733125	0.0010769184960255378
0.73375	0.0010918161530407032
0.734375	0.0011069223899793075
0.735	0.001122240177039255
0.735625	0.0011377725277660023
0.73625	0.0011535224997071593
0.7368750000000001	0.0011694931950774537
0.7375	0.0011856877614342147
0.7381249999999999	0.0012021093923636113
0.73875	0.0012187613281777429
0.739375	0.0012356468566228167
0.74	0.0012527693135986342
0.740625	0.0012701320838894713
0.74125	0.0012877386019066598
0.7418750000000001	0.0013055923524430092
0.7424999999999999	0.0013236968714392544
0.743125	0.0013420557467628113
0.74375	0.0013606726189989403
0.744375	0.0013795511822546505
0.745	0.001398695184975464
0.745625	0.001418108430775288
0.7462500000000001	0.001437794779279691
0.746875	0.0014577581469826754
0.7474999999999999	0.0014780025081173314
0.748125	0.0014985318955404825
0.74875	0.0015193504016316262
0.749375	0.001540462179206469
0.75	0.0015618714424451509
0.750625	0.0015835824678356162
0.75125	0.0016055995951322162
0.751875	0.001627927228329903
0.7525000000000001	0.001650569836654313
0.753125	0.001673531955567885
0.7537499999999999	0.0016968181877924737
0.754375	0.0017204332043485953
0.755	0.0017443817456116438
0.755625	0.0017686686223854612
0.75625	0.0017932987169934284
0.756875	0.0018182769843874483
0.7575000000000001	0.0018436084532752078
0.7581249999999999	0.0018692982272659037
0.75875	0.0018953514860348692
0.759375	0.0019217734865073618
0.76	0.0019485695640619563
0.760625	0.0019757451337537556
0.76125	0.0020033056915578534
0.7618750000000001	0.0020312568156334787
0.7625	0.0020596041676089567
0.7631249999999999	0.0020883534938881954
0.76375	0.0021175106269787805
0.764375	0.002147081486842209
0.765	0.0021770720822667108
0.765625	0.0022074885122629014
0.76625	0.002238336967482873
0.766875	0.0022696237316629678
0.7675	0.002301355183090783
0.7681250000000001	0.002333537796096842
0.76875	0.00236617814257129
0.7693749999999999	0.002399282893506175
0.77	0.0024328588205637077
0.770625	0.0024669127976710502
0.77125	0.002501451802642044
0.771875	0.0025364829188263822
0.7725	0.002572013336786839
0.7731250000000001	0.002608050356004901
0.7737499999999999	0.002644601386615429
0.774375	0.0026816739511709596
0.775	0.0027192756864359647
0.775625	0.0027574143452119186
0.77625	0.002796097798193513
0.776875	0.002835334035856651
0.7775000000000001	0.0028751311703790103
0.778125	0.0029154974375934137
0.7787499999999999	0.0029564411989750302
0.779375	0.0029979709436627404
0.78	0.0030400952905153948
0.780625	0.0030828229902037626
0.78125	0.0031261629273386343
0.781875	0.003170124122635865
0.7825	0.0032147157351191343
0.783125	0.0032599470643609706
0.7837500000000001	0.0033058275527629325
0.784375	0.0033523667878755307
0.7849999999999999	0.003399574504758907
0.785625	0.00344746058838473
0.78625	0.003496035076080321
0.786875	0.0035453081600158387
0.7875	0.0035952901897351296
0.788125	0.003645991674731413
0.7887500000000001	0.003697423287068384
0.7893749999999999	0.0037495958640477137
0.79	0.0038025204109240203
0.790625	0.003856208103667889
0.79125	0.003910670291778245
0.791875	0.003965918501144809
0.7925	0.004021964436961634
0.7931250000000001	0.004078819986692946
0.79375	0.004136497223091997
0.7943749999999999	0.004195008407274271
0.795	0.004254365991845866
0.795625	0.004314582624088449
0.79625	0.004375671149201587
0.796875	0.004437644613603782
0.7975	0.004500516268293464
0.798125	0.004564299572270892
0.79875	0.0046290081960223585
0.7993750000000001	0.004694656025068051
0.8	0.00476125716357453
0.8006249999999999	0.0048288259380335164
0.8012499999999999	0.004897376901008001
0.8018750000000001	0.0049669248349473024
0.8025	0.005037484756072253
0.803125	0.005109071918332155
0.80375	0.005181701817434896
0.804375	0.0052553901949515865
0.805	0.005330153042497529
0.805625	0.005406006605990727
0.80625	0.005482967389990083
0.806875	0.005561052162114199
0.8074999999999999	0.005640277957543237
0.8081250000000001	0.005720662083604924
0.8087500000000001	0.005802222124446781
0.809375	0.005884975945796465
0.8099999999999999	0.005968941699811713
0.8106249999999999	0.00605413783002219
0.81125	0.0061405830763647615
0.811875	0.006228296480314555
0.8125	0.0063172973901136405
0.813125	0.006407605466099322
0.81375	0.006499240686134332
0.8143750000000001	0.006592223351141056
0.8150000000000001	0.0066865740907418696
0.815625	0.006782313869008115
0.8162499999999999	0.006879463990319933
0.8168749999999999	0.006978046105339168
0.8175000000000001	0.007078082217098081
0.818125	0.007179594687206134
0.81875	0.007282606242177711
0.819375	0.007387139979882998
0.82	0.007493219376124986
0.820625	0.007600868291345475
0.82125	0.007710110977462356
0.821875	0.007820972084841888
0.8225	0.007933476669408133
0.8231249999999999	0.008047650199893076
0.8237500000000001	0.008163518565230414
0.8243750000000001	0.008281108082096101
0.825	0.00840044550259926
0.8256249999999999	0.008521558022126232
0.8262499999999999	0.008644473287341803
0.826875	0.008769219404350766
0.8275	0.008895824947023406
0.828125	0.009024318965488984
0.82875	0.009154730994800611
0.829375	0.009287091063775501
0.8300000000000001	0.009421429704014718
0.8306250000000001	0.00955777795910638
0.83125	0.009696167394016618
0.8318749999999999	0.00983663010467246
0.8324999999999999	0.009979198727741246
0.8331250000000001	0.010123906450610802
0.83375	0.01027078702157523
0.834375	0.010419874760231216
0.835	0.010571204568089304
0.835625	0.010724811939405542
0.83625	0.010880732972238379
0.836875	0.01103900437973621
0.8375	0.011199663501661196
0.838125	0.011362748316154326
0.8387499999999999	0.011528297451747938
0.8393750000000001	0.011696350199631451
0.8400000000000001	0.011866946526175943
0.840625	0.012040127085724366
0.8412499999999999	0.012215933233653282
0.8418749999999999	0.012394407039712455
0.8425	0.01257559130164957
0.843125	0.01275952955912605
0.84375	0.012946266107932225
0.844375	0.013135846014507622
0.845	0.013328315130774676
0.8456250000000001	0.013523720109293678
0.8462500000000001	0.013722108418745603
0.846875	0.013923528359752354
0.8474999999999999	0.01412802908104132
0.8481249999999999	0.014335660595963555
0.8487500000000001	0.01454647379937372
0.849375	0.014760520484881209
0.85	0.014977853362481374
0.850625	0.015198526076576005
0.85125	0.015422593224393192
0.851875	0.015650110374816405
0.8525	0.01588113408763242
0.853125	0.01611572193320967
0.85375	0.016353932512617075
0.8543749999999999	0.01659582547819414
0.8550000000000001	0.01684146155458471
0.8556250000000001	0.017090902560244804
0.85625	0.017344211429438358
0.8568749999999999	0.01760145223473081
0.8574999999999999	0.017862690209995903
0.858125	0.01812799177394639
0.85875	0.018397424554203696
0.859375	0.018671057411919968
0.86	0.018948960466966078
0.860625	0.019231205123701075
0.8612500000000001	0.019517864097337422
0.8618750000000001	0.019809011440917942
0.8625	0.020104722572920373
0.8631249999999999	0.020405074305505193
0.8637499999999999	0.020710144873424405
0.8643750000000001	0.021020013963608166
0.865	0.02133476274544663
0.865625	0.02165447390178645
0.86625	0.02197923166065966
0.866875	0.022309121827764646
0.8675	0.022644231819719442
0.868125	0.022984650698107057
0.86875	0.02333046920433553
0.869375	0.023681779795332508
0.8699999999999999	0.02403867668009754
0.8706250000000001	0.024401255857136022
0.8712500000000001	0.024769615152796323
0.871875	0.02514385426053703
0.8724999999999999	0.025524074781146877
0.8731249999999999	0.025910380263945286
0.87375	0.026302876248988517
0.874375	0.0267016703103096
0.875	0.02710687210022092
0.875625	0.027518593394706272
0.87625	0.027936948139934508
0.8768750000000001	0.028362052499924587
0.8775000000000001	0.02879402490539298
0.878125	0.029232986103817922
0.8787499999999999	0.0296790592107525
0.8793749999999999	0.030132369762421337
0.8800000000000001	0.030593045769637336
0.880625	0.03106121777307414
0.88125	0.03153701889993362
0.881875	0.03202058492204531
0.8825	0.03251205431543971
0.883125	0.03301156832143574
0.88375	0.033519271009285076
0.884375	0.0340353093404183
0.885	0.03455983323433636
0.8856249999999999	0.03509299563619496
0.8862500000000001	0.0356349525861299
0.8868750000000001	0.036185863290372315
0.8875	0.03674589019420612
0.8881249999999999	0.0373151990568179
0.8887499999999999	0.037893959028095586
0.889375	0.03848234272743088
0.89	0.039080526324582185
0.890625	0.039688689622659375
0.89125	0.04030701614328983
0.891875	0.04093569321402882
0.8925000000000001	0.041574912058080615
0.8931250000000001	0.04222486788639506
0.89375	0.042885759992211954
0.8943749999999999	0.04355779184812102
0.8949999999999999	0.04424117120571274
0.8956250000000001	0.04493611019789649
0.89625	0.045642825443961386
0.896875	0.04636153815746418
0.8975	0.047092474257023745
0.898125	0.04783586448010991
0.89875	0.04859194449991399
0.899375	0.049360955045393104
0.9	0.05014314202458206
0.900625	0.05093875665126861
0.9012499999999999	0.0517480555751341
0.9018750000000001	0.052571301015460675
0.9025000000000001	0.05340876089851303
0.903125	0.054260708998704776
0.9037499999999999	0.055127425083661294
0.9043749999999999	0.056009195063296706
0.905	0.05690631114302684
0.905625	0.05781907198123979
0.90625	0.05874778285115707
0.906875	0.05969275580721291
0.9075	0.06065430985609284
0.9081250000000001	0.061632771132570305
0.9087500000000001	0.06262847308028635
0.909375	0.06364175663762786
0.9099999999999999	0.06467297042885244
0.9106249999999999	0.0657224709606262
0.9112500000000001	0.06679062282413624
0.911875	0.06787779890295026
0.9125	0.06898438058680216
0.913125	0.07011075799147827
0.91375	0.07125733018500006
0.914375	0.07242450542029467
0.915	0.07361270137454982
0.915625	0.07482234539546732
0.91625	0.07605387475462339
0.9168749999999999	0.07730773690815655
0.9175000000000001	0.07858438976501411
0.9181250000000001	0.07988430196298883
0.91875	0.08120795315279303
0.9193749999999999	0.08255583429041578
0.9199999999999999	0.08392844793802678
0.920625	0.0853263085736926
0.92125	0.08674994291018072
0.921875	0.08819989022314102
0.9225	0.08967670268895424
0.923125	0.09118094573255603
0.9237500000000001	0.09271319838555027
0.9243750000000001	0.0942740536549354
0.925	0.09586411890278433
0.9256249999999999	0.097484016237218
0.9262499999999999	0.09913438291503752
0.9268750000000001	0.10081587175638289
0.9275	0.10252915157179787
0.928125	0.10427490760210657
0.92875	0.10605384197149884
0.929375	0.10786667415425355
0.93	0.10971414145553636
0.930625	0.11159699950671936
0.93125	0.11351602277569535
0.931875	0.11547200509266124
0.9324999999999999	0.11746576019187556
0.9331250000000001	0.11949812226989999
0.9337500000000001	0.12156994656085819
0.934375	0.12368210992926859
0.9349999999999999	0.12583551148100783
0.9356249999999999	0.12803107319300633
0.93625	0.13026974056226978
0.936875	0.13255248327486918
0.9375	0.13488029589554282
0.938125	0.13725419857857651
0.93875	0.13967523780066785
0.9393750000000001	0.1421444871164875
0.9400000000000001	0.1446630479376743
0.940625	0.1472320503360505
0.9412499999999999	0.14985265387182906
0.9418749999999999	0.15252604844765394
0.9425000000000001	0.15525345518931008
0.943125	0.158036127353989
0.94375	0.16087535126702288
0.944375	0.16377244728801643
0.945	0.16672877080735868
0.945625	0.16974571327412202
0.94625	0.17282470325638105
0.946875	0.17596720753504158
0.9475	0.17917473223228458
0.9481249999999999	0.18244882397578194
0.9487500000000001	0.18579107109987972
0.9493750000000001	0.18920310488497932
0.95	0.19268660083640798
0.9506249999999999	0.1962432800040811
0.9512499999999999	0.19987491034434424
0.951875	0.2035833081254047
0.9525	0.20737033937781704
0.953125	0.2112379213915528
0.95375	0.21518802426121383
0.954375	0.21922267248102556
0.9550000000000001	0.22334394659129292
0.9556250000000001	0.22755398487806458
0.95625	0.23185498512782024
0.9568749999999999	0.23624920643903544
0.9574999999999999	0.24073897109258413
0.9581250000000001	0.2453266664829725
0.95875	0.2500147471124832
0.959375	0.25480573665040296
0.96	0.25970223005953785
0.960625	0.2647068957923546
0.96125	0.2698224780591271
0.961875	0.27505179917057704
0.9625	0.28039776195759336
0.963125	0.2858633522706732
0.9637499999999999	0.2914516415618734
0.9643750000000001	0.2971657895521234
0.9650000000000001	0.30300904698687353
0.965625	0.3089847584831712
0.9662499999999999	0.31509636547134273
0.9668749999999999	0.32134740923459953
0.9675	0.3277415340500111
0.968125	0.3342824904343993
0.96875	0.3409741384988637
0.969375	0.34782045141576046
0.97	0.3548255190021235
0.9706250000000001	0.3619935514236636
0.9712500000000001	0.36932888302361366
0.971875	0.3768359762809128
0.9724999999999999	0.38451942590229327
0.9731249999999999	0.3923839630531281
0.9737500000000001	0.4004344597319733
0.974375	0.40867593329401847
0.975	0.41711355112881066
0.975625	0.4257526354978298
0.97625	0.43459866853773954
0.976875	0.4436572974353414
0.9775	0.4529343397804984
0.978125	0.46243578910358396
0.97875	0.47216782060420476
0.9793749999999999	0.48213679707827295
0.9800000000000001	0.49234927505077886
0.9806250000000001	0.5028120111218828
0.98125	0.5135319685343225
0.9818749999999999	0.5245163239703562
0.9824999999999999	0.5357724745869192
0.983125	0.5473080452979519
0.98375	0.559130896313246
0.984375	0.5712491309435903
0.985	0.5836711036823458
0.985625	0.5964054285740721
0.9862500000000001	0.6094609878812481
0.9868750000000001	0.6228469410605931
0.9875	0.6365727340610912
0.9881249999999999	0.6506481089561741
0.9887499999999999	0.6650831139232564
0.9893750000000001	0.6798881135842909
0.99	0.6950737997216214
0.990625	0.7106512023841628
0.99125	0.7266317013994563
0.991875	0.743027038308006
0.9925	0.7598493287369857
0.993125	0.7771110752312029
0.99375	0.7948251805601146
0.994375	0.8130049615204574
0.9949999999999999	0.8316641632551033
0.9956250000000001	0.8508169741097033
0.9962500000000001	0.8704780410496757
0.996875	0.890662485661351
0.9974999999999999	0.9113859207620273
0.9981249999999999	0.932664467645195
0.99875	0.9545147739882756
0.999375	0.9769540324517417
1.0	0.9999999999999976
