-12.566370614359172	5.781551921206822e-6
-12.550662651091223	5.7954219712230956e-6
-12.534954687823275	5.809342073464954e-6
-12.519246724555325	5.823312469429621e-6
-12.503538761287377	5.837333402075199e-6
-12.487830798019427	5.851405115830588e-6
-12.47212283475148	5.865527856606684e-6
-12.45641487148353	5.879701871807043e-6
-12.440706908215581	5.8939274103387045e-6
-12.424998944947632	5.908204722623356e-6
-12.409290981679682	5.922534060608179e-6
-12.393583018411734	5.9369156777773466e-6
-12.377875055143784	5.951349829162982e-6
-12.362167091875836	5.965836771356796e-6
-12.346459128607886	5.980376762521493e-6
-12.330751165339938	5.994970062402119e-6
-12.315043202071989	6.00961693233814e-6
-12.29933523880404	6.024317635274871e-6
-12.283627275536091	6.0390724357754015e-6
-12.267919312268143	6.053881600032835e-6
-12.252211349000193	6.068745395882158e-6
-12.236503385732243	6.083664092812291e-6
-12.220795422464295	6.098637961978727e-6
-12.205087459196346	6.113667276215633e-6
-12.189379495928398	6.128752310048487e-6
-12.173671532660448	6.143893339706834e-6
-12.1579635693925	6.159090643136618e-6
-12.14225560612455	6.174344500013449e-6
-12.126547642856602	6.189655191755301e-6
-12.110839679588652	6.205023001535579e-6
-12.095131716320704	6.220448214296516e-6
-12.079423753052755	6.235931116762141e-6
-12.063715789784805	6.25147199745195e-6
-12.048007826516857	6.267071146694288e-6
-12.032299863248907	6.282728856640144e-6
-12.01659189998096	6.2984454212767765e-6
-12.00088393671301	6.314221136441614e-6
-11.985175973445061	6.330056299836387e-6
-11.969468010177112	6.345951211041161e-6
-11.953760046909164	6.361906171528475e-6
-11.938052083641214	6.377921484678235e-6
-11.922344120373264	6.393997455791528e-6
-11.906636157105316	6.410134392105825e-6
-11.890928193837366	6.42633260280942e-6
-11.875220230569418	6.44259239905662e-6
-11.859512267301469	6.4589140939825424e-6
-11.84380430403352	6.475298002718349e-6
-11.82809634076557	6.491744442406703e-6
-11.812388377497623	6.508253732217157e-6
-11.796680414229673	6.524826193361557e-6
-11.780972450961723	6.541462149109874e-6
-11.765264487693775	6.558161924806482e-6
-11.749556524425826	6.574925847885361e-6
-11.733848561157878	6.591754247886992e-6
-11.718140597889928	6.6086474564743206e-6
-11.70243263462198	6.625605807449231e-6
-11.68672467135403	6.642629636769154e-6
-11.671016708086082	6.659719282563966e-6
-11.655308744818132	6.676875085152776e-6
-11.639600781550184	6.6940973870608084e-6
-11.623892818282235	6.711386533037031e-6
-11.608184855014285	6.728742870071226e-6
-11.592476891746337	6.746166747411524e-6
-11.576768928478387	6.763658516582178e-6
-11.561060965210439	6.7812185314014885e-6
-11.54535300194249	6.798847147999751e-6
-11.529645038674541	6.816544724837299e-6
-11.513937075406592	6.834311622723076e-6
-11.498229112138644	6.852148204833107e-6
-11.482521148870694	6.8700548367290605e-6
-11.466813185602746	6.888031886377183e-6
-11.451105222334796	6.906079724167452e-6
-11.435397259066846	6.924198722932627e-6
-11.419689295798898	6.942389257967778e-6
-11.403981332530948	6.960651707049577e-6
-11.388273369263	6.9789864504565755e-6
-11.37256540599505	6.997393870988675e-6
-11.356857442727103	7.015874353987288e-6
-11.341149479459153	7.034428287356017e-6
-11.325441516191205	7.05305606158072e-6
-11.309733552923255	7.071758069750562e-6
-11.294025589655305	7.090534707578521e-6
-11.278317626387357	7.109386373422965e-6
-11.262609663119408	7.12831346830847e-6
-11.24690169985146	7.147316395947566e-6
-11.23119373658351	7.166395562762334e-6
-11.215485773315562	7.185551377906338e-6
-11.199777810047612	7.2047842532867134e-6
-11.184069846779664	7.224094603586465e-6
-11.168361883511714	7.243482846287009e-6
-11.152653920243765	7.262949401690779e-6
-11.136945956975817	7.282494692944374e-6
-11.121237993707867	7.302119146061676e-6
-11.105530030439919	7.321823189947118e-6
-11.08982206717197	7.3416072564193976e-6
-11.074114103904021	7.361471780235319e-6
-11.058406140636071	7.381417199113748e-6
-11.042698177368123	7.401443953760023e-6
-11.026990214100174	7.421552487890585e-6
-11.011282250832226	7.441743248257364e-6
-10.995574287564276	7.462016684673254e-6
-10.979866324296326	7.482373250037046e-6
-10.964158361028378	7.5028134003589775e-6
-10.948450397760428	7.52333759478651e-6
-10.93274243449248	7.5439462956302796e-6
-10.91703447122453	7.564639968390407e-6
-10.901326507956583	7.585419081782937e-6
-10.885618544688633	7.606284107766511e-6
-10.869910581420685	7.627235521569474e-6
-10.854202618152735	7.648273801717156e-6
-10.838494654884787	7.669399430059199e-6
-10.822786691616837	7.69061289179787e-6
-10.807078728348888	7.711914675515502e-6
-10.79137076508094	7.733305273203277e-6
-10.77566280181299	7.754785180289768e-6
-10.759954838545042	7.776354895669696e-6
-10.744246875277092	7.798014921733505e-6
-10.728538912009144	7.819765764396257e-6
-10.712830948741194	7.841607933128034e-6
-10.697122985473246	7.863541940983623e-6
-10.681415022205297	7.885568304633052e-6
-10.665707058937347	7.907687544392041e-6
-10.649999095669399	7.92990018425333e-6
-10.634291132401449	7.952206751917678e-6
-10.618583169133501	7.974607778825638e-6
-10.602875205865551	7.997103800189235e-6
-10.587167242597603	8.01969535502461e-6
-10.571459279329654	8.042382986184028e-6
-10.555751316061706	8.065167240389167e-6
-10.540043352793756	8.088048668264237e-6
-10.524335389525806	8.111027824369403e-6
-10.508627426257858	8.134105267234859e-6
-10.492919462989908	8.15728155939482e-6
-10.47721149972196	8.180557267422325e-6
-10.46150353645401	8.203932961963818e-6
-10.445795573186063	8.22740921777494e-6
-10.430087609918113	8.250986613755547e-6
-10.414379646650165	8.274665732986173e-6
-10.398671683382215	8.298447162764186e-6
-10.382963720114267	8.322331494640607e-6
-10.367255756846317	8.346319324456825e-6
-10.351547793578368	8.370411252382839e-6
-10.33583983031042	8.39460788295432e-6
-10.32013186704247	8.418909825111363e-6
-10.304423903774522	8.443317692236918e-6
-10.288715940506572	8.467832102195827e-6
-10.273007977238624	8.492453677374508e-6
-10.257300013970674	8.517183044720428e-6
-10.241592050702726	8.542020835782485e-6
-10.225884087434777	8.566967686751968e-6
-10.210176124166829	8.5920242385032e-6
-10.194468160898879	8.617191136635476e-6
-10.178760197630929	8.642469031514466e-6
-10.163052234362981	8.667858578315445e-6
-10.147344271095031	8.693360437065117e-6
-10.131636307827083	8.718975272685761e-6
-10.115928344559133	8.744703755038375e-6
-10.100220381291185	8.770546558967146e-6
-10.084512418023236	8.796504364344053e-6
-10.068804454755288	8.822577856113877e-6
-10.053096491487338	8.848767724339981e-6
-10.037388528219388	8.87507466425006e-6
-10.02168056495144	8.901499376283152e-6
-10.00597260168349	8.928042566136196e-6
-9.990264638415542	8.954704944811893e-6
-9.974556675147593	8.981487228666712e-6
-9.958848711879645	9.008390139459346e-6
-9.943140748611695	9.035414404399738e-6
-9.927432785343747	9.06256075619896e-6
-9.911724822075797	9.089829933119006e-6
-9.896016858807847	9.117222679023623e-6
-9.8803088955399	9.144739743429397e-6
-9.86460093227195	9.172381881557666e-6
-9.848892969004002	9.200149854386714e-6
-9.833185005736052	9.228044428704482e-6
-9.817477042468104	9.256066377162336e-6
-9.801769079200154	9.28421647832881e-6
-9.786061115932206	9.312495516744326e-6
-9.770353152664256	9.34090428297621e-6
-9.754645189396308	9.369443573674615e-6
-9.738937226128359	9.398114191628921e-6
-9.723229262860409	9.42691694582445e-6
-9.707521299592461	9.45585265150063e-6
-9.691813336324511	9.484922130208513e-6
-9.676105373056563	9.514126209870384e-6
-9.660397409788613	9.54346572483855e-6
-9.644689446520665	9.572941515956162e-6
-9.628981483252716	9.602554430617558e-6
-9.613273519984768	9.63230532283003e-6
-9.597565556716818	9.662195053275803e-6
-9.58185759344887	9.692224489375119e-6
-9.56614963018092	9.722394505349577e-6
-9.55044166691297	9.75270598228651e-6
-9.534733703645022	9.783159808203814e-6
-9.519025740377073	9.813756878115879e-6
-9.503317777109125	9.844498094099485e-6
-9.487609813841175	9.875384365361729e-6
-9.471901850573227	9.906416608307161e-6
-9.456193887305277	9.937595746606701e-6
-9.44048592403733	9.968922711267554e-6
-9.42477796076938	1.000039844070232e-5
-9.40906999750143	1.0032023880801116e-5
-9.393362034233482	1.0063799985002728e-5
-9.377654070965532	1.0095727714367053e-5
-9.361946107697584	1.01278080376491e-5
-9.346238144429634	1.0160041931372692e-5
-9.330530181161686	1.0192430379906032e-5
-9.314822217893736	1.02249743755369e-5
-9.299114254625788	1.0257674918549949e-5
-9.283406291357839	1.0290533017304542e-5
-9.267698328089889	1.032354968831275e-5
-9.25199036482194	1.0356725956319195e-5
-9.236282401553991	1.039006285438104e-5
-9.220574438286043	1.0423561423949619e-5
-9.204866475018093	1.0457222714952305e-5
-9.189158511750145	1.0491047785875944e-5
-9.173450548482196	1.0525037703850436e-5
-9.157742585214248	1.0559193544734467e-5
-9.142034621946298	1.0593516393200839e-5
-9.12632665867835	1.0628007342824591e-5
-9.1106186954104	1.066266749616908e-5
-9.09491073214245	1.0697497964877106e-5
-9.079202768874502	1.0732499869760035e-5
-9.063494805606553	1.0767674340888717e-5
-9.047786842338605	1.0803022517686087e-5
-9.032078879070655	1.083854554902034e-5
-9.016370915802707	1.0874244593299468e-5
-9.000662952534757	1.0910120818566107e-5
-8.984954989266809	1.0946175402594913e-5
-8.96924702599886	1.0982409532989624e-5
-8.953539062730911	1.1018824407282446e-5
-8.937831099462962	1.1055421233033563e-5
-8.922123136195012	1.1092201227932758e-5
-8.906415172927064	1.1129165619901656e-5
-8.890707209659114	1.1166315647197276e-5
-8.874999246391166	1.120365255851734e-5
-8.859291283123216	1.1241177613105565e-5
-8.843583319855268	1.1278892080859504e-5
-8.827875356587318	1.1316797242439257e-5
-8.81216739331937	1.1354894389377557e-5
-8.79645943005142	1.1393184824190047e-5
-8.780751466783471	1.1431669860489192e-5
-8.765043503515523	1.147035082309734e-5
-8.749335540247573	1.1509229048162387e-5
-8.733627576979625	1.1548305883274253e-5
-8.717919613711675	1.1587582687583235e-5
-8.702211650443727	1.1627060831919489e-5
-8.686503687175778	1.1666741698913583e-5
-8.67079572390783	1.1706626683119812e-5
-8.65508776063988	1.1746717191139436e-5
-8.63937979737193	1.1787014641746206e-5
-8.623671834103982	1.1827520466013629e-5
-8.607963870836032	1.1868236107443535e-5
-8.592255907568084	1.1909163022095676e-5
-8.576547944300135	1.1950302678720108e-5
-8.560839981032187	1.1991656558889783e-5
-8.545132017764237	1.2033226157136358e-5
-8.529424054496289	1.2075012981086292e-5
-8.51371609122834	1.2117018551598886e-5
-8.498008127960391	1.2159244402907075e-5
-8.482300164692441	1.2201692082758873e-5
-8.466592201424492	1.2244363152560401e-5
-8.450884238156544	1.2287259187522059e-5
-8.435176274888594	1.2330381776805208e-5
-8.419468311620646	1.2373732523671083e-5
-8.403760348352696	1.2417313045631394e-5
-8.388052385084748	1.2461124974601993e-5
-8.372344421816798	1.2505169957056515e-5
-8.35663645854885	1.2549449654183369e-5
-8.3409284952809	1.2593965742044378e-5
-8.325220532012953	1.2638719911735053e-5
-8.309512568745003	1.2683713869547628e-5
-8.293804605477053	1.2728949337135312e-5
-8.278096642209105	1.2774428051679004e-5
-8.262388678941155	1.2820151766056634e-5
-8.246680715673207	1.2866122249013982e-5
-8.230972752405258	1.2912341285337311e-5
-8.21526478913731	1.2958810676029676e-5
-8.19955682586936	1.300553223848819e-5
-8.183848862601412	1.3052507806683862e-5
-8.168140899333462	1.309973923134374e-5
-8.152432936065512	1.3147228380136359e-5
-8.136724972797564	1.3194977137857565e-5
-8.121017009529615	1.324298740662105e-5
-8.105309046261667	1.3291261106049348e-5
-8.089601082993717	1.3339800173468562e-5
-8.073893119725769	1.3388606564105588e-5
-8.058185156457819	1.343768225128695e-5
-8.042477193189871	1.3487029226641257e-5
-8.026769229921921	1.3536649500304245e-5
-8.011061266653972	1.3586545101125045e-5
-7.995353303386024	1.3636718076877705e-5
-7.979645340118075	1.3687170494473267e-5
-7.963937376850126	1.373790444017524e-5
-7.948229413582177	1.3788922019819412e-5
-7.932521450314228	1.3840225359033697e-5
-7.916813487046278	1.389181660346323e-5
-7.901105523778329	1.394369791899848e-5
-7.8853975605103805	1.399587149200423e-5
-7.869689597242432	1.4048339529554037e-5
-7.853981633974483	1.4101104259666582e-5
-7.838273670706534	1.415416793154534e-5
-7.822565707438585	1.4207532815821343e-5
-7.806857744170636	1.4261201204800255e-5
-7.791149780902687	1.4315175412710879e-5
-7.7754418176347375	1.4369457775958747e-5
-7.759733854366789	1.4424050653382535e-5
-7.74402589109884	1.4478956426513118e-5
-7.728317927830891	1.4534177499838155e-5
-7.712609964562942	1.4589716301067924e-5
-7.696902001294993	1.4645575281406557e-5
-7.681194038027044	1.4701756915825997e-5
-7.665486074759095	1.4758263703344276e-5
-7.6497781114911465	1.4815098167307314e-5
-7.634070148223198	1.4872262855674328e-5
-7.618362184955249	1.492976034130802e-5
-7.602654221687299	1.4987593222267796e-5
-7.58694625841935	1.5045764122108016e-5
-7.571238295151401	1.5104275690178946e-5
-7.555530331883452	1.5163130601933721e-5
-7.5398223686155035	1.5222331559238194e-5
-7.524114405347555	1.528188129068574e-5
-7.508406442079606	1.5341782551916023e-5
-7.492698478811657	1.5402038125938637e-5
-7.476990515543708	1.5462650823461413e-5
-7.461282552275758	1.5523623483222462e-5
-7.445574589007809	1.5584958972327913e-5
-7.4298666257398605	1.564666018659401e-5
-7.414158662471912	1.5708730050893866e-5
-7.398450699203963	1.5771171519509203e-5
-7.382742735936014	1.5833987576487753e-5
-7.367034772668065	1.5897181236004388e-5
-7.351326809400116	1.59607555427289e-5
-7.335618846132167	1.6024713572197842e-5
-7.319910882864218	1.608905843119248e-5
-7.304202919596269	1.615379325812161e-5
-7.28849495632832	1.6218921223410505e-5
-7.272786993060371	1.628444552989495e-5
-7.257079029792422	1.6350369413220802e-5
-7.241371066524473	1.641669614225037e-5
-7.225663103256524	1.6483429019473218e-5
-7.209955139988575	1.655057138142419e-5
-7.194247176720626	1.6618126599107183e-5
-7.1785392134526775	1.6686098078424227e-5
-7.162831250184729	1.6754489260612143e-5
-7.147123286916779	1.68233036226855e-5
-7.13141532364883	1.689254467788439e-5
-7.115707360380881	1.696221597613083e-5
-7.099999397112932	1.7032321104491225e-5
-7.084291433844983	1.710286368764518e-5
-7.0685834705770345	1.7173847388361696e-5
-7.052875507309086	1.724527590798264e-5
-7.037167544041137	1.731715298691235e-5
-7.021459580773188	1.7389482405116425e-5
-7.005751617505239	1.746226798262628e-5
-6.99004365423729	1.7535513580051744e-5
-6.97433569096934	1.7609223099101757e-5
-6.9586277277013915	1.7683400483112523e-5
-6.942919764433443	1.775804971758409e-5
-6.927211801165494	1.7833174830723646e-5
-6.911503837897545	1.7908779893999247e-5
-6.895795874629596	1.7984869022700635e-5
-6.880087911361647	1.806144637650761e-5
-6.864379948093698	1.8138516160069823e-5
-6.848671984825749	1.8216082623592456e-5
-6.8329640215578	1.8294150063433408e-5
-6.817256058289851	1.837272282270734e-5
-6.801548095021902	1.8451805291901098e-5
-6.785840131753953	1.8531401909497164e-5
-6.770132168486004	1.861151716260749e-5
-6.754424205218055	1.8692155587616992e-5
-6.738716241950106	1.87733217708364e-5
-6.7230082786821574	1.885502034916721e-5
-6.707300315414209	1.8937256010773994e-5
-6.69159235214626	1.9020033495769835e-5
-6.675884388878311	1.9103357596912005e-5
-6.660176425610361	1.9187233160307194e-5
-6.644468462342412	1.927166508612874e-5
-6.628760499074463	1.9356658329345982e-5
-6.613052535806514	1.9442217900464756e-5
-6.5973445725385655	1.9528348866277328e-5
-6.581636609270617	1.9615056350628093e-5
-6.565928646002668	1.970234553518912e-5
-6.550220682734719	1.9790221660247955e-5
-6.53451271946677	1.9878690025509016e-5
-6.51880475619882	1.996775599090769e-5
-6.503096792930871	2.0057424977436794e-5
-6.4873888296629225	2.0147702467987627e-5
-6.471680866394974	2.0238594008202664e-5
-6.455972903127025	2.0330105207344562e-5
-6.440264939859076	2.042224173917653e-5
-6.424556976591127	2.0515009342859686e-5
-6.408849013323178	2.0608413823863685e-5
-6.393141050055229	2.0702461054891184e-5
-6.37743308678728	2.079715697682042e-5
-6.3617251235193315	2.089250759965981e-5
-6.346017160251382	2.0988519003521447e-5
-6.330309196983433	2.1085197339608527e-5
-6.314601233715484	2.11825488312198e-5
-6.298893270447535	2.128057977477033e-5
-6.283185307179586	2.137929654083084e-5
-6.267477343911637	2.14787055751817e-5
-6.2517693806436885	2.1578813399887026e-5
-6.23606141737574	2.1679626614385464e-5
-6.220353454107791	2.178115189659914e-5
-6.204645490839841	2.188339600406246e-5
-6.188937527571892	2.1986365775068968e-5
-6.173229564303943	2.2090068129837804e-5
-6.157521601035994	2.219451007169994e-5
-6.1418136377680455	2.229969868830495e-5
-6.126105674500097	2.2405641152848396e-5
-6.110397711232148	2.251234472531901e-5
-6.094689747964199	2.261981675376906e-5
-6.07898178469625	2.272806467560583e-5
-6.063273821428301	2.283709601890394e-5
-6.047565858160352	2.294691840374258e-5
-6.031857894892402	2.3057539543565275e-5
-6.0161499316244536	2.3168967246561334e-5
-6.000441968356505	2.3281209417074952e-5
-5.984734005088556	2.3394274057034916e-5
-5.969026041820607	2.3508169267412484e-5
-5.953318078552658	2.3622903249703367e-5
-5.937610115284709	2.3738484307435473e-5
-5.92190215201676	2.3854920847705033e-5
-5.906194188748811	2.3972221382737168e-5
-5.890486225480862	2.409039453147632e-5
-5.874778262212913	2.4209449021204463e-5
-5.859070298944964	2.432939368918784e-5
-5.843362335677015	2.445023748435254e-5
-5.827654372409066	2.457198946899163e-5
-5.811946409141117	2.4694658820501647e-5
-5.796238445873168	2.4818254833150704e-5
-5.7805304826052195	2.4942786919878746e-5
-5.764822519337271	2.5068264614130193e-5
-5.749114556069322	2.5194697571720788e-5
-5.733406592801373	2.532209557273566e-5
-5.717698629533423	2.5450468523466065e-5
-5.701990666265474	2.5579826458377883e-5
-5.686282702997525	2.5710179542119076e-5
-5.6705747397295765	2.5841538071561738e-5
-5.654866776461628	2.5973912477884037e-5
-5.639158813193679	2.610731332868851e-5
-5.62345084992573	2.6241751330161638e-5
-5.607742886657781	2.637723732927162e-5
-5.592034923389832	2.6513782316009735e-5
-5.576326960121882	2.6651397425671134e-5
-5.5606189968539335	2.6790093941179094e-5
-5.544911033585985	2.692988329545434e-5
-5.529203070318036	2.7070777073828116e-5
-5.513495107050087	2.7212787016499456e-5
-5.497787143782138	2.7355925021042377e-5
-5.482079180514189	2.7500203144957037e-5
-5.46637121724624	2.7645633608273216e-5
-5.450663253978291	2.7792228796200116e-5
-5.4349552907103424	2.7940001261830914e-5
-5.419247327442394	2.80889637288944e-5
-5.403539364174444	2.8239129094565223e-5
-5.387831400906495	2.8390510432324413e-5
-5.372123437638546	2.8543120994876107e-5
-5.356415474370597	2.8696974217123884e-5
-5.340707511102648	2.8852083719201555e-5
-5.324999547834699	2.9008463309565095e-5
-5.3092915845667505	2.9166126988145956e-5
-5.293583621298802	2.9325088949564187e-5
-5.277875658030853	2.9485363586407475e-5
-5.262167694762903	2.964696549257443e-5
-5.246459731494954	2.9809909466682776e-5
-5.230751768227005	2.997421051554768e-5
-5.215043804959056	3.0139883857728015e-5
-5.1993358416911075	3.030694492714604e-5
-5.183627878423159	3.0475409376775025e-5
-5.16791991515521	3.064529308240794e-5
-5.152211951887261	3.081661214649541e-5
-5.136503988619312	3.098938290206882e-5
-5.120796025351363	3.116362191673618e-5
-5.105088062083414	3.13393459967642e-5
-5.0893800988154645	3.1516572191243023e-5
-5.073672135547516	3.169531779633554e-5
-5.057964172279567	3.187560035961444e-5
-5.042256209011618	3.2057437684491015e-5
-5.026548245743669	3.224084783473137e-5
-5.01084028247572	3.242584913907171e-5
-4.995132319207771	3.2612460195926477e-5
-4.979424355939822	3.280069987819569e-5
-4.9637163926718735	3.29905873381737e-5
-4.948008429403924	3.3182142012561665e-5
-4.932300466135975	3.337538362758474e-5
-4.916592502868026	3.357033220421866e-5
-4.900884539600077	3.3767008063527e-5
-4.885176576332128	3.396543183211248e-5
-4.869468613064179	3.416562444768446e-5
-4.8537606497962305	3.4367607164747514e-5
-4.838052686528282	3.457140156040908e-5
-4.822344723260333	3.4777029540317806e-5
-4.806636759992384	3.498451334472426e-5
-4.790928796724435	3.5193875554679465e-5
-4.775220833456485	3.540513909836454e-5
-4.759512870188536	3.561832725756048e-5
-4.743804906920587	3.583346367426045e-5
-4.7280969436526386	3.605057235742628e-5
-4.71238898038469	3.626967768989567e-5
-4.696681017116741	3.649080443544178e-5
-4.680973053848792	3.671397774599089e-5
-4.665265090580843	3.693922316899949e-5
-4.649557127312894	3.716656665499811e-5
-4.633849164044944	3.73960345653051e-5
-4.6181412007769955	3.7627653679912144e-5
-4.602433237509047	3.7861451205550694e-5
-4.586725274241098	3.8097454783939665e-5
-4.571017310973149	3.833569250022441e-5
-4.5553093477052	3.857619289160163e-5
-4.539601384437251	3.881898495615058e-5
-4.523893421169302	3.9064098161862425e-5
-4.508185457901353	3.931156245588017e-5
-4.4924774946334045	3.95614082739495e-5
-4.476769531365456	3.9813666550096496e-5
-4.461061568097506	4.0068368726523107e-5
-4.445353604829557	4.0325546763739635e-5
-4.429645641561608	4.058523315093407e-5
-4.413937678293659	4.084746091658653e-5
-4.39822971502571	4.111226363933414e-5
-4.3825217517577615	4.137967545909438e-5
-4.366813788489813	4.164973108845448e-5
-4.351105825221864	4.192246582433118e-5
-4.335397861953915	4.219791555991577e-5
-4.319689898685965	4.247611679689912e-5
-4.303981935418016	4.275710665800117e-5
-4.288273972150067	4.30409228997979e-5
-4.2725660088821185	4.332760392586478e-5
-4.25685804561417	4.361718880024083e-5
-4.241150082346221	4.39097172612218e-5
-4.225442119078272	4.420522973549694e-5
-4.209734155810323	4.450376735263081e-5
-4.194026192542374	4.480537195991013e-5
-4.178318229274425	4.511008613755456e-5
-4.162610266006476	4.5417953214313555e-5
-4.146902302738527	4.5729017283453134e-5
-4.131194339470578	4.604332321914285e-5
-4.115486376202629	4.6360916693263124e-5
-4.09977841293468	4.6681844192633206e-5
-4.084070449666731	4.70061530366852e-5
-4.068362486398782	4.733389139558555e-5
-4.052654523130833	4.766510830882314e-5
-4.036946559862884	4.799985370428054e-5
-4.0212385965949355	4.8338178417794885e-5
-4.005530633326986	4.8680134213229114e-5
-3.9898226700590373	4.902577380306983e-5
-3.9741147067910885	4.9375150869560315e-5
-3.958406743523139	4.9728320086394614e-5
-3.9426987802551903	5.008533714098151e-5
-3.9269908169872414	5.0446258757300605e-5
-3.9112828537192925	5.081114271936651e-5
-3.8955748904513436	5.118004789532549e-5
-3.8798669271833943	5.155303426218833e-5
-3.8641589639154454	5.1930162931244064e-5
-3.8484510006474966	5.231149617414907e-5
-3.8327430373795477	5.269709744973702e-5
-3.817035074111599	5.308703143154977e-5
-3.8013271108436495	5.348136403613599e-5
-3.7856191475757006	5.388016245211329e-5
-3.7699111843077517	5.4283495170051076e-5
-3.754203221039803	5.469143201316904e-5
-3.738495257771854	5.510404416889864e-5
-3.7227872945039047	5.5521404221331e-5
-3.707079331235956	5.5943586184567496e-5
-3.691371367968007	5.637066553702435e-5
-3.675663404700058	5.6802719256703434e-5
-3.659955441432109	5.7239825857469364e-5
-3.64424747816416	5.768206542636389e-5
-3.628539514896211	5.812951966199862e-5
-3.612831551628262	5.858227191404754e-5
-3.597123588360313	5.90404072238917e-5
-3.5814156250923643	5.9504012366446386e-5
-3.565707661824415	5.997317589321001e-5
-3.549999698556466	6.0447988176581685e-5
-3.5342917352885173	6.092854145548441e-5
-3.5185837720205684	6.141492988234568e-5
-3.5028758087526195	6.19072495714801e-5
-3.48716784548467	6.240559864956582e-5
-3.4714598822167213	6.291007730359758e-5
-3.4557519189487724	6.342078784058991e-5
-3.4400439556808236	6.393783473520656e-5
-3.4243359924128747	6.44613246893152e-5
-3.4086280291449254	6.499136668918278e-5
-3.3929200658769765	6.552807206511474e-5
-3.3772121026090276	6.607155455294524e-5
-3.3615041393410787	6.662193035743927e-5
-3.34579617607313	6.717931821767159e-5
-3.3300882128051805	6.774383947446484e-5
-3.3143802495372316	6.831561813994702e-5
-3.2986722862692828	6.889478096931952e-5
-3.282964323001334	6.948145753491105e-5
-3.267256359733385	7.007578030260193e-5
-3.2515483964654357	7.067788471073436e-5
-3.235840433197487	7.128790925172844e-5
-3.220132469929538	7.19059955642333e-5
-3.204424506661589	7.253228847808052e-5
-3.18871654339364	7.316693618260659e-5
-3.173008580125691	7.381009025269356e-5
-3.157300616857742	7.446190576515464e-5
-3.141592653589793	7.512254140059512e-5
-3.1258846903218442	7.579215954362032e-5
-3.1101767270538954	7.647092638838173e-5
-3.094468763785946	7.715901204779791e-5
-3.078760800517997	7.785659066649686e-5
-3.0630528372500483	7.856384053763385e-5
-3.0473448739820994	7.928094422374115e-5
-3.0316369107141505	8.000808868175538e-5
-3.015928947446201	8.074546539241785e-5
-3.0002209841782523	8.149327049427933e-5
-2.9845130209103035	8.225170492269783e-5
-2.9688050576423546	8.302097455561992e-5
-2.9530970943744057	8.380129039473199e-5
-2.9373891311064564	8.459286934935557e-5
-2.9216811678385075	8.539593065273846e-5
-2.9059732045705586	8.621070400480981e-5
-2.8902652413026098	8.703742148332616e-5
-2.874557278034661	8.787632146438865e-5
-2.8588493147667116	8.872764948494807e-5
-2.8431413514987627	8.959165654863506e-5
-2.827433388230814	9.046860035392619e-5
-2.811725424962865	9.135874530025406e-5
-2.796017461694916	9.226236269541405e-5
-2.7803094984269667	9.31797309760852e-5
-2.764601535159018	9.411113593750245e-5
-2.748893571891069	9.505687097227509e-5
-2.73318560862312	9.601723731903686e-5
-2.7174776453551712	9.699254432259112e-5
-2.701769682087222	9.79831097128153e-5
-2.686061718819273	9.898925997311671e-5
-2.670353755551324	0.00010001134320693194
-2.6546457922833753	0.00010104966533136807
-2.6389378290154264	0.000102104620568881
-2.623229865747477	0.00010317688520613568
-2.607521902479528	0.00010426590127408304
-2.5918139392115793	0.00010537288002925977
-2.5761059759436304	0.00010649805000047554
-2.5603980126756816	0.00010764176457370133
-2.5446900494077322	0.0001088044420055653
-2.5289820861397834	0.00010998651301949342
-2.5132741228718345	0.00011118842095974495
-2.4975661596038856	0.00011241062220248244
-2.4818581963359367	0.00011365358662065326
-2.4661502330679874	0.00011491779808195524
-2.4504422698000385	0.00011620375498369119
-2.4347343065320897	0.00011751197084873129
-2.419026343264141	0.00011884297509447604
-2.403318379996192	0.00012019731576530582
-2.3876104167282426	0.00012157555471584542
-2.3719024534602937	0.00012297828881743718
-2.356194490192345	0.00012440653075985038
-2.340486526924396	0.0001258599544482139
-2.324778563656447	0.00012733935835667877
-2.3090706003884978	0.00012884649517720605
-2.293362637120549	0.0001303804915971572
-2.2776546738526	0.00013194320558650648
-2.261946710584651	0.00013353504002930404
-2.2462387473167023	0.00013515670039129012
-2.230530784048753	0.0001368089528482217
-2.214822820780804	0.00013849259223983878
-2.199114857512855	0.00014020844093102537
-2.1834068942449063	0.00014195734967397032
-2.1676989309769574	0.0001437401989992847
-2.151990967709008	0.00014555790117622952
-2.1362830044410592	0.00014741140355019718
-2.1205750411731104	0.00014930169682429785
-2.1048670779051615	0.0001512298509450406
-2.0891591146372126	0.0001531974285453451
-2.0734511513692633	0.00015521759378741564
-2.0577431881013144	0.00015725969584343515
-2.0420352248333655	0.00015934777200864256
-2.0263272615654166	0.0001615059459531485
-2.0106192982974678	0.00016366096784275645
-1.9949113350295187	0.00016587662429071618
-1.9792033717615696	0.00016814709804420866
-1.9634954084936207	0.00017046666037683867
-1.9477874452256718	0.00017283645557089695
-1.9320794819577227	0.00017525793107773925
-1.9163715186897738	0.00017773264247642194
-1.9006635554218247	0.0001802622280939041
-1.8849555921538759	0.00018284841032473878
-1.869247628885927	0.00018549300931350226
-1.853539665617978	0.00018819797547728939
-1.837831702350029	0.00019096547393067883
-1.82212373908208	0.00019379819337025025
-1.806415775814131	0.00019670919577288297
-1.7907078125461822	0.00019974975347943338
-1.774999849278233	0.0002027694396590481
-1.7592918860102842	0.00021869868797304317
-1.743583922742335	0.000217600583294897
-1.7278759594743862	0.0002126141221848832
-1.7121679962064373	0.00021562355597102529
-1.6964600329384882	0.0002190148390192256
-1.6807520696705394	0.000222520647659941
-1.6650441064025903	0.00022611862828510854
-1.6493361431346414	0.00022981038594512053
-1.6336281798666925	0.00023359886702248433
-1.6179202165987434	0.00023748756882825163
-1.6022122533307945	0.00024148040540058642
-1.5865042900628454	0.0002455817592725892
-1.5707963267948966	0.00024979670179630395
-1.5550883635269477	0.00025413158550301667
-1.5393804002589986	0.0002585959478045754
-1.5236724369910497	0.00026321665501449044
-1.5079644737231006	0.00026803211800458394
-1.4922565104551517	0.0002737426871792231
-1.4765485471872029	0.00028204950730088927
-1.4608405839192538	0.0002860209216509592
-1.4451326206513049	0.000289993246746062
-1.4294246573833558	0.0003016069008933724
-1.413716694115407	0.00030050849279608395
-1.398008730847458	0.000305089886110649
-1.382300767579509	0.00031088713390306727
-1.36659280431156	0.0003169875292566339
-1.350884841043611	0.000323322869253986
-1.335176877775662	0.00032988815320034214
-1.3194689145077132	0.00033669280802684924
-1.303760951239764	0.000343753728110936
-1.2880529879718152	0.0003510959553172486
-1.2723450247038661	0.0003587582104487235
-1.2566370614359172	0.00036680844475523653
-1.2409290981679684	0.00037539409200261725
-1.2252211349000193	0.0003849923662199793
-1.2095131716320704	0.00039915545046717804
-1.1938052083641213	0.0005052439792237683
-1.1780972450961724	0.00045429280602408463
-1.1623892818282235	0.000519253012313664
-1.1466813185602744	0.0007746728131529085
-1.1309733552923256	0.0005073908637222993
-1.1152653920243765	0.000459967663671936
-1.0995574287564276	0.0004656489853846882
-1.0838494654884787	0.0004756119719471877
-1.0681415022205296	0.00048722851126866557
-1.0524335389525807	0.0004999458791490913
-1.0367255756846316	0.0005136502311964276
-1.0210176124166828	0.0005283965012108722
-1.0053096491487339	0.0005443633264095902
-0.9896016858807848	0.0005618936950906433
-0.9738937226128359	0.0005816384527757576
-0.9581857593448869	0.0006049642067646787
-0.9424777960769379	0.0006354767713939959
-0.926769832808989	0.0007251022761606522
-0.91106186954104	0.0009002532569055299
-0.8953539062730911	0.0011669785556605152
-0.8796459430051421	0.08962421577345896
-0.8639379797371931	0.013405549311487698
-0.8482300164692441	0.001055454932023522
-0.8325220532012951	0.0011366695590599143
-0.8168140899333463	0.000831307188133865
-0.8011061266653973	0.0008369244075467992
-0.7853981633974483	0.0008581242070112727
-0.7696902001294993	0.0008867641290155126
-0.7539822368615503	0.0009209401374796445
-0.7382742735936014	0.000960429050744119
-0.7225663103256524	0.0010059184786866593
-0.7068583470577035	0.0010590266701053042
-0.6911503837897545	0.0011228784167729038
-0.6754424205218055	0.0012037981341583186
-0.6597344572538566	0.001316791757336508
-0.6440264939859076	0.0015195305032150261
-0.6283185307179586	0.001968165185989357
-0.6126105674500096	0.0065180907403891136
-0.5969026041820606	0.010611111333346758
-0.5811946409141118	0.007842044803120701
-0.5654866776461628	0.00833241889487511
-0.5497787143782138	0.04439529509173829
-0.5340707511102648	0.009308333122324638
-0.5183627878423158	0.003201845684428886
-0.5026548245743669	0.002518077941614153
-0.48694686130641796	0.0024079218780176334
-0.47123889803846897	0.0024680760219339803
-0.45553093477052	0.0026172842758362654
-0.43982297150257105	0.0028388501738531046
-0.42411500823462206	0.003140235903187418
-0.4084070449666731	0.0035476587650810237
-0.39269908169872414	0.004114702617794671
-0.37699111843077515	0.004951687886162987
-0.3612831551628262	0.006324291789419136
-0.34557519189487723	0.009231607199980297
-0.3298672286269283	0.02108340456982496
-0.3141592653589793	0.14408613049954663
-0.2984513020910303	0.04657596219103135
-0.2827433388230814	0.235009732189077
-0.2670353755551324	0.8977288763743974
-0.25132741228718347	0.062176837873492555
-0.23561944901923448	0.023671737522651386
-0.21991148575128552	0.014618663261183737
-0.20420352248333656	0.011528852193849875
-0.18849555921538758	0.010520733560434831
-0.17278759594743862	0.010552625310830907
-0.15707963267948966	0.011310139077743649
-0.1413716694115407	0.012762924314940213
-0.12566370614359174	0.0150707188500924
-0.10995574287564276	0.01862629106246023
-0.09424777960769379	0.024249728148139752
-0.07853981633974483	0.03375946583370485
-0.06283185307179587	0.05215516687406235
-0.047123889803846894	0.17757801620446312
-0.031415926535897934	0.19611590862308065
-0.015707963267948967	0.9027242263261598
0.0	182.92177400021464
0.015707963267948967	0.9179305738241936
0.031415926535897934	0.19889888481203635
0.047123889803846894	0.21301532550176808
0.06283185307179587	0.056075079459096525
0.07853981633974483	0.03814755146116585
0.09424777960769379	0.029757613867207773
0.10995574287564276	0.025618937731834275
0.12566370614359174	0.024000082632078992
0.1413716694115407	0.024293060899001167
0.15707963267948966	0.02648601813239891
0.17278759594743862	0.031125218629410152
0.18849555921538758	0.03966308759376124
0.20420352248333656	0.05564178883207951
0.21991148575128552	0.0888124228742252
0.23561944901923448	0.17400946162710756
0.25132741228718347	0.520554236911278
0.2670353755551324	8.091475929302772
0.2827433388230814	2.037098500099789
0.2984513020910303	0.4046133712758363
0.3141592653589793	1.776366589093566
0.3298672286269283	0.2125726966249876
0.34557519189487723	0.07218381363449258
0.3612831551628262	0.04324329980287199
0.37699111843077515	0.03161424178716117
0.39269908169872414	0.025532886311543424
0.4084070449666731	0.022244554283903418
0.42411500823462206	0.020761794707061704
0.43982297150257105	0.020780565577718575
0.45553093477052	0.02246138264523147
0.47123889803846897	0.026592041068419364
0.48694686130641796	0.03541094423174003
0.5026548245743669	0.05601942509705813
0.5183627878423158	0.12092032451186589
0.5340707511102648	0.6162537086168421
0.5497787143782138	3.2992292503675733
0.5654866776461628	0.6032466599383477
0.5811946409141118	0.7086411770876816
0.5969026041820606	1.0417544871393232
0.6126105674500096	0.6484355467319801
0.6283185307179586	0.09237022174090655
0.6440264939859076	0.04594030362705406
0.6597344572538566	0.028306679930323188
0.6754424205218055	0.02151757054858696
0.6911503837897545	0.01815549520049632
0.7068583470577035	0.01655697473814052
0.7225663103256524	0.0161302893228137
0.7382742735936014	0.016705576149382034
0.7539822368615503	0.01838392381151298
0.7696902001294993	0.021578359411880414
0.7853981633974483	0.02727913512944604
0.8011061266653973	0.0379533145928554
0.8168140899333463	0.061825936638040396
0.8325220532012951	0.34311374566851444
0.8482300164692441	0.34899888979776855
0.8639379797371931	12.125050133843082
0.8796459430051421	100.25078171829487
0.8953539062730911	0.5896137670970917
0.91106186954104	0.33417510342065004
0.926769832808989	0.1468647052762488
0.9424777960769379	0.04638950225173017
0.9581857593448869	0.03130886850153862
0.9738937226128359	0.02388405145567437
0.9896016858807848	0.019854247765348505
1.0053096491487339	0.01777045554800334
1.0210176124166828	0.017066599428202385
1.0367255756846316	0.017615190337923737
1.0524335389525807	0.01965418299768809
1.0681415022205296	0.023972150036784177
1.0838494654884787	0.03263140741141731
1.0995574287564276	0.051737442170030984
1.1152653920243765	0.1071768650707929
1.1309733552923256	0.6598217038427934
1.1466813185602744	3.5131693956157957
1.1623892818282235	1.0205721110448804
1.1780972450961724	0.5530409771960134
1.1938052083641213	1.4920989167003151
1.2095131716320704	0.1154068103196445
1.2252211349000193	0.040179924714924944
1.2409290981679684	0.024102367516447874
1.2566370614359172	0.017244972176530204
1.2723450247038661	0.013537435443053051
1.2880529879718152	0.01135552624694989
1.303760951239764	0.010081598277880275
1.3194689145077132	0.009464734395591243
1.335176877775662	0.009452348884760566
1.350884841043611	0.010184069822103257
1.36659280431156	0.012160958012752401
1.382300767579509	0.016998452101781907
1.398008730847458	0.03190118755316547
1.413716694115407	0.13996107134289548
1.4294246573833558	0.7332984576980321
1.4451326206513049	0.21156652987718447
1.4608405839192538	0.4167258105169248
1.4765485471872029	0.5680904016562561
1.4922565104551517	0.15345178929736777
1.5079644737231006	0.03423926989677717
1.5236724369910497	0.018402750641288605
1.5393804002589986	0.010944261547338349
1.5550883635269477	0.008181708336000577
1.5707963267948966	0.0067302379978640015
1.5865042900628454	0.005931322079789013
1.6022122533307945	0.005541660041247852
1.6179202165987434	0.005472601707564071
1.6336281798666925	0.005725078412283983
1.6493361431346414	0.0063900206112106495
1.6650441064025903	0.0077116988127291855
1.6807520696705394	0.010308244943687048
1.6964600329384882	0.01608641248143638
1.7121679962064373	0.05024154218085647
1.7278759594743862	0.39319496020465594
1.743583922742335	9.3886273646008
1.7592918860102842	15.963422577337557
1.774999849278233	0.10739965785273675
1.7907078125461822	0.1489180469313216
1.806415775814131	0.034443161038187134
1.82212373908208	0.010742864894396286
1.837831702350029	0.007279932883659039
1.853539665617978	0.005521201663951555
1.869247628885927	0.004498596757704122
1.8849555921538759	0.0038792133901823294
1.9006635554218247	0.003521358491013342
1.9163715186897738	0.003369170518647348
1.9320794819577227	0.0034245565677065233
1.9477874452256718	0.0037596956410067125
1.9634954084936207	0.0045971213591497135
1.9792033717615696	0.006646532552639108
1.9949113350295187	0.013226156883139236
2.0106192982974678	0.0995555204881797
2.0263272615654166	0.36901630850060624
2.0420352248333655	0.08371628148040762
2.0577431881013144	0.12920807337147447
2.0734511513692633	0.23935507000319084
2.0891591146372126	0.018026267088243713
2.1048670779051615	0.005971891644590306
2.1205750411731104	0.0035970043322943995
2.1362830044410592	0.0026274462093788986
2.151990967709008	0.002115512798953569
2.1676989309769574	0.001811543939941698
2.1834068942449063	0.0016237619214977677
2.199114857512855	0.001513725282694339
2.214822820780804	0.0014678017987213375
2.230530784048753	0.001490636110670596
2.2462387473167023	0.001613077496293649
2.261946710584651	0.001934657283020858
2.2776546738526	0.0028632421325185176
2.293362637120549	0.008546877398424002
2.3090706003884978	0.05045800224106732
2.324778563656447	0.015401281658416791
2.340486526924396	0.06997800597227932
2.356194490192345	0.07528587040136346
2.3719024534602937	0.008571680059836087
2.3876104167282426	0.0041550910673654245
2.403318379996192	0.002606436007184088
2.419026343264141	0.0015453811338577014
2.4347343065320897	0.0011940590497927434
2.4504422698000385	0.0009996406407257168
2.4661502330679874	0.0008790910663438224
2.4818581963359367	0.0008014175537058137
2.4975661596038856	0.0007530923349796168
2.5132741228718345	0.0007292185760789896
2.5289820861397834	0.0007315818456974531
2.5446900494077322	0.0007714086370210894
2.5603980126756816	0.0008820277423353292
2.5761059759436304	0.0011720665707707016
2.5918139392115793	0.002173745021908639
2.607521902479528	0.06719770503635301
2.623229865747477	0.41086175529579394
2.6389378290154264	0.004942249224708703
2.6546457922833753	0.0023793270594325766
2.670353755551324	0.024307788752910685
2.686061718819273	0.0011223313606857396
2.701769682087222	0.0006881548121541248
2.7174776453551712	0.0005506074742947461
2.73318560862312	0.0004801575402169796
2.748893571891069	0.00043655892338891354
2.764601535159018	0.00040689296120863065
2.7803094984269667	0.0003858205995456336
2.796017461694916	0.0003710115210607317
2.811725424962865	0.0003618558737461671
2.827433388230814	0.000359514747907382
2.8431413514987627	0.00036879278592705505
2.8588493147667116	0.00040731274258793977
2.874557278034661	0.0005737784508660661
2.8902652413026098	0.003448195089599395
2.9059732045705586	0.001661448485865574
2.9216811678385075	0.0008803919608528176
2.9373891311064564	0.014785987022720522
2.9530970943744057	0.0013190906805069064
2.9688050576423546	0.0004696433075093887
2.9845130209103035	0.0003403983428019222
3.0002209841782523	0.00029379711092652935
3.015928947446201	0.00026982935589476404
3.0316369107141505	0.0002547846861306398
3.0473448739820994	0.00024409669133280127
3.0630528372500483	0.0002358840033996387
3.078760800517997	0.00022927063002485426
3.094468763785946	0.00022383844585703211
3.1101767270538954	0.00021943644271483549
3.1258846903218442	0.00021615274007573743
3.141592653589793	0.00021445244606525812
3.157300616857742	0.0002157393065540696
3.173008580125691	0.00022474712310783406
3.18871654339364	0.00026492255030142054
3.204424506661589	0.0006722408442792979
3.220132469929538	0.00165139302771067
3.235840433197487	0.00028365768277866985
3.2515483964654357	0.00021381598937673143
3.267256359733385	0.0001939050080960292
3.282964323001334	0.00018430669868226007
3.2986722862692828	0.00017819402797792166
3.3143802495372316	0.0001736167155429079
3.3300882128051805	0.00016984599404166103
3.34579617607313	0.00016655953045130104
3.3615041393410787	0.0001635984593350471
3.3772121026090276	0.00016088089601768433
3.3929200658769765	0.000158369265212534
3.4086280291449254	0.00015606328047739512
3.4243359924128747	0.00015401987426717933
3.4400439556808236	0.00015244955194930934
3.4557519189487724	0.00015221419036934368
3.4714598822167213	0.00015957194792178098
3.48716784548467	0.0010963443971474638
3.5028758087526195	0.00016316445089944144
3.5185837720205684	0.00014498372056171905
3.5342917352885173	0.00014043833576740246
3.549999698556466	0.0001377004850611764
3.565707661824415	0.00013549320294105308
3.5814156250923643	0.00013351544838352203
3.597123588360313	0.0001316656440788437
3.612831551628262	0.00012990109647729572
3.628539514896211	0.000128200842310238
3.64424747816416	0.00012655326934031172
3.659955441432109	0.0001249512766717999
3.675663404700058	0.0001233901447608433
3.691371367968007	0.00012186650751109835
3.707079331235956	0.0001203778179312563
3.7227872945039047	0.00011892205266220114
3.738495257771854	0.00011749753976888153
3.754203221039803	0.0001161028536821789
3.7699111843077517	0.00011473674846586411
3.7856191475757006	0.00011339811386497561
3.8013271108436495	0.0001120859453921016
3.817035074111599	0.0001107993233468186
3.8327430373795477	0.00010953739768777569
3.8484510006474966	0.0001082993768423652
3.8641589639154454	0.00010708451923103061
3.8798669271833943	0.00010589212670582486
3.8955748904513436	0.00010472153936747203
3.9112828537192925	0.00010357213139480609
3.9269908169872414	0.00010244330763144229
3.9426987802551903	0.00010133450074872034
3.958406743523139	0.00010024516885433431
3.9741147067910885	9.917479345094097e-5
3.9898226700590373	9.81228776735175e-5
4.005530633326986	9.708894475174654e-5
4.0212385965949355	9.607253665631032e-5
4.036946559862884	9.50732128972815e-5
4.052654523130833	9.409054944964927e-5
4.068362486398782	9.312413778621181e-5
4.084070449666731	9.21735840019675e-5
4.09977841293468	9.123850801719213e-5
4.115486376202629	9.031854284870637e-5
4.131194339470578	8.941333394066298e-5
4.146902302738527	8.852253854768022e-5
4.162610266006476	8.764582516425301e-5
4.178318229274425	8.67828729953554e-5
4.194026192542374	8.593337146386803e-5
4.209734155810323	8.509701975110702e-5
4.225442119078272	8.427352636723739e-5
4.241150082346221	8.346260874877245e-5
4.25685804561417	8.26639928807214e-5
4.2725660088821185	8.187741294123844e-5
4.288273972150067	8.11026109668891e-5
4.303981935418016	8.033933653686202e-5
4.319689898685965	7.958734647462305e-5
4.335397861953915	7.884640456568835e-5
4.351105825221864	7.811628129032633e-5
4.366813788489813	7.739675357009599e-5
4.3825217517577615	7.668760452726456e-5
4.39822971502571	7.598862325621349e-5
4.413937678293659	7.529960460603542e-5
4.429645641561608	7.462034897359126e-5
4.445353604829557	7.395066210635953e-5
4.461061568097506	7.329035491446697e-5
4.476769531365456	7.263924329133526e-5
4.4924774946334045	7.199714794243613e-5
4.508185457901353	7.136389422166507e-5
4.523893421169302	7.073931197490845e-5
4.539601384437251	7.012323539038337e-5
4.5553093477052	6.951550285537926e-5
4.571017310973149	6.891595681905308e-5
4.586725274241098	6.832444366094109e-5
4.602433237509047	6.774081356489899e-5
4.6181412007769955	6.716492039816889e-5
4.633849164044944	6.659662159532547e-5
4.649557127312894	6.603577804684364e-5
4.665265090580843	6.54822539920571e-5
4.680973053848792	6.493591691629211e-5
4.696681017116741	6.439663745197627e-5
4.71238898038469	6.386428928352159e-5
4.7280969436526386	6.333874905581498e-5
4.743804906920587	6.281989628613004e-5
4.759512870188536	6.230761327932179e-5
4.775220833456485	6.180178504612934e-5
4.790928796724435	6.130229922447014e-5
4.806636759992384	6.0809046003569233e-5
4.822344723260333	6.032191805081515e-5
4.838052686528282	5.984081044120992e-5
4.8537606497962305	5.9365620589306064e-5
4.869468613064179	5.889624818352261e-5
4.885176576332128	5.843259512273899e-5
4.900884539600077	5.7974565455066984e-5
4.916592502868026	5.75220653187155e-5
4.932300466135975	5.707500288485281e-5
4.948008429403924	5.6633288302394495e-5
4.9637163926718735	5.619683364462925e-5
4.979424355939822	5.576555285761327e-5
4.995132319207771	5.5339361710261007e-5
5.01084028247572	5.491817774606379e-5
5.026548245743669	5.45019202363756e-5
5.042256209011618	5.409051013519977e-5
5.057964172279567	5.368387003542214e-5
5.073672135547516	5.3281924126433655e-5
5.0893800988154645	5.288459815308978e-5
5.105088062083414	5.2491819375953456e-5
5.120796025351363	5.210351653277966e-5
5.136503988619312	5.1719619801186914e-5
5.152211951887261	5.134006076247821e-5
5.16791991515521	5.0964772366566715e-5
5.183627878423159	5.0593688897963795e-5
5.1993358416911075	5.022674594279598e-5
5.215043804959056	4.986388035680933e-5
5.230751768227005	4.9505030234324824e-5
5.246459731494954	4.915013487811879e-5
5.262167694762903	4.8799134770184905e-5
5.277875658030853	4.845197154335352e-5
5.293583621298802	4.810858795374199e-5
5.3092915845667505	4.77689278539937e-5
5.324999547834699	4.743293616729514e-5
5.340707511102648	4.7100558862131146e-5
5.356415474370597	4.6771742927762275e-5
5.372123437638546	4.644643635039257e-5
5.387831400906495	4.6124588090015285e-5
5.403539364174444	4.580614805789621e-5
5.419247327442394	4.5491067094692915e-5
5.4349552907103424	4.517929694917671e-5
5.450663253978291	4.4870790257542594e-5
5.46637121724624	4.456550052328256e-5
5.482079180514189	4.4263382097612244e-5
5.497787143782138	4.396439016042751e-5
5.513495107050087	4.3668480701772545e-5
5.529203070318036	4.337561050380967e-5
5.544911033585985	4.3085737123267385e-5
5.5606189968539335	4.279881887436006e-5
5.576326960121882	4.251481481215117e-5
5.592034923389832	4.223368471636585e-5
5.607742886657781	4.1955389075619156e-5
5.62345084992573	4.167988907205687e-5
5.639158813193679	4.1407146566399695e-5
5.654866776461628	4.113712408337033e-5
5.6705747397295765	4.086978479749332e-5
5.686282702997525	4.060509251926307e-5
5.701990666265474	4.0343011681661636e-5
5.717698629533423	4.008350732701849e-5
5.733406592801373	3.9826545094202775e-5
5.749114556069322	3.9572091206135946e-5
5.764822519337271	3.9320112457619405e-5
5.7805304826052195	3.9070576203463825e-5
5.796238445873168	3.8823450346911e-5
5.811946409141117	3.857870332834557e-5
5.827654372409066	3.833630411428135e-5
5.843362335677015	3.809622218661687e-5
5.859070298944964	3.785842753215561e-5
5.874778262212913	3.7622890632376795e-5
5.890486225480862	3.7389582453457255e-5
5.906194188748811	3.715847443652998e-5
5.92190215201676	3.692953848817743e-5
5.937610115284709	3.67027469711523e-5
5.953318078552658	3.6478072695317124e-5
5.969026041820607	3.6255488908800656e-5
5.984734005088556	3.603496928935993e-5
6.000441968356505	3.581648793594622e-5
6.0161499316244536	3.560001936046901e-5
6.031857894892402	3.5385538479750414e-5
6.047565858160352	3.51730206076667e-5
6.063273821428301	3.496244144747034e-5
6.07898178469625	3.475377708429141e-5
6.094689747964199	3.4547003977806365e-5
6.110397711232148	3.434209895507872e-5
6.126105674500097	3.4139039203558876e-5
6.1418136377680455	3.393780226424428e-5
6.157521601035994	3.373836602499442e-5
6.173229564303943	3.3540708713994196e-5
6.188937527571892	3.3344808893364675e-5
6.204645490839841	3.315064545291595e-5
6.220353454107791	3.295819760403993e-5
6.23606141737574	3.276744487373632e-5
6.2517693806436885	3.25783670987719e-5
6.267477343911637	3.239094441996812e-5
6.283185307179586	3.220515727661159e-5
6.298893270447535	3.202098640099001e-5
6.314601233715484	3.183841281304356e-5
6.330309196983433	3.165741781513373e-5
6.346017160251382	3.1477982986924955e-5
6.3617251235193315	3.13000901803754e-5
6.37743308678728	3.1123721514835765e-5
6.393141050055229	3.094885937225264e-5
6.408849013323178	3.0775486392473975e-5
6.424556976591127	3.060358546865207e-5
6.440264939859076	3.0433139742747625e-5
6.455972903127025	3.0264132601123902e-5
6.471680866394974	3.009654767023717e-5
6.4873888296629225	2.9930368812413694e-5
6.503096792930871	2.976558012171735e-5
6.51880475619882	2.960216591990222e-5
6.53451271946677	2.944011075244771e-5
6.550220682734719	2.9279399384677218e-5
6.565928646002668	2.9120016797954367e-5
6.581636609270617	2.8961948185960194e-5
6.5973445725385655	2.8805178951043124e-5
6.613052535806514	2.8649694700644507e-5
6.628760499074463	2.8495481243796763e-5
6.644468462342412	2.8342524587692568e-5
6.660176425610361	2.8190810934321822e-5
6.675884388878311	2.804032667717713e-5
6.69159235214626	2.7891058398025417e-5
6.707300315414209	2.7742992863742356e-5
6.7230082786821574	2.759611702321167e-5
6.738716241950106	2.7450418004284076e-5
6.754424205218055	2.7305883110798814e-5
6.770132168486004	2.7162499819659184e-5
6.785840131753953	2.702025577797095e-5
6.801548095021902	2.6879138800233058e-5
6.817256058289851	2.673913686558388e-5
6.8329640215578	2.6600238115101868e-5
6.848671984825749	2.6462430849157436e-5
6.864379948093698	2.632570352481654e-5
6.880087911361647	2.6190044753293975e-5
6.895795874629596	2.60554432974556e-5
6.911503837897545	2.5921888069368746e-5
6.927211801165494	2.578936812789913e-5
6.942919764433443	2.565787267635228e-5
6.9586277277013915	2.5527391060161983e-5
6.97433569096934	2.5397912764620496e-5
6.99004365423729	2.526942741265225e-5
7.005751617505239	2.514192476262934e-5
7.021459580773188	2.5015394706228094e-5
7.037167544041137	2.4889827266324557e-5
7.052875507309086	2.4765212594931948e-5
7.0685834705770345	2.4641540971172585e-5
7.084291433844983	2.4518802799290015e-5
7.099999397112932	2.4396988606697036e-5
7.115707360380881	2.4276089042059725e-5
7.13141532364883	2.4156094873416784e-5
7.147123286916779	2.4036996986332336e-5
7.162831250184729	2.391878638208397e-5
7.1785392134526775	2.3801454175881753e-5
7.194247176720626	2.368499159512165e-5
7.209955139988575	2.3569389977669766e-5
7.225663103256524	2.345464077017602e-5
7.241371066524473	2.3340735526421057e-5
7.257079029792422	2.322766590568854e-5
7.272786993060371	2.3115423671172707e-5
7.28849495632832	2.3004000688407697e-5
7.304202919596269	2.2893388923729423e-5
7.319910882864218	2.2783580442762016e-5
7.335618846132167	2.2674567408933586e-5
7.351326809400116	2.2566342082015553e-5
7.367034772668065	2.2458896816688434e-5
7.382742735936014	2.2352224061134794e-5
7.398450699203963	2.2246316355653306e-5
7.414158662471912	2.21411663312998e-5
7.4298666257398605	2.2036766708550737e-5
7.445574589007809	2.193311029598923e-5
7.461282552275758	2.1830189989016394e-5
7.476990515543708	2.172799876858085e-5
7.492698478811657	2.162652969993396e-5
7.508406442079606	2.1525775931404173e-5
7.524114405347555	2.1425730693193295e-5
7.5398223686155035	2.132638729619198e-5
7.555530331883452	2.122773913081751e-5
7.571238295151401	2.1129779665869637e-5
7.58694625841935	2.1032502447405406e-5
7.602654221687299	2.0935901097635475e-5
7.618362184955249	2.083996931383685e-5
7.634070148223198	2.0744700867282427e-5
7.6497781114911465	2.065008960219345e-5
7.665486074759095	2.055612943470479e-5
7.681194038027044	2.0462814351848557e-5
7.696902001294993	2.0370138410556938e-5
7.712609964562942	2.0278095736677688e-5
7.728317927830891	2.018668052400975e-5
7.74402589109884	2.0095887033352203e-5
7.759733854366789	2.000570959156922e-5
7.7754418176347375	1.9916142590672028e-5
7.791149780902687	1.982718048691291e-5
7.806857744170636	1.973881779989754e-5
7.822565707438585	1.965104911170858e-5
7.838273670706534	1.9563869066046147e-5
7.853981633974483	1.9477272367378973e-5
7.869689597242432	1.939125378011349e-5
7.8853975605103805	1.93058081277731e-5
7.901105523778329	1.922093029219126e-5
7.916813487046278	1.913661521271752e-5
7.932521450314228	1.9052857885438482e-5
7.948229413582177	1.8969653362407407e-5
7.963937376850126	1.88869967508883e-5
7.979645340118075	1.8804883212612477e-5
7.995353303386024	1.872330796304532e-5
8.011061266653972	1.8642266270665726e-5
8.026769229921921	1.8561753456256635e-5
8.042477193189871	1.8481764892206517e-5
8.058185156457819	1.8402296001822036e-5
8.073893119725769	1.8323342258651278e-5
8.089601082993717	1.824489918581771e-5
8.105309046261667	1.8166962355365043e-5
8.121017009529615	1.808952738761052e-5
8.136724972797564	1.8012589950510494e-5
8.152432936065512	1.7936145759034036e-5
8.168140899333462	1.786019057454737e-5
8.183848862601412	1.7784720204206857e-5
8.19955682586936	1.770973050036232e-5
8.21526478913731	1.7635217359968274e-5
8.230972752405258	1.756117672400521e-5
8.246680715673207	1.74876045769094e-5
8.262388678941155	1.7414496946010875e-5
8.278096642209105	1.7341849900980697e-5
8.293804605477053	1.7269659553286095e-5
8.309512568745003	1.7197922055654043e-5
8.325220532012953	1.712663360154268e-5
8.3409284952809	1.705579042462104e-5
8.35663645854885	1.69853887982564e-5
8.372344421816798	1.6915425035008975e-5
8.388052385084748	1.6845895486134875e-5
8.403760348352696	1.677679654109598e-5
8.419468311620646	1.6708124627076837e-5
8.435176274888594	1.6639876208509768e-5
8.450884238156544	1.6572047786605412e-5
8.466592201424492	1.6504635898892008e-5
8.482300164692441	1.6437637118759787e-5
8.498008127960391	1.637104805501314e-5
8.51371609122834	1.630486535142957e-5
8.529424054496289	1.623908568632329e-5
8.545132017764237	1.6173705772117617e-5
8.560839981032187	1.6108722354922093e-5
8.576547944300135	1.6044132214115782e-5
8.592255907568084	1.597993216193736e-5
8.607963870836032	1.5916119043080736e-5
8.623671834103982	1.585268973429582e-5
8.63937979737193	1.5789641143996517e-5
8.65508776063988	1.5726970211872994e-5
8.67079572390783	1.56646739085104e-5
8.686503687175778	1.5602749235012523e-5
8.702211650443727	1.554119322263101e-5
8.717919613711675	1.548000293239979e-5
8.733627576979625	1.541917545477491e-5
8.749335540247573	1.5358707909279405e-5
8.765043503515523	1.5298597444152786e-5
8.780751466783471	1.5238841236006221e-5
8.79645943005142	1.5179436489481849e-5
8.81216739331937	1.5120380436917436e-5
8.827875356587318	1.5061670338015612e-5
8.843583319855268	1.5003303479516941e-5
8.859291283123216	1.4945277174879277e-5
8.874999246391166	1.4887588763960144e-5
8.890707209659114	1.4830235612703656e-5
8.906415172927064	1.4773215112832267e-5
8.922123136195012	1.4716524681543456e-5
8.937831099462962	1.4660161761208304e-5
8.953539062730911	1.4604123819076934e-5
8.96924702599886	1.4548408346986128e-5
8.984954989266809	1.449301286107193e-5
9.000662952534757	1.4437934901485855e-5
9.016370915802707	1.4383172032114661e-5
9.032078879070655	1.432872184030505e-5
9.047786842338605	1.4274581936590498e-5
9.063494805606553	1.422074995442329e-5
9.079202768874502	1.4167223549909083e-5
9.09491073214245	1.4114000401546281e-5
9.1106186954104	1.4061078209967443e-5
9.12632665867835	1.4008454697685362e-5
9.142034621946298	1.3956127608842243e-5
9.157742585214248	1.3904094708961581e-5
9.173450548482196	1.3852353784704817e-5
9.189158511750145	1.3800902643629526e-5
9.204866475018093	1.374973911395241e-5
9.220574438286043	1.3698861044314243e-5
9.236282401553991	1.3648266303548551e-5
9.25199036482194	1.359795278045341e-5
9.267698328089889	1.3547918383565755e-5
9.283406291357839	1.349816104093947e-5
9.299114254625788	1.344867869992569e-5
9.314822217893736	1.3399469326956067e-5
9.330530181161686	1.3350530907329847e-5
9.346238144429634	1.3301861445001722e-5
9.361946107697584	1.3253458962375094e-5
9.377654070965532	1.3205321500095651e-5
9.393362034233482	1.3157447116848951e-5
9.40906999750143	1.3109833889160862e-5
9.42477796076938	1.306247991119886e-5
9.44048592403733	1.3015383294578405e-5
9.456193887305277	1.2968542168169936e-5
9.471901850573227	1.2921954677908684e-5
9.487609813841175	1.2875618986607848e-5
9.503317777109125	1.2829533273773058e-5
9.519025740377073	1.2783695735419754e-5
9.534733703645022	1.273810458389303e-5
9.55044166691297	1.2692758047689547e-5
9.56614963018092	1.264765437128167e-5
9.58185759344887	1.2602791814944232e-5
9.597565556716818	1.255816865458259e-5
9.613273519984768	1.251378318156407e-5
9.628981483252716	1.2469633702551065e-5
9.644689446520665	1.2425718539335593e-5
9.660397409788613	1.2382036028677022e-5
9.676105373056563	1.2338584522140997e-5
9.691813336324511	1.2295362385940783e-5
9.707521299592461	1.2252368000780702e-5
9.723229262860409	1.220959976170108e-5
9.738937226128359	1.2167056077925756e-5
9.754645189396308	1.2124735372710882e-5
9.770353152664256	1.2082636083195858e-5
9.786061115932206	1.2040756660256382e-5
9.801769079200154	1.1999095568359045e-5
9.817477042468104	1.1957651285417514e-5
9.833185005736052	1.1916422302650847e-5
9.848892969004002	1.1875407124443664e-5
9.86460093227195	1.1834604268207687e-5
9.8803088955399	1.1794012264245132e-5
9.896016858807847	1.1753629655613462e-5
9.911724822075797	1.1713454997992977e-5
9.927432785343747	1.1673486859554098e-5
9.943140748611695	1.1633723820828118e-5
9.958848711879645	1.1594164474578335e-5
9.974556675147593	1.1554807425673403e-5
9.990264638415542	1.1515651290961636e-5
10.00597260168349	1.147669469914779e-5
10.02168056495144	1.1437936290669804e-5
10.037388528219388	1.1399374717578832e-5
10.053096491487338	1.1361008643419483e-5
10.068804454755288	1.132283674311164e-5
10.084512418023236	1.1284857702834434e-5
10.100220381291185	1.1247070219910293e-5
10.115928344559133	1.1209473002692304e-5
10.131636307827083	1.1172064770450582e-5
10.147344271095031	1.1134844253262168e-5
10.163052234362981	1.1097810191900938e-5
10.178760197630929	1.1060961337728632e-5
10.194468160898879	1.1024296452588767e-5
10.210176124166829	1.0987814308699663e-5
10.225884087434777	1.095151368855066e-5
10.241592050702726	1.091539338479834e-5
10.257300013970674	1.0879452200164204e-5
10.273007977238624	1.0843688947333908e-5
10.288715940506572	1.080810244885748e-5
10.304423903774522	1.0772691537050511e-5
10.32013186704247	1.073745505389709e-5
10.33583983031042	1.0702391850952975e-5
10.351547793578368	1.06675007892504e-5
10.367255756846317	1.063278073920463e-5
10.382963720114267	1.0598230580520043e-5
10.398671683382215	1.056384920209896e-5
10.414379646650165	1.0529635501950292e-5
10.430087609918113	1.0495588387100097e-5
10.445795573186063	1.0461706773502252e-5
10.46150353645401	1.0427989585951415e-5
10.47721149972196	1.0394435757995862e-5
10.492919462989908	1.036104423185148e-5
10.508627426257858	1.0327813958317673e-5
10.524335389525806	1.0294743896693118e-5
10.540043352793756	1.0261833014692761e-5
10.555751316061706	1.0229080288366433e-5
10.571459279329654	1.0196484702017535e-5
10.587167242597603	1.016404524812306e-5
10.602875205865551	1.0131760927254478e-5
10.618583169133501	1.0099630747999557e-5
10.634291132401449	1.006765372688493e-5
10.649999095669399	1.0035828888299582e-5
10.665707058937347	1.0004155264419271e-5
10.681415022205297	9.972631895131703e-6
10.697122985473246	9.94125782796288e-6
10.712830948741194	9.910032118003676e-6
10.728538912009144	9.87895382783758e-6
10.744246875277092	9.848022027469565e-6
10.759954838545042	9.817235794254737e-6
10.77566280181299	9.786594212829223e-6
10.79137076508094	9.756096375040567e-6
10.807078728348888	9.725741379879641e-6
10.822786691616837	9.695528333412763e-6
10.838494654884787	9.665456348715059e-6
10.854202618152735	9.635524545804602e-6
10.869910581420685	9.605732051576264e-6
10.885618544688633	9.576077999738238e-6
10.901326507956583	9.546561530746802e-6
10.91703447122453	9.517181791744222e-6
10.93274243449248	9.487937936495318e-6
10.948450397760428	9.458829125326408e-6
10.964158361028378	9.429854525063146e-6
10.979866324296326	9.401013308971076e-6
10.995574287564276	9.372304656695018e-6
11.011282250832226	9.343727754200083e-6
11.026990214100174	9.315281793713243e-6
11.042698177368123	9.286965973665076e-6
11.058406140636071	9.258779498633042e-6
11.074114103904021	9.230721579284042e-6
11.08982206717197	9.20279143231887e-6
11.105530030439919	9.174988280416711e-6
11.121237993707867	9.147311352179885e-6
11.136945956975817	9.11975988208015e-6
11.152653920243765	9.0923331104045e-6
11.168361883511714	9.065030283202207e-6
11.184069846779664	9.037850652232392e-6
11.199777810047612	9.010793474911732e-6
11.215485773315562	8.983858014263385e-6
11.23119373658351	8.957043538865768e-6
11.24690169985146	8.930349322802337e-6
11.262609663119408	8.903774645611819e-6
11.278317626387357	8.87731879223875e-6
11.294025589655305	8.850981052984801e-6
11.309733552923255	8.824760723460533e-6
11.325441516191205	8.798657104537659e-6
11.341149479459153	8.772669502301736e-6
11.356857442727103	8.746797228005388e-6
11.37256540599505	8.721039598022032e-6
11.388273369263	8.695395933800235e-6
11.403981332530948	8.669865561818294e-6
11.419689295798898	8.644447813539316e-6
11.435397259066846	8.619142025367166e-6
11.451105222334796	8.593947538602269e-6
11.466813185602746	8.56886369939822e-6
11.482521148870694	8.543889858718862e-6
11.498229112138644	8.519025372295784e-6
11.513937075406592	8.49426960058611e-6
11.529645038674541	8.469621908730771e-6
11.54535300194249	8.445081666513353e-6
11.561060965210439	8.420648248319416e-6
11.576768928478387	8.396321033095787e-6
11.592476891746337	8.372099404310728e-6
11.608184855014285	8.347982749914561e-6
11.623892818282235	8.323970462300049e-6
11.639600781550184	8.300061938264037e-6
11.655308744818132	8.276256578968841e-6
11.671016708086082	8.252553789904425e-6
11.68672467135403	8.228952980850567e-6
11.70243263462198	8.205453565839963e-6
11.718140597889928	8.18205496312109e-6
11.733848561157878	8.158756595121957e-6
11.749556524425826	8.135557888413827e-6
11.765264487693775	8.112458273675675e-6
11.780972450961723	8.089457185658682e-6
11.796680414229673	8.066554063151093e-6
11.812388377497623	8.04374834894409e-6
11.82809634076557	8.021039489796681e-6
11.84380430403352	7.99842693640246e-6
11.859512267301469	7.975910143355513e-6
11.875220230569418	7.953488569117209e-6
11.890928193837366	7.931161675983495e-6
11.906636157105316	7.908928930051829e-6
11.922344120373264	7.886789801189256e-6
11.938052083641214	7.864743763000284e-6
11.953760046909164	7.842790292795036e-6
11.969468010177112	7.820928871558202e-6
11.985175973445061	7.799158983917613e-6
12.00088393671301	7.777480118113974e-6
12.01659189998096	7.755891765970083e-6
12.032299863248907	7.734393422860614e-6
12.048007826516857	7.712984587682694e-6
12.063715789784805	7.691664762825923e-6
12.079423753052755	7.670433454143285e-6
12.095131716320704	7.649290170922357e-6
12.110839679588652	7.6282344258561e-6
12.126547642856602	7.6072657350150966e-6
12.14225560612455	7.586383617818977e-6
12.1579635693925	7.5655875970086624e-6
12.173671532660448	7.544877198618805e-6
12.189379495928398	7.524251951950601e-6
12.205087459196346	7.50371138954444e-6
12.220795422464295	7.483255047153302e-6
12.236503385732243	7.462882463716133e-6
12.252211349000193	7.442593181331889e-6
12.267919312268143	7.42238674523279e-6
12.283627275536091	7.402262703759336e-6
12.29933523880404	7.3822206083344734e-6
12.315043202071989	7.362260013438021e-6
12.330751165339938	7.342380476581997e-6
12.346459128607886	7.322581558285863e-6
12.362167091875836	7.302862822051529e-6
12.377875055143784	7.283223834339493e-6
12.393583018411734	7.2636641645445715e-6
12.409290981679682	7.244183384971889e-6
12.424998944947632	7.224781070813439e-6
12.440706908215581	7.205456800124478e-6
12.45641487148353	7.186210153800629e-6
12.47212283475148	7.16704071555457e-6
12.487830798019427	7.14794807189354e-6
12.503538761287377	7.128931812096577e-6
12.519246724555325	7.10999152819235e-6
12.534954687823275	7.091126814936918e-6
12.550662651091223	7.072337269791943e-6
12.566370614359172	7.053622492902923e-6
