-12.566370614359172	1.196175756797375e-5
-12.550662651091223	1.1991125589039837e-5
-12.534954687823275	1.2020602551010223e-5
-12.519246724555325	1.205018899671865e-5
-12.503538761287377	1.2079885472405342e-5
-12.487830798019427	1.2109692527743234e-5
-12.47212283475148	1.2139610715864097e-5
-12.45641487148353	1.216964059338462e-5
-12.440706908215581	1.2199782720433023e-5
-12.424998944947632	1.2230037660675754e-5
-12.409290981679682	1.2260405981344697e-5
-12.393583018411734	1.2290888253264613e-5
-12.377875055143784	1.2321485050880076e-5
-12.362167091875836	1.2352196952283976e-5
-12.346459128607886	1.2383024539244656e-5
-12.330751165339938	1.2413968397234977e-5
-12.315043202071989	1.2445029115460782e-5
-12.29933523880404	1.2476207286889194e-5
-12.283627275536091	1.2507503508277744e-5
-12.267919312268143	1.2538918380204244e-5
-12.252211349000193	1.2570452507095696e-5
-12.236503385732243	1.2602106497258465e-5
-12.220795422464295	1.263388096290858e-5
-12.205087459196346	1.2665776520201677e-5
-12.189379495928398	1.2697793789263831e-5
-12.173671532660448	1.2729933394222707e-5
-12.1579635693925	1.2762195963238765e-5
-12.14225560612455	1.2794582128536281e-5
-12.126547642856602	1.2827092526436231e-5
-12.110839679588652	1.2859727797387027e-5
-12.095131716320704	1.2892488585997923e-5
-12.079423753052755	1.2925375541071589e-5
-12.063715789784805	1.2958389315636424e-5
-12.048007826516857	1.2991530566981024e-5
-12.032299863248907	1.3024799956686572e-5
-12.01659189998096	1.3058198150661568e-5
-12.00088393671301	1.3091725819175884e-5
-11.985175973445061	1.312538363689544e-5
-11.969468010177112	1.3159172282916647e-5
-11.953760046909164	1.3193092440802094e-5
-11.938052083641214	1.3227144798615795e-5
-11.922344120373264	1.3261330048959494e-5
-11.906636157105316	1.3295648889008004e-5
-11.890928193837366	1.3330102020546775e-5
-11.875220230569418	1.3364690150008576e-5
-11.859512267301469	1.3399413988509392e-5
-11.84380430403352	1.343427425188834e-5
-11.82809634076557	1.346927166074394e-5
-11.812388377497623	1.3504406940472539e-5
-11.796680414229673	1.3539680821307856e-5
-11.780972450961723	1.3575094038358815e-5
-11.765264487693775	1.3610647331650507e-5
-11.749556524425826	1.3646341446162385e-5
-11.733848561157878	1.3682177131869399e-5
-11.718140597889928	1.3718155143782215e-5
-11.70243263462198	1.3754276241988332e-5
-11.68672467135403	1.379054119169286e-5
-11.671016708086082	1.3826950763260952e-5
-11.655308744818132	1.3863505732259994e-5
-11.639600781550184	1.3900206879500775e-5
-11.623892818282235	1.3937054991082304e-5
-11.608184855014285	1.397405085843386e-5
-11.592476891746337	1.4011195278359293e-5
-11.576768928478387	1.4048489053080532e-5
-11.561060965210439	1.4085932990283941e-5
-11.54535300194249	1.4123527903163066e-5
-11.529645038674541	1.4161274610465344e-5
-11.513937075406592	1.4199173936538391e-5
-11.498229112138644	1.4237226711375797e-5
-11.482521148870694	1.427543377066368e-5
-11.466813185602746	1.4313795955828337e-5
-11.451105222334796	1.4352314114084613e-5
-11.435397259066846	1.4390989098483038e-5
-11.419689295798898	1.4429821767958994e-5
-11.403981332530948	1.4468812987381828e-5
-11.388273369263	1.4507963627604693e-5
-11.37256540599505	1.4547274565514504e-5
-11.356857442727103	1.4586746684082363e-5
-11.341149479459153	1.4626380872415241e-5
-11.325441516191205	1.4666178025807422e-5
-11.309733552923255	1.470613904579186e-5
-11.294025589655305	1.4746264840194277e-5
-11.278317626387357	1.4786556323185148e-5
-11.262609663119408	1.4827014415334214e-5
-11.24690169985146	1.486764004366413e-5
-11.23119373658351	1.4908434141705667e-5
-11.215485773315562	1.4949397649552779e-5
-11.199777810047612	1.4990531513918872e-5
-11.184069846779664	1.5031836688193167e-5
-11.168361883511714	1.5073314132497615e-5
-11.152653920243765	1.5114964813743812e-5
-11.136945956975817	1.5156789705693137e-5
-11.121237993707867	1.519878978901301e-5
-11.105530030439919	1.5240966051338486e-5
-11.08982206717197	1.528331948733085e-5
-11.074114103904021	1.5325851098738415e-5
-11.058406140636071	1.5368561894458482e-5
-11.042698177368123	1.541145289059817e-5
-11.026990214100174	1.5454525110537272e-5
-11.011282250832226	1.5497779584991716e-5
-10.995574287564276	1.5541217352076244e-5
-10.979866324296326	1.5584839457370145e-5
-10.964158361028378	1.5628646953981184e-5
-10.948450397760428	1.5672640902612236e-5
-10.93274243449248	1.5716822371626637e-5
-10.91703447122453	1.5761192437116166e-5
-10.901326507956583	1.5805752182967796e-5
-10.885618544688633	1.5850502700933495e-5
-10.869910581420685	1.5895445090698814e-5
-10.854202618152735	1.5940580459951877e-5
-10.838494654884787	1.5985909924455286e-5
-10.822786691616837	1.6031434608116598e-5
-10.807078728348888	1.6077155643061396e-5
-10.79137076508094	1.6123074169704413e-5
-10.77566280181299	1.616919133682516e-5
-10.759954838545042	1.6215508301641398e-5
-10.744246875277092	1.6262026229883077e-5
-10.728538912009144	1.6308746295870893e-5
-10.712830948741194	1.635566968259064e-5
-10.697122985473246	1.6402797581771796e-5
-10.681415022205297	1.645013119396592e-5
-10.665707058937347	1.6497671728626168e-5
-10.649999095669399	1.6545420404185634e-5
-10.634291132401449	1.6593378448140822e-5
-10.618583169133501	1.6641547097131218e-5
-10.602875205865551	1.6689927597022497e-5
-10.587167242597603	1.6738521202991097e-5
-10.571459279329654	1.678732917960737e-5
-10.555751316061706	1.6836352800920188e-5
-10.540043352793756	1.6885593350546012e-5
-10.524335389525806	1.693505212175249e-5
-10.508627426257858	1.6984730417549054e-5
-10.492919462989908	1.7034629550775002e-5
-10.47721149972196	1.7084750844189325e-5
-10.46150353645401	1.7135095630561603e-5
-10.445795573186063	1.718566525276452e-5
-10.430087609918113	1.7236461063866308e-5
-10.414379646650165	1.728748442722467e-5
-10.398671683382215	1.733873671658187e-5
-10.382963720114267	1.7390219316160337e-5
-10.367255756846317	1.744193362076049e-5
-10.351547793578368	1.7493881035858123e-5
-10.33583983031042	1.754606297770366e-5
-10.32013186704247	1.7598480873422133e-5
-10.304423903774522	1.765113616111531e-5
-10.288715940506572	1.7704030289964142e-5
-10.273007977238624	1.7757164720330816e-5
-10.257300013970674	1.781054092386557e-5
-10.241592050702726	1.7864160383611127e-5
-10.225884087434777	1.7918024594109915e-5
-10.210176124166829	1.7972135061513192e-5
-10.194468160898879	1.8026493303689682e-5
-10.178760197630929	1.8081100850336317e-5
-10.163052234362981	1.813595924309033e-5
-10.147344271095031	1.8191070035642395e-5
-10.131636307827083	1.8246434793851047e-5
-10.115928344559133	1.8302055095858233e-5
-10.100220381291185	1.835793253220609e-5
-10.084512418023236	1.8414068705956198e-5
-10.068804454755288	1.8470465232807883e-5
-10.053096491487338	1.8527123741220088e-5
-10.037388528219388	1.8584045872534063e-5
-10.02168056495144	1.864123328109585e-5
-10.00597260168349	1.8698687634382706e-5
-9.990264638415542	1.8756410613128356e-5
-9.974556675147593	1.8814403911452716e-5
-9.958848711879645	1.8872669236989774e-5
-9.943140748611695	1.893120831101944e-5
-9.927432785343747	1.899002286859966e-5
-9.911724822075797	1.9049114658700046e-5
-9.896016858807847	1.9108485444338675e-5
-9.8803088955399	1.9168137002717632e-5
-9.86460093227195	1.9228071125361907e-5
-9.848892969004002	1.9288289618260854e-5
-9.833185005736052	1.9348794302008734e-5
-9.817477042468104	1.940958701194856e-5
-9.801769079200154	1.947066959831807e-5
-9.786061115932206	1.9532043926394808e-5
-9.770353152664256	1.9593711876647095e-5
-9.754645189396308	1.9655675344881557e-5
-9.738937226128359	1.9717936242398114e-5
-9.723229262860409	1.9780496496141533e-5
-9.707521299592461	1.9843358048858e-5
-9.691813336324511	1.9906522859252973e-5
-9.676105373056563	1.9969992902149644e-5
-9.660397409788613	2.0033770168650615e-5
-9.644689446520665	2.0097856666300974e-5
-9.628981483252716	2.0162254419253617e-5
-9.613273519984768	2.0226965468435744e-5
-9.597565556716818	2.0291991871718147e-5
-9.58185759344887	2.0357335704086178e-5
-9.56614963018092	2.042299905781296e-5
-9.55044166691297	2.0488984042633695e-5
-9.534733703645022	2.0555292785924813e-5
-9.519025740377073	2.0621927432880433e-5
-9.503317777109125	2.06888901466967e-5
-9.487609813841175	2.0756183108753447e-5
-9.471901850573227	2.0823808518801196e-5
-9.456193887305277	2.0891768595148603e-5
-9.44048592403733	2.096006557485373e-5
-9.42477796076938	2.102870171391631e-5
-9.40906999750143	2.1097679287472085e-5
-9.393362034233482	2.1167000589991627e-5
-9.377654070965532	2.1236667935478897e-5
-9.361946107697584	2.130668365767505e-5
-9.346238144429634	2.1377050110261517e-5
-9.330530181161686	2.1447769667068722e-5
-9.314822217893736	2.1518844722285315e-5
-9.299114254625788	2.159027769066998e-5
-9.283406291357839	2.1662071007768327e-5
-9.267698328089889	2.173422713012817e-5
-9.25199036482194	2.1806748535521633e-5
-9.236282401553991	2.187963772316809e-5
-9.220574438286043	2.1952897213960105e-5
-9.204866475018093	2.202652955069104e-5
-9.189158511750145	2.21005372982881e-5
-9.173450548482196	2.217492304404646e-5
-9.157742585214248	2.224968939786589e-5
-9.142034621946298	2.2324838992492395e-5
-9.12632665867835	2.2400374483760542e-5
-9.1106186954104	2.2476298550840943e-5
-9.09491073214245	2.2552613896489294e-5
-9.079202768874502	2.2629323247298943e-5
-9.063494805606553	2.2706429353957744e-5
-9.047786842338605	2.278393499150664e-5
-9.032078879070655	2.2861842959602488e-5
-9.016370915802707	2.2940156082783295e-5
-9.000662952534757	2.3018877210739322e-5
-8.984954989266809	2.3098009218583553e-5
-8.96924702599886	2.3177555007129663e-5
-8.953539062730911	2.3257517503170668e-5
-8.937831099462962	2.333789965976364e-5
-8.922123136195012	2.341870445651539e-5
-8.906415172927064	2.3499934899874642e-5
-8.890707209659114	2.358159402342534e-5
-8.874999246391166	2.3663684888185892e-5
-8.859291283123216	2.3746210582911642e-5
-8.843583319855268	2.382917422439983e-5
-8.827875356587318	2.391257895780174e-5
-8.81216739331937	2.399642795693497e-5
-8.79645943005142	2.4080724424603976e-5
-8.780751466783471	2.4165471592920544e-5
-8.765043503515523	2.4250672723633177e-5
-8.749335540247573	2.433633110845586e-5
-8.733627576979625	2.4422450069404828e-5
-8.717919613711675	2.450903295913912e-5
-8.702211650443727	2.4596083161303974e-5
-8.686503687175778	2.4683604090880848e-5
-8.67079572390783	2.477159919454163e-5
-8.65508776063988	2.4860071951005286e-5
-8.63937979737193	2.4949025871403674e-5
-8.623671834103982	2.5038464499648604e-5
-8.607963870836032	2.512839141280449e-5
-8.592255907568084	2.521881022146863e-5
-8.576547944300135	2.530972457015182e-5
-8.560839981032187	2.540113813766906e-5
-8.545132017764237	2.5493054637533265e-5
-8.529424054496289	2.5585477818353572e-5
-8.51371609122834	2.567841146424012e-5
-8.498008127960391	2.577185939521573e-5
-8.482300164692441	2.5865825467629374e-5
-8.466592201424492	2.5960313574579773e-5
-8.450884238156544	2.6055327646341685e-5
-8.435176274888594	2.6150871650800006e-5
-8.419468311620646	2.6246949593887896e-5
-8.403760348352696	2.6343565520033324e-5
-8.388052385084748	2.64407235126092e-5
-8.372344421816798	2.6538427694392383e-5
-8.35663645854885	2.6636682228028055e-5
-8.3409284952809	2.673549131649821e-5
-8.325220532012953	2.6834859203603302e-5
-8.309512568745003	2.6934790174440355e-5
-8.293804605477053	2.7035288555899008e-5
-8.278096642209105	2.7136358717156178e-5
-8.262388678941155	2.7238005070182188e-5
-8.246680715673207	2.734023207025258e-5
-8.230972752405258	2.744304421646633e-5
-8.21526478913731	2.754644605227349e-5
-8.19955682586936	2.76504421660085e-5
-8.183848862601412	2.7755037191433114e-5
-8.168140899333462	2.786023580828445e-5
-8.152432936065512	2.7966042742834198e-5
-8.136724972797564	2.8072462768451172e-5
-8.121017009529615	2.817950070617798e-5
-8.105309046261667	2.8287161425311732e-5
-8.089601082993717	2.8395449843993762e-5
-8.073893119725769	2.8504370929809065e-5
-8.058185156457819	2.8613929700394007e-5
-8.042477193189871	2.87241312240531e-5
-8.026769229921921	2.8834980620384044e-5
-8.011061266653972	2.8946483060912462e-5
-7.995353303386024	2.905864376973696e-5
-7.979645340118075	2.9171468024180513e-5
-7.963937376850126	2.9284961155456806e-5
-7.948229413582177	2.9399128549339174e-5
-7.932521450314228	2.951397564684945e-5
-7.916813487046278	2.9629507944945088e-5
-7.901105523778329	2.974573099722589e-5
-7.8853975605103805	2.986265041464791e-5
-7.869689597242432	2.9980271866249498e-5
-7.853981633974483	3.009860107988243e-5
-7.838273670706534	3.0217643842964148e-5
-7.822565707438585	3.0337406003232744e-5
-7.806857744170636	3.0457893469516854e-5
-7.791149780902687	3.057911221251808e-5
-7.7754418176347375	3.070106826560241e-5
-7.759733854366789	3.082376772560696e-5
-7.74402589109884	3.094721675365513e-5
-7.728317927830891	3.107142157599164e-5
-7.712609964562942	3.1196388484819086e-5
-7.696902001294993	3.132212383915728e-5
-7.681194038027044	3.144863406571365e-5
-7.665486074759095	3.157592565976195e-5
-7.6497781114911465	3.170400518604087e-5
-7.634070148223198	3.1832879279664544e-5
-7.618362184955249	3.1962554647043595e-5
-7.602654221687299	3.2093038066830435e-5
-7.58694625841935	3.222433639086533e-5
-7.571238295151401	3.2356456545149647e-5
-7.555530331883452	3.248940553082879e-5
-7.5398223686155035	3.262319042518945e-5
-7.524114405347555	3.27578183826794e-5
-7.508406442079606	3.289329663593364e-5
-7.492698478811657	3.302963249682508e-5
-7.476990515543708	3.3166833357529476e-5
-7.461282552275758	3.330490669160406e-5
-7.445574589007809	3.344386005509013e-5
-7.4298666257398605	3.3583701087626796e-5
-7.414158662471912	3.372443751358774e-5
-7.398450699203963	3.386607714323094e-5
-7.382742735936014	3.400862787387554e-5
-7.367034772668065	3.415209769108763e-5
-7.351326809400116	3.4296494669893695e-5
-7.335618846132167	3.4441826976008076e-5
-7.319910882864218	3.45881028670865e-5
-7.304202919596269	3.4735330693993414e-5
-7.28849495632832	3.4883518902095525e-5
-7.272786993060371	3.503267603257472e-5
-7.257079029792422	3.51828107237615e-5
-7.241371066524473	3.533393171249454e-5
-7.225663103256524	3.5486047835499876e-5
-7.209955139988575	3.563916803078997e-5
-7.194247176720626	3.5793301339095604e-5
-7.1785392134526775	3.594845690531193e-5
-7.162831250184729	3.610464397997451e-5
-7.147123286916779	3.626187192076002e-5
-7.13141532364883	3.6420150194010387e-5
-7.115707360380881	3.657948837628278e-5
-7.099999397112932	3.6739896155928296e-5
-7.084291433844983	3.69013833346982e-5
-7.0685834705770345	3.706395982937081e-5
-7.052875507309086	3.722763567341645e-5
-7.037167544041137	3.73924210186848e-5
-7.021459580773188	3.755832613712065e-5
-7.005751617505239	3.772536142251456e-5
-6.99004365423729	3.7893537392278576e-5
-6.97433569096934	3.806286468925773e-5
-6.9586277277013915	3.8233354083568e-5
-6.942919764433443	3.840501647447186e-5
-6.927211801165494	3.857786289228356e-5
-6.911503837897545	3.8751904500307954e-5
-6.895795874629596	3.892715259681516e-5
-6.880087911361647	3.910361861705234e-5
-6.864379948093698	3.928131413528239e-5
-6.848671984825749	3.9460250866871755e-5
-6.8329640215578	3.964044067040647e-5
-6.817256058289851	3.9821895549849505e-5
-6.801548095021902	4.0004627656734345e-5
-6.785840131753953	4.018864929240433e-5
-6.770132168486004	4.037397291028733e-5
-6.754424205218055	4.056061111821127e-5
-6.738716241950106	4.074857668076471e-5
-6.7230082786821574	4.093788252170348e-5
-6.707300315414209	4.112854172639171e-5
-6.69159235214626	4.1320567544298156e-5
-6.675884388878311	4.151397339153528e-5
-6.660176425610361	4.170877285343779e-5
-6.644468462342412	4.190497968720627e-5
-6.628760499074463	4.210260782458116e-5
-6.613052535806514	4.230167137458032e-5
-6.5973445725385655	4.250218462627993e-5
-6.581636609270617	4.270416205165432e-5
-6.565928646002668	4.2907618308461886e-5
-6.550220682734719	4.311256824319418e-5
-6.53451271946677	4.33190268940753e-5
-6.51880475619882	4.352700949411724e-5
-6.503096792930871	4.3736531474241254e-5
-6.4873888296629225	4.394760846645199e-5
-6.471680866394974	4.4160256307072934e-5
-6.455972903127025	4.43744910400532e-5
-6.440264939859076	4.459032892032366e-5
-6.424556976591127	4.480778641723439e-5
-6.408849013323178	4.502688021804734e-5
-6.393141050055229	4.524762723150109e-5
-6.37743308678728	4.547004459144899e-5
-6.3617251235193315	4.569414966056386e-5
-6.346017160251382	4.591996003412001e-5
-6.330309196983433	4.6147493543848365e-5
-6.314601233715484	4.6376768261868786e-5
-6.298893270447535	4.660780250470106e-5
-6.283185307179586	4.6840614837356536e-5
-6.267477343911637	4.707522407751246e-5
-6.2517693806436885	4.731164929976654e-5
-6.23606141737574	4.754990983998801e-5
-6.220353454107791	4.7790025299746586e-5
-6.204645490839841	4.8032015550835905e-5
-6.188937527571892	4.827590073988968e-5
-6.173229564303943	4.8521701293094185e-5
-6.157521601035994	4.876943792099576e-5
-6.1418136377680455	4.90191316234082e-5
-6.126105674500097	4.9270803694422355e-5
-6.110397711232148	4.9524475727523356e-5
-6.094689747964199	4.9780169620808774e-5
-6.07898178469625	5.0037907582321534e-5
-6.063273821428301	5.029771213549236e-5
-6.047565858160352	5.0559606124700705e-5
-6.031857894892402	5.0823612720950445e-5
-6.0161499316244536	5.1089755427666085e-5
-6.000441968356505	5.135805808662091e-5
-5.984734005088556	5.1628544883978074e-5
-5.969026041820607	5.190124035647803e-5
-5.953318078552658	5.217616939774832e-5
-5.937610115284709	5.2453357264755134e-5
-5.92190215201676	5.2732829584395234e-5
-5.906194188748811	5.301461236023142e-5
-5.890486225480862	5.329873197937787e-5
-5.874778262212913	5.3585215219537066e-5
-5.859070298944964	5.387408925618548e-5
-5.843362335677015	5.416538166993351e-5
-5.827654372409066	5.445912045403637e-5
-5.811946409141117	5.4755334022082156e-5
-5.796238445873168	5.505405121584352e-5
-5.7805304826052195	5.535530131331956e-5
-5.764822519337271	5.565911403694866e-5
-5.749114556069322	5.596551956201483e-5
-5.733406592801373	5.627454852524239e-5
-5.717698629533423	5.6586232033592884e-5
-5.701990666265474	5.690060167325992e-5
-5.686282702997525	5.7217689518873e-5
-5.6705747397295765	5.753752814292238e-5
-5.654866776461628	5.786015062539028e-5
-5.639158813193679	5.8185590563622574e-5
-5.62345084992573	5.851388208242126e-5
-5.607742886657781	5.884505984438315e-5
-5.592034923389832	5.9179159060480055e-5
-5.576326960121882	5.9516215500893386e-5
-5.5606189968539335	5.9856265506105475e-5
-5.544911033585985	6.019934599825977e-5
-5.529203070318036	6.054549449279545e-5
-5.513495107050087	6.0894749110363134e-5
-5.497787143782138	6.124714858903236e-5
-5.482079180514189	6.160273229679273e-5
-5.46637121724624	6.196154024437362e-5
-5.450663253978291	6.23236130983653e-5
-5.4349552907103424	6.2688992194678e-5
-5.419247327442394	6.30577195523288e-5
-5.403539364174444	6.342983788758022e-5
-5.387831400906495	6.380539062842153e-5
-5.372123437638546	6.418442192943049e-5
-5.356415474370597	6.456697668700747e-5
-5.340707511102648	6.495310055498831e-5
-5.324999547834699	6.534283996067014e-5
-5.3092915845667505	6.573624212124068e-5
-5.293583621298802	6.613335506063818e-5
-5.277875658030853	6.653422762684104e-5
-5.262167694762903	6.693890950961561e-5
-5.246459731494954	6.734745125872662e-5
-5.230751768227005	6.775990430262775e-5
-5.215043804959056	6.81763209676441e-5
-5.1993358416911075	6.859675449766625e-5
-5.183627878423159	6.902125907437502e-5
-5.16791991515521	6.94498898380002e-5
-5.152211951887261	6.988270290864544e-5
-5.136503988619312	7.031975540819277e-5
-5.120796025351363	7.076110548279883e-5
-5.105088062083414	7.12068123260092e-5
-5.0893800988154645	7.165693620251245e-5
-5.073672135547516	7.211153847254611e-5
-5.057964172279567	7.257068161698233e-5
-5.042256209011618	7.303442926312092e-5
-5.026548245743669	7.350284621119525e-5
-5.01084028247572	7.397599846163983e-5
-4.995132319207771	7.445395324312121e-5
-4.979424355939822	7.493677904137473e-5
-4.9637163926718735	7.542454562886666e-5
-4.948008429403924	7.591732409531189e-5
-4.932300466135975	7.641518687908082e-5
-4.916592502868026	7.691820779951062e-5
-4.900884539600077	7.742646209017384e-5
-4.885176576332128	7.7940026433129e-5
-4.869468613064179	7.84589789941756e-5
-4.8537606497962305	7.898339945916754e-5
-4.838052686528282	7.951336907141476e-5
-4.822344723260333	8.004897067020661e-5
-4.806636759992384	8.059028873051064e-5
-4.790928796724435	8.113740940387096e-5
-4.775220833456485	8.169042056056906e-5
-4.759512870188536	8.224941183307764e-5
-4.743804906920587	8.281447466087213e-5
-4.7280969436526386	8.338570233662342e-5
-4.71238898038469	8.396319005385225e-5
-4.696681017116741	8.454703495608599e-5
-4.680973053848792	8.513733618756888e-5
-4.665265090580843	8.573419494559767e-5
-4.649557127312894	8.633771453453782e-5
-4.633849164044944	8.69480004215839e-5
-4.6181412007769955	8.756516029433029e-5
-4.602433237509047	8.818930412023433e-5
-4.586725274241098	8.882054420802578e-5
-4.571017310973149	8.945899527116074e-5
-4.5553093477052	9.01047744933833e-5
-4.539601384437251	9.07580015964915e-5
-4.523893421169302	9.141879891038183e-5
-4.508185457901353	9.208729144549258e-5
-4.4924774946334045	9.276360696770015e-5
-4.476769531365456	9.344787607581218e-5
-4.461061568097506	9.414023228173928e-5
-4.445353604829557	9.48408120934537e-5
-4.429645641561608	9.554975510087644e-5
-4.413937678293659	9.626720406478839e-5
-4.39822971502571	9.699330500890854e-5
-4.3825217517577615	9.772820731526879e-5
-4.366813788489813	9.84720638230313e-5
-4.351105825221864	9.92250309308924e-5
-4.335397861953915	9.998726870323141e-5
-4.319689898685965	0.0001007589409801717
-4.303981935418016	0.0001015402154917165
-4.288273972150067	0.00010233126397615516
-4.2725660088821185	0.00010313226230292014
-4.25685804561417	0.00010394339060009962
-4.241150082346221	0.00010476483338681556
-4.225442119078272	0.00010559677971069188
-4.209734155810323	0.00010643942329064926
-4.194026192542374	0.00010729296266526841
-4.178318229274425	0.00010815760134699016
-4.162610266006476	0.00010903354798241572
-4.146902302738527	0.00010992101651901434
-4.131194339470578	0.00011082022637853685
-4.115486376202629	0.00011173140263744231
-4.09977841293468	0.00011265477621472267
-4.084070449666731	0.00011359058406743212
-4.068362486398782	0.00011453906939435369
-4.052654523130833	0.00011550048184817519
-4.036946559862884	0.00011647507775660863
-4.0212385965949355	0.00011746312035293664
-4.005530633326986	0.00011846488001640298
-3.9898226700590373	0.00011948063452302379
-3.9741147067910885	0.00012051066930732871
-3.958406743523139	0.00012155527773558798
-3.9426987802551903	0.00012261476139116683
-3.9269908169872414	0.00012368943037263547
-3.9112828537192925	0.00012477960360532
-3.8955748904513436	0.00012588560916702613
-3.8798669271833943	0.00012700778462871573
-3.8641589639154454	0.0001281464774109482
-3.8484510006474966	0.0001293020451569878
-3.8327430373795477	0.00013047485612347964
-3.817035074111599	0.00013166528958973234
-3.8013271108436495	0.0001328737362866361
-3.7856191475757006	0.00013410059884636866
-3.7699111843077517	0.00013534629227409206
-3.754203221039803	0.00013661124444295898
-3.738495257771854	0.00013789589661376348
-3.7227872945039047	0.00013920070398078797
-3.707079331235956	0.00014052613624534829
-3.691371367968007	0.00014187267821880696
-3.675663404700058	0.00014324083045682404
-3.659955441432109	0.0001446311099268335
-3.64424747816416	0.00014604405071079346
-3.628539514896211	0.0001474802047454974
-3.612831551628262	0.00014894014260286107
-3.597123588360313	0.00015042445431272825
-3.5814156250923643	0.00015193375023107663
-3.565707661824415	0.0001534686619565593
-3.549999698556466	0.00015502984329864548
-3.5342917352885173	0.00015661797130090668
-3.5185837720205684	0.00015823374732313206
-3.5028758087526195	0.00015987789818645444
-3.48716784548467	0.0001615511773858256
-3.4714598822167213	0.00016325436637463077
-3.4557519189487724	0.00016498827592664018
-3.4400439556808236	0.00016675374758086324
-3.4243359924128747	0.0001685516551754021
-3.4086280291449254	0.00017038290647690296
-3.3929200658769765	0.00017224844491277303
-3.3772121026090276	0.00017414925141397757
-3.3615041393410787	0.00017608634637689596
-3.34579617607313	0.00017806079175352232
-3.3300882128051805	0.00018007369328010059
-3.3143802495372316	0.00018212620285522856
-3.2986722862692828	0.00018421952107951887
-3.282964323001334	0.0001863548999699995
-3.267256359733385	0.00018853364586374736
-3.2515483964654357	0.0001907571225266328
-3.235840433197487	0.00019302675448457898
-3.220132469929538	0.0001953440305965507
-3.204424506661589	0.00019771050789034429
-3.18871654339364	0.00020012781568445886
-3.173008580125691	0.0002025976600216809
-3.157300616857742	0.00020512182844310942
-3.141592653589793	0.00020770219513190828
-3.1258846903218442	0.00021034072646764447
-3.1101767270538954	0.00021303948701972893
-3.094468763785946	0.00021580064603288478
-3.078760800517997	0.00021862648444632347
-3.0630528372500483	0.00022151940250174888
-3.0473448739820994	0.00022448192799934705
-3.0316369107141505	0.0002275167252679775
-3.015928947446201	0.0002306266049239539
-3.0002209841782523	0.000233814534501341
-2.9845130209103035	0.00023708365004863094
-2.9688050576423546	0.00024043726879492382
-2.9530970943744057	0.00024387890300674696
-2.9373891311064564	0.000247412275168297
-2.9216811678385075	0.00025104133463756676
-2.9059732045705586	0.00025477027595053193
-2.8902652413026098	0.0002586035589692833
-2.874557278034661	0.0002625459310972539
-2.8588493147667116	0.00026660245181594155
-2.8431413514987627	0.0002707785198345617
-2.827433388230814	0.00027507990318658315
-2.811725424962865	0.00027951277265696786
-2.796017461694916	0.00028408373898254586
-2.7803094984269667	0.00028879989433648764
-2.764601535159018	0.00029366885868883745
-2.748893571891069	0.0002986988317305562
-2.73318560862312	0.0003038986511619567
-2.7174776453551712	0.00030927785828103706
-2.701769682087222	0.00031484677196800983
-2.686061718819273	0.0003206165723547669
-2.670353755551324	0.0003265993956992223
-2.6546457922833753	0.0003328084422671959
-2.6389378290154264	0.0003392580993288794
-2.623229865747477	0.0003459640819064326
-2.607521902479528	0.0003529435941678024
-2.5918139392115793	0.0003602155152813277
-2.5761059759436304	0.0003678006140552843
-2.5603980126756816	0.00037572179774445196
-2.5446900494077322	0.00038400440153757735
-2.5289820861397834	0.0003926765266873617
-2.5132741228718345	0.0004017694370813268
-2.4975661596038856	0.0004113180263558025
-2.4818581963359367	0.0004213613705533473
-2.4661502330679874	0.00043194338518683426
-2.4504422698000385	0.00044311361022612383
-2.4347343065320897	0.0004549281528954862
-2.419026343264141	0.000467450826364096
-2.403318379996192	0.0004807545334258132
-2.3876104167282426	0.0004949229555816658
-2.3719024534602937	0.000510052637468126
-2.356194490192345	0.000526255561298465
-2.340486526924396	0.0005436623672033925
-2.324778563656447	0.0005624264026545724
-2.3090706003884978	0.0005827288616272842
-2.293362637120549	0.0006047853655971113
-2.2776546738526	0.000628854473332808
-2.261946710584651	0.0006552488008087629
-2.2462387473167023	0.000684349716999244
-2.230530784048753	0.0007166270051020449
-2.214822820780804	0.0007526655194536645
-2.199114857512855	0.0007932018562710983
-2.1834068942449063	0.0008391756094240541
-2.1676989309769574	0.0008918022785484027
-2.151990967709008	0.0009526790066479316
-2.1362830044410592	0.0010239412750784277
-2.1205750411731104	0.001108500797020561
-2.1048670779051615	0.0012104166764385319
-2.0891591146372126	0.0013354927613111445
-2.0734511513692633	0.0014922739946441668
-2.0577431881013144	0.0016937787278863139
-2.0420352248333655	0.0019606617454458134
-2.0263272615654166	0.002327338205243874
-2.0106192982974678	0.0028547212016933857
-1.9949113350295187	0.003659203506868436
-1.9792033717615696	0.004986732821498526
-1.9634954084936207	0.007434474173848861
-1.9477874452256718	0.01278466564045076
-1.9320794819577227	0.028559166586302177
-1.9163715186897738	0.12254968244204428
-1.9006635554218247	8.039294519810834
-1.8849555921538759	0.08524266333003147
-1.869247628885927	0.02413407371131684
-1.853539665617978	0.011747079027666254
-1.837831702350029	0.007314549161859913
-1.82212373908208	0.0052815135520753636
-1.806415775814131	0.004223304171049925
-1.7907078125461822	0.0036434449114765666
-1.774999849278233	0.0033350068560455436
-1.7592918860102842	0.00320264829639727
-1.743583922742335	0.0032018384025636125
-1.7278759594743862	0.003315582150552334
-1.7121679962064373	0.0035457471905065013
-1.6964600329384882	0.003911797051927716
-1.6807520696705394	0.0044554594193044325
-1.6650441064025903	0.0052535485739163435
-1.6493361431346414	0.00644668124430307
-1.6336281798666925	0.008305287407342125
-1.6179202165987434	0.011396595416376732
-1.6022122533307945	0.017073738875890563
-1.5865042900628454	0.029253763780435704
-1.5707963267948966	0.06356189773598653
-1.5550883635269477	0.2416398561010226
-1.5393804002589986	49.313781337054
-1.5236724369910497	0.2770134012223017
-1.5079644737231006	0.06813872886706111
-1.4922565104551517	0.030787429143764446
-1.4765485471872029	0.017924606336395452
-1.4608405839192538	0.012056983366052211
-1.4451326206513049	0.008930588557672623
-1.4294246573833558	0.0071014370660593676
-1.413716694115407	0.005971875601246324
-1.398008730847458	0.005260447282298864
-1.382300767579509	0.004823279144501717
-1.36659280431156	0.0045843329225602305
-1.350884841043611	0.004505636853938209
-1.335176877775662	0.004574696976993252
-1.3194689145077132	0.004801152725027473
-1.303760951239764	0.0052209839387882895
-1.2880529879718152	0.005911341724650473
-1.2723450247038661	0.007027425065998447
-1.2566370614359172	0.008896386005932464
-1.2409290981679684	0.012287866447707713
-1.2252211349000193	0.019366851127176583
-1.2095131716320704	0.03833022686181174
-1.1938052083641213	0.12547994373173707
-1.1780972450961724	5.531941258104422
-1.1623892818282235	0.23711984137120123
-1.1466813185602744	0.05273455381607205
-1.1309733552923256	0.024832131263895735
-1.1152653920243765	0.016107790274481996
-1.0995574287564276	0.012707814742923543
-1.0838494654884787	0.011536259289760938
-1.0681415022205296	0.011702399629873081
-1.0524335389525807	0.013069003960676746
-1.0367255756846316	0.016013502257167647
-1.0210176124166828	0.021724831603458766
-1.0053096491487339	0.033555137371674336
-0.9896016858807848	0.0630879330696586
-0.9738937226128359	0.17364653942205244
-0.9581857593448869	1.7228055892608212
-0.9424777960769379	1.1988825589293604
-0.926769832808989	0.15392767205263408
-0.91106186954104	0.05875376746735667
-0.8953539062730911	0.031854980471412574
-0.8796459430051421	0.020726729542078933
-0.8639379797371931	0.015146119165450899
-0.8482300164692441	0.012026576658110995
-0.8325220532012951	0.010182145835876335
-0.8168140899333463	0.009083517097530445
-0.8011061266653973	0.008472279383757879
-0.7853981633974483	0.00821904378611999
-0.7696902001294993	0.00826583942775867
-0.7539822368615503	0.008603205709139692
-0.7382742735936014	0.00926554832046998
-0.7225663103256524	0.010341425403039657
-0.7068583470577035	0.012004735784076207
-0.6911503837897545	0.014588059181819612
-0.6754424205218055	0.018759815592465427
-0.6597344572538566	0.026001517527129068
-0.6440264939859076	0.04013398735527492
-0.6283185307179586	0.07366574679370243
-0.6126105674500096	0.18947084725120183
-0.5969026041820606	1.3631222184168212
-0.5811946409141118	2.5766405904585277
-0.5654866776461628	0.23467042259319115
-0.5497787143782138	0.08487045069205167
-0.5340707511102648	0.046076422753783056
-0.5183627878423158	0.031074530709474153
-0.5026548245743669	0.02433052095599217
-0.48694686130641796	0.021470083616796243
-0.47123889803846897	0.021072574698882882
-0.45553093477052	0.02292880877644775
-0.43982297150257105	0.02782643669561308
-0.42411500823462206	0.03840839759521499
-0.4084070449666731	0.0631349276384972
-0.39269908169872414	0.138742034456989
-0.37699111843077515	0.6120050361300662
-0.3612831551628262	23.192227362914178
-0.34557519189487723	0.37120317975526884
-0.3298672286269283	0.10890498812604962
-0.3141592653589793	0.05391190989637383
-0.2984513020910303	0.03392339616715042
-0.2827433388230814	0.024660225701751033
-0.2670353755551324	0.019807217914265037
-0.25132741228718347	0.017147084021460257
-0.23561944901923448	0.015753395278283268
-0.21991148575128552	0.01520190551927986
-0.20420352248333656	0.015300359936066146
-0.18849555921538758	0.015985824211255904
-0.17278759594743862	0.01728845269988468
-0.15707963267948966	0.019330610602284592
-0.1413716694115407	0.022356793705903384
-0.12566370614359174	0.026808734460154374
-0.10995574287564276	0.03349102525908971
-0.09424777960769379	0.04395134799329892
-0.07853981633974483	0.06144539802163601
-0.06283185307179587	0.09377976402882043
-0.047123889803846894	0.16374121629136923
-0.031415926535897934	0.36359282328585
-0.015707963267948967	1.4390116872304188
0.0	355.5914214119651
0.015707963267948967	1.4391252870220943
0.031415926535897934	0.3638218119266585
0.047123889803846894	0.16408926337889265
0.06283185307179587	0.09425261197101956
0.07853981633974483	0.062051176038871704
0.09424777960769379	0.044701043441289064
0.10995574287564276	0.034399169997480786
0.12566370614359174	0.027894397914504085
0.1413716694115407	0.023645029995902657
0.15707963267948966	0.020854601245159705
0.17278759594743862	0.01909275242246125
0.18849555921538758	0.018131422376561682
0.20420352248333656	0.01787285765864431
0.21991148575128552	0.01832530285715055
0.23561944901923448	0.019614571870184363
0.25132741228718347	0.022042116973240433
0.2670353755551324	0.02623628081783856
0.2827433388230814	0.03354311343751009
0.2984513020910303	0.04716200851250965
0.3141592653589793	0.0761833230613577
0.3298672286269283	0.15552900175785983
0.34557519189487723	0.5329786169809221
0.3612831551628262	33.35040018156889
0.37699111843077515	0.8797890067094832
0.39269908169872414	0.1995175255311412
0.4084070449666731	0.0911184652607141
0.42411500823462206	0.05593977438332611
0.43982297150257105	0.041182461504867776
0.45553093477052	0.03472536914864082
0.47123889803846897	0.03284384053556382
0.48694686130641796	0.03454357214039882
0.5026548245743669	0.040401197179462944
0.5183627878423158	0.05307872240823965
0.5340707511102648	0.0805094093733127
0.5497787143782138	0.15069093334321698
0.5654866776461628	0.4206310549682587
0.5811946409141118	4.636436393047561
0.5969026041820606	2.4523450221177066
0.6126105674500096	0.3399972187384078
0.6283185307179586	0.13175999168728844
0.6440264939859076	0.07160983419017719
0.6597344572538566	0.04637874494862112
0.6754424205218055	0.033556546872690655
0.6911503837897545	0.026271303429698564
0.7068583470577035	0.02186270359377707
0.7225663103256524	0.01913547934660414
0.7382742735936014	0.017501208201061273
0.7539822368615503	0.0166607209457574
0.7696902001294993	0.01647415515139004
0.7853981633974483	0.016908278029150983
0.8011061266653973	0.01802405980101088
0.8168140899333463	0.01999634815071959
0.8325220532012951	0.023177516739008548
0.8482300164692441	0.02824916307421876
0.8639379797371931	0.03659095981941087
0.8796459430051421	0.05128018844931519
0.8953539062730911	0.08031239460115663
0.91106186954104	0.15015421664365122
0.926769832808989	0.3967154187433811
0.9424777960769379	3.1017245920989835
0.9581857593448869	4.458078354807674
0.9738937226128359	0.44839625172736247
0.9896016858807848	0.1624604088665147
1.0053096491487339	0.08628295341917724
1.0210176124166828	0.0559707685201707
1.0367255756846316	0.041564418470649636
1.0524335389525807	0.03442613502734361
1.0681415022205296	0.03154716445200588
1.0838494654884787	0.032081942055903506
1.0995574287564276	0.03666474445311686
1.1152653920243765	0.04828557376117041
1.1309733552923256	0.07703648418395223
1.1466813185602744	0.16784156848680706
1.1623892818282235	0.7655922622385873
1.1780972450961724	17.921074345592384
1.1938052083641213	0.4044590597067916
1.2095131716320704	0.12235206256824181
1.2252211349000193	0.061157784904487186
1.2409290981679684	0.03846520983356344
1.2566370614359172	0.027723002867454126
1.2723450247038661	0.02192336309300489
1.2880529879718152	0.018580184853779023
1.303760951239764	0.016642516765369503
1.3194689145077132	0.01561896598054629
1.335176877775662	0.015274829727509568
1.350884841043611	0.01551477630912142
1.36659280431156	0.01633834276139039
1.382300767579509	0.017832423716476767
1.398008730847458	0.020193218993427756
1.413716694115407	0.023788434196884818
1.4294246573833558	0.029298050442034203
1.4451326206513049	0.038040563435657926
1.4608405839192538	0.05280597167162759
1.4765485471872029	0.08032629694828017
1.4922565104551517	0.14042496941725227
1.5079644737231006	0.31460918867598875
1.5236724369910497	1.2879439703275373
1.5393804002589986	229.7594070627695
1.5550883635269477	1.1234138779767011
1.5707963267948966	0.29385228750730114
1.5865042900628454	0.13414032635548723
1.6022122533307945	0.0775289650523737
1.6179202165987434	0.05121975604805388
1.6336281798666925	0.036965248889151106
1.6493361431346414	0.028464376935057763
1.6650441064025903	0.023078700123716836
1.6807520696705394	0.019554024069111647
1.6964600329384882	0.017243087059065434
1.7121679962064373	0.015799120765573153
1.7278759594743862	0.015043904123702649
1.743583922742335	0.014911202575253238
1.7592918860102842	0.015430769262898917
1.774999849278233	0.016745254334700362
1.7907078125461822	0.019173184635215078
1.806415775814131	0.023367839476826073
1.82212373908208	0.030726281746963072
1.837831702350029	0.04458286823265853
1.853539665617978	0.07448895539094884
1.869247628885927	0.1576676138315718
1.8849555921538759	0.5672629019151387
1.9006635554218247	53.85968125085035
1.9163715186897738	0.8175088335488977
1.9320794819577227	0.18789672324389123
1.9477874452256718	0.0823230107525546
1.9634954084936207	0.04658353312900771
1.9792033717615696	0.03028279128577806
1.9949113350295187	0.021480663765786244
2.0106192982974678	0.016176897797670394
2.0263272615654166	0.012724288957958178
2.0420352248333655	0.01034356002887995
2.0577431881013144	0.008627071718652807
2.0734511513692633	0.007344657488937324
2.0891591146372126	0.006358291984168361
2.1048670779051615	0.005581069009662361
2.1205750411731104	0.004956016083977115
2.1362830044410592	0.0044444935832021765
2.151990967709008	0.0040195238583416
2.1676989309769574	0.0036617928571003808
2.1834068942449063	0.003357166613854694
2.199114857512855	0.0030951000989353464
2.214822820780804	0.0028675896738767797
2.230530784048753	0.0026684666106667793
2.2462387473167023	0.0024929102785002325
2.261946710584651	0.0023371061599240677
2.2776546738526	0.0021980013850101026
2.293362637120549	0.002073127188899843
2.3090706003884978	0.001960468097758174
2.324778563656447	0.0018583642625768304
2.340486526924396	0.0017654376486447207
2.356194490192345	0.0016805356256067918
2.3719024534602937	0.0016026874056598776
2.3876104167282426	0.0015310700778853165
2.403318379996192	0.001464981890184153
2.419026343264141	0.0014038210286942887
2.4347343065320897	0.0013470687077247617
2.4504422698000385	0.0012942754743161815
2.4661502330679874	0.0012450501547702547
2.4818581963359367	0.0011990508102609004
2.4975661596038856	0.0011559773114601752
2.5132741228718345	0.0011155652048132755
2.5289820861397834	0.0010775806175509072
2.5446900494077322	0.0010418160032402194
2.5603980126756816	0.0010080865727016455
2.5761059759436304	0.0009762272851108774
2.5918139392115793	0.0009460903003856254
2.607521902479528	0.0009175428130089971
2.623229865747477	0.0008904652027049522
2.6389378290154264	0.000864749449618797
2.6546457922833753	0.0008402977712167129
2.670353755551324	0.0008170214453580789
2.686061718819273	0.000794839791927922
2.701769682087222	0.0007736792868920272
2.7174776453551712	0.0007534727910442553
2.73318560862312	0.0007341588755579158
2.748893571891069	0.0007156812308519158
2.764601535159018	0.0006979881470282093
2.7803094984269667	0.0006810320560205083
2.796017461694916	0.000664769127109233
2.811725424962865	0.0006491589087176186
2.827433388230814	0.0006341640104541954
2.8431413514987627	0.0006197498202444178
2.8588493147667116	0.000605884252135087
2.874557278034661	0.0005925375209742216
2.8902652413026098	0.0005796819406967502
2.9059732045705586	0.0005672917433905711
2.9216811678385075	0.0005553429166957258
2.9373891311064564	0.0005438130574147446
2.9530970943744057	0.000532681239482137
2.9688050576423546	0.0005219278946851808
2.9845130209103035	0.0005115347047234203
3.0002209841782523	0.0005014845033738905
3.015928947446201	0.0004917611876802123
3.0316369107141505	0.0004823496372006413
3.0473448739820994	0.00047323564050612754
3.0630528372500483	0.00046440582813734427
3.078760800517997	0.0004558476114108349
3.094468763785946	0.00044754912646641757
3.1101767270538954	0.00043949918304807267
3.1258846903218442	0.0004316872175556637
3.141592653589793	0.0004241032499615374
3.157300616857742	0.0004167378442307337
3.173008580125691	0.00040958207187339804
3.18871654339364	0.0004026274784778299
3.204424506661589	0.0003958660527264356
3.220132469929538	0.0003892901978969552
3.235840433197487	0.0003828927054937379
3.2515483964654357	0.00037666673086858603
3.267256359733385	0.0003706057706515489
3.282964323001334	0.00036470364183757606
3.2986722862692828	0.00035895446238905313
3.3143802495372316	0.00035335263322787836
3.3300882128051805	0.0003478928215024003
3.34579617607313	0.0003425699450254301
3.3615041393410787	0.0003373791577888114
3.3772121026090276	0.00033231583646888864
3.3929200658769765	0.00032737556784472694
3.4086280291449254	0.0003225541370580366
3.4243359924128747	0.0003178475166498396
3.4400439556808236	0.00031325185631468806
3.4557519189487724	0.0003087634733184046
3.4714598822167213	0.00030437884352958137
3.48716784548467	0.0003000945930198455
3.5028758087526195	0.0002959074901909713
3.5185837720205684	0.0002918144383910058
3.5342917352885173	0.0002878124689841949
3.549999698556466	0.00028389873484266744
3.565707661824415	0.0002800705042301896
3.5814156250923643	0.00027632515505079014
3.597123588360313	0.00027266016943711796
3.612831551628262	0.00026907312865543054
3.628539514896211	0.0002655617083057218
3.64424747816416	0.00026212367379741425
3.659955441432109	0.0002587568760822314
3.675663404700058	0.00025545924762743444
3.691371367968007	0.00025222879861378194
3.707079331235956	0.00024906361334374845
3.7227872945039047	0.0002459618468465604
3.738495257771854	0.00024292172166760109
3.754203221039803	0.00023994152483063446
3.7699111843077517	0.00023701960496210538
3.7856191475757006	0.0002341543695675097
3.8013271108436495	0.00023134428245056006
3.817035074111599	0.00022858786126654488
3.8327430373795477	0.00022588367520171346
3.8484510006474966	0.00022323034277134266
3.8641589639154454	0.00022062652972927544
3.8798669271833943	0.0002180709470826363
3.8955748904513436	0.00021556234920543782
3.9112828537192925	0.00021309953204544154
3.9269908169872414	0.0002106813314189953
3.9426987802551903	0.00020830662138878397
3.958406743523139	0.00020597431271988416
3.9741147067910885	0.00020368335140973602
3.9898226700590373	0.00020143271728795557
4.005530633326986	0.00019922142268212814
4.0212385965949355	0.00019704851114602624
4.036946559862884	0.00019491305624685546
4.052654523130833	0.00019281416040834904
4.068362486398782	0.00019075095380676865
4.084070449666731	0.00018872259331699482
4.09977841293468	0.00018672826150608498
4.115486376202629	0.00018476716567182878
4.131194339470578	0.00018283853692398474
4.146902302738527	0.0001809416293059758
4.162610266006476	0.00017907571895504017
4.178318229274425	0.00017724010329881734
4.194026192542374	0.0001754341002866272
4.209734155810323	0.00017365704765363104
4.225442119078272	0.00017190830221630116
4.241150082346221	0.00017018723919762961
4.25685804561417	0.00016849325158065827
4.2725660088821185	0.0001668257494889081
4.288273972150067	0.0001651841595924534
4.303981935418016	0.00016356792453840673
4.319689898685965	0.0001619765024046343
4.335397861953915	0.00016040936617562615
4.351105825221864	0.00015886600323947522
4.366813788489813	0.00015734591490499446
4.3825217517577615	0.0001558486159380147
4.39822971502571	0.00015437363411599495
4.413937678293659	0.0001529205098001334
4.429645641561608	0.00015148879552412837
4.445353604829557	0.00015007805559890454
4.461061568097506	0.00014868786573253297
4.476769531365456	0.00014731781266470948
4.4924774946334045	0.00014596749381511878
4.508185457901353	0.00014463651694509102
4.523893421169302	0.00014332449983196977
4.539601384437251	0.00014203106995562588
4.5553093477052	0.0001407558641965948
4.571017310973149	0.00013949852854537186
4.586725274241098	0.00013825871782234135
4.602433237509047	0.00013703609540790577
4.6181412007769955	0.00013583033298241842
4.633849164044944	0.00013464111027545358
4.649557127312894	0.00013346811482406408
4.665265090580843	0.00013231104173964578
4.680973053848792	0.0001311695934830411
4.696681017116741	0.0001300434796475744
4.71238898038469	0.0001289324167496481
4.7280969436526386	0.00012783612802666673
4.743804906920587	0.00012675434324189308
4.759512870188536	0.00012568679849607532
4.775220833456485	0.0001246332360454732
4.790928796724435	0.00012359340412610616
4.806636759992384	0.00012256705678391562
4.822344723260333	0.0001215539537106711
4.838052686528282	0.0001205538600853504
4.8537606497962305	0.00011956654642079911
4.869468613064179	0.0001185917884154698
4.885176576332128	0.00011762936681004788
4.900884539600077	0.0001166790672487599
4.916592502868026	0.0001157406801452093
4.932300466135975	0.000114814000552563
4.948008429403924	0.00011389882803790578
4.9637163926718735	0.00011299496656064455
4.979424355939822	0.00011210222435478236
4.995132319207771	0.00011122041381492527
5.01084028247572	0.00011034935138589518
5.026548245743669	0.00010948885745580678
5.042256209011618	0.00010863875625249276
5.057964172279567	0.0001077988757431369
5.073672135547516	0.00010696904753703218
5.0893800988154645	0.00010614910679131055
5.105088062083414	0.00010533889211958529
5.120796025351363	0.0001045382455033563
5.136503988619312	0.00010374701220611682
5.152211951887261	0.00010296504069005277
5.16791991515521	0.00010219218253523447
5.183627878423159	0.00010142829236123768
5.1993358416911075	0.00010067322775108411
5.215043804959056	9.992684917744951e-5
5.230751768227005	9.91890199310281e-5
5.246459731494954	9.845960605101546e-5
5.262167694762903	9.773847625760564e-5
5.277875658030853	9.70255018864706e-5
5.293583621298802	9.632055682510564e-5
5.3092915845667505	9.562351745103555e-5
5.324999547834699	9.493426257177371e-5
5.340707511102648	9.425267336650175e-5
5.356415474370597	9.357863332940376e-5
5.372123437638546	9.291202821459689e-5
5.387831400906495	9.225274598262392e-5
5.403539364174444	9.160067674842865e-5
5.419247327442394	9.095571273079567e-5
5.4349552907103424	9.031774820318708e-5
5.450663253978291	8.96866794459363e-5
5.46637121724624	8.906240469976766e-5
5.482079180514189	8.8444824120572e-5
5.497787143782138	8.783383973543281e-5
5.513495107050087	8.722935539983829e-5
5.529203070318036	8.66312767560501e-5
5.544911033585985	8.603951119259248e-5
5.5606189968539335	8.545396780483776e-5
5.576326960121882	8.487455735662417e-5
5.592034923389832	8.430119224291503e-5
5.607742886657781	8.373378645342614e-5
5.62345084992573	8.31722555372325e-5
5.639158813193679	8.26165165682856e-5
5.654866776461628	8.206648811184484e-5
5.6705747397295765	8.152209019177324e-5
5.686282702997525	8.098324425868707e-5
5.701990666265474	8.044987315892486e-5
5.717698629533423	7.992190110431422e-5
5.733406592801373	7.939925364271376e-5
5.749114556069322	7.888185762930748e-5
5.764822519337271	7.83696411986224e-5
5.7805304826052195	7.786253373725587e-5
5.796238445873168	7.736046585729944e-5
5.811946409141117	7.686336937041278e-5
5.827654372409066	7.637117726255991e-5
5.843362335677015	7.588382366936402e-5
5.859070298944964	7.540124385208446e-5
5.874778262212913	7.492337417417166e-5
5.890486225480862	7.445015207841179e-5
5.906194188748811	7.39815160646309e-5
5.92190215201676	7.35174056679305e-5
5.937610115284709	7.305776143746605e-5
5.953318078552658	7.260252491573617e-5
5.969026041820607	7.215163861836501e-5
5.984734005088556	7.170504601437756e-5
6.000441968356505	7.126269150694514e-5
6.0161499316244536	7.082452041458776e-5
6.031857894892402	7.039047895283094e-5
6.047565858160352	6.996051421628041e-5
6.063273821428301	6.953457416114254e-5
6.07898178469625	6.911260758813337e-5
6.094689747964199	6.869456412580147e-5
6.110397711232148	6.828039421423491e-5
6.126105674500097	6.787004908915136e-5
6.1418136377680455	6.746348076634412e-5
6.157521601035994	6.706064202650318e-5
6.173229564303943	6.666148640037553e-5
6.188937527571892	6.626596815426568e-5
6.204645490839841	6.58740422758682e-5
6.220353454107791	6.548566446042909e-5
6.23606141737574	6.510079109720281e-5
6.2517693806436885	6.47193792562379e-5
6.267477343911637	6.434138667543994e-5
6.283185307179586	6.396677174794005e-5
6.298893270447535	6.359549350972932e-5
6.314601233715484	6.32275116275879e-5
6.330309196983433	6.28627863872631e-5
6.346017160251382	6.250127868192254e-5
6.3617251235193315	6.21429500008517e-5
6.37743308678728	6.178776241840525e-5
6.393141050055229	6.14356785832018e-5
6.408849013323178	6.10866617075468e-5
6.424556976591127	6.074067555709082e-5
6.440264939859076	6.039768444071043e-5
6.455972903127025	6.0057653200607486e-5
6.471680866394974	5.9720547202621123e-5
6.4873888296629225	5.938633232674585e-5
6.503096792930871	5.9054974957856365e-5
6.51880475619882	5.872644197662406e-5
6.53451271946677	5.840070075062879e-5
6.550220682734719	5.807771912566391e-5
6.565928646002668	5.7757465417211474e-5
6.581636609270617	5.743990840211466e-5
6.5973445725385655	5.712501731040381e-5
6.613052535806514	5.681276181731035e-5
6.628760499074463	5.650311203543962e-5
6.644468462342412	5.619603850710248e-5
6.660176425610361	5.5891512196816025e-5
6.675884388878311	5.558950448394367e-5
6.69159235214626	5.5289987155502434e-5
6.707300315414209	5.49929323991026e-5
6.7230082786821574	5.4698312796046284e-5
6.738716241950106	5.440610131455195e-5
6.754424205218055	5.411627130312658e-5
6.770132168486004	5.3828796484066046e-5
6.785840131753953	5.35436509470877e-5
6.801548095021902	5.326080914309559e-5
6.817256058289851	5.2980245878061514e-5
6.8329640215578	5.270193630703677e-5
6.848671984825749	5.2425855928275285e-5
6.864379948093698	5.2151980577480944e-5
6.880087911361647	5.18802864221639e-5
6.895795874629596	5.161074995610733e-5
6.911503837897545	5.1343347993946396e-5
6.927211801165494	5.107805766585126e-5
6.942919764433443	5.0814856412315046e-5
6.9586277277013915	5.055372197904211e-5
6.97433569096934	5.029463241193258e-5
6.99004365423729	5.003756605217404e-5
7.005751617505239	4.9782501531414853e-5
7.021459580773188	4.95294177670418e-5
7.037167544041137	4.927829395753844e-5
7.052875507309086	4.9029109577940215e-5
7.0685834705770345	4.878184437537105e-5
7.084291433844983	4.853647836466794e-5
7.099999397112932	4.8292991824085295e-5
7.115707360380881	4.805136529108467e-5
7.13141532364883	4.78115795581983e-5
7.147123286916779	4.757361566897728e-5
7.162831250184729	4.733745491400625e-5
7.1785392134526775	4.710307882700499e-5
7.194247176720626	4.687046918098959e-5
7.209955139988575	4.6639607984514986e-5
7.225663103256524	4.6410477477978926e-5
7.241371066524473	4.6183060130003876e-5
7.257079029792422	4.5957338633873195e-5
7.272786993060371	4.573329590404444e-5
7.28849495632832	4.5510915072720136e-5
7.304202919596269	4.5290179486480476e-5
7.319910882864218	4.5071072702982004e-5
7.335618846132167	4.4853578487712925e-5
7.351326809400116	4.463768081080531e-5
7.367034772668065	4.442336384390918e-5
7.382742735936014	4.421061195712246e-5
7.398450699203963	4.3999409715970085e-5
7.414158662471912	4.378974187844509e-5
7.4298666257398605	4.358159339209701e-5
7.445574589007809	4.3374949391175676e-5
7.461282552275758	4.316979519382257e-5
7.476990515543708	4.296611629931348e-5
7.492698478811657	4.2763898385348946e-5
7.508406442079606	4.2563127305396983e-5
7.524114405347555	4.2363789086073176e-5
7.5398223686155035	4.216586992457477e-5
7.555530331883452	4.1969356186158866e-5
7.571238295151401	4.177423440165834e-5
7.58694625841935	4.15804912650473e-5
7.602654221687299	4.138811363104733e-5
7.618362184955249	4.119708851277232e-5
7.634070148223198	4.100740307941635e-5
7.6497781114911465	4.081904465398227e-5
7.665486074759095	4.06320007110453e-5
7.681194038027044	4.0446258874559476e-5
7.696902001294993	4.0261806915696675e-5
7.712609964562942	4.0078632750727294e-5
7.728317927830891	3.989672443893332e-5
7.74402589109884	3.971607018055818e-5
7.759733854366789	3.953665831479109e-5
7.7754418176347375	3.9358477317784356e-5
7.791149780902687	3.918151580070503e-5
7.806857744170636	3.9005762507820675e-5
7.822565707438585	3.8831206314610945e-5
7.838273670706534	3.8657836225919286e-5
7.853981633974483	3.848564137412877e-5
7.869689597242432	3.8314611017369994e-5
7.8853975605103805	3.8144734537761066e-5
7.901105523778329	3.7976001439672366e-5
7.916813487046278	3.780840134802251e-5
7.932521450314228	3.7641924006602326e-5
7.948229413582177	3.7476559276425395e-5
7.963937376850126	3.731229713410456e-5
7.979645340118075	3.714912767025747e-5
7.995353303386024	3.6987041087936625e-5
8.011061266653972	3.682602770108318e-5
8.026769229921921	3.666607793300942e-5
8.042477193189871	3.6507182314901885e-5
8.058185156457819	3.634933148435177e-5
8.073893119725769	3.619251618390531e-5
8.089601082993717	3.6036727259641315e-5
8.105309046261667	3.588195565976937e-5
8.121017009529615	3.572819243325008e-5
8.136724972797564	3.557542872843703e-5
8.152432936065512	3.542365579174223e-5
8.168140899333462	3.5272864966318904e-5
8.183848862601412	3.512304769077172e-5
8.19955682586936	3.497419549787845e-5
8.21526478913731	3.482630001333857e-5
8.230972752405258	3.467935295453982e-5
8.246680715673207	3.4533346129340246e-5
8.262388678941155	3.4388271434876966e-5
8.278096642209105	3.424412085638314e-5
8.293804605477053	3.410088646603527e-5
8.309512568745003	3.3958560421805746e-5
8.325220532012953	3.381713496634333e-5
8.3409284952809	3.367660242586584e-5
8.35663645854885	3.353695520907102e-5
8.372344421816798	3.3398185806062953e-5
8.388052385084748	3.326028678729671e-5
8.403760348352696	3.31232508025386e-5
8.419468311620646	3.298707057984098e-5
8.435176274888594	3.2851738924533975e-5
8.450884238156544	3.271724871823253e-5
8.466592201424492	3.2583592917856485e-5
8.482300164692441	3.245076455466895e-5
8.498008127960391	3.231875673332479e-5
8.51371609122834	3.218756263093777e-5
8.529424054496289	3.205717549615824e-5
8.545132017764237	3.192758864826587e-5
8.560839981032187	3.179879547627775e-5
8.576547944300135	3.1670789438065056e-5
8.592255907568084	3.1543564059487526e-5
8.607963870836032	3.1417112933540416e-5
8.623671834103982	3.1291429719508806e-5
8.63937979737193	3.116650814214071e-5
8.65508776063988	3.104234199082999e-5
8.67079572390783	3.091892511880908e-5
8.686503687175778	3.079625144235827e-5
8.702211650443727	3.067431494002046e-5
8.717919613711675	3.0553109651833434e-5
8.733627576979625	3.0432629678569014e-5
8.749335540247573	3.0312869180985344e-5
8.765043503515523	3.0193822379089185e-5
8.780751466783471	3.007548355140829e-5
8.79645943005142	2.995784703427613e-5
8.81216739331937	2.984090722112606e-5
8.827875356587318	2.9724658561794438e-5
8.843583319855268	2.9609095561835013e-5
8.859291283123216	2.9494212781842374e-5
8.874999246391166	2.9380004836785815e-5
8.890707209659114	2.926646639535289e-5
8.906415172927064	2.9153592179299724e-5
8.922123136195012	2.90413769628151e-5
8.937831099462962	2.8929815571888385e-5
8.953539062730911	2.8818902883690976e-5
8.96924702599886	2.8708633825961856e-5
8.984954989266809	2.85990033764075e-5
9.000662952534757	2.8490006562104223e-5
9.016370915802707	2.8381638458912903e-5
9.032078879070655	2.8273894190900095e-5
9.047786842338605	2.816676892976859e-5
9.063494805606553	2.8060257894293525e-5
9.079202768874502	2.7954356349769033e-5
9.09491073214245	2.7849059607460403e-5
9.1106186954104	2.7744363024066066e-5
9.12632665867835	2.764026200118368e-5
9.142034621946298	2.7536751984786898e-5
9.157742585214248	2.743382846470707e-5
9.173450548482196	2.7331486974124064e-5
9.189158511750145	2.7229723089061307e-5
9.204866475018093	2.7128532427891416e-5
9.220574438286043	2.702791065084301e-5
9.236282401553991	2.6927853459521193e-5
9.25199036482194	2.6828356596428345e-5
9.267698328089889	2.672941584449622e-5
9.283406291357839	2.663102702661976e-5
9.299114254625788	2.6533186005201457e-5
9.314822217893736	2.6435888681699742e-5
9.330530181161686	2.6339130996181018e-5
9.346238144429634	2.6242908926884736e-5
9.361946107697584	2.6147218489786558e-5
9.377654070965532	2.605205573817166e-5
9.393362034233482	2.5957416762212464e-5
9.40906999750143	2.5863297688552485e-5
9.42477796076938	2.576969467989572e-5
9.44048592403733	2.5676603934599866e-5
9.456193887305277	2.5584021686277666e-5
9.471901850573227	2.5491944203401047e-5
9.487609813841175	2.5400367788911967e-5
9.503317777109125	2.5309288779837504e-5
9.519025740377073	2.5218703546910452e-5
9.534733703645022	2.5128608494195116e-5
9.55044166691297	2.5039000058717275e-5
9.56614963018092	2.4949874710098876e-5
9.58185759344887	2.4861228950198672e-5
9.597565556716818	2.4773059312756114e-5
9.613273519984768	2.4685362363041254e-5
9.628981483252716	2.4598134697507563e-5
9.644689446520665	2.4511372943450413e-5
9.660397409788613	2.4425073758670027e-5
9.676105373056563	2.433923383113768e-5
9.691813336324511	2.4253849878666835e-5
9.707521299592461	2.4168918648589195e-5
9.723229262860409	2.4084436917433414e-5
9.738937226128359	2.4000401490608735e-5
9.754645189396308	2.3916809202093173e-5
9.770353152664256	2.3833656914124853e-5
9.786061115932206	2.3750941516896444e-5
9.801769079200154	2.3668659928256018e-5
9.817477042468104	2.3586809093409103e-5
9.833185005736052	2.3505385984625944e-5
9.848892969004002	2.3424387600952444e-5
9.86460093227195	2.334381096792261e-5
9.8803088955399	2.3263653137278457e-5
9.896016858807847	2.3183911186690046e-5
9.911724822075797	2.3104582219480602e-5
9.927432785343747	2.302566336435447e-5
9.943140748611695	2.294715177512848e-5
9.958848711879645	2.286904463046758e-5
9.974556675147593	2.279133913362217e-5
9.990264638415542	2.2714032512170442e-5
10.00597260168349	2.2637122017761397e-5
10.02168056495144	2.2560604925864464e-5
10.037388528219388	2.2484478535518567e-5
10.053096491487338	2.240874016908806e-5
10.068804454755288	2.2333387172017263e-5
10.084512418023236	2.2258416912592227e-5
10.100220381291185	2.2183826781702604e-5
10.115928344559133	2.210961419260805e-5
10.131636307827083	2.203577658070548e-5
10.147344271095031	2.196231140330185e-5
10.163052234362981	2.1889216139387397e-5
10.178760197630929	2.1816488289412975e-5
10.194468160898879	2.174412537506914e-5
10.210176124166829	2.167212493906889e-5
10.225884087434777	2.160048454493229e-5
10.241592050702726	2.1529201776773465e-5
10.257300013970674	2.1458274239090523e-5
10.273007977238624	2.13876995565594e-5
10.288715940506572	2.1317475373827097e-5
10.304423903774522	2.1247599355309793e-5
10.32013186704247	2.1178069184992502e-5
10.33583983031042	2.1108882566231653e-5
10.351547793578368	2.104003722155885e-5
10.367255756846317	2.0971530892488373e-5
10.382963720114267	2.0903361339326403e-5
10.398671683382215	2.0835526340981392e-5
10.414379646650165	2.0768023694778817e-5
10.430087609918113	2.0700851216275693e-5
10.445795573186063	2.0634006739080356e-5
10.46150353645401	2.056748811467022e-5
10.47721149972196	2.0501293212215933e-5
10.492919462989908	2.0435419918404444e-5
10.508627426257858	2.0369866137265985e-5
10.524335389525806	2.0304629790001732e-5
10.540043352793756	2.0239708814814447e-5
10.555751316061706	2.0175101166741287e-5
10.571459279329654	2.0110804817486495e-5
10.587167242597603	2.0046817755258895e-5
10.602875205865551	1.9983137984610566e-5
10.618583169133501	1.991976352627366e-5
10.634291132401449	1.98566924170058e-5
10.649999095669399	1.9793922709430765e-5
10.665707058937347	1.9731452471885837e-5
10.681415022205297	1.966927978826718e-5
10.697122985473246	1.960740275788032e-5
10.712830948741194	1.954581949528928e-5
10.728538912009144	1.948452813016939e-5
10.744246875277092	1.942352680716199e-5
10.759954838545042	1.9362813685728325e-5
10.77566280181299	1.930238694000814e-5
10.79137076508094	1.924224475867839e-5
10.807078728348888	1.9182385344812805e-5
10.822786691616837	1.9122806915744608e-5
10.838494654884787	1.9063507702930072e-5
10.854202618152735	1.9004485951813572e-5
10.869910581420685	1.8945739921693115e-5
10.885618544688633	1.8887267885590135e-5
10.901326507956583	1.8829068130118137e-5
10.91703447122453	1.877113895535317e-5
10.93274243449248	1.8713478674707407e-5
10.948450397760428	1.8656085614802305e-5
10.964158361028378	1.8598958115343984e-5
10.979866324296326	1.8542094528999916e-5
10.995574287564276	1.848549322127677e-5
11.011282250832226	1.8429152570399778e-5
11.026990214100174	1.837307096719381e-5
11.042698177368123	1.8317246814964596e-5
11.058406140636071	1.826167852938255e-5
11.074114103904021	1.8206364538367498e-5
11.08982206717197	1.8151303281973848e-5
11.105530030439919	1.8096493212278328e-5
11.121237993707867	1.804193279326745e-5
11.136945956975817	1.7987620500728492e-5
11.152653920243765	1.7933554822137783e-5
11.168361883511714	1.7879734256555628e-5
11.184069846779664	1.782615731451676e-5
11.199777810047612	1.7772822517926207e-5
11.215485773315562	1.7719728399953737e-5
11.23119373658351	1.766687350493084e-5
11.24690169985146	1.761425638824825e-5
11.262609663119408	1.7561875616255037e-5
11.278317626387357	1.7509729766157207e-5
11.294025589655305	1.7457817425919544e-5
11.309733552923255	1.7406137194167965e-5
11.325441516191205	1.7354687680090895e-5
11.341149479459153	1.7303467503345193e-5
11.356857442727103	1.7252475293960016e-5
11.37256540599505	1.720170969224306e-5
11.388273369263	1.7151169348687426e-5
11.403981332530948	1.7100852923880275e-5
11.419689295798898	1.705075908841081e-5
11.435397259066846	1.7000886522782386e-5
11.451105222334796	1.6951233917320136e-5
11.466813185602746	1.6901799972085336e-5
11.482521148870694	1.685258339678784e-5
11.498229112138644	1.6803582910698624e-5
11.513937075406592	1.6754797242565787e-5
11.529645038674541	1.6706225130528785e-5
11.54535300194249	1.6657865322035485e-5
11.561060965210439	1.6609716573760245e-5
11.576768928478387	1.6561777651519937e-5
11.592476891746337	1.651404733019498e-5
11.608184855014285	1.646652439364725e-5
11.623892818282235	1.641920763464262e-5
11.639600781550184	1.637209585477085e-5
11.655308744818132	1.6325187864368895e-5
11.671016708086082	1.6278482482443337e-5
11.68672467135403	1.6231978536594657e-5
11.70243263462198	1.6185674862941512e-5
11.718140597889928	1.613957030604667e-5
11.733848561157878	1.6093663718841765e-5
11.749556524425826	1.6047953962556994e-5
11.765264487693775	1.6002439906645748e-5
11.780972450961723	1.5957120428714977e-5
11.796680414229673	1.5911994414453993e-5
11.812388377497623	1.586706075756355e-5
11.82809634076557	1.5822318359687515e-5
11.84380430403352	1.5777766130343117e-5
11.859512267301469	1.573340298685412e-5
11.875220230569418	1.568922785428219e-5
11.890928193837366	1.564523966536144e-5
11.906636157105316	1.5601437360431503e-5
11.922344120373264	1.5557819887372885e-5
11.938052083641214	1.551438620154192e-5
11.953760046909164	1.547113526570709e-5
11.969468010177112	1.5428066049985053e-5
11.985175973445061	1.538517753177893e-5
12.00088393671301	1.534246869571526e-5
12.01659189998096	1.5299938533583065e-5
12.032299863248907	1.5257586044272448e-5
12.048007826516857	1.5215410233714841e-5
12.063715789784805	1.5173410114823412e-5
12.079423753052755	1.513158470743318e-5
12.095131716320704	1.5089933038244139e-5
12.110839679588652	1.5048454140761139e-5
12.126547642856602	1.5007147055238526e-5
12.14225560612455	1.4966010828622364e-5
12.1579635693925	1.4925044514494064e-5
12.173671532660448	1.4884247173015659e-5
12.189379495928398	1.484361787087368e-5
12.205087459196346	1.4803155681225458e-5
12.220795422464295	1.4762859683644319e-5
12.236503385732243	1.472272896406653e-5
12.252211349000193	1.4682762614738323e-5
12.267919312268143	1.4642959734163103e-5
12.283627275536091	1.4603319427049587e-5
12.29933523880404	1.4563840804261069e-5
12.315043202071989	1.4524522982763243e-5
12.330751165339938	1.4485365085574508e-5
12.346459128607886	1.4446366241715881e-5
12.362167091875836	1.4407525586161967e-5
12.377875055143784	1.4368842259790416e-5
12.393583018411734	1.4330315409335343e-5
12.409290981679682	1.4291944187337435e-5
12.424998944947632	1.4253727752098287e-5
12.440706908215581	1.4215665267631433e-5
12.45641487148353	1.4177755903617135e-5
12.47212283475148	1.4139998835354795e-5
12.487830798019427	1.4102393243717608e-5
12.503538761287377	1.406493831510794e-5
12.519246724555325	1.402763324141156e-5
12.534954687823275	1.3990477219953321e-5
12.550662651091223	1.3953469453453216e-5
12.566370614359172	1.3916609149982402e-5
