-12.566370614359172	5.335928902624288e-6
-12.550662651091223	5.348239396551881e-6
-12.534954687823275	5.360592644447641e-6
-12.519246724555325	5.3729888449947214e-6
-12.503538761287377	5.385428198034679e-6
-12.487830798019427	5.397910904575441e-6
-12.47212283475148	5.410437166799264e-6
-12.45641487148353	5.4230071880714996e-6
-12.440706908215581	5.435621172948523e-6
-12.424998944947632	5.448279327186591e-6
-12.409290981679682	5.460981857749424e-6
-12.393583018411734	5.473728972818115e-6
-12.377875055143784	5.486520881797871e-6
-12.362167091875836	5.499357795328922e-6
-12.346459128607886	5.512239925293576e-6
-12.330751165339938	5.525167484825685e-6
-12.315043202071989	5.5381406883192626e-6
-12.29933523880404	5.551159751438271e-6
-12.283627275536091	5.564224891124475e-6
-12.267919312268143	5.5773363256074e-6
-12.252211349000193	5.590494274413147e-6
-12.236503385732243	5.603698958374248e-6
-12.220795422464295	5.616950599638076e-6
-12.205087459196346	5.6302494216772125e-6
-12.189379495928398	5.643595649298346e-6
-12.173671532660448	5.656989508652134e-6
-12.1579635693925	5.67043122724297e-6
-12.14225560612455	5.683921033938193e-6
-12.126547642856602	5.697459158978887e-6
-12.110839679588652	5.711045833988827e-6
-12.095131716320704	5.724681291984971e-6
-12.079423753052755	5.738365767388063e-6
-12.063715789784805	5.7520994960312464e-6
-12.048007826516857	5.7658827151719005e-6
-12.032299863248907	5.779715663501635e-6
-12.01659189998096	5.793598581155903e-6
-12.00088393671301	5.807531709725829e-6
-11.985175973445061	5.821515292267687e-6
-11.969468010177112	5.835549573313929e-6
-11.953760046909164	5.849634798884599e-6
-11.938052083641214	5.863771216497382e-6
-11.922344120373264	5.877959075179088e-6
-11.906636157105316	5.8921986254765895e-6
-11.890928193837366	5.906490119467876e-6
-11.875220230569418	5.920833810773668e-6
-11.859512267301469	5.935229954568768e-6
-11.84380430403352	5.949678807592624e-6
-11.82809634076557	5.96418062816219e-6
-11.812388377497623	5.978735676183063e-6
-11.796680414229673	5.993344213160975e-6
-11.780972450961723	6.008006502213966e-6
-11.765264487693775	6.022722808083967e-6
-11.749556524425826	6.037493397150094e-6
-11.733848561157878	6.052318537438754e-6
-11.718140597889928	6.067198498638065e-6
-11.70243263462198	6.082133552109073e-6
-11.68672467135403	6.097123970898092e-6
-11.671016708086082	6.112170029750292e-6
-11.655308744818132	6.127272005121361e-6
-11.639600781550184	6.142430175191159e-6
-11.623892818282235	6.15764481987608e-6
-11.608184855014285	6.172916220842745e-6
-11.592476891746337	6.1882446615205225e-6
-11.576768928478387	6.203630427115129e-6
-11.561060965210439	6.219073804622061e-6
-11.54535300194249	6.234575082840186e-6
-11.529645038674541	6.250134552385272e-6
-11.513937075406592	6.265752505703597e-6
-11.498229112138644	6.281429237086393e-6
-11.482521148870694	6.297165042683211e-6
-11.466813185602746	6.312960220516536e-6
-11.451105222334796	6.328815070495613e-6
-11.435397259066846	6.344729894431466e-6
-11.419689295798898	6.360704996050903e-6
-11.403981332530948	6.376740681011063e-6
-11.388273369263	6.392837256915293e-6
-11.37256540599505	6.408995033326306e-6
-11.356857442727103	6.425214321782529e-6
-11.341149479459153	6.441495435813159e-6
-11.325441516191205	6.457838690952978e-6
-11.309733552923255	6.474244404758368e-6
-11.294025589655305	6.490712896822348e-6
-11.278317626387357	6.507244488790845e-6
-11.262609663119408	6.52383950437841e-6
-11.24690169985146	6.540498269383935e-6
-11.23119373658351	6.557221111707143e-6
-11.215485773315562	6.574008361365183e-6
-11.199777810047612	6.590860350508612e-6
-11.184069846779664	6.607777413437885e-6
-11.168361883511714	6.624759886620883e-6
-11.152653920243765	6.64180810870889e-6
-11.136945956975817	6.658922420554845e-6
-11.121237993707867	6.676103165229083e-6
-11.105530030439919	6.693350688038525e-6
-11.08982206717197	6.710665336542113e-6
-11.074114103904021	6.728047460570901e-6
-11.058406140636071	6.745497412243487e-6
-11.042698177368123	6.763015545986455e-6
-11.026990214100174	6.780602218550803e-6
-11.011282250832226	6.798257789030715e-6
-10.995574287564276	6.815982618882831e-6
-10.979866324296326	6.833777071944409e-6
-10.964158361028378	6.851641514451936e-6
-10.948450397760428	6.8695763150609135e-6
-10.93274243449248	6.887581844864683e-6
-10.91703447122453	6.905658477413862e-6
-10.901326507956583	6.923806588735944e-6
-10.885618544688633	6.9420265573555305e-6
-10.869910581420685	6.960318764313448e-6
-10.854202618152735	6.9786835931878896e-6
-10.838494654884787	6.997121430113956e-6
-10.822786691616837	7.0156326638046625e-6
-10.807078728348888	7.034217685571799e-6
-10.79137076508094	7.052876889346451e-6
-10.77566280181299	7.0716106717000325e-6
-10.759954838545042	7.0904194318665196e-6
-10.744246875277092	7.109303571762926e-6
-10.728538912009144	7.1282634960118065e-6
-10.712830948741194	7.14729961196267e-6
-10.697122985473246	7.166412329714533e-6
-10.681415022205297	7.185602062137972e-6
-10.665707058937347	7.204869224898105e-6
-10.649999095669399	7.224214236476842e-6
-10.634291132401449	7.243637518196391e-6
-10.618583169133501	7.2631394942421425e-6
-10.602875205865551	7.2827205916866934e-6
-10.587167242597603	7.302381240512761e-6
-10.571459279329654	7.322121873637287e-6
-10.555751316061706	7.341942926936446e-6
-10.540043352793756	7.361844839268543e-6
-10.524335389525806	7.381828052499814e-6
-10.508627426257858	7.401893011528897e-6
-10.492919462989908	7.4220401643117215e-6
-10.47721149972196	7.442269961887112e-6
-10.46150353645401	7.462582858402268e-6
-10.445795573186063	7.482979311138352e-6
-10.430087609918113	7.503459780537335e-6
-10.414379646650165	7.5240247302270514e-6
-10.398671683382215	7.544674627049207e-6
-10.382963720114267	7.565409941085196e-6
-10.367255756846317	7.586231145683688e-6
-10.351547793578368	7.60713871748752e-6
-10.33583983031042	7.628133136462364e-6
-10.32013186704247	7.649214885923614e-6
-10.304423903774522	7.67038445256456e-6
-10.288715940506572	7.691642326486169e-6
-10.273007977238624	7.7129890012242e-6
-10.257300013970674	7.734424973779226e-6
-10.241592050702726	7.755950744645876e-6
-10.225884087434777	7.777566817841854e-6
-10.210176124166829	7.79927370093861e-6
-10.194468160898879	7.821071905090965e-6
-10.178760197630929	7.842961945068072e-6
-10.163052234362981	7.864944339283969e-6
-10.147344271095031	7.88701960982856e-6
-10.131636307827083	7.909188282499606e-6
-10.115928344559133	7.931450886834036e-6
-10.100220381291185	7.953807956139538e-6
-10.084512418023236	7.976260027528392e-6
-10.068804454755288	7.998807641948464e-6
-10.053096491487338	8.021451344217927e-6
-10.037388528219388	8.044191683057147e-6
-10.02168056495144	8.067029211122994e-6
-10.00597260168349	8.089964485043487e-6
-9.990264638415542	8.112998065451453e-6
-9.974556675147593	8.136130517019233e-6
-9.958848711879645	8.159362408494181e-6
-9.943140748611695	8.18269431273453e-6
-9.927432785343747	8.206126806743702e-6
-9.911724822075797	8.22966047170818e-6
-9.896016858807847	8.253295893033625e-6
-9.8803088955399	8.277033660380729e-6
-9.86460093227195	8.300874367703942e-6
-9.848892969004002	8.324818613288369e-6
-9.833185005736052	8.34886699978853e-6
-9.817477042468104	8.373020134266e-6
-9.801769079200154	8.397278628228553e-6
-9.786061115932206	8.421643097670127e-6
-9.770353152664256	8.446114163109528e-6
-9.754645189396308	8.470692449631253e-6
-9.738937226128359	8.495378586925499e-6
-9.723229262860409	8.520173209329392e-6
-9.707521299592461	8.545076955868578e-6
-9.691813336324511	8.57009047029857e-6
-9.676105373056563	8.595214401146801e-6
-9.660397409788613	8.620449401756189e-6
-9.644689446520665	8.645796130327578e-6
-9.628981483252716	8.67125524996321e-6
-9.613273519984768	8.696827428711123e-6
-9.597565556716818	8.722513339609965e-6
-9.58185759344887	8.748313660733139e-6
-9.56614963018092	8.774229075234402e-6
-9.55044166691297	8.800260271394576e-6
-9.534733703645022	8.826407942667229e-6
-9.519025740377073	8.852672787725981e-6
-9.503317777109125	8.87905551051101e-6
-9.487609813841175	8.905556820278349e-6
-9.471901850573227	8.932177431647698e-6
-9.456193887305277	8.958918064650839e-6
-9.44048592403733	8.985779444781453e-6
-9.42477796076938	9.012762303045799e-6
-9.40906999750143	9.039867376011945e-6
-9.393362034233482	9.067095405862336e-6
-9.377654070965532	9.094447140443869e-6
-9.361946107697584	9.121923333321557e-6
-9.346238144429634	9.149524743829589e-6
-9.330530181161686	9.177252137126597e-6
-9.314822217893736	9.20510628424774e-6
-9.299114254625788	9.233087962160675e-6
-9.283406291357839	9.26119795381943e-6
-9.267698328089889	9.289437048220548e-6
-9.25199036482194	9.317806040460252e-6
-9.236282401553991	9.346305731789269e-6
-9.220574438286043	9.374936929672533e-6
-9.204866475018093	9.403700447845648e-6
-9.189158511750145	9.432597106374816e-6
-9.173450548482196	9.46162773171584e-6
-9.157742585214248	9.490793156774064e-6
-9.142034621946298	9.520094220965166e-6
-9.12632665867835	9.549531770276835e-6
-9.1106186954104	9.579106657330656e-6
-9.09491073214245	9.608819741444885e-6
-9.079202768874502	9.638671888697836e-6
-9.063494805606553	9.668663971992814e-6
-9.047786842338605	9.69879687112196e-6
-9.032078879070655	9.729071472831966e-6
-9.016370915802707	9.75948867089177e-6
-9.000662952534757	9.790049366157925e-6
-8.984954989266809	9.82075446664385e-6
-8.96924702599886	9.851604887587243e-6
-8.953539062730911	9.8826015515204e-6
-8.937831099462962	9.913745388340413e-6
-8.922123136195012	9.94503733537904e-6
-8.906415172927064	9.976478337475863e-6
-8.890707209659114	1.0008069347049844e-5
-8.874999246391166	1.003981132417362e-5
-8.859291283123216	1.0071705236646695e-5
-8.843583319855268	1.0103752060071414e-5
-8.827875356587318	1.0135952777928431e-5
-8.81216739331937	1.0168308381653982e-5
-8.79645943005142	1.020081987071662e-5
-8.780751466783471	1.0233488252697184e-5
-8.765043503515523	1.0266314543366974e-5
-8.749335540247573	1.0299299766769088e-5
-8.733627576979625	1.033244495529923e-5
-8.717919613711675	1.0365751149787923e-5
-8.702211650443727	1.0399219399584226e-5
-8.686503687175778	1.0432850762639143e-5
-8.67079572390783	1.0466646305590788e-5
-8.65508776063988	1.0500607103853625e-5
-8.63937979737193	1.0534734241700178e-5
-8.623671834103982	1.0569028812352645e-5
-8.607963870836032	1.0603491918071478e-5
-8.592255907568084	1.0638124670245732e-5
-8.576547944300135	1.0672928189483965e-5
-8.560839981032187	1.0707903605707461e-5
-8.545132017764237	1.074305205824187e-5
-8.529424054496289	1.0778374695913713e-5
-8.51371609122834	1.081387267714481e-5
-8.498008127960391	1.0849547170050089e-5
-8.482300164692441	1.0885399352534667e-5
-8.466592201424492	1.0921430412393287e-5
-8.450884238156544	1.0957641547410116e-5
-8.435176274888594	1.0994033965461596e-5
-8.419468311620646	1.1030608884617118e-5
-8.403760348352696	1.1067367533245374e-5
-8.388052385084748	1.1104311150116925e-5
-8.372344421816798	1.1141440984512377e-5
-8.35663645854885	1.1178758296329597e-5
-8.3409284952809	1.1216264356192331e-5
-8.325220532012953	1.1253960445562061e-5
-8.309512568745003	1.129184785684653e-5
-8.293804605477053	1.1329927893516743e-5
-8.278096642209105	1.1368201870217269e-5
-8.262388678941155	1.140667111288567e-5
-8.246680715673207	1.1445336958866391e-5
-8.230972752405258	1.1484200757032392e-5
-8.21526478913731	1.1523263867902706e-5
-8.19955682586936	1.156252766376498e-5
-8.183848862601412	1.1601993528799219e-5
-8.168140899333462	1.1641662859200703e-5
-8.152432936065512	1.168153706330746e-5
-8.136724972797564	1.1721617561726014e-5
-8.121017009529615	1.1761905787462933e-5
-8.105309046261667	1.180240318605424e-5
-8.089601082993717	1.1843111215696969e-5
-8.073893119725769	1.1884031347385256e-5
-8.058185156457819	1.192516506504436e-5
-8.042477193189871	1.1966513865668364e-5
-8.026769229921921	1.200807925946009e-5
-8.011061266653972	1.204986276997124e-5
-7.995353303386024	1.2091865934244367e-5
-7.979645340118075	1.21340903029587e-5
-7.963937376850126	1.2176537440575396e-5
-7.948229413582177	1.2219208925485107e-5
-7.932521450314228	1.2262106350159928e-5
-7.916813487046278	1.2305231321302265e-5
-7.901105523778329	1.2348585460001972e-5
-7.8853975605103805	1.2392170401888274e-5
-7.869689597242432	1.2435987797290672e-5
-7.853981633974483	1.2480039311396194e-5
-7.838273670706534	1.252432662441384e-5
-7.822565707438585	1.256885143173456e-5
-7.806857744170636	1.2613615444100762e-5
-7.791149780902687	1.2658620387772096e-5
-7.7754418176347375	1.2703868004696831e-5
-7.759733854366789	1.2749360052683178e-5
-7.74402589109884	1.279509830557434e-5
-7.728317927830891	1.2841084553425894e-5
-7.712609964562942	1.2887320602683716e-5
-7.696902001294993	1.2933808276366852e-5
-7.681194038027044	1.298054941425043e-5
-7.665486074759095	1.3027545873051024e-5
-7.6497781114911465	1.3074799526617982e-5
-7.634070148223198	1.3122312266121146e-5
-7.618362184955249	1.3170086000247426e-5
-7.602654221687299	1.3218122655395536e-5
-7.58694625841935	1.3266424175874146e-5
-7.571238295151401	1.3314992524104948e-5
-7.555530331883452	1.3363829680825096e-5
-7.5398223686155035	1.3412937645294583e-5
-7.524114405347555	1.3462318435506571e-5
-7.508406442079606	1.3511974088397701e-5
-7.492698478811657	1.3561906660064427e-5
-7.476990515543708	1.361211822598161e-5
-7.461282552275758	1.3662610881221771e-5
-7.445574589007809	1.3713386740679746e-5
-7.4298666257398605	1.3764447939300062e-5
-7.414158662471912	1.3815796632305895e-5
-7.398450699203963	1.3867434995432356e-5
-7.382742735936014	1.3919365225162793e-5
-7.367034772668065	1.3971589538967524e-5
-7.351326809400116	1.4024110175547994e-5
-7.335618846132167	1.4076929395080414e-5
-7.319910882864218	1.4130049479466575e-5
-7.304202919596269	1.4183472732585776e-5
-7.28849495632832	1.4237201480551999e-5
-7.272786993060371	1.4291238071971307e-5
-7.257079029792422	1.434558487820728e-5
-7.241371066524473	1.4400244293646294e-5
-7.225663103256524	1.4455218735968762e-5
-7.209955139988575	1.4510510646422989e-5
-7.194247176720626	1.4566122490102909e-5
-7.1785392134526775	1.462205675623067e-5
-7.162831250184729	1.4678315958441425e-5
-7.147123286916779	1.4734902635074227e-5
-7.13141532364883	1.4791819349464605e-5
-7.115707360380881	1.4849068690243136e-5
-7.099999397112932	1.4906653271637307e-5
-7.084291433844983	1.4964575733778373e-5
-7.0685834705770345	1.5022838743010676e-5
-7.052875507309086	1.5081444992208384e-5
-7.037167544041137	1.5140397201093052e-5
-7.021459580773188	1.5199698116559918e-5
-7.005751617505239	1.5259350513003754e-5
-6.99004365423729	1.531935719265444e-5
-6.97433569096934	1.5379720985913563e-5
-6.9586277277013915	1.5440444751698196e-5
-6.942919764433443	1.5501531377788013e-5
-6.927211801165494	1.5562983781178108e-5
-6.911503837897545	1.5624804908437517e-5
-6.895795874629596	1.5686997736070597e-5
-6.880087911361647	1.5749565270886947e-5
-6.864379948093698	1.581251055037396e-5
-6.848671984825749	1.5875836643077178e-5
-6.8329640215578	1.5939546648981338e-5
-6.817256058289851	1.600364369990522e-5
-6.801548095021902	1.606813095989327e-5
-6.785840131753953	1.613301162562008e-5
-6.770132168486004	1.619828892679552e-5
-6.754424205218055	1.6263966126580227e-5
-6.738716241950106	1.63300465220035e-5
-6.7230082786821574	1.6396533444390786e-5
-6.707300315414209	1.6463430259793104e-5
-6.69159235214626	1.6530740369428348e-5
-6.675884388878311	1.659846721012373e-5
-6.660176425610361	1.666661425476983e-5
-6.644468462342412	1.67351850127769e-5
-6.628760499074463	1.680418303054075e-5
-6.613052535806514	1.6873611891915164e-5
-6.5973445725385655	1.6943475218691147e-5
-6.581636609270617	1.7013776671082666e-5
-6.565928646002668	1.70845199482208e-5
-6.550220682734719	1.715570878865611e-5
-6.53451271946677	1.722734697086611e-5
-6.51880475619882	1.729943831377271e-5
-6.503096792930871	1.7371986677265716e-5
-6.4873888296629225	1.7444995962737156e-5
-6.471680866394974	1.751847011361995e-5
-6.455972903127025	1.759241311593836e-5
-6.440264939859076	1.766682899886508e-5
-6.424556976591127	1.7741721835286756e-5
-6.408849013323178	1.7817095742378336e-5
-6.393141050055229	1.789295488218915e-5
-6.37743308678728	1.796930346223243e-5
-6.3617251235193315	1.8046145736088758e-5
-6.346017160251382	1.8123486004018113e-5
-6.330309196983433	1.8201328613579728e-5
-6.314601233715484	1.8279677960262652e-5
-6.298893270447535	1.8358538488127013e-5
-6.283185307179586	1.8437914690454374e-5
-6.267477343911637	1.8517811110408133e-5
-6.2517693806436885	1.8598232341704714e-5
-6.23606141737574	1.867918302929782e-5
-6.220353454107791	1.8760667870067057e-5
-6.204645490839841	1.8842691613526676e-5
-6.188937527571892	1.892525906253628e-5
-6.173229564303943	1.9008375074030216e-5
-6.157521601035994	1.909204455975536e-5
-6.1418136377680455	1.9176272487020358e-5
-6.126105674500097	1.9261063879457863e-5
-6.110397711232148	1.934642381780079e-5
-6.094689747964199	1.9432357440667068e-5
-6.07898178469625	1.9518869945360776e-5
-6.063273821428301	1.9605966588684736e-5
-6.047565858160352	1.9693652687767846e-5
-6.031857894892402	1.9781933620903016e-5
-6.0161499316244536	1.9870814828400805e-5
-6.000441968356505	1.9960301813459494e-5
-5.984734005088556	2.0050400143042987e-5
-5.969026041820607	2.014111544878057e-5
-5.953318078552658	2.0232453427876624e-5
-5.937610115284709	2.0324419844037713e-5
-5.92190215201676	2.041702052841328e-5
-5.906194188748811	2.0510261380555433e-5
-5.890486225480862	2.0604148369390377e-5
-5.874778262212913	2.0698687534209775e-5
-5.859070298944964	2.0793884985676375e-5
-5.843362335677015	2.088974690684911e-5
-5.827654372409066	2.0986279554219795e-5
-5.811946409141117	2.1083489258784184e-5
-5.796238445873168	2.118138242710003e-5
-5.7805304826052195	2.1279965542395488e-5
-5.764822519337271	2.137924516567985e-5
-5.749114556069322	2.1479227936872975e-5
-5.733406592801373	2.1579920575962564e-5
-5.717698629533423	2.1681329884171745e-5
-5.701990666265474	2.1783462745155912e-5
-5.686282702997525	2.1886326126210866e-5
-5.6705747397295765	2.198992707951031e-5
-5.654866776461628	2.2094272743361525e-5
-5.639158813193679	2.2199370343480192e-5
-5.62345084992573	2.2305227194293232e-5
-5.607742886657781	2.2411850700260228e-5
-5.592034923389832	2.2519248357217817e-5
-5.576326960121882	2.2627427753752577e-5
-5.5606189968539335	2.27363965725936e-5
-5.544911033585985	2.2846162592030193e-5
-5.529203070318036	2.2956733687356154e-5
-5.513495107050087	2.3068117832340294e-5
-5.497787143782138	2.3180323100723248e-5
-5.482079180514189	2.3293357667737867e-5
-5.46637121724624	2.3407229811661998e-5
-5.450663253978291	2.3521947915394162e-5
-5.4349552907103424	2.3637520468062553e-5
-5.419247327442394	2.375395606665907e-5
-5.403539364174444	2.3871263417706788e-5
-5.387831400906495	2.3989451338954986e-5
-5.372123437638546	2.4108528761106487e-5
-5.356415474370597	2.4228504729574246e-5
-5.340707511102648	2.434938840627762e-5
-5.324999547834699	2.4471189071460972e-5
-5.3092915845667505	2.4593916125554246e-5
-5.293583621298802	2.4717579091065804e-5
-5.277875658030853	2.4842187614508822e-5
-5.262167694762903	2.496775146836459e-5
-5.246459731494954	2.509428055308366e-5
-5.230751768227005	2.5221784899123026e-5
-5.215043804959056	2.535027466902298e-5
-5.1993358416911075	2.5479760159522088e-5
-5.183627878423159	2.561025180371231e-5
-5.16791991515521	2.5741760173235665e-5
-5.152211951887261	2.5874295980521864e-5
-5.136503988619312	2.6007870081070015e-5
-5.120796025351363	2.6142493475773355e-5
-5.105088062083414	2.6278177313286437e-5
-5.0893800988154645	2.6414932892443062e-5
-5.073672135547516	2.6552771664715273e-5
-5.057964172279567	2.6691705236724073e-5
-5.042256209011618	2.6831745372797576e-5
-5.026548245743669	2.6972903997576918e-5
-5.01084028247572	2.7115193198677993e-5
-4.995132319207771	2.7258625229401877e-5
-4.979424355939822	2.7403212511497462e-5
-4.9637163926718735	2.7548967637982857e-5
-4.948008429403924	2.7695903376017927e-5
-4.932300466135975	2.78440326698391e-5
-4.916592502868026	2.7993368643748128e-5
-4.900884539600077	2.8143924605161313e-5
-4.885176576332128	2.8295714047721805e-5
-4.869468613064179	2.8448750654474224e-5
-4.8537606497962305	2.860304830110194e-5
-4.838052686528282	2.8758621059229402e-5
-4.822344723260333	2.8915483199793586e-5
-4.806636759992384	2.9073649196483576e-5
-4.790928796724435	2.92331337292491e-5
-4.775220833456485	2.9393951687880525e-5
-4.759512870188536	2.955611817566758e-5
-4.743804906920587	2.971964851312496e-5
-4.7280969436526386	2.9884558241803045e-5
-4.71238898038469	3.0050863128172727e-5
-4.696681017116741	3.0218579167594025e-5
-4.680973053848792	3.038772258836466e-5
-4.665265090580843	3.055830985585687e-5
-4.649557127312894	3.0730357676739015e-5
-4.633849164044944	3.0903883003286265e-5
-4.6181412007769955	3.107890303778308e-5
-4.602433237509047	3.1255435237021463e-5
-4.586725274241098	3.1433497316888654e-5
-4.571017310973149	3.161310725706082e-5
-4.5553093477052	3.1794283305791974e-5
-4.539601384437251	3.19770439848076e-5
-4.523893421169302	3.2161408094305154e-5
-4.508185457901353	3.2347394718059426e-5
-4.4924774946334045	3.2535023228644464e-5
-4.476769531365456	3.27243132927644e-5
-4.461061568097506	3.291528487670255e-5
-4.445353604829557	3.3107958251891214e-5
-4.429645641561608	3.3302354000604655e-5
-4.413937678293659	3.3498493021774634e-5
-4.39822971502571	3.369639653693949e-5
-4.3825217517577615	3.3896086096321806e-5
-4.366813788489813	3.409758358504497e-5
-4.351105825221864	3.43009112294883e-5
-4.335397861953915	3.450609160378428e-5
-4.319689898685965	3.471314763646192e-5
-4.303981935418016	3.492210261724511e-5
-4.288273972150067	3.5132980203999946e-5
-4.2725660088821185	3.534580442984405e-5
-4.25685804561417	3.55605997104192e-5
-4.241150082346221	3.5777390851329336e-5
-4.225442119078272	3.599620305575098e-5
-4.209734155810323	3.621706193221992e-5
-4.194026192542374	3.6439993502601735e-5
-4.178318229274425	3.6665024210242517e-5
-4.162610266006476	3.6892180928315134e-5
-4.146902302738527	3.712149096836235e-5
-4.131194339470578	3.7352982089036604e-5
-4.115486376202629	3.758668250505263e-5
-4.09977841293468	3.7822620896347816e-5
-4.084070449666731	3.8060826417467694e-5
-4.068362486398782	3.83013287071689e-5
-4.052654523130833	3.854415789825789e-5
-4.036946559862884	3.8789344627665595e-5
-4.0212385965949355	3.903692004676689e-5
-4.005530633326986	3.928691583195299e-5
-3.9898226700590373	3.9539364195455026e-5
-3.9741147067910885	3.979429789644226e-5
-3.958406743523139	4.005175025238998e-5
-3.9426987802551903	4.031175515072237e-5
-3.9269908169872414	4.057434706075509e-5
-3.9112828537192925	4.083956104592737e-5
-3.8955748904513436	4.1107432776343006e-5
-3.8798669271833943	4.1377998541626027e-5
-3.8641589639154454	4.165129526409713e-5
-3.8484510006474966	4.1927360512289e-5
-3.8327430373795477	4.220623251481428e-5
-3.817035074111599	4.2487950174552024e-5
-3.8013271108436495	4.2772553083241833e-5
-3.7856191475757006	4.3060081536421106e-5
-3.7699111843077517	4.3350576548772323e-5
-3.754203221039803	4.3644079869846635e-5
-3.738495257771854	4.394063400020995e-5
-3.7227872945039047	4.424028220801524e-5
-3.707079331235956	4.454306854599264e-5
-3.691371367968007	4.484903786890804e-5
-3.675663404700058	4.5158235851468425e-5
-3.659955441432109	4.547070900671999e-5
-3.64424747816416	4.5786504704916056e-5
-3.628539514896211	4.6105671192913165e-5
-3.612831551628262	4.642825761407563e-5
-3.597123588360313	4.6754314028728056e-5
-3.5814156250923643	4.708389143515528e-5
-3.565707661824415	4.741704179118598e-5
-3.549999698556466	4.7753818036358014e-5
-3.5342917352885173	4.809427411470435e-5
-3.5185837720205684	4.843846499815843e-5
-3.5028758087526195	4.878644671063077e-5
-3.48716784548467	4.913827635271609e-5
-3.4714598822167213	4.949401212716451e-5
-3.4557519189487724	4.9853713364987455e-5
-3.4400439556808236	5.021744055236549e-5
-3.4243359924128747	5.058525535829671e-5
-3.4086280291449254	5.095722066302724e-5
-3.3929200658769765	5.1333400587328355e-5
-3.3772121026090276	5.171386052257916e-5
-3.3615041393410787	5.2098667161752874e-5
-3.34579617607313	5.248788853129211e-5
-3.3300882128051805	5.288159402391436e-5
-3.3143802495372316	5.3279854432388594e-5
-3.2986722862692828	5.3682741984335124e-5
-3.282964323001334	5.4090330377891635e-5
-3.267256359733385	5.450269481887381e-5
-3.2515483964654357	5.4919912058439644e-5
-3.235840433197487	5.534206043243881e-5
-3.220132469929538	5.576921990130518e-5
-3.204424506661589	5.620147209250603e-5
-3.18871654339364	5.6638900342470346e-5
-3.173008580125691	5.7081589740491634e-5
-3.157300616857742	5.752962717548822e-5
-3.141592653589793	5.7983101381782306e-5
-3.1258846903218442	5.8442102988838046e-5
-3.1101767270538954	5.89067245656809e-5
-3.094468763785946	5.937706068345474e-5
-3.078760800517997	5.985320795735438e-5
-3.0630528372500483	6.033526510709673e-5
-3.0473448739820994	6.0823333011532877e-5
-3.0316369107141505	6.131751476927406e-5
-3.015928947446201	6.181791575397637e-5
-3.0002209841782523	6.23246436856959e-5
-2.9845130209103035	6.283780868026978e-5
-2.9688050576423546	6.335752333377704e-5
-2.9530970943744057	6.388390277801731e-5
-2.9373891311064564	6.441706475507178e-5
-2.9216811678385075	6.495712969117595e-5
-2.9059732045705586	6.550422077218457e-5
-2.8902652413026098	6.605846402009903e-5
-2.874557278034661	6.661998837809747e-5
-2.8588493147667116	6.718892578753552e-5
-2.8431413514987627	6.776541128388751e-5
-2.827433388230814	6.83495830750591e-5
-2.811725424962865	6.89415826474777e-5
-2.796017461694916	6.954155483384394e-5
-2.7803094984269667	7.014964796459727e-5
-2.764601535159018	7.076601391978787e-5
-2.748893571891069	7.139080824983652e-5
-2.73318560862312	7.202419030535878e-5
-2.7174776453551712	7.266632331960355e-5
-2.701769682087222	7.331737482601043e-5
-2.686061718819273	7.397751544148462e-5
-2.670353755551324	7.464692162669963e-5
-2.6546457922833753	7.532577422654488e-5
-2.6389378290154264	7.601425486469628e-5
-2.623229865747477	7.671255714455451e-5
-2.607521902479528	7.742087025060247e-5
-2.5918139392115793	7.813939634107878e-5
-2.5761059759436304	7.886833973645704e-5
-2.5603980126756816	7.960791009423105e-5
-2.5446900494077322	8.035859425692918e-5
-2.5289820861397834	8.111979358417432e-5
-2.5132741228718345	8.189255379267298e-5
-2.4975661596038856	8.267684173451764e-5
-2.4818581963359367	8.347287736522386e-5
-2.4661502330679874	8.428092392344692e-5
-2.4504422698000385	8.510122678437392e-5
-2.4347343065320897	8.593406027256036e-5
-2.419026343264141	8.677964548282244e-5
-2.403318379996192	8.763829962198897e-5
-2.3876104167282426	8.851029056782683e-5
-2.3719024534602937	8.939590278015908e-5
-2.356194490192345	9.029543720528443e-5
-2.340486526924396	9.120919896489618e-5
-2.324778563656447	9.213750753148728e-5
-2.3090706003884978	9.308066262021497e-5
-2.293362637120549	9.403902475874987e-5
-2.2776546738526	9.5012923650269e-5
-2.261946710584651	9.600270592129144e-5
-2.2462387473167023	9.700874616775394e-5
-2.230530784048753	9.803141302297012e-5
-2.214822820780804	9.907108934798108e-5
-2.199114857512855	0.00010012817408935646
-2.1834068942449063	0.00010120307513207023
-2.1676989309769574	0.00010229621376914176
-2.151990967709008	0.00010340802323330891
-2.1362830044410592	0.00010453895185066721
-2.1205750411731104	0.00010568946207420527
-2.1048670779051615	0.00010686004455032994
-2.0891591146372126	0.00010805115355338703
-2.0734511513692633	0.00010926332333694913
-2.0577431881013144	0.00011049708441758639
-2.0420352248333655	0.00011175310323145564
-2.0263272615654166	0.00011303188178836952
-2.0106192982974678	0.00011433338095029356
-1.9949113350295187	0.00011565903147610285
-1.9792033717615696	0.00011700919354243812
-1.9634954084936207	0.00011838451228310107
-1.9477874452256718	0.000119785661255187
-1.9320794819577227	0.00012121307573608406
-1.9163715186897738	0.00012266789436527837
-1.9006635554218247	0.00012415080119237789
-1.8849555921538759	0.00012566218682771618
-1.869247628885927	0.00012720543008237222
-1.853539665617978	0.00012877544477527415
-1.837831702350029	0.00013042716342106554
-1.82212373908208	0.0001320142267922388
-1.806415775814131	0.00013375008686217864
-1.7907078125461822	0.00013538808351928173
-1.774999849278233	0.00013772009872036416
-1.7592918860102842	0.00013889969206750324
-1.743583922742335	0.0001406990158852367
-1.7278759594743862	0.00014264134784338535
-1.7121679962064373	0.00014442658195489626
-1.6964600329384882	0.00014635190345381425
-1.6807520696705394	0.00014876850101944067
-1.6650441064025903	0.0001503288388047527
-1.6493361431346414	0.00015238212207902392
-1.6336281798666925	0.0001545227866118092
-1.6179202165987434	0.000156628516119984
-1.6022122533307945	0.00015882395779460762
-1.5865042900628454	0.00016106985064211289
-1.5707963267948966	0.00016336790128628915
-1.5550883635269477	0.00016571953101997275
-1.5393804002589986	0.00016812698415122094
-1.5236724369910497	0.0001705922805932611
-1.5079644737231006	0.00017311780357278777
-1.4922565104551517	0.00017570598476566185
-1.4765485471872029	0.00017836034047992346
-1.4608405839192538	0.00018108693621902226
-1.4451326206513049	0.00018389789307911669
-1.4294246573833558	0.00018682399064085873
-1.413716694115407	0.0001902970388612591
-1.398008730847458	0.00031943630410032124
-1.382300767579509	0.000196327180900369
-1.36659280431156	0.0001990047385062896
-1.350884841043611	0.00020217561224961767
-1.335176877775662	0.00020549388324418342
-1.3194689145077132	0.00020893453645472987
-1.303760951239764	0.00021259377190785625
-1.2880529879718152	0.00021980737219457955
-1.2723450247038661	0.0002203951393251384
-1.2566370614359172	0.00022373655093277085
-1.2409290981679684	0.0002276279482475935
-1.2252211349000193	0.00023171751490503096
-1.2095131716320704	0.00023604472195422097
-1.1938052083641213	0.0002406913732744175
-1.1780972450961724	0.0003560993406281814
-1.1623892818282235	0.0002498776920161842
-1.1466813185602744	0.00025432467463608907
-1.1309733552923256	0.0002593515870780528
-1.1152653920243765	0.0002645912268790912
-1.0995574287564276	0.00027039801430417187
-1.0838494654884787	0.0002779930701639447
-1.0681415022205296	0.0006099547108153733
-1.0524335389525807	0.0002926321468213476
-1.0367255756846316	0.0003039918722729968
-1.0210176124166828	0.0004228203421074797
-1.0053096491487339	0.00035621686080611396
-0.9896016858807848	0.0003855949163552111
-0.9738937226128359	0.0003294783130361729
-0.9581857593448869	0.0003450881698107647
-0.9424777960769379	0.00033576818446196595
-0.926769832808989	0.00034250340586252916
-0.91106186954104	0.000350399476651307
-0.8953539062730911	0.0003688581316642604
-0.8796459430051421	0.00036804627477026196
-0.8639379797371931	0.00037744099989723266
-0.8482300164692441	0.00038767661156105716
-0.8325220532012951	0.0003985691547925872
-0.8168140899333463	0.0004121902096586873
-0.8011061266653973	0.0004914491297244502
-0.7853981633974483	0.000437876039649299
-0.7696902001294993	0.00045516966181382125
-0.7539822368615503	0.00046437267035586544
-0.7382742735936014	0.00048133482881933563
-0.7225663103256524	0.0005000778065281157
-0.7068583470577035	0.0005229713116130597
-0.6911503837897545	0.0005561135514135541
-0.6754424205218055	0.0005983576087143793
-0.6597344572538566	0.0006428353879491589
-0.6440264939859076	0.0007737109788722461
-0.6283185307179586	0.0018447197421115015
-0.6126105674500096	0.002087240712407255
-0.5969026041820606	0.2245485292231663
-0.5811946409141118	0.001987906614317752
-0.5654866776461628	0.0010590064273878074
-0.5497787143782138	0.0009934985742785182
-0.5340707511102648	0.0015931655525840054
-0.5183627878423158	0.004329131741571015
-0.5026548245743669	0.0011124660112374744
-0.48694686130641796	0.0010546151622141786
-0.47123889803846897	0.0012790505155952205
-0.45553093477052	0.0012402101148137714
-0.43982297150257105	0.0014964998015951402
-0.42411500823462206	0.002134259747575162
-0.4084070449666731	0.004026694525862479
-0.39269908169872414	0.023862056170648207
-0.37699111843077515	0.038834759609391756
-0.3612831551628262	0.004720274237880911
-0.34557519189487723	0.0024831853746547328
-0.3298672286269283	0.00198045893564738
-0.3141592653589793	0.0018026322728175882
-0.2984513020910303	0.0017917975740456666
-0.2827433388230814	0.0019851995228357578
-0.2670353755551324	0.0019776060461614473
-0.25132741228718347	0.0021623744955955753
-0.23561944901923448	0.002538377042920854
-0.21991148575128552	0.006179424790979495
-0.20420352248333656	0.004331470002382961
-0.18849555921538758	0.003407145123241678
-0.17278759594743862	0.0036549349134666455
-0.15707963267948966	0.004209373473354278
-0.1413716694115407	0.004982044794389565
-0.12566370614359174	0.006085960405066118
-0.10995574287564276	0.00769060023166492
-0.09424777960769379	0.010194610751598904
-0.07853981633974483	0.015925047691255516
-0.06283185307179587	0.02180602628577926
-0.047123889803846894	0.03747017677516869
-0.031415926535897934	0.08268292297816364
-0.015707963267948967	0.32593356471420204
0.0	80.41323795426163
0.015707963267948967	0.32610534143319425
0.031415926535897934	0.08303225469406987
0.047123889803846894	0.038038165776798305
0.06283185307179587	0.02280827091445189
0.07853981633974483	0.01877041273246468
0.09424777960769379	0.011383755602753818
0.10995574287564276	0.009050363923974911
0.12566370614359174	0.0077138604059698085
0.1413716694115407	0.0069318234485209644
0.15707963267948966	0.006630282557656437
0.17278759594743862	0.006742036010242767
0.18849555921538758	0.008358862833160778
0.20420352248333656	0.01950844057328745
0.21991148575128552	0.03797979376180635
0.23561944901923448	0.009601171559461327
0.25132741228718347	0.008859623508480668
0.2670353755551324	0.009887957785113572
0.2827433388230814	0.013949831730587508
0.2984513020910303	0.015096985668199232
0.3141592653589793	0.020975490492889708
0.3298672286269283	0.03343682778559045
0.34557519189487723	0.06147427130435087
0.3612831551628262	0.16922343125218522
0.37699111843077515	1.757412634575053
0.39269908169872414	1.0656941378079356
0.4084070449666731	0.14772770544031727
0.42411500823462206	0.06364468112549503
0.43982297150257105	0.03631321344001865
0.45553093477052	0.028508184614546572
0.47123889803846897	0.046478753204543526
0.48694686130641796	0.03471714611075511
0.5026548245743669	0.060543588489307305
0.5183627878423158	0.6760835304614102
0.5340707511102648	0.17765659937178077
0.5497787143782138	0.08522065920391896
0.5654866776461628	0.13996752829477205
0.5811946409141118	0.5173573006992842
0.5969026041820606	88.17806987643611
0.6126105674500096	0.5888180477694458
0.6283185307179586	0.6420827915605221
0.6440264939859076	0.09440775412513845
0.6597344572538566	0.04421432395512312
0.6754424205218055	0.038947438786060114
0.6911503837897545	0.02660927231864409
0.7068583470577035	0.01660082972742759
0.7225663103256524	0.013346161320966075
0.7382742735936014	0.012381263632993572
0.7539822368615503	0.011535563642817612
0.7696902001294993	0.024272326792476758
0.7853981633974483	0.018871658805297637
0.8011061266653973	0.22060972450722535
0.8168140899333463	0.017906750580095915
0.8325220532012951	0.011147801227079038
0.8482300164692441	0.011415270175427802
0.8639379797371931	0.01208026052437753
0.8796459430051421	0.015103693334332743
0.8953539062730911	0.09368450969641834
0.91106186954104	0.02181229620913532
0.926769832808989	0.030834522578580083
0.9424777960769379	0.05377052465833654
0.9581857593448869	0.3219272893518991
0.9738937226128359	0.21619817195180688
0.9896016858807848	1.5629160920106522
1.0053096491487339	1.2977123440054488
1.0210176124166828	3.198860932235659
1.0367255756846316	0.3353807430694622
1.0524335389525807	0.23589402475056123
1.0681415022205296	14.184359188604146
1.0838494654884787	0.14093266295037116
1.0995574287564276	0.05435797352261819
1.1152653920243765	0.03424703487579976
1.1309733552923256	0.03347148217015741
1.1466813185602744	0.033732086708800436
1.1623892818282235	0.08168536571680146
1.1780972450961724	14.534292734461228
1.1938052083641213	0.07525718481453343
1.2095131716320704	0.038820102069844195
1.2252211349000193	0.02246124842334233
1.2409290981679684	0.025027618814351785
1.2566370614359172	0.050664574106692346
1.2723450247038661	0.23224026374744963
1.2880529879718152	1.5328578110563122
1.303760951239764	0.0930543084507949
1.3194689145077132	0.0455281125213075
1.335176877775662	0.051295719301714955
1.350884841043611	0.0802699152358894
1.36659280431156	0.17364979785289894
1.382300767579509	0.7384703466285922
1.398008730847458	149.25834812005965
1.413716694115407	0.842747033859841
1.4294246573833558	0.16896330345922145
1.4451326206513049	0.08471149631290555
1.4608405839192538	0.04788456866521456
1.4765485471872029	0.0319541167794328
1.4922565104551517	0.024246684753506664
1.5079644737231006	0.019425524384065234
1.5236724369910497	0.016085469963196913
1.5393804002589986	0.01421841866548277
1.5550883635269477	0.013393777659021137
1.5707963267948966	0.013979872504646737
1.5865042900628454	0.013870036266625042
1.6022122533307945	0.015834937549129985
1.6179202165987434	0.020951800241982104
1.6336281798666925	0.5438797682573433
1.6493361431346414	0.036195447680327
1.6650441064025903	0.06404441453594215
1.6807520696705394	9.016325230257902
1.6964600329384882	0.08871155642140512
1.7121679962064373	0.12520181839882055
1.7278759594743862	3.413243782024895
1.743583922742335	0.31171435972722383
1.7592918860102842	0.8165437385160275
1.774999849278233	30.543333972758994
1.7907078125461822	0.631007436706713
1.806415775814131	5.079021585623934
1.82212373908208	0.42717757917781235
1.837831702350029	4.836786293696469
1.853539665617978	0.24222850179241265
1.869247628885927	0.4005338839052209
1.8849555921538759	0.09905817896933711
1.9006635554218247	0.09938348957983
1.9163715186897738	0.04410279709976374
1.9320794819577227	0.01988269272736031
1.9477874452256718	0.05061666157718357
1.9634954084936207	0.02568348876749432
1.9792033717615696	0.011094644997090132
1.9949113350295187	0.00991570173774761
2.0106192982974678	0.026960969429990662
2.0263272615654166	0.2294515774610976
2.0420352248333655	0.1139614931308872
2.0577431881013144	0.00933219811256342
2.0734511513692633	0.0055907313018471695
2.0891591146372126	0.011506637622486132
2.1048670779051615	0.02419344541081336
2.1205750411731104	0.003933711023809335
2.1362830044410592	0.0035626401723784923
2.151990967709008	0.004134414703929589
2.1676989309769574	0.004444518439953465
2.1834068942449063	0.0033070483022375322
2.199114857512855	0.002982458500799176
2.214822820780804	0.0034806590836058207
2.230530784048753	0.008596739703797571
2.2462387473167023	0.005760382360855787
2.261946710584651	0.004815446163236844
2.2776546738526	0.04497704604157181
2.293362637120549	0.03365900498650467
2.3090706003884978	0.011085527045014398
2.324778563656447	0.12338292044820574
2.340486526924396	0.022886801871922817
2.356194490192345	0.005380569053931421
2.3719024534602937	0.005930821141938725
2.3876104167282426	0.0396225075063511
2.403318379996192	0.01006578964639734
2.419026343264141	0.019742548744650153
2.4347343065320897	0.5643939804898712
2.4504422698000385	0.015274663216908135
2.4661502330679874	0.03601117676295572
2.4818581963359367	0.03663103763213026
2.4975661596038856	0.4501028402689361
2.5132741228718345	0.047065393333486555
2.5289820861397834	0.1440129810348127
2.5446900494077322	30.83186773381947
2.5603980126756816	0.13538496240999562
2.5761059759436304	0.04329075080078537
2.5918139392115793	0.039033917201805116
2.607521902479528	0.16442911249831021
2.623229865747477	0.40765383907782865
2.6389378290154264	0.06293615125336224
2.6546457922833753	0.365143424430098
2.670353755551324	0.012492529984795088
2.686061718819273	0.0075152767495009366
2.701769682087222	0.14647410725476676
2.7174776453551712	0.004595272141515174
2.73318560862312	0.00738761947433827
2.748893571891069	0.004975090156248987
2.764601535159018	0.005773943413236534
2.7803094984269667	0.0023425125842778094
2.796017461694916	0.00236085286508823
2.811725424962865	0.012362409414034046
2.827433388230814	0.004303891511886241
2.8431413514987627	0.004022670957478779
2.8588493147667116	0.001876980153113846
2.874557278034661	0.0043949943351004874
2.8902652413026098	0.0023321057545147563
2.9059732045705586	0.003617375587008901
2.9216811678385075	0.0015572136858587513
2.9373891311064564	0.0011488412117670599
2.9530970943744057	0.0012836267161388363
2.9688050576423546	0.0020558281210372744
2.9845130209103035	0.007954480791713316
3.0002209841782523	0.021237073770997546
3.015928947446201	0.004168717626227382
3.0316369107141505	0.012873550039222432
3.0473448739820994	0.0025848425105324973
3.0630528372500483	0.005159554891255726
3.078760800517997	0.0011132574676054078
3.094468763785946	0.0008776534874506395
3.1101767270538954	0.001188182228976909
3.1258846903218442	0.043413908215542224
3.141592653589793	0.001038374993119482
3.157300616857742	0.0008465617730612432
3.173008580125691	0.004021729494744114
3.18871654339364	0.012641975953269699
3.204424506661589	0.0007526346258369021
3.220132469929538	0.001118289466387401
3.235840433197487	0.014830767236154058
3.2515483964654357	0.006759640605552196
3.267256359733385	0.0035592217239067423
3.282964323001334	0.0008611156506809169
3.2986722862692828	0.006403370046527573
3.3143802495372316	0.0005898573523041508
3.3300882128051805	0.00042919770982154044
3.34579617607313	0.0004449183558949791
3.3615041393410787	0.0005217348583205587
3.3772121026090276	0.000734425386400679
3.3929200658769765	0.0004892155835100002
3.4086280291449254	0.00036028871649798367
3.4243359924128747	0.0004023770038483487
3.4400439556808236	0.000343381470385887
3.4557519189487724	0.00031100518674320504
3.4714598822167213	0.0003127795223344957
3.48716784548467	0.00036255370558246387
3.5028758087526195	0.006554474229633758
3.5185837720205684	0.00034913759259676605
3.5342917352885173	0.00033791715843694685
3.549999698556466	0.0019195302881014208
3.565707661824415	0.0017070421403385546
3.5814156250923643	0.0015274244292696878
3.597123588360313	0.000438361912277535
3.612831551628262	0.00038702844910028705
3.628539514896211	0.0011842508709630243
3.64424747816416	0.0012441648833531906
3.659955441432109	0.0004482003706680643
3.675663404700058	0.00041460359515182207
3.691371367968007	0.0003329806545159927
3.707079331235956	0.00037768023016468714
3.7227872945039047	0.00022596654301599043
3.738495257771854	0.00021177936777418388
3.754203221039803	0.00020727917732791068
3.7699111843077517	0.00028137795802992473
3.7856191475757006	0.0002075959290795358
3.8013271108436495	0.00019717692894032532
3.817035074111599	0.0001884822436686265
3.8327430373795477	0.00018463547833994266
3.8484510006474966	0.0001835959200872865
3.8641589639154454	0.00017814776737937706
3.8798669271833943	0.00017523467969987147
3.8955748904513436	0.0001808147976427648
3.9112828537192925	0.00017015613266138833
3.9269908169872414	0.0001720964519069993
3.9426987802551903	0.00016832355509250165
3.958406743523139	0.0001643293728422453
3.9741147067910885	0.0001631698911197436
3.9898226700590373	0.00016077300261366554
4.005530633326986	0.000201201275146313
4.0212385965949355	0.00047631580664072746
4.036946559862884	0.00015829986286746916
4.052654523130833	0.00015304408368321085
4.068362486398782	0.00016422050445166427
4.084070449666731	0.0001457301230780875
4.09977841293468	0.0001429868129323991
4.115486376202629	0.0001410599245704283
4.131194339470578	0.0001400177903020166
4.146902302738527	0.0004363067399119584
4.162610266006476	0.00013695034561742123
4.178318229274425	0.00030235514861253946
4.194026192542374	0.00013247079429522913
4.209734155810323	0.0001300473139664361
4.225442119078272	0.00012825897088299834
4.241150082346221	0.00012661337853504405
4.25685804561417	0.0001251663443307718
4.2725660088821185	0.00012408005150256742
4.288273972150067	0.00012197281846556521
4.303981935418016	0.00012048139456889542
4.319689898685965	0.0001190840715094837
4.335397861953915	0.00011809016498366722
4.351105825221864	0.00012085817942371349
4.366813788489813	0.00011502059198164524
4.3825217517577615	0.00011356982342007355
4.39822971502571	0.00011227113458237648
4.413937678293659	0.00011109835411468529
4.429645641561608	0.00011053115437520351
4.445353604829557	0.00022347296921210264
4.461061568097506	0.00010797414304794421
4.476769531365456	0.00010654931555598058
4.4924774946334045	0.0001569292159443293
4.508185457901353	0.00010421959744206
4.523893421169302	0.0001026387004937689
4.539601384437251	0.00010144251189266546
4.5553093477052	0.00010031822640134842
4.571017310973149	9.922854400190176e-5
4.586725274241098	9.816375577719913e-5
4.602433237509047	9.712012816106738e-5
4.6181412007769955	9.609579472520542e-5
4.633849164044944	9.508962013521599e-5
4.649557127312894	9.410080447916845e-5
4.665265090580843	9.312872172436362e-5
4.680973053848792	9.217284554718003e-5
4.696681017116741	9.123271202181645e-5
4.71238898038469	9.030789940543902e-5
4.7280969436526386	8.939801647855103e-5
4.743804906920587	8.850269544221526e-5
4.759512870188536	8.762158737341554e-5
4.775220833456485	8.675435918294844e-5
4.790928796724435	8.590069149150017e-5
4.806636759992384	8.506027708715369e-5
4.822344723260333	8.423281976310609e-5
4.838052686528282	8.34180334116479e-5
4.8537606497962305	8.261564129561314e-5
4.869468613064179	8.182537544637665e-5
4.885176576332128	8.104697615401048e-5
4.900884539600077	8.028019152655235e-5
4.916592502868026	7.952477710217735e-5
4.932300466135975	7.87804955028157e-5
4.948008429403924	7.804711612094715e-5
4.9637163926718735	7.732441483348437e-5
4.979424355939822	7.661217373817977e-5
4.995132319207771	7.591018090910237e-5
5.01084028247572	7.521823016847889e-5
5.026548245743669	7.453612087280385e-5
5.042256209011618	7.386365771153524e-5
5.057964172279567	7.320065051698615e-5
5.073672135547516	7.2546914084312e-5
5.0893800988154645	7.190226800065597e-5
5.105088062083414	7.126653648264126e-5
5.120796025351363	7.06395482215594e-5
5.136503988619312	7.002113623566901e-5
5.152211951887261	6.941113772906892e-5
5.16791991515521	6.880939395674171e-5
5.183627878423159	6.821575009533155e-5
5.1993358416911075	6.763005511932223e-5
5.215043804959056	6.705216168229454e-5
5.230751768227005	6.648192600295218e-5
5.246459731494954	6.591920775568365e-5
5.262167694762903	6.536386996537963e-5
5.277875658030853	6.481577890632725e-5
5.293583621298802	6.427480400492236e-5
5.3092915845667505	6.374081774606125e-5
5.324999547834699	6.321369558299609e-5
5.340707511102648	6.269331585049836e-5
5.356415474370597	6.217955968119276e-5
5.372123437638546	6.167231092488922e-5
5.387831400906495	6.117145607079689e-5
5.403539364174444	6.067688417248637e-5
5.419247327442394	6.018848677546351e-5
5.4349552907103424	5.9706157847284547e-5
5.450663253978291	5.922979371004075e-5
5.46637121724624	5.875929297518229e-5
5.482079180514189	5.8294556480516996e-5
5.497787143782138	5.7835487229351135e-5
5.513495107050087	5.738199033164674e-5
5.529203070318036	5.6933972947119876e-5
5.544911033585985	5.6491344230232506e-5
5.5606189968539335	5.605401527695344e-5
5.576326960121882	5.5621899073258986e-5
5.592034923389832	5.519491044528361e-5
5.607742886657781	5.477296601107355e-5
5.62345084992573	5.435598413386376e-5
5.639158813193679	5.394388487683216e-5
5.654866776461628	5.353658995926977e-5
5.6705747397295765	5.3134022714127315e-5
5.686282702997525	5.273610804685629e-5
5.701990666265474	5.23427723955401e-5
5.717698629533423	5.195394369222326e-5
5.733406592801373	5.1569551325433075e-5
5.749114556069322	5.1189526103820855e-5
5.764822519337271	5.081380022091007e-5
5.7805304826052195	5.0442307220880845e-5
5.796238445873168	5.007498196538792e-5
5.811946409141117	4.971176060134867e-5
5.827654372409066	4.9352580529672935e-5
5.843362335677015	4.8997380374926494e-5
5.859070298944964	4.8646099955851594e-5
5.874778262212913	4.829868025675595e-5
5.890486225480862	4.795506339972033e-5
5.906194188748811	4.761519261759509e-5
5.92190215201676	4.727901222777372e-5
5.937610115284709	4.6946467606700594e-5
5.953318078552658	4.661750516510603e-5
5.969026041820607	4.62920723239189e-5
5.984734005088556	4.597011749087497e-5
6.000441968356505	4.5651590037740564e-5
6.0161499316244536	4.533644027820315e-5
6.031857894892402	4.502461944633256e-5
6.047565858160352	4.4716079675660394e-5
6.063273821428301	4.441077397880459e-5
6.07898178469625	4.4108656227659755e-5
6.094689747964199	4.380968113411884e-5
6.110397711232148	4.3513804231301714e-5
6.126105674500097	4.3220981855303885e-5
6.1418136377680455	4.293117112740423e-5
6.157521601035994	4.2644329936763674e-5
6.173229564303943	4.236041692357056e-5
6.188937527571892	4.2079391462625284e-5
6.204645490839841	4.180121364736268e-5
6.220353454107791	4.1525844274261396e-5
6.23606141737574	4.125324482770406e-5
6.2517693806436885	4.098337746517917e-5
6.267477343911637	4.0716205002888256e-5
6.283185307179586	4.045169090170956e-5
6.298893270447535	4.018979925352168e-5
6.314601233715484	3.993049476787308e-5
6.330309196983433	3.9673742758983684e-5
6.346017160251382	3.941950913307389e-5
6.3617251235193315	3.916776037601175e-5
6.37743308678728	3.891846354126107e-5
6.393141050055229	3.867158623813323e-5
6.408849013323178	3.8427096620325086e-5
6.424556976591127	3.818496337473708e-5
6.440264939859076	3.794515571056934e-5
6.455972903127025	3.770764334867687e-5
6.471680866394974	3.747239651118213e-5
6.4873888296629225	3.723938591134918e-5
6.503096792930871	3.700858274368363e-5
6.51880475619882	3.677995867428469e-5
6.53451271946677	3.655348583141778e-5
6.550220682734719	3.6329136796313396e-5
6.565928646002668	3.610688459418884e-5
6.581636609270617	3.588670268546971e-5
6.5973445725385655	3.566856495722553e-5
6.613052535806514	3.5452445714809406e-5
6.628760499074463	3.5238319673678964e-5
6.644468462342412	3.502616195141772e-5
6.660176425610361	3.4815948059936835e-5
6.675884388878311	3.4607653897858e-5
6.69159235214626	3.440125574306626e-5
6.707300315414209	3.419673024543921e-5
6.7230082786821574	3.39940544197354e-5
6.738716241950106	3.37932056386488e-5
6.754424205218055	3.3594161626015994e-5
6.770132168486004	3.339690045017987e-5
6.785840131753953	3.320140051749855e-5
6.801548095021902	3.300764056600032e-5
6.817256058289851	3.281559965918145e-5
6.8329640215578	3.2625257179936954e-5
6.848671984825749	3.243659282463242e-5
6.864379948093698	3.2249586597297994e-5
6.880087911361647	3.2064218803955216e-5
6.895795874629596	3.188047004706733e-5
6.911503837897545	3.169832122010614e-5
6.927211801165494	3.1517753502241155e-5
6.942919764433443	3.133874835314272e-5
6.9586277277013915	3.116128750789553e-5
6.97433569096934	3.0985352972020734e-5
6.99004365423729	3.081092701660708e-5
7.005751617505239	3.063799217354318e-5
7.021459580773188	3.0466531230852282e-5
7.037167544041137	3.0296527228126736e-5
7.052875507309086	3.0127963452056333e-5
7.0685834705770345	2.9960823432051604e-5
7.084291433844983	2.9795090935959594e-5
7.099999397112932	2.963074996586797e-5
7.115707360380881	2.946778475399741e-5
7.13141532364883	2.9306179758677894e-5
7.147123286916779	2.9145919660407164e-5
7.162831250184729	2.8986989357995892e-5
7.1785392134526775	2.8829373964784406e-5
7.194247176720626	2.867305880494165e-5
7.209955139988575	2.8518029409839124e-5
7.225663103256524	2.8364271514495262e-5
7.241371066524473	2.821177105409685e-5
7.257079029792422	2.8060514160586464e-5
7.272786993060371	2.791048715932111e-5
7.28849495632832	2.7761676565795986e-5
7.304202919596269	2.7614069082435963e-5
7.319910882864218	2.746765159544797e-5
7.335618846132167	2.7322411171739038e-5
7.351326809400116	2.7178335055894077e-5
7.367034772668065	2.7035410667212873e-5
7.382742735936014	2.689362559680512e-5
7.398450699203963	2.6752967604743217e-5
7.414158662471912	2.6613424617273963e-5
7.4298666257398605	2.6474984724074435e-5
7.445574589007809	2.6337636175575715e-5
7.461282552275758	2.6201367380323474e-5
7.476990515543708	2.606616690240299e-5
7.492698478811657	2.593202345890384e-5
7.508406442079606	2.5798925917438908e-5
7.524114405347555	2.5666863293707365e-5
7.5398223686155035	2.55358247491073e-5
7.555530331883452	2.5405799588390306e-5
7.571238295151401	2.527677725736518e-5
7.58694625841935	2.5148747340639694e-5
7.602654221687299	2.5021699559409742e-5
7.618362184955249	2.4895623769284524e-5
7.634070148223198	2.4770509958160882e-5
7.6497781114911465	2.464634824412718e-5
7.665486074759095	2.4523128873415156e-5
7.681194038027044	2.4400842218383756e-5
7.696902001294993	2.4279478775542123e-5
7.712609964562942	2.415902916361343e-5
7.728317927830891	2.40394841216253e-5
7.74402589109884	2.3920834507043503e-5
7.759733854366789	2.380307129393669e-5
7.7754418176347375	2.3686185571172862e-5
7.791149780902687	2.3570168540653208e-5
7.806857744170636	2.3455011515571867e-5
7.822565707438585	2.334070591871455e-5
7.838273670706534	2.322724328078081e-5
7.853981633974483	2.3114615238740937e-5
7.869689597242432	2.3002813534220185e-5
7.8853975605103805	2.2891830011913873e-5
7.901105523778329	2.2781656618029796e-5
7.916813487046278	2.2672285398755463e-5
7.932521450314228	2.256370849876013e-5
7.948229413582177	2.245591815971309e-5
7.963937376850126	2.234890671883708e-5
7.979645340118075	2.224266660748403e-5
7.995353303386024	2.2137190349730527e-5
8.011061266653972	2.203247056100862e-5
8.026769229921921	2.1928499946750706e-5
8.042477193189871	2.182527130106426e-5
8.058185156457819	2.172277750542505e-5
8.073893119725769	2.162101152739579e-5
8.089601082993717	2.1519966419368632e-5
8.105309046261667	2.1419635317321137e-5
8.121017009529615	2.1320011439607476e-5
8.136724972797564	2.122108808575499e-5
8.152432936065512	2.112285863529225e-5
8.168140899333462	2.1025316546593072e-5
8.183848862601412	2.0928455355739355e-5
8.19955682586936	2.083226867540798e-5
8.21526478913731	2.07367501937625e-5
8.230972752405258	2.064189367338902e-5
8.246680715673207	2.054769295022457e-5
8.262388678941155	2.0454141932515926e-5
8.278096642209105	2.0361234599794537e-5
8.293804605477053	2.026896500186782e-5
8.309512568745003	2.017732725782594e-5
8.325220532012953	2.0086315555067157e-5
8.3409284952809	1.9995924148336745e-5
8.35663645854885	1.99061473587874e-5
8.372344421816798	1.9816979573045778e-5
8.388052385084748	1.9728415242304444e-5
8.403760348352696	1.9640448881421005e-5
8.419468311620646	1.955307506803626e-5
8.435176274888594	1.9466288441704918e-5
8.450884238156544	1.9380083703041525e-5
8.466592201424492	1.9294455612879488e-5
8.482300164692441	1.9209398991443212e-5
8.498008127960391	1.9124908717535696e-5
8.51371609122834	1.9040979727735907e-5
8.529424054496289	1.895760701561311e-5
8.545132017764237	1.8874785630950238e-5
8.560839981032187	1.879251067898113e-5
8.576547944300135	1.8710777319640454e-5
8.592255907568084	1.8629580766824786e-5
8.607963870836032	1.8548916287665198e-5
8.623671834103982	1.8468779201812255e-5
8.63937979737193	1.8389164880731047e-5
8.65508776063988	1.831006874701013e-5
8.67079572390783	1.8231486273676472e-5
8.686503687175778	1.8153412983525823e-5
8.702211650443727	1.8075844448461636e-5
8.717919613711675	1.799877628884298e-5
8.733627576979625	1.792220417284595e-5
8.749335540247573	1.7846123815831037e-5
8.765043503515523	1.7770530979723742e-5
8.780751466783471	1.7695421472403272e-5
8.79645943005142	1.7620791147098836e-5
8.81216739331937	1.7546635901800036e-5
8.827875356587318	1.7472951678670817e-5
8.843583319855268	1.739973446347605e-5
8.859291283123216	1.7326980285015806e-5
8.874999246391166	1.7254685214567613e-5
8.890707209659114	1.7182845365337827e-5
8.906415172927064	1.711145689192276e-5
8.922123136195012	1.7040515989773555e-5
8.937831099462962	1.6970018894675506e-5
8.953539062730911	1.689996188222849e-5
8.96924702599886	1.6830341267340365e-5
8.984954989266809	1.676115340372629e-5
9.000662952534757	1.6692394683414212e-5
9.016370915802707	1.6624061536259356e-5
9.032078879070655	1.6556150429464904e-5
9.047786842338605	1.6488657867112008e-5
9.063494805606553	1.642158038969349e-5
9.079202768874502	1.6354914573655245e-5
9.09491073214245	1.6288657030947793e-5
9.1106186954104	1.6222804408580177e-5
9.12632665867835	1.6157353388182027e-5
9.142034621946298	1.6092300685573314e-5
9.157742585214248	1.6027643050336237e-5
9.173450548482196	1.596337726540043e-5
9.189158511750145	1.5899500146626942e-5
9.204866475018093	1.583600854240228e-5
9.220574438286043	1.577289933323852e-5
9.236282401553991	1.5710169431375932e-5
9.25199036482194	1.564781578039604e-5
9.267698328089889	1.558583535483529e-5
9.283406291357839	1.5524225159809006e-5
9.299114254625788	1.5462982230637126e-5
9.314822217893736	1.540210363247642e-5
9.330530181161686	1.5341586459959213e-5
9.346238144429634	1.5281427836835016e-5
9.361946107697584	1.5221624915620724e-5
9.377654070965532	1.5162174877249771e-5
9.393362034233482	1.51030749307329e-5
9.40906999750143	1.5044322312820822e-5
9.42477796076938	1.49859142876697e-5
9.44048592403733	1.4927848146514829e-5
9.456193887305277	1.487012120734625e-5
9.471901850573227	1.4812730814591164e-5
9.487609813841175	1.4755674338798722e-5
9.503317777109125	1.4698949176329911e-5
9.519025740377073	1.4642552749052965e-5
9.534733703645022	1.4586482504041096e-5
9.55044166691297	1.4530735913274842e-5
9.56614963018092	1.4475310473350623e-5
9.58185759344887	1.4420203705190503e-5
9.597565556716818	1.4365413153755816e-5
9.613273519984768	1.431093638776922e-5
9.628981483252716	1.4256770999435111e-5
9.644689446520665	1.4202914604166318e-5
9.660397409788613	1.4149364840314687e-5
9.676105373056563	1.4096119368904733e-5
9.691813336324511	1.404317587337216e-5
9.707521299592461	1.3990532059303401e-5
9.723229262860409	1.3938185654180923e-5
9.738937226128359	1.3886134407131496e-5
9.754645189396308	1.3834376088677645e-5
9.770353152664256	1.3782908490491308e-5
9.786061115932206	1.3731729425153509e-5
9.801769079200154	1.3680836725915143e-5
9.817477042468104	1.3630228246460638e-5
9.833185005736052	1.3579901860676832e-5
9.848892969004002	1.3529855462423009e-5
9.86460093227195	1.3480086965304849e-5
9.8803088955399	1.3430594302451193e-5
9.896016858807847	1.3381375426294164e-5
9.911724822075797	1.3332428308351876e-5
9.927432785343747	1.3283750939012427e-5
9.943140748611695	1.3235341327324721e-5
9.958848711879645	1.3187197500787844e-5
9.974556675147593	1.3139317505146062e-5
9.990264638415542	1.3091699404184477e-5
10.00597260168349	1.304434127952859e-5
10.02168056495144	1.2997241230446435e-5
10.037388528219388	1.2950397373652771e-5
10.053096491487338	1.2903807843116293e-5
10.068804454755288	1.285747078986864e-5
10.084512418023236	1.2811384381816795e-5
10.100220381291185	1.2765546803557657e-5
10.115928344559133	1.27199562561937e-5
10.131636307827083	1.2674610957153837e-5
10.147344271095031	1.2629509140013453e-5
10.163052234362981	1.2584649054318167e-5
10.178760197630929	1.25400289654111e-5
10.194468160898879	1.2495647154259873e-5
10.210176124166829	1.245150191728735e-5
10.225884087434777	1.2407591566203988e-5
10.241592050702726	1.2363914427843635e-5
10.257300013970674	1.232046884399827e-5
10.273007977238624	1.2277253171258652e-5
10.288715940506572	1.2234265780855198e-5
10.304423903774522	1.2191505058499211e-5
10.32013186704247	1.2148969404228865e-5
10.33583983031042	1.2106657232256003e-5
10.351547793578368	1.206456697081545e-5
10.367255756846317	1.20226970620143e-5
10.382963720114267	1.1981045961684851e-5
10.398671683382215	1.193961213923941e-5
10.414379646650165	1.1898394077526003e-5
10.430087609918113	1.1857390272686793e-5
10.445795573186063	1.1816599234016455e-5
10.46150353645401	1.1776019483825505e-5
10.47721149972196	1.173564955730184e-5
10.492919462989908	1.1695488002375818e-5
10.508627426257858	1.1655533379587606e-5
10.524335389525806	1.1615784261954196e-5
10.540043352793756	1.157623923483987e-5
10.555751316061706	1.1536896895827205e-5
10.571459279329654	1.1497755854589911e-5
10.587167242597603	1.1458814732767463e-5
10.602875205865551	1.1420072163840361e-5
10.618583169133501	1.1381526793009508e-5
10.634291132401449	1.1343177277072594e-5
10.649999095669399	1.1305022284306186e-5
10.665707058937347	1.1267060494347281e-5
10.681415022205297	1.1229290598076136e-5
10.697122985473246	1.119171129750147e-5
10.712830948741194	1.1154321305646572e-5
10.728538912009144	1.1117119346436024e-5
10.744246875277092	1.1080104154585177e-5
10.759954838545042	1.1043274475490289e-5
10.77566280181299	1.100662906511964e-5
10.79137076508094	1.0970166689905877e-5
10.807078728348888	1.0933886126640603e-5
10.822786691616837	1.0897786162370059e-5
10.838494654884787	1.0861865594290668e-5
10.854202618152735	1.0826123229646647e-5
10.869910581420685	1.0790557885629495e-5
10.885618544688633	1.0755168389278988e-5
10.901326507956583	1.0719953577382218e-5
10.91703447122453	1.0684912296377763e-5
10.93274243449248	1.0650043402259144e-5
10.948450397760428	1.0615345760478396e-5
10.964158361028378	1.0580818245853022e-5
10.979866324296326	1.0546459742473197e-5
10.995574287564276	1.0512269143607676e-5
11.011282250832226	1.047824535161604e-5
11.026990214100174	1.044438727785656e-5
11.042698177368123	1.0410693842595878e-5
11.058406140636071	1.0377163974925934e-5
11.074114103904021	1.0343796612673483e-5
11.08982206717197	1.0310590702315364e-5
11.105530030439919	1.0277545198893706e-5
11.121237993707867	1.0244659065931688e-5
11.136945956975817	1.0211931275351012e-5
11.152653920243765	1.0179360807390376e-5
11.168361883511714	1.01469466505238e-5
11.184069846779664	1.0114687801380747e-5
11.199777810047612	1.0082583264666865e-5
11.215485773315562	1.0050632053086383e-5
11.23119373658351	1.0018833187263735e-5
11.24690169985146	9.987185695668184e-6
11.262609663119408	9.955688614536975e-6
11.278317626387357	9.924340987801734e-6
11.294025589655305	9.893141867013474e-6
11.309733552923255	9.862090311270194e-6
11.325441516191205	9.83118538714465e-6
11.341149479459153	9.800426168612279e-6
11.356857442727103	9.76981173698093e-6
11.37256540599505	9.739341180821447e-6
11.388273369263	9.70901359589723e-6
11.403981332530948	9.678828085097314e-6
11.419689295798898	9.648783758368088e-6
11.435397259066846	9.61887973264634e-6
11.451105222334796	9.589115131793724e-6
11.466813185602746	9.55948908653125e-6
11.482521148870694	9.530000734373878e-6
11.498229112138644	9.50064921956795e-6
11.513937075406592	9.471433693026629e-6
11.529645038674541	9.442353312268584e-6
11.54535300194249	9.413407241354943e-6
11.561060965210439	9.384594650829681e-6
11.576768928478387	9.355914717657299e-6
11.592476891746337	9.327366625164524e-6
11.608184855014285	9.298949562980112e-6
11.623892818282235	9.270662726977012e-6
11.639600781550184	9.242505319214113e-6
11.655308744818132	9.214476547879203e-6
11.671016708086082	9.186575627231976e-6
11.68672467135403	9.158801777548343e-6
11.70243263462198	9.13115422506451e-6
11.718140597889928	9.103632201923428e-6
11.733848561157878	9.076234946118276e-6
11.749556524425826	9.048961701441095e-6
11.765264487693775	9.02181171742852e-6
11.780972450961723	8.994784249309534e-6
11.796680414229673	8.96787855795352e-6
11.812388377497623	8.941093909818537e-6
11.82809634076557	8.914429576901132e-6
11.84380430403352	8.887884836685382e-6
11.859512267301469	8.861458972093543e-6
11.875220230569418	8.835151271436562e-6
11.890928193837366	8.808961028365466e-6
11.906636157105316	8.782887541823113e-6
11.922344120373264	8.756930115996738e-6
11.938052083641214	8.731088060270334e-6
11.953760046909164	8.705360689178034e-6
11.969468010177112	8.679747322357878e-6
11.985175973445061	8.654247284506911e-6
12.00088393671301	8.628859905334475e-6
12.01659189998096	8.603584519518745e-6
12.032299863248907	8.578420466661696e-6
12.048007826516857	8.553367091245326e-6
12.063715789784805	8.528423742588475e-6
12.079423753052755	8.503589774803808e-6
12.095131716320704	8.478864546755601e-6
12.110839679588652	8.454247422017115e-6
12.126547642856602	8.429737768829224e-6
12.14225560612455	8.405334960059466e-6
12.1579635693925	8.381038373161206e-6
12.173671532660448	8.35684739013315e-6
12.189379495928398	8.332761397479258e-6
12.205087459196346	8.308779786169778e-6
12.220795422464295	8.284901951601816e-6
12.236503385732243	8.261127293559844e-6
12.252211349000193	8.237455216179472e-6
12.267919312268143	8.213885127907422e-6
12.283627275536091	8.190416441464644e-6
12.29933523880404	8.1670485738098e-6
12.315043202071989	8.14378094610184e-6
12.330751165339938	8.120612983663826e-6
12.346459128607886	8.097544115946715e-6
12.362167091875836	8.07457377649371e-6
12.377875055143784	8.051701402905376e-6
12.393583018411734	8.028926436804296e-6
12.409290981679682	8.006248323800517e-6
12.424998944947632	7.983666513457103e-6
12.440706908215581	7.961180459256969e-6
12.45641487148353	7.938789618568487e-6
12.47212283475148	7.916493452612374e-6
12.487830798019427	7.89429142642955e-6
12.503538761287377	7.872183008847207e-6
12.519246724555325	7.850167672448536e-6
12.534954687823275	7.82824489353863e-6
12.550662651091223	7.806414152114258e-6
12.566370614359172	7.784674931832186e-6
