-12.566370614359172	1.116175269252736e-5
-12.550662651091223	1.11881841786679e-5
-12.534954687823275	1.1214710141862186e-5
-12.519246724555325	1.124133103531635e-5
-12.503538761287377	1.1268047314971737e-5
-12.487830798019427	1.1294859439526207e-5
-12.47212283475148	1.1321767870453237e-5
-12.45641487148353	1.1348773072022783e-5
-12.440706908215581	1.1375875511321405e-5
-12.424998944947632	1.140307565827323e-5
-12.409290981679682	1.1430373985660837e-5
-12.393583018411734	1.1457770969145429e-5
-12.377875055143784	1.1485267087289515e-5
-12.362167091875836	1.1512862821576868e-5
-12.346459128607886	1.1540558656434792e-5
-12.330751165339938	1.1568355079255756e-5
-12.315043202071989	1.159625258041936e-5
-12.29933523880404	1.162425165331424e-5
-12.283627275536091	1.1652352794360943e-5
-12.267919312268143	1.1680556503033437e-5
-12.252211349000193	1.1708863281883159e-5
-12.236503385732243	1.1737273636560626e-5
-12.220795422464295	1.1765788075839463e-5
-12.205087459196346	1.1794407111639133e-5
-12.189379495928398	1.1823131259049013e-5
-12.173671532660448	1.1851961036351489e-5
-12.1579635693925	1.1880896965046411e-5
-12.14225560612455	1.1909939569874942e-5
-12.126547642856602	1.1939089378843968e-5
-12.110839679588652	1.1968346923250836e-5
-12.095131716320704	1.199771273770776e-5
-12.079423753052755	1.2027187360167417e-5
-12.063715789784805	1.2056771331947508e-5
-12.048007826516857	1.2086465197756617e-5
-12.032299863248907	1.2116269505720111e-5
-12.01659189998096	1.2146184807405212e-5
-12.00088393671301	1.2176211657848125e-5
-11.985175973445061	1.2206350615579824e-5
-11.969468010177112	1.2236602242652786e-5
-11.953760046909164	1.226696710466788e-5
-11.938052083641214	1.229744577080123e-5
-11.922344120373264	1.2328038813831966e-5
-11.906636157105316	1.2358746810169728e-5
-11.890928193837366	1.2389570339881876e-5
-11.875220230569418	1.2420509986722375e-5
-11.859512267301469	1.245156633815977e-5
-11.84380430403352	1.2482739985405522e-5
-11.82809634076557	1.25140315234435e-5
-11.812388377497623	1.2545441551058218e-5
-11.796680414229673	1.257697067086515e-5
-11.780972450961723	1.260861948933966e-5
-11.765264487693775	1.2640388616847135e-5
-11.749556524425826	1.267227866767314e-5
-11.733848561157878	1.2704290260054167e-5
-11.718140597889928	1.2736424016207892e-5
-11.70243263462198	1.2768680562364382e-5
-11.68672467135403	1.2801060528797362e-5
-11.671016708086082	1.2833564549856108e-5
-11.655308744818132	1.2866193263996993e-5
-11.639600781550184	1.2898947313815539e-5
-11.623892818282235	1.2931827346079149e-5
-11.608184855014285	1.2964834011760085e-5
-11.592476891746337	1.2997967966067749e-5
-11.576768928478387	1.3031229868482938e-5
-11.561060965210439	1.3064620382790755e-5
-11.54535300194249	1.3098140177115521e-5
-11.529645038674541	1.313178992395415e-5
-11.513937075406592	1.3165570300211283e-5
-11.498229112138644	1.3199481987234375e-5
-11.482521148870694	1.3233525670847934e-5
-11.466813185602746	1.326770204139111e-5
-11.451105222334796	1.330201179375151e-5
-11.435397259066846	1.3336455627402942e-5
-11.419689295798898	1.337103424644129e-5
-11.403981332530948	1.3405748359621777e-5
-11.388273369263	1.344059868039595e-5
-11.37256540599505	1.3475585926950273e-5
-11.356857442727103	1.35107108222427e-5
-11.341149479459153	1.3545974094042176e-5
-11.325441516191205	1.3581376474967148e-5
-11.309733552923255	1.3616918702524191e-5
-11.294025589655305	1.3652601519148114e-5
-11.278317626387357	1.3688425672241533e-5
-11.262609663119408	1.3724391914214727e-5
-11.24690169985146	1.3760501002527163e-5
-11.23119373658351	1.3796753699727939e-5
-11.215485773315562	1.3833150773496623e-5
-11.199777810047612	1.3869692996686236e-5
-11.184069846779664	1.3906381147364765e-5
-11.168361883511714	1.394321600885772e-5
-11.152653920243765	1.3980198369791061e-5
-11.136945956975817	1.4017329024135192e-5
-11.121237993707867	1.4054608771248394e-5
-11.105530030439919	1.4092038415921011e-5
-11.08982206717197	1.412961876842046e-5
-11.074114103904021	1.4167350644535683e-5
-11.058406140636071	1.4205234865623827e-5
-11.042698177368123	1.4243272258655085e-5
-11.026990214100174	1.428146365625996e-5
-11.011282250832226	1.4319809896776058e-5
-10.995574287564276	1.435831182429495e-5
-10.979866324296326	1.4396970288710268e-5
-10.964158361028378	1.443578614576649e-5
-10.948450397760428	1.44747602571073e-5
-10.93274243449248	1.4513893490324084e-5
-10.91703447122453	1.455318671900725e-5
-10.901326507956583	1.45926408227952e-5
-10.885618544688633	1.4632256687425582e-5
-10.869910581420685	1.4672035204786261e-5
-10.854202618152735	1.4711977272967517e-5
-10.838494654884787	1.4752083796313432e-5
-10.822786691616837	1.4792355685475173e-5
-10.807078728348888	1.4832793857464624e-5
-10.79137076508094	1.4873399235707763e-5
-10.77566280181299	1.4914172750098738e-5
-10.759954838545042	1.4955115337055267e-5
-10.744246875277092	1.4996227939573964e-5
-10.728538912009144	1.503751150728623e-5
-10.712830948741194	1.5078966996514458e-5
-10.697122985473246	1.5120595370330103e-5
-10.681415022205297	1.5162397598610609e-5
-10.665707058937347	1.5204374658097627e-5
-10.649999095669399	1.5246527532456553e-5
-10.634291132401449	1.528885721233511e-5
-10.618583169133501	1.5331364695424128e-5
-10.602875205865551	1.5374050986518368e-5
-10.587167242597603	1.5416917097576465e-5
-10.571459279329654	1.5459964047784533e-5
-10.555751316061706	1.5503192863617607e-5
-10.540043352793756	1.5546604578903654e-5
-10.524335389525806	1.5590200234886084e-5
-10.508627426257858	1.5633980880289787e-5
-10.492919462989908	1.5677947571385197e-5
-10.47721149972196	1.5722101372054447e-5
-10.46150353645401	1.5766443353858107e-5
-10.445795573186063	1.581097459610169e-5
-10.430087609918113	1.5855696185904217e-5
-10.414379646650165	1.5900609218266516e-5
-10.398671683382215	1.5945714796140047e-5
-10.382963720114267	1.599101403049783e-5
-10.367255756846317	1.603650804040458e-5
-10.351547793578368	1.6082197953087498e-5
-10.33583983031042	1.6128084904010016e-5
-10.32013186704247	1.6174170036943664e-5
-10.304423903774522	1.6220454504041825e-5
-10.288715940506572	1.62669394659147e-5
-10.273007977238624	1.631362609170379e-5
-10.257300013970674	1.6360515559159186e-5
-10.241592050702726	1.6407609054715055e-5
-10.225884087434777	1.645490777356822e-5
-10.210176124166829	1.6502412919756116e-5
-10.194468160898879	1.655012570623653e-5
-10.178760197630929	1.6598047354967677e-5
-10.163052234362981	1.6646179096988358e-5
-10.147344271095031	1.6694522172501598e-5
-10.131636307827083	1.674307783095523e-5
-10.115928344559133	1.6791847331127303e-5
-10.100220381291185	1.6840831941209666e-5
-10.084512418023236	1.6890032938893135e-5
-10.068804454755288	1.6939451611454903e-5
-10.053096491487338	1.698908925584469e-5
-10.037388528219388	1.7038947178773333e-5
-10.02168056495144	1.708902669680215e-5
-10.00597260168349	1.7139329136432518e-5
-9.990264638415542	1.718985583419756e-5
-9.974556675147593	1.724060813675346e-5
-9.958848711879645	1.7291587400973305e-5
-9.943140748611695	1.7342794994040367e-5
-9.927432785343747	1.7394232293543877e-5
-9.911724822075797	1.7445900687574355e-5
-9.896016858807847	1.74978015748216e-5
-9.8803088955399	1.7549936364672293e-5
-9.86460093227195	1.760230647730966e-5
-9.848892969004002	1.7654913343813656e-5
-9.833185005736052	1.7707758406262336e-5
-9.817477042468104	1.7760843117834774e-5
-9.801769079200154	1.7814168942914657e-5
-9.786061115932206	1.7867737357194806e-5
-9.770353152664256	1.7921549847784176e-5
-9.754645189396308	1.7975607913313564e-5
-9.738937226128359	1.802991306404557e-5
-9.723229262860409	1.8084466821982974e-5
-9.707521299592461	1.8139270720980583e-5
-9.691813336324511	1.8194326306856006e-5
-9.676105373056563	1.824963513750444e-5
-9.660397409788613	1.8305198783012198e-5
-9.644689446520665	1.836101882577262e-5
-9.628981483252716	1.841709686060394e-5
-9.613273519984768	1.8473434494867153e-5
-9.597565556716818	1.8530033348585792e-5
-9.58185759344887	1.8586895054567427e-5
-9.56614963018092	1.8644021258526033e-5
-9.55044166691297	1.8701413619205705e-5
-9.534733703645022	1.8759073808506505e-5
-9.519025740377073	1.881700351161084e-5
-9.503317777109125	1.8875204427111366e-5
-9.487609813841175	1.8933678267141477e-5
-9.471901850573227	1.8992426757505352e-5
-9.456193887305277	1.9051451637811576e-5
-9.44048592403733	1.91107546616072e-5
-9.42477796076938	1.9170337596512094e-5
-9.40906999750143	1.9230202224358377e-5
-9.393362034233482	1.9290350341327475e-5
-9.377654070965532	1.935078375809144e-5
-9.361946107697584	1.9411504299954187e-5
-9.346238144429634	1.947251380699708e-5
-9.330530181161686	1.953381413422185e-5
-9.314822217893736	1.9595407151699516e-5
-9.299114254625788	1.9657294744718028e-5
-9.283406291357839	1.9719478813934027e-5
-9.267698328089889	1.9781961275523404e-5
-9.25199036482194	1.9844744061337434e-5
-9.236282401553991	1.990782911905675e-5
-9.220574438286043	1.9971218412350196e-5
-9.204866475018093	2.0034913921034203e-5
-9.189158511750145	2.009891764123419e-5
-9.173450548482196	2.0163231585547353e-5
-9.157742585214248	2.0227857783208973e-5
-9.142034621946298	2.029279828025933e-5
-9.12632665867835	2.0358055139712475e-5
-9.1106186954104	2.0423630441727605e-5
-9.09491073214245	2.04895262837836e-5
-9.079202768874502	2.0555744780852363e-5
-9.063494805606553	2.0622288065577912e-5
-9.047786842338605	2.0689158288455376e-5
-9.032078879070655	2.0756357618013174e-5
-9.016370915802707	2.0823888240996116e-5
-9.000662952534757	2.089175236255268e-5
-8.984954989266809	2.0959952206422547e-5
-8.96924702599886	2.1028490015127693e-5
-8.953539062730911	2.1097368050166124e-5
-8.937831099462962	2.1166588592206214e-5
-8.922123136195012	2.1236153941284648e-5
-8.906415172927064	2.1306066417007164e-5
-8.890707209659114	2.1376328358750492e-5
-8.874999246391166	2.1446942125868806e-5
-8.859291283123216	2.1517910097899638e-5
-8.843583319855268	2.1589234674775048e-5
-8.827875356587318	2.1660918277034218e-5
-8.81216739331937	2.1732963346039273e-5
-8.79645943005142	2.180537234419297e-5
-8.780751466783471	2.187814775515926e-5
-8.765043503515523	2.195129208408737e-5
-8.749335540247573	2.2024807857837756e-5
-8.733627576979625	2.2098697625211726e-5
-8.717919613711675	2.2172963957182845e-5
-8.702211650443727	2.2247609447132357e-5
-8.686503687175778	2.2322636711086677e-5
-8.67079572390783	2.239804838795877e-5
-8.65508776063988	2.24738471397914e-5
-8.63937979737193	2.2550035652005043e-5
-8.623671834103982	2.2626616633646478e-5
-8.607963870836032	2.2703592817643847e-5
-8.592255907568084	2.278096696106226e-5
-8.576547944300135	2.2858741845363222e-5
-8.560839981032187	2.2936920276668894e-5
-8.545132017764237	2.3015505086026574e-5
-8.529424054496289	2.3094499129681047e-5
-8.51371609122834	2.3173905289345986e-5
-8.498008127960391	2.3253726472481936e-5
-8.482300164692441	2.3333965612575652e-5
-8.466592201424492	2.3414625669425313e-5
-8.450884238156544	2.3495709629427368e-5
-8.435176274888594	2.357722050586828e-5
-8.419468311620646	2.3659161339219825e-5
-8.403760348352696	2.3741535197438517e-5
-8.388052385084748	2.3824345176267548e-5
-8.372344421816798	2.3907594399544972e-5
-8.35663645854885	2.399128601951389e-5
-8.3409284952809	2.407542321713748e-5
-8.325220532012953	2.4160009202418798e-5
-8.309512568745003	2.424504721472375e-5
-8.293804605477053	2.4330540523108568e-5
-8.278096642209105	2.441649242665298e-5
-8.262388678941155	2.4502906254794838e-5
-8.246680715673207	2.458978536767273e-5
-8.230972752405258	2.467713315647053e-5
-8.21526478913731	2.4764953043767736e-5
-8.19955682586936	2.4853248483894093e-5
-8.183848862601412	2.4942022963289242e-5
-8.168140899333462	2.5031280000867478e-5
-8.152432936065512	2.51210231483862e-5
-8.136724972797564	2.521125599082039e-5
-8.121017009529615	2.530198214674334e-5
-8.105309046261667	2.539320526870874e-5
-8.089601082993717	2.548492904364219e-5
-8.073893119725769	2.5577157193235583e-5
-8.058185156457819	2.5669893474348046e-5
-8.042477193189871	2.5763141679410564e-5
-8.026769229921921	2.5856905636838133e-5
-8.011061266653972	2.5951189211448805e-5
-7.995353303386024	2.60459963048832e-5
-7.979645340118075	2.6141330856034782e-5
-7.963937376850126	2.6237196841485596e-5
-7.948229413582177	2.633359827594494e-5
-7.932521450314228	2.6430539212697956e-5
-7.916813487046278	2.6528023744056933e-5
-7.901105523778329	2.6626056001822753e-5
-7.8853975605103805	2.6724640157748862e-5
-7.869689597242432	2.6823780424014123e-5
-7.853981633974483	2.6923481053702192e-5
-7.838273670706534	2.7023746341287314e-5
-7.822565707438585	2.7124580623126052e-5
-7.806857744170636	2.7225988277958517e-5
-7.791149780902687	2.7327973727412785e-5
-7.7754418176347375	2.7430541436520554e-5
-7.759733854366789	2.753369591423766e-5
-7.74402589109884	2.763744171397334e-5
-7.728317927830891	2.774178343412507e-5
-7.712609964562942	2.784672571862419e-5
-7.696902001294993	2.7952273257486574e-5
-7.681194038027044	2.805843078737292e-5
-7.665486074759095	2.8165203092156484e-5
-7.6497781114911465	2.827259500349844e-5
-7.634070148223198	2.838061140143377e-5
-7.618362184955249	2.8489257214962733e-5
-7.602654221687299	2.8598537422654186e-5
-7.58694625841935	2.870845705325352e-5
-7.571238295151401	2.881902118630509e-5
-7.555530331883452	2.8930234952778322e-5
-7.5398223686155035	2.904210353570637e-5
-7.524114405347555	2.915463217083367e-5
-7.508406442079606	2.9267826147272838e-5
-7.492698478811657	2.9381690808169686e-5
-7.476990515543708	2.9496231551382184e-5
-7.461282552275758	2.96114538301648e-5
-7.445574589007809	2.9727363153866857e-5
-7.4298666257398605	2.9843965088639296e-5
-7.414158662471912	2.9961265258153177e-5
-7.398450699203963	3.0079269344327008e-5
-7.382742735936014	3.0197983088068666e-5
-7.367034772668065	3.0317412290025397e-5
-7.351326809400116	3.04375628113457e-5
-7.335618846132167	3.0558440574455066e-5
-7.319910882864218	3.068005156384011e-5
-7.304202919596269	3.08024018268481e-5
-7.28849495632832	3.092549747449576e-5
-7.272786993060371	3.104934468229297e-5
-7.257079029792422	3.117394969107835e-5
-7.241371066524473	3.1299318807866174e-5
-7.225663103256524	3.1425458406709854e-5
-7.209955139988575	3.15523749295745e-5
-7.194247176720626	3.168007488722838e-5
-7.1785392134526775	3.1808564860141555e-5
-7.162831250184729	3.193785149940706e-5
-7.147123286916779	3.206794152766794e-5
-7.13141532364883	3.219884174006461e-5
-7.115707360380881	3.233055900519625e-5
-7.099999397112932	3.246310026609497e-5
-7.084291433844983	3.2596472541218195e-5
-7.0685834705770345	3.2730682925456013e-5
-7.052875507309086	3.286573859115407e-5
-7.037167544041137	3.3001646789153036e-5
-7.021459580773188	3.31384148498451e-5
-7.005751617505239	3.3276050184247984e-5
-6.99004365423729	3.341456028509525e-5
-6.97433569096934	3.355395272794412e-5
-6.9586277277013915	3.3694235172302875e-5
-6.942919764433443	3.383541536277534e-5
-6.927211801165494	3.3977501130224045e-5
-6.911503837897545	3.412050039295285e-5
-6.895795874629596	3.426442115790935e-5
-6.880087911361647	3.440927152190634e-5
-6.864379948093698	3.4555059672864e-5
-6.848671984825749	3.470179389107146e-5
-6.8329640215578	3.484948255047214e-5
-6.817256058289851	3.499813411996704e-5
-6.801548095021902	3.5147757164742926e-5
-6.785840131753953	3.52983603476195e-5
-6.770132168486004	3.544995243042292e-5
-6.754424205218055	3.560254227537947e-5
-6.738716241950106	3.575613884653438e-5
-6.7230082786821574	3.591075121119387e-5
-6.707300315414209	3.606638854139327e-5
-6.69159235214626	3.622306011538719e-5
-6.675884388878311	3.6380775319168866e-5
-6.660176425610361	3.653954364801236e-5
-6.644468462342412	3.669937470804384e-5
-6.628760499074463	3.686027821783893e-5
-6.613052535806514	3.702226401004591e-5
-6.5973445725385655	3.71853420330413e-5
-6.581636609270617	3.7349522352610165e-5
-6.565928646002668	3.7514815153658603e-5
-6.550220682734719	3.7681230741954204e-5
-6.53451271946677	3.7848779545899296e-5
-6.51880475619882	3.801747211833282e-5
-6.503096792930871	3.818731913836716e-5
-6.4873888296629225	3.835833141325499e-5
-6.471680866394974	3.853051988029041e-5
-6.455972903127025	3.8703895608744616e-5
-6.440264939859076	3.8878469801835654e-5
-6.424556976591127	3.905425379873163e-5
-6.408849013323178	3.9231259076595474e-5
-6.393141050055229	3.940949725266127e-5
-6.37743308678728	3.958898008635066e-5
-6.3617251235193315	3.9769719481426834e-5
-6.346017160251382	3.9951727488190176e-5
-6.330309196983433	4.0135016305710255e-5
-6.314601233715484	4.031959828410359e-5
-6.298893270447535	4.050548592684958e-5
-6.283185307179586	4.0692691893150205e-5
-6.267477343911637	4.0881229000336594e-5
-6.2517693806436885	4.1071110226314574e-5
-6.23606141737574	4.126234871206304e-5
-6.220353454107791	4.1454957764173234e-5
-6.204645490839841	4.1648950857439415e-5
-6.188937527571892	4.1844341637495726e-5
-6.173229564303943	4.204114392350636e-5
-6.157521601035994	4.223937171090639e-5
-6.1418136377680455	4.24390391741897e-5
-6.126105674500097	4.264016066975886e-5
-6.110397711232148	4.284275073882183e-5
-6.094689747964199	4.304682411035312e-5
-6.07898178469625	4.325239570409983e-5
-6.063273821428301	4.345948063366282e-5
-6.047565858160352	4.366809420962103e-5
-6.031857894892402	4.387825194273001e-5
-6.0161499316244536	4.4089969547174165e-5
-6.000441968356505	4.430326294389134e-5
-5.984734005088556	4.451814826395638e-5
-5.969026041820607	4.473464185203504e-5
-5.953318078552658	4.495276026990592e-5
-5.937610115284709	4.517252030005552e-5
-5.92190215201676	4.5393938949340226e-5
-5.906194188748811	4.5617033452728435e-5
-5.890486225480862	4.5841821277112287e-5
-5.874778262212913	4.606832012520378e-5
-5.859070298944964	4.62965479395024e-5
-5.843362335677015	4.6526522906350965e-5
-5.827654372409066	4.675826346007235e-5
-5.811946409141117	4.6991788287188784e-5
-5.796238445873168	4.7227116330733383e-5
-5.7805304826052195	4.746426679464972e-5
-5.764822519337271	4.77032591482809e-5
-5.749114556069322	4.794411313095689e-5
-5.733406592801373	4.818684875667347e-5
-5.717698629533423	4.843148631887616e-5
-5.701990666265474	4.867804639534092e-5
-5.686282702997525	4.8926549853160235e-5
-5.6705747397295765	4.9177017853837786e-5
-5.654866776461628	4.9429471858490625e-5
-5.639158813193679	4.9683933633161666e-5
-5.62345084992573	4.994042525425504e-5
-5.607742886657781	5.019896911408019e-5
-5.592034923389832	5.0459587926523654e-5
-5.576326960121882	5.0722304732843614e-5
-5.5606189968539335	5.0987142907590314e-5
-5.544911033585985	5.125412616466214e-5
-5.529203070318036	5.152327856349197e-5
-5.513495107050087	5.179462451537306e-5
-5.497787143782138	5.20681887899295e-5
-5.482079180514189	5.234399652172914e-5
-5.46637121724624	5.262207321704749e-5
-5.450663253978291	5.290244476078558e-5
-5.4349552907103424	5.3185137423548344e-5
-5.419247327442394	5.347017786888122e-5
-5.403539364174444	5.375759316067573e-5
-5.387831400906495	5.40474107707481e-5
-5.372123437638546	5.433965858659378e-5
-5.356415474370597	5.4634364919320285e-5
-5.340707511102648	5.4931558511771784e-5
-5.324999547834699	5.5231268546841835e-5
-5.3092915845667505	5.553352465598574e-5
-5.293583621298802	5.5838356927932105e-5
-5.277875658030853	5.6145795917610883e-5
-5.262167694762903	5.645587265528852e-5
-5.246459731494954	5.6768618655928694e-5
-5.230751768227005	5.7084065928780045e-5
-5.215043804959056	5.74022469871994e-5
-5.1993358416911075	5.772319485871478e-5
-5.183627878423159	5.804694309533809e-5
-5.16791991515521	5.837352578413583e-5
-5.152211951887261	5.870297755806074e-5
-5.136503988619312	5.9035333607059444e-5
-5.120796025351363	5.937062968945505e-5
-5.105088062083414	5.9708902143625704e-5
-5.0893800988154645	6.005018789997754e-5
-5.073672135547516	6.039452449322273e-5
-5.057964172279567	6.0741950074982594e-5
-5.042256209011618	6.109250342670652e-5
-5.026548245743669	6.14462239729416e-5
-5.01084028247572	6.180315179493955e-5
-4.995132319207771	6.216332764462826e-5
-4.979424355939822	6.252679295895595e-5
-4.9637163926718735	6.289358987461817e-5
-4.948008429403924	6.326376124317598e-5
-4.932300466135975	6.363735064659265e-5
-4.916592502868026	6.40144024131862e-5
-4.900884539600077	6.43949616340208e-5
-4.885176576332128	6.477907417975392e-5
-4.869468613064179	6.516678671794602e-5
-4.8537606497962305	6.555814673085881e-5
-4.838052686528282	6.59532025337508e-5
-4.822344723260333	6.6352003293691e-5
-4.806636759992384	6.675459904891253e-5
-4.790928796724435	6.716104072871854e-5
-4.775220833456485	6.757138017396385e-5
-4.759512870188536	6.798567015813479e-5
-4.743804906920587	6.840396440904737e-5
-4.7280969436526386	6.88263176311819e-5
-4.71238898038469	6.925278552869097e-5
-4.696681017116741	6.968342482908896e-5
-4.680973053848792	7.01182933076633e-5
-4.665265090580843	7.055744981262796e-5
-4.649557127312894	7.100095429104868e-5
-4.633849164044944	7.144886781557434e-5
-4.6181412007769955	7.190125261199941e-5
-4.602433237509047	7.23581720877011e-5
-4.586725274241098	7.281969086097503e-5
-4.571017310973149	7.328587479131931e-5
-4.5553093477052	7.375679101069835e-5
-4.539601384437251	7.42325079558307e-5
-4.523893421169302	7.471309540154857e-5
-4.508185457901353	7.519862449527776e-5
-4.4924774946334045	7.568916779268189e-5
-4.476769531365456	7.618479929454405e-5
-4.461061568097506	7.668559448492194e-5
-4.445353604829557	7.719163037066864e-5
-4.429645641561608	7.770298552236868e-5
-4.413937678293659	7.821974011679102e-5
-4.39822971502571	7.874197598093788e-5
-4.3825217517577615	7.926977663779227e-5
-4.366813788489813	7.980322735390034e-5
-4.351105825221864	8.03424151889137e-5
-4.335397861953915	8.088742904729128e-5
-4.319689898685965	8.143835973236166e-5
-4.303981935418016	8.199530000303259e-5
-4.288273972150067	8.255834463354804e-5
-4.2725660088821185	8.312759047677352e-5
-4.25685804561417	8.370313653177163e-5
-4.241150082346221	8.428508401672635e-5
-4.225442119078272	8.487353644884685e-5
-4.209734155810323	8.546859973379588e-5
-4.194026192542374	8.607038226877708e-5
-4.178318229274425	8.667899506635402e-5
-4.162610266006476	8.729455191042282e-5
-4.146902302738527	8.79171695689906e-5
-4.131194339470578	8.854696810255754e-5
-4.115486376202629	8.918407135877756e-5
-4.09977841293468	8.982860783835072e-5
-4.084070449666731	9.048071237032834e-5
-4.068362486398782	9.114052971896628e-5
-4.052654523130833	9.180822336838382e-5
-4.036946559862884	9.24840004829616e-5
-4.0212385965949355	9.316819953849662e-5
-4.005530633326986	9.386171722670899e-5
-3.9898226700590373	9.45699023862597e-5
-3.9741147067910885	9.580353753160532e-5
-3.958406743523139	9.600570744322241e-5
-3.9426987802551903	9.67153648298841e-5
-3.9269908169872414	9.74480349134636e-5
-3.9112828537192925	9.81915994587962e-5
-3.8955748904513436	9.894497712656703e-5
-3.8798669271833943	9.970805774590071e-5
-3.8641589639154454	0.00010048092987804095
-3.8484510006474966	0.00010126374420026811
-3.8327430373795477	0.00010205667825568695
-3.817035074111599	0.00010285992555641905
-3.8013271108436495	0.00010367369104136085
-3.7856191475757006	0.00010449819278784014
-3.7699111843077517	0.00010533366196593608
-3.754203221039803	0.00010618034903815561
-3.738495257771854	0.00010703853556971358
-3.7227872945039047	0.00010790856436591182
-3.707079331235956	0.00010879092768891456
-3.691371367968007	0.00010968659160403248
-3.675663404700058	0.00011059871314470869
-3.659955441432109	0.00011155176980509202
-3.64424747816416	0.00012054948477861555
-3.628539514896211	0.0001134228467494173
-3.612831551628262	0.00011435248133093894
-3.597123588360313	0.00011532000038405894
-3.5814156250923643	0.00011630598562495995
-3.565707661824415	0.00011730873403333468
-3.549999698556466	0.00011832919706196337
-3.5342917352885173	0.00011937121146390832
-3.5185837720205684	0.0001204512702641124
-3.5028758087526195	0.00012174203080221447
-3.48716784548467	0.00012587110621049158
-3.4714598822167213	0.0001237623572679676
-3.4557519189487724	0.00012480368828898062
-3.4400439556808236	0.00012592998274815317
-3.4243359924128747	0.00012709416752060702
-3.4086280291449254	0.00012829581804597523
-3.3929200658769765	0.00012954933541872802
-3.3772121026090276	0.00013090072527204762
-3.3615041393410787	0.00013255357249240945
-3.34579617607313	0.00013771095901226135
-3.3300882128051805	0.00014049261204077603
-3.3143802495372316	0.00021574055611751049
-3.2986722862692828	0.0001428983083054475
-3.282964323001334	0.00013946165174620641
-3.267256359733385	0.00014015192837228642
-3.2515483964654357	0.0001414529757202538
-3.235840433197487	0.00014466548459513942
-3.220132469929538	0.00014585444108714877
-3.204424506661589	0.00014560073024829598
-3.18871654339364	0.0001470212577677075
-3.173008580125691	0.000149407817358458
-3.157300616857742	0.0001519831443628191
-3.141592653589793	0.00015164746797835874
-3.1258846903218442	0.00015315543701897302
-3.1101767270538954	0.00015480250741222224
-3.094468763785946	0.00015652652461095712
-3.078760800517997	0.00015833164904353306
-3.0630528372500483	0.0001602524935833874
-3.0473448739820994	0.00016239923761825014
-3.0316369107141505	0.00016528613995424535
-3.015928947446201	0.00017788550847751765
-3.0002209841782523	0.00018106885821376668
-2.9845130209103035	0.0003308235631801275
-2.9688050576423546	0.00018567921340718546
-2.9530970943744057	0.00017619117626250217
-2.9373891311064564	0.0001772092415939953
-2.9216811678385075	0.0001793292435618152
-2.9059732045705586	0.00018196398699379045
-2.8902652413026098	0.0001852029626504081
-2.874557278034661	0.00018977195677897127
-2.8588493147667116	0.00019987132926223825
-2.8431413514987627	0.0003223231032170091
-2.827433388230814	0.00025434551526168825
-2.811725424962865	0.0002996235636698205
-2.796017461694916	0.00021272872986348023
-2.7803094984269667	0.00022662845405563452
-2.764601535159018	0.0002754780805592203
-2.748893571891069	0.0002512261627744764
-2.73318560862312	0.0003313232166806715
-2.7174776453551712	0.0023542345223740713
-2.701769682087222	0.0006648247837988504
-2.686061718819273	0.008583890135041228
-2.670353755551324	0.0004648376536497112
-2.6546457922833753	0.00029130727072685487
-2.6389378290154264	0.00026486237674951764
-2.623229865747477	0.00026130498697268367
-2.607521902479528	0.000266821218826677
-2.5918139392115793	0.0002798640671670005
-2.5761059759436304	0.00031358093335886187
-2.5603980126756816	0.0003554143259868301
-2.5446900494077322	0.0004928125511990054
-2.5289820861397834	0.0012845958523839125
-2.5132741228718345	0.09036508884993463
-2.4975661596038856	0.0013182448908008364
-2.4818581963359367	0.0007927833454714335
-2.4661502330679874	0.0007233140543958568
-2.4504422698000385	0.0016531709872932793
-2.4347343065320897	0.0004795422428573701
-2.419026343264141	0.0004152936231572964
-2.403318379996192	0.0004894047022155097
-2.3876104167282426	0.0008682676761837789
-2.3719024534602937	0.015879167765815643
-2.356194490192345	0.0016986841496405391
-2.340486526924396	0.0007068182168870513
-2.324778563656447	0.0013086119347632498
-2.3090706003884978	0.0020635840874704725
-2.293362637120549	0.0005898438085450946
-2.2776546738526	0.0005762459751598662
-2.261946710584651	0.008048004679556693
-2.2462387473167023	0.000830833588416537
-2.230530784048753	0.001858666061184832
-2.214822820780804	0.030978071764802908
-2.199114857512855	0.00334817083283536
-2.1834068942449063	0.0025720169181559995
-2.1676989309769574	0.01657084914490325
-2.151990967709008	0.021604187004687928
-2.1362830044410592	0.0009445499803542765
-2.1205750411731104	0.0006797659299535808
-2.1048670779051615	0.0007050712218296136
-2.0891591146372126	0.0013307912057393438
-2.0734511513692633	0.006169627229728547
-2.0577431881013144	0.0020322018838828788
-2.0420352248333655	0.0015446141878622058
-2.0263272615654166	0.0033433072730259684
-2.0106192982974678	0.00117334138227368
-1.9949113350295187	0.0012601843213296648
-1.9792033717615696	0.0028162751220154455
-1.9634954084936207	0.10103681364193823
-1.9477874452256718	0.0037707939588141584
-1.9320794819577227	0.0026863922568469163
-1.9163715186897738	0.013925197040031905
-1.9006635554218247	0.0026369765846541017
-1.8849555921538759	0.13322706782633575
-1.869247628885927	0.003301500736300141
-1.853539665617978	0.0012593333414377774
-1.837831702350029	0.0013638501266656222
-1.82212373908208	0.0015651368018309657
-1.806415775814131	0.001642502510607195
-1.7907078125461822	0.002302325060988821
-1.774999849278233	0.0047147596431408026
-1.7592918860102842	0.09057655993453287
-1.743583922742335	0.04838363239816243
-1.7278759594743862	0.015545490800103706
-1.7121679962064373	0.02098600628847279
-1.6964600329384882	0.008231583134320366
-1.6807520696705394	0.005554508322986807
-1.6650441064025903	0.007897531496815944
-1.6493361431346414	0.019079171946648658
-1.6336281798666925	0.06767189016629283
-1.6179202165987434	8.151739851935897
-1.6022122533307945	0.30136062800037106
-1.5865042900628454	0.02006180945100422
-1.5707963267948966	0.1592452127963002
-1.5550883635269477	0.009381000813130227
-1.5393804002589986	0.0074802496312461305
-1.5236724369910497	0.054710934437977705
-1.5079644737231006	0.023630266755346633
-1.4922565104551517	0.10187598075161644
-1.4765485471872029	0.017580522015059337
-1.4608405839192538	0.02140189926539038
-1.4451326206513049	0.03955167204201827
-1.4294246573833558	0.006336993459537723
-1.413716694115407	0.008222095456456241
-1.398008730847458	0.03932038721299253
-1.382300767579509	0.006402354475339934
-1.36659280431156	0.02570856229663149
-1.350884841043611	0.01782826931636512
-1.335176877775662	1.0439469420954022
-1.3194689145077132	0.0902093968688229
-1.303760951239764	0.023224696513028303
-1.2880529879718152	0.016426797261606146
-1.2723450247038661	0.013147376413085119
-1.2566370614359172	0.018003483092855932
-1.2409290981679684	0.04491693431788833
-1.2252211349000193	0.004256963988705795
-1.2095131716320704	0.04575982577797865
-1.1938052083641213	0.0965198893088234
-1.1780972450961724	0.008471578719737246
-1.1623892818282235	0.10584266004932258
-1.1466813185602744	0.05841492595081897
-1.1309733552923256	0.023646960906395707
-1.1152653920243765	0.03022966168960645
-1.0995574287564276	0.009604747793445934
-1.0838494654884787	0.02749573268738219
-1.0681415022205296	0.015463429368014535
-1.0524335389525807	0.006350691664145338
-1.0367255756846316	0.0065907635058038636
-1.0210176124166828	0.013936898276172905
-1.0053096491487339	0.027110551786508032
-0.9896016858807848	0.1752586008065088
-0.9738937226128359	0.37165089047811345
-0.9581857593448869	0.04747983230169009
-0.9424777960769379	0.03248604322823834
-0.926769832808989	0.7083138434007443
-0.91106186954104	0.033277871891547586
-0.8953539062730911	0.08801359089537238
-0.8796459430051421	0.04102573366277838
-0.8639379797371931	0.18667122461494365
-0.8482300164692441	0.2921455006564507
-0.8325220532012951	0.2520725768516274
-0.8168140899333463	0.9699748000092232
-0.8011061266653973	5.21252441284144
-0.7853981633974483	0.1860908595611844
-0.7696902001294993	0.6387134747941029
-0.7539822368615503	0.14222436469049834
-0.7382742735936014	0.05639195093351294
-0.7225663103256524	0.6376867728846747
-0.7068583470577035	0.08393106312946523
-0.6911503837897545	0.04175326955412329
-0.6754424205218055	0.35298224323942634
-0.6597344572538566	0.02658582596300768
-0.6440264939859076	0.015863736217541932
-0.6283185307179586	0.061016615539149666
-0.6126105674500096	0.4317270882845462
-0.5969026041820606	0.15514532332163886
-0.5811946409141118	0.01634412947425369
-0.5654866776461628	0.03301197393704018
-0.5497787143782138	0.16878314142929612
-0.5340707511102648	0.3409895701237664
-0.5183627878423158	0.05225608170608277
-0.5026548245743669	0.057267269906483655
-0.48694686130641796	0.2552280230880101
-0.47123889803846897	0.060135773548214914
-0.45553093477052	0.028294608543106718
-0.43982297150257105	0.00809735803187794
-0.42411500823462206	0.007983277943021156
-0.4084070449666731	0.020281462481713964
-0.39269908169872414	0.04849570659951638
-0.37699111843077515	0.009688089111072587
-0.3612831551628262	0.021040599491303852
-0.34557519189487723	0.0425377561490387
-0.3298672286269283	0.13809738934199264
-0.3141592653589793	0.16080701128257407
-0.2984513020910303	0.030689416865617096
-0.2827433388230814	0.015220520815429973
-0.2670353755551324	0.22204098875516068
-0.25132741228718347	0.01867182823304031
-0.23561944901923448	0.04721193910837755
-0.21991148575128552	0.9647445645080445
-0.20420352248333656	0.06136850226398543
-0.18849555921538758	4.104208358674247
-0.17278759594743862	0.09224028255647107
-0.15707963267948966	0.07627605033198427
-0.1413716694115407	0.1299687453695707
-0.12566370614359174	0.24019820444503825
-0.10995574287564276	0.09977929996512945
-0.09424777960769379	0.18546969947102987
-0.07853981633974483	0.10471384648452901
-0.06283185307179587	0.09573262162410573
-0.047123889803846894	0.18481583865895998
-0.031415926535897934	0.31045833702907344
-0.015707963267948967	1.1648903600835703
0.0	286.68993487944346
0.015707963267948967	1.1653377582300093
0.031415926535897934	0.3123311698659303
0.047123889803846894	0.19048560527777797
0.06283185307179587	0.09948376672782601
0.07853981633974483	0.11615077846835022
0.09424777960769379	0.21598051494992127
0.10995574287564276	0.1193410542762511
0.12566370614359174	0.30225054966144044
0.1413716694115407	0.16702112326064397
0.15707963267948966	0.10018371984531285
0.17278759594743862	0.12730755156557572
0.18849555921538758	5.969965359774753
0.20420352248333656	0.08862466113943039
0.21991148575128552	1.4985247973257758
0.23561944901923448	0.07083352034855699
0.25132741228718347	0.027292556673014366
0.2670353755551324	0.37534155999575053
0.2827433388230814	0.024198617714145613
0.2984513020910303	0.053842687485596195
0.3141592653589793	0.2973204368175455
0.3298672286269283	0.2641339552095924
0.34557519189487723	0.08290004413422807
0.3612831551628262	0.041603246979135824
0.37699111843077515	0.019091875429040648
0.39269908169872414	0.10594609628443266
0.4084070449666731	0.04409688690450698
0.42411500823462206	0.017553566161066084
0.43982297150257105	0.01892780886050831
0.45553093477052	0.0706195958683362
0.47123889803846897	0.15467680631296193
0.48694686130641796	0.679360058104743
0.5026548245743669	0.15524075212358476
0.5183627878423158	0.14836227781175554
0.5340707511102648	0.9892873752995524
0.5497787143782138	0.5080353824535347
0.5654866776461628	0.10208840900169071
0.5811946409141118	0.052578820902123735
0.5969026041820606	0.5135052545762677
0.6126105674500096	1.4715122856418286
0.6283185307179586	0.2135782392682253
0.6440264939859076	0.059479768412700425
0.6597344572538566	0.10343838123729686
0.6754424205218055	1.3744818001169117
0.6911503837897545	0.16827744983216195
0.7068583470577035	0.35170257080953693
0.7225663103256524	2.714173011641317
0.7382742735936014	0.25667895264644575
0.7539822368615503	0.6540560292961209
0.7696902001294993	2.980495698453422
0.7853981633974483	0.9242749734974463
0.8011061266653973	25.9776583280319
0.8168140899333463	4.88304757199778
0.8325220532012951	1.299348368311204
0.8482300164692441	1.587389723246941
0.8639379797371931	1.018689792174462
0.8796459430051421	0.21940072807521335
0.8953539062730911	0.5150002885390331
0.91106186954104	0.19361289949976743
0.926769832808989	4.505811455183705
0.9424777960769379	0.20057141291563219
0.9581857593448869	0.315034746267521
0.9738937226128359	2.5948250237886707
0.9896016858807848	1.259926123348745
1.0053096491487339	0.18867766822158327
1.0210176124166828	0.096128670230601
1.0367255756846316	0.042556052013043924
1.0524335389525807	0.0432033928903336
1.0681415022205296	0.1238393924291937
1.0838494654884787	0.22949683073385235
1.0995574287564276	0.07852311064676955
1.1152653920243765	0.2722963117874961
1.1309733552923256	0.2205202630793054
1.1466813185602744	0.5783880400864774
1.1623892818282235	1.0659016909567953
1.1780972450961724	0.07933922611820121
1.1938052083641213	1.043793480924927
1.2095131716320704	0.5045426354147159
1.2252211349000193	0.041765307457006004
1.2409290981679684	0.532634886858869
1.2566370614359172	0.21621389477288214
1.2723450247038661	0.16259491397244638
1.2880529879718152	0.20812482632803475
1.303760951239764	0.3094798999755534
1.3194689145077132	1.2614452050581766
1.335176877775662	15.023198308691292
1.350884841043611	0.2523499759033166
1.36659280431156	0.3850856110583752
1.382300767579509	0.09367561927783334
1.398008730847458	0.6408720834228764
1.413716694115407	0.13053473220172065
1.4294246573833558	0.10505558035079839
1.4451326206513049	0.7136642577888718
1.4608405839192538	0.38695149883764934
1.4765485471872029	0.3341727767020763
1.4922565104551517	1.99334008558301
1.5079644737231006	0.47767860374098453
1.5236724369910497	1.135626790958862
1.5393804002589986	0.15588836783165672
1.5550883635269477	0.20864632316141374
1.5707963267948966	3.6814264417621407
1.5865042900628454	0.485889401942971
1.6022122533307945	7.444344353844642
1.6179202165987434	207.00542288593962
1.6336281798666925	1.7267855225243083
1.6493361431346414	0.4796131714194536
1.6650441064025903	0.19264727800088646
1.6807520696705394	0.13677065689822718
1.6964600329384882	0.22468341207789932
1.7121679962064373	0.6285087222192272
1.7278759594743862	0.4763097993683548
1.743583922742335	1.552427235915948
1.7592918860102842	3.0131283483371156
1.774999849278233	0.13836837117231776
1.7907078125461822	0.05947414079588375
1.806415775814131	0.03889487142596473
1.82212373908208	0.03875788355530602
1.837831702350029	0.03308798560756602
1.853539665617978	0.031225092206280038
1.869247628885927	0.11997504767302175
1.8849555921538759	5.754527556910256
1.9006635554218247	0.0981840955030292
1.9163715186897738	0.6263440662065408
1.9320794819577227	0.10704129489600935
1.9477874452256718	0.1674071501820053
1.9634954084936207	5.096331657072902
1.9792033717615696	0.12297613322309088
1.9949113350295187	0.04492090133244992
2.0106192982974678	0.04286690712325601
2.0263272615654166	0.17057790484433755
2.0420352248333655	0.07023867014752194
2.0577431881013144	0.10144900013535448
2.0734511513692633	0.37006522226774774
2.0891591146372126	0.062834782063197
2.1048670779051615	0.02420148638216669
2.1205750411731104	0.024305030516446134
2.1362830044410592	0.04539684853097297
2.151990967709008	1.5727553583796965
2.1676989309769574	1.249888670678772
2.1834068942449063	0.17635137581298158
2.199114857512855	0.2501942963161214
2.214822820780804	2.555508507676468
2.230530784048753	0.13115927888167997
2.2462387473167023	0.04572464892602019
2.261946710584651	0.711832354057144
2.2776546738526	0.026433637168704185
2.293362637120549	0.029845276786208828
2.3090706003884978	0.1824916277960579
2.324778563656447	0.10644066258269548
2.340486526924396	0.04716224339886231
2.356194490192345	0.1619339695235084
2.3719024534602937	1.7809429286660312
2.3876104167282426	0.06919940304063206
2.403318379996192	0.026879219254301
2.419026343264141	0.0195449797343783
2.4347343065320897	0.02967703413876752
2.4504422698000385	0.18787819711085688
2.4661502330679874	0.06619713626754625
2.4818581963359367	0.07998670774220314
2.4975661596038856	0.1624860281042687
2.5132741228718345	13.768105767203611
2.5289820861397834	0.16035406195318944
2.5446900494077322	0.04007959190210657
2.5603980126756816	0.019775203376356455
2.5761059759436304	0.014164167011723286
2.5918139392115793	0.009479203947536277
2.607521902479528	0.008177293867478248
2.623229865747477	0.008164032208343991
2.6389378290154264	0.00991714187638844
2.6546457922833753	0.016467099729165158
2.670353755551324	0.05459693084236027
2.686061718819273	1.7984145617852771
2.701769682087222	0.10292580578146064
2.7174776453551712	0.48862866573814956
2.73318560862312	0.029786290286517296
2.748893571891069	0.012367298876002457
2.764601535159018	0.019841531888470616
2.7803094984269667	0.008353309897300513
2.796017461694916	0.005684842005978633
2.811725424962865	0.030556212463859814
2.827433388230814	0.019575262205771632
2.8431413514987627	0.040142019065505644
2.8588493147667116	0.005210272950611306
2.874557278034661	0.0029554416306252773
2.8902652413026098	0.002285482708962008
2.9059732045705586	0.0019839328855042436
2.9216811678385075	0.0018472579243867596
2.9373891311064564	0.0018661375546407484
2.9530970943744057	0.0022796343473730865
2.9688050576423546	0.006730518557670589
2.9845130209103035	0.06399245543949225
3.0002209841782523	0.006654202660829023
3.015928947446201	0.006172033103040857
3.0316369107141505	0.0017593945814014156
3.0473448739820994	0.0013050988097351402
3.0630528372500483	0.0011353826319389373
3.078760800517997	0.001041992959520262
3.094468763785946	0.0009814155168853965
3.1101767270538954	0.0009410781492988632
3.1258846903218442	0.0009220909652566825
3.141592653589793	0.0009614164270553908
3.157300616857742	0.002014941048594719
3.173008580125691	0.0014225502057854005
3.18871654339364	0.0009218866484649885
3.204424506661589	0.0009555104828067431
3.220132469929538	0.0020341054847201764
3.235840433197487	0.0021787701255047967
3.2515483964654357	0.0010240871186702088
3.267256359733385	0.0010857002243638942
3.282964323001334	0.0015763140999023359
3.2986722862692828	0.005150479530161389
3.3143802495372316	0.06088399192608229
3.3300882128051805	0.00541195169547034
3.34579617607313	0.004269500676314798
3.3615041393410787	0.001168447676285523
3.3772121026090276	0.000821172885629395
3.3929200658769765	0.0006944307215853462
3.4086280291449254	0.000629179300855944
3.4243359924128747	0.0005902433674733653
3.4400439556808236	0.0005674835925829978
3.4557519189487724	0.0005639612155207978
3.4714598822167213	0.0006318641477152338
3.48716784548467	0.004070919368423433
3.5028758087526195	0.0007786002956115042
3.5185837720205684	0.0005233273258149593
3.5342917352885173	0.0004778018113238521
3.549999698556466	0.0004567084711014744
3.565707661824415	0.00044277328575585364
3.5814156250923643	0.00043236132074901895
3.597123588360313	0.0004250815964420971
3.612831551628262	0.0004241278375019007
3.628539514896211	0.000458519769302058
3.64424747816416	0.012275283511068626
3.659955441432109	0.00045153634296263854
3.675663404700058	0.000394052040516457
3.691371367968007	0.00037821150791200996
3.707079331235956	0.0003685541409539037
3.7227872945039047	0.000360836767148405
3.738495257771854	0.00035401172442993026
3.754203221039803	0.0003477126593046666
3.7699111843077517	0.00034178047548192626
3.7856191475757006	0.0003361350566810309
3.8013271108436495	0.00033073202281051745
3.817035074111599	0.0003255465107462414
3.8327430373795477	0.00032056467655273947
3.8484510006474966	0.00031578673953433256
3.8641589639154454	0.0003112263831811604
3.8798669271833943	0.0003069245935769872
3.8955748904513436	0.0003029818217626589
3.9112828537192925	0.000299658304423258
3.9269908169872414	0.00029775972850764487
3.9426987802551903	0.0003008137519706849
3.958406743523139	0.00034342379693042316
3.9741147067910885	0.0017907157425098269
3.9898226700590373	0.00030820890080626663
4.005530633326986	0.0002818582318522835
4.0212385965949355	0.0002733125266687367
4.036946559862884	0.0002679166045749626
4.052654523130833	0.00026354590842606453
4.068362486398782	0.0002596384345457545
4.084070449666731	0.0002559925697048361
4.09977841293468	0.00025252057577603704
4.115486376202629	0.0002491785889613654
4.131194339470578	0.0002459421678074163
4.146902302738527	0.00024279641204064413
4.162610266006476	0.00023973150934733056
4.178318229274425	0.0002367405502392343
4.194026192542374	0.00023381837640070951
4.209734155810323	0.00023096094585785425
4.225442119078272	0.00022816495418614605
4.241150082346221	0.00022542760904526222
4.25685804561417	0.0002227464856193927
4.2725660088821185	0.00022011943238929896
4.288273972150067	0.0002175445076439035
4.303981935418016	0.00021501993549308802
4.319689898685965	0.00021254407459113327
4.335397861953915	0.00021011539534983618
4.351105825221864	0.00020773246295080608
4.366813788489813	0.00020539392440261872
4.3825217517577615	0.00020309849847468134
4.39822971502571	0.00020084496771494484
4.413937678293659	0.00019863217200368944
4.429645641561608	0.00019645900325852971
4.445353604829557	0.00019432440101599619
4.461061568097506	0.00019222734869082117
4.476769531365456	0.00019016687036687592
4.4924774946334045	0.00018814202801104843
4.508185457901353	0.00018615191902812445
4.523893421169302	0.00018419567409412666
4.539601384437251	0.0001822724552198144
4.5553093477052	0.00018038145400665187
4.571017310973149	0.00017852189006541984
4.586725274241098	0.00017669300957372344
4.602433237509047	0.0001748940839531937
4.6181412007769955	0.00017312440865078078
4.633849164044944	0.00017138330201129582
4.649557127312894	0.00016967010423052896
4.665265090580843	0.00016798417638001355
4.680973053848792	0.00016632489949591913
4.696681017116741	0.000164691673725644
4.71238898038469	0.00016308391752659952
4.7280969436526386	0.0001615010669124344
4.743804906920587	0.00015994257474258352
4.759512870188536	0.00015840791005148301
4.775220833456485	0.0001568965574142903
4.790928796724435	0.00015540801634628557
4.806636759992384	0.00015394180073342474
4.822344723260333	0.00015249743829180557
4.838052686528282	0.00015107447005401861
4.8537606497962305	0.00014967244988057748
4.869468613064179	0.00014829094399474395
4.885176576332128	0.000146929530539275
4.900884539600077	0.0001455877991536995
4.916592502868026	0.00014426535057088848
4.932300466135975	0.00014296179623175015
4.948008429403924	0.00014167675791699753
4.9637163926718735	0.00014040986739502107
4.979424355939822	0.0001391607660849403
4.995132319207771	0.00013792910473401832
5.01084028247572	0.00013671454310865459
5.026548245743669	0.00013551674969822358
5.042256209011618	0.00013433540143110244
5.057964172279567	0.00013317018340225278
5.073672135547516	0.00013202078861175627
5.0893800988154645	0.00013088691771378044
5.105088062083414	0.0001297682787754396
5.120796025351363	0.00012866458704506614
5.136503988619312	0.00012757556472946387
5.152211951887261	0.00012650094077968043
5.16791991515521	0.00012544045068493053
5.183627878423159	0.00012439383627427185
5.1993358416911075	0.00012336084552567675
5.215043804959056	0.00012234123238218287
5.230751768227005	0.0001213347565747765
5.246459731494954	0.00012034118345173394
5.262167694762903	0.00011936028381411481
5.277875658030853	0.00011839183375715766
5.293583621298802	0.00011743561451731113
5.3092915845667505	0.0001164914123246527
5.324999547834699	0.00011555901826049195
5.340707511102648	0.00011463822811990627
5.356415474370597	0.00011372884227903213
5.372123437638546	0.00011283066556689197
5.387831400906495	0.0001119435071415941
5.403539364174444	0.00011106718037069998
5.419247327442394	0.00011020150271562291
5.4349552907103424	0.00010934629561985708
5.450663253978291	0.0001085013844009271
5.46637121724624	0.00010766659814588083
5.482079180514189	0.00010684176961019642
5.497787143782138	0.00010602673511996955
5.513495107050087	0.00010522133447726373
5.529203070318036	0.00010442541086848331
5.544911033585985	0.00010363881077567473
5.5606189968539335	0.00010286138389062326
5.576326960121882	0.00010209298303167227
5.592034923389832	0.0001013334640631205
5.607742886657781	0.00010058268581714276
5.62345084992573	9.98405100181154e-5
5.639158813193679	9.9106801209269e-5
5.654866776461628	9.838142668158235e-5
5.6705747397295765	9.766425640483192e-5
5.686282702997525	9.695516296073157e-5
5.701990666265474	9.625402147806758e-5
5.717698629533423	9.55607095697868e-5
5.733406592801373	9.487510727193565e-5
5.749114556069322	9.419709698441862e-5
5.764822519337271	9.352656341348217e-5
5.7805304826052195	9.28633935158926e-5
5.796238445873168	9.220747644472617e-5
5.811946409141117	9.155870349672625e-5
5.827654372409066	9.09169680611869e-5
5.843362335677015	9.028216557027765e-5
5.859070298944964	8.965419345080138e-5
5.874778262212913	8.9032951077307e-5
5.890486225480862	8.8418339726523e-5
5.906194188748811	8.781026253307236e-5
5.92190215201676	8.720862444642489e-5
5.937610115284709	8.661333218902683e-5
5.953318078552658	8.602429421561071e-5
5.969026041820607	8.544142067360367e-5
5.984734005088556	8.486462336463e-5
6.000441968356505	8.429381570705044e-5
6.0161499316244536	8.372891269952599e-5
6.031857894892402	8.31698308855563e-5
6.047565858160352	8.261648831897316e-5
6.063273821428301	8.206880453035298e-5
6.07898178469625	8.152670049431898e-5
6.094689747964199	8.099009859771733e-5
6.110397711232148	8.045892260861629e-5
6.126105674500097	7.993309764613079e-5
6.1418136377680455	7.941255015103034e-5
6.157521601035994	7.889720785710056e-5
6.173229564303943	7.838699976326182e-5
6.188937527571892	7.788185610639031e-5
6.204645490839841	7.73817083348426e-5
6.220353454107791	7.688648908265545e-5
6.23606141737574	7.639613214439619e-5
6.2517693806436885	7.591057245065303e-5
6.267477343911637	7.542974604414148e-5
6.283185307179586	7.495359005640608e-5
6.298893270447535	7.448204268511095e-5
6.314601233715484	7.401504317188524e-5
6.330309196983433	7.35525317807239e-5
6.346017160251382	7.309444977691874e-5
6.3617251235193315	7.264073940650093e-5
6.37743308678728	7.219134387619645e-5
6.393141050055229	7.174620733385896e-5
6.408849013323178	7.130527484938343e-5
6.424556976591127	7.086849239607397e-5
6.440264939859076	7.04358068324685e-5
6.455972903127025	7.000716588458892e-5
6.471680866394974	6.958251812861949e-5
6.4873888296629225	6.916181297399724e-5
6.503096792930871	6.874500064689845e-5
6.51880475619882	6.833203217411601e-5
6.53451271946677	6.792285936731645e-5
6.550220682734719	6.751743480766308e-5
6.565928646002668	6.711571183079611e-5
6.581636609270617	6.671764451216324e-5
6.5973445725385655	6.632318765268696e-5
6.613052535806514	6.593229676476416e-5
6.628760499074463	6.55449280585851e-5
6.644468462342412	6.516103842876123e-5
6.660176425610361	6.47805854412654e-5
6.675884388878311	6.440352732066028e-5
6.69159235214626	6.402982293761744e-5
6.707300315414209	6.365943179671836e-5
6.7230082786821574	6.32923140245286e-5
6.738716241950106	6.292843035793647e-5
6.754424205218055	6.25677421327513e-5
6.770132168486004	6.221021127255707e-5
6.785840131753953	6.185580027780856e-5
6.801548095021902	6.15044722151679e-5
6.817256058289851	6.11561907070771e-5
6.8329640215578	6.0810919921559097e-5
6.848671984825749	6.0468624562231723e-5
6.864379948093698	6.012926985855135e-5
6.880087911361647	5.979282155625803e-5
6.895795874629596	5.9459245908030295e-5
6.911503837897545	5.912850966433693e-5
6.927211801165494	5.88005800644899e-5
6.942919764433443	5.8475424827880846e-5
6.9586277277013915	5.815301214541057e-5
6.97433569096934	5.7833310671094244e-5
6.99004365423729	5.751628951384695e-5
7.005751617505239	5.720191822944082e-5
7.021459580773188	5.689016681262811e-5
7.037167544041137	5.6581005689434315e-5
7.052875507309086	5.627440570960622e-5
7.0685834705770345	5.597033813921685e-5
7.084291433844983	5.566877465342701e-5
7.099999397112932	5.536968732939414e-5
7.115707360380881	5.507304863932143e-5
7.13141532364883	5.4778831443658256e-5
7.147123286916779	5.448700898443172e-5
7.162831250184729	5.419755487871727e-5
7.1785392134526775	5.391044311224054e-5
7.194247176720626	5.362564803310858e-5
7.209955139988575	5.334314434566571e-5
7.225663103256524	5.306290710447505e-5
7.241371066524473	5.278491170841855e-5
7.257079029792422	5.2509133894915746e-5
7.272786993060371	5.223554973425399e-5
7.28849495632832	5.196413562403687e-5
7.304202919596269	5.1694868283737475e-5
7.319910882864218	5.142772474935772e-5
7.335618846132167	5.1162682368197465e-5
7.351326809400116	5.089971879372307e-5
7.367034772668065	5.0638811980534464e-5
7.382742735936014	5.03799401794308e-5
7.398450699203963	5.0123081932575166e-5
7.414158662471912	4.9868216068746544e-5
7.4298666257398605	4.961532169868838e-5
7.445574589007809	4.936437821054181e-5
7.461282552275758	4.9115365265371314e-5
7.476990515543708	4.886826279277225e-5
7.492698478811657	4.862305098656034e-5
7.508406442079606	4.837971030054795e-5
7.524114405347555	4.813822144439687e-5
7.5398223686155035	4.789856537954713e-5
7.555530331883452	4.766072331522692e-5
7.571238295151401	4.742467670453476e-5
7.58694625841935	4.719040724059556e-5
7.602654221687299	4.695789685278508e-5
7.618362184955249	4.67271277030306e-5
7.634070148223198	4.649808218217435e-5
7.6497781114911465	4.627074290640586e-5
7.665486074759095	4.604509271376148e-5
7.681194038027044	4.5821114660686274e-5
7.696902001294993	4.559879201866023e-5
7.712609964562942	4.537810827088163e-5
7.728317927830891	4.5159047109019674e-5
7.74402589109884	4.4941592430015264e-5
7.759733854366789	4.472572833294861e-5
7.7754418176347375	4.4511439115956665e-5
7.791149780902687	4.429870927321099e-5
7.806857744170636	4.408752349194526e-5
7.822565707438585	4.387786664954158e-5
7.838273670706534	4.366972381066119e-5
7.853981633974483	4.3463080224433474e-5
7.869689597242432	4.3257921321689116e-5
7.8853975605103805	4.3054232712248504e-5
7.901105523778329	4.2852000182249346e-5
7.916813487046278	4.2651209691529205e-5
7.932521450314228	4.245184737104855e-5
7.948229413582177	4.225389952036266e-5
7.963937376850126	4.205735260513575e-5
7.979645340118075	4.1862193254696344e-5
7.995353303386024	4.1668408259639e-5
8.011061266653972	4.1475984569465675e-5
8.026769229921921	4.128490929026708e-5
8.042477193189871	4.109516968244317e-5
8.058185156457819	4.0906753158466614e-5
8.073893119725769	4.071964728067949e-5
8.089601082993717	4.0533839759132294e-5
8.105309046261667	4.034931844945438e-5
8.121017009529615	4.016607135076618e-5
8.136724972797564	3.998408660362342e-5
8.152432936065512	3.9803352487995936e-5
8.168140899333462	3.962385742128109e-5
8.183848862601412	3.9445589956352e-5
8.19955682586936	3.9268538779637174e-5
8.21526478913731	3.909269270922958e-5
8.230972752405258	3.8918040693032056e-5
8.246680715673207	3.874457180693194e-5
8.262388678941155	3.857227525300335e-5
8.278096642209105	3.8401140357740594e-5
8.293804605477053	3.823115657032547e-5
8.309512568745003	3.806231346091231e-5
8.325220532012953	3.789460071895283e-5
8.3409284952809	3.772800815154094e-5
8.35663645854885	3.7562525681786794e-5
8.372344421816798	3.7398143347217895e-5
8.388052385084748	3.7234851298204594e-5
8.403760348352696	3.7072639796413514e-5
8.419468311620646	3.6911499213282636e-5
8.435176274888594	3.6751420028523784e-5
8.450884238156544	3.659239282864812e-5
8.466592201424492	3.6434408305515026e-5
8.482300164692441	3.627745725490406e-5
8.498008127960391	3.612153057511159e-5
8.51371609122834	3.596661926556609e-5
8.529424054496289	3.581271442546912e-5
8.545132017764237	3.5659807252456374e-5
8.560839981032187	3.5507889041278005e-5
8.576547944300135	3.535695118250383e-5
8.592255907568084	3.520698516124522e-5
8.607963870836032	3.505798255589807e-5
8.623671834103982	3.4909935036906084e-5
8.63937979737193	3.476283436554413e-5
8.65508776063988	3.461667239271755e-5
8.67079572390783	3.447144105778316e-5
8.686503687175778	3.432713238738659e-5
8.702211650443727	3.4183738494319e-5
8.717919613711675	3.404125157639018e-5
8.733627576979625	3.389966391531962e-5
8.749335540247573	3.375896787564522e-5
8.765043503515523	3.361915590364651e-5
8.780751466783471	3.348022052628708e-5
8.79645943005142	3.334215435017112e-5
8.81216739331937	3.320495006051744e-5
8.827875356587318	3.3068600420146696e-5
8.843583319855268	3.293309826848629e-5
8.859291283123216	3.279843652059003e-5
8.874999246391166	3.266460816616984e-5
8.890707209659114	3.253160626864584e-5
8.906415172927064	3.239942396420906e-5
8.922123136195012	3.226805446089636e-5
8.937831099462962	3.213749103768159e-5
8.953539062730911	3.200772704358081e-5
8.96924702599886	3.187875589676703e-5
8.984954989266809	3.175057108370239e-5
9.000662952534757	3.162316615828029e-5
9.016370915802707	3.149653474098181e-5
9.032078879070655	3.13706705180438e-5
9.047786842338605	3.1245567240638124e-5
9.063494805606553	3.112121872406593e-5
9.079202768874502	3.099761884696022e-5
9.09491073214245	3.087476155050316e-5
9.1106186954104	3.075264083765231e-5
9.12632665867835	3.063125077237887e-5
9.142034621946298	3.0510585478918017e-5
9.157742585214248	3.0390639141029166e-5
9.173450548482196	3.0271406001265395e-5
9.189158511750145	3.0152880360257715e-5
9.204866475018093	3.00350565760045e-5
9.220574438286043	2.9917929063174292e-5
9.236282401553991	2.9801492292417943e-5
9.25199036482194	2.9685740789689768e-5
9.267698328089889	2.9570669135580034e-5
9.283406291357839	2.9456271964654638e-5
9.299114254625788	2.934254396480562e-5
9.314822217893736	2.9229479876611535e-5
9.330530181161686	2.911707449270483e-5
9.346238144429634	2.900532265714953e-5
9.361946107697584	2.8894219264827216e-5
9.377654070965532	2.878375926083283e-5
9.393362034233482	2.867393763987608e-5
9.40906999750143	2.8564749445693824e-5
9.42477796076938	2.845618977047063e-5
9.44048592403733	2.8348253754265047e-5
9.456193887305277	2.8240936584445867e-5
9.471901850573227	2.8134233495136554e-5
9.487609813841175	2.802813976666469e-5
9.503317777109125	2.7922650725022685e-5
9.519025740377073	2.781776174133249e-5
9.534733703645022	2.7713468231319962e-5
9.55044166691297	2.760976565479583e-5
9.56614963018092	2.750664951514187e-5
9.58185759344887	2.7404115358808373e-5
9.597565556716818	2.730215877481393e-5
9.613273519984768	2.7200775394254274e-5
9.628981483252716	2.7099960889818305e-5
9.644689446520665	2.6999710975307836e-5
9.660397409788613	2.6900021405169233e-5
9.676105373056563	2.6800887974023746e-5
9.691813336324511	2.6702306516211358e-5
9.707521299592461	2.6604272905336555e-5
9.723229262860409	2.6506783053821512e-5
9.738937226128359	2.640983291246496e-5
9.754645189396308	2.6313418470007422e-5
9.770353152664256	2.6217535752701304e-5
9.786061115932206	2.612218082388781e-5
9.801769079200154	2.602734978357848e-5
9.817477042468104	2.5933038768043172e-5
9.833185005736052	2.5839243949402513e-5
9.848892969004002	2.574596153522661e-5
9.86460093227195	2.5653187768138945e-5
9.8803088955399	2.556091892542344e-5
9.896016858807847	2.5469151318641075e-5
9.911724822075797	2.537788129324657e-5
9.927432785343747	2.5287105228213733e-5
9.943140748611695	2.5196819535663376e-5
9.958848711879645	2.5107020660497993e-5
9.974556675147593	2.5017705080038918e-5
9.990264638415542	2.492886930367033e-5
10.00597260168349	2.4840509872487072e-5
10.02168056495144	2.4752623358945665e-5
10.037388528219388	2.4665206366522753e-5
10.053096491487338	2.457825552937513e-5
10.068804454755288	2.4491767512005106e-5
10.084512418023236	2.4405739008931372e-5
10.100220381291185	2.4320166744361094e-5
10.115928344559133	2.4235047471870108e-5
10.131636307827083	2.4150377974084436e-5
10.147344271095031	2.4066155062365034e-5
10.163052234362981	2.3982375576500345e-5
10.178760197630929	2.3899036384398792e-5
10.194468160898879	2.3816134381787965e-5
10.210176124166829	2.3733666491915532e-5
10.225884087434777	2.365162966525474e-5
10.241592050702726	2.357002087921464e-5
10.257300013970674	2.3488837137852145e-5
10.273007977238624	2.3408075471588807e-5
10.288715940506572	2.3327732936930696e-5
10.304423903774522	2.324780661619211e-5
10.32013186704247	2.316829361722257e-5
10.33583983031042	2.3089191073136705e-5
10.351547793578368	2.3010496142048545e-5
10.367255756846317	2.2932206006807604e-5
10.382963720114267	2.285431787474051e-5
10.398671683382215	2.2776828977393234e-5
10.414379646650165	2.2699736570278156e-5
10.430087609918113	2.262303793262308e-5
10.445795573186063	2.2546730367125137e-5
10.46150353645401	2.2470811199705854e-5
10.47721149972196	2.239527777926975e-5
10.492919462989908	2.2320127477466452e-5
10.508627426257858	2.2245357688454635e-5
10.524335389525806	2.2170965828670722e-5
10.540043352793756	2.209694933659788e-5
10.555751316061706	2.2023305672539705e-5
10.571459279329654	2.1950032318395618e-5
10.587167242597603	2.1877126777439435e-5
10.602875205865551	2.1804586574101035e-5
10.618583169133501	2.173240925374958e-5
10.634291132401449	2.166059238248019e-5
10.649999095669399	2.1589133546901984e-5
10.665707058937347	2.151803035393107e-5
10.681415022205297	2.1447280430583543e-5
10.697122985473246	2.137688142377156e-5
10.712830948741194	2.1306831000102493e-5
10.728538912009144	2.1237126845681084e-5
10.744246875277092	2.1167766665910724e-5
10.759954838545042	2.10987481853013e-5
10.77566280181299	2.1030069147277202e-5
10.79137076508094	2.096172731398581e-5
10.807078728348888	2.0893720466112972e-5
10.822786691616837	2.082604640269547e-5
10.838494654884787	2.0758702940939272e-5
10.854202618152735	2.0691687916038043e-5
10.869910581420685	2.0624999180995244e-5
10.885618544688633	2.0558634606446123e-5
10.901326507956583	2.049259208048412e-5
10.91703447122453	2.0426869508488503e-5
10.93274243449248	2.0361464812952925e-5
10.948450397760428	2.0296375933316503e-5
10.964158361028378	2.0231600825798964e-5
10.979866324296326	2.016713746323423e-5
10.995574287564276	2.010298383490787e-5
11.011282250832226	2.0039137946396855e-5
11.026990214100174	1.997559781940942e-5
11.042698177368123	1.9912361491628205e-5
11.058406140636071	1.984942701655514e-5
11.074114103904021	1.9786792463357e-5
11.08982206717197	1.9724455916714164e-5
11.105530030439919	1.9662415476669354e-5
11.121237993707867	1.9600669258480258e-5
11.136945956975817	1.9539215392471146e-5
11.152653920243765	1.9478052023889756e-5
11.168361883511714	1.9417177312761788e-5
11.184069846779664	1.935658943374936e-5
11.199777810047612	1.929628657601207e-5
11.215485773315562	1.92362669430661e-5
11.23119373658351	1.9176528752648606e-5
11.24690169985146	1.9117070236581186e-5
11.262609663119408	1.9057889640636015e-5
11.278317626387357	1.8998985224403298e-5
11.294025589655305	1.8940355261159627e-5
11.309733552923255	1.8881998037738758e-5
11.325441516191205	1.882391185440293e-5
11.341149479459153	1.876609502471659e-5
11.356857442727103	1.870854587541968e-5
11.37256540599505	1.8651262746305322e-5
11.388273369263	1.8594243990095436e-5
11.403981332530948	1.8537487972320543e-5
11.419689295798898	1.8480993071199125e-5
11.435397259066846	1.8424757677519058e-5
11.451105222334796	1.8368780194520355e-5
11.466813185602746	1.8313059037778778e-5
11.482521148870694	1.825759263509146e-5
11.498229112138644	1.820237942636261e-5
11.513937075406592	1.8147417863491765e-5
11.529645038674541	1.8092706410262495e-5
11.54535300194249	1.803824354223215e-5
11.561060965210439	1.7984027746623283e-5
11.576768928478387	1.7930057522216888e-5
11.592476891746337	1.7876331379243903e-5
11.608184855014285	1.782284783928283e-5
11.623892818282235	1.7769605435153138e-5
11.639600781550184	1.771660271081337e-5
11.655308744818132	1.7663838221259347e-5
11.671016708086082	1.761131053242273e-5
11.68672467135403	1.7559018221072203e-5
11.70243263462198	1.750695987471341e-5
11.718140597889928	1.745513409149326e-5
11.733848561157878	1.7403539480101483e-5
11.749556524425826	1.7352174659676197e-5
11.765264487693775	1.7301038259708968e-5
11.780972450961723	1.7250128919951638e-5
11.796680414229673	1.7199445290323165e-5
11.812388377497623	1.714898603081864e-5
11.82809634076557	1.7098749811418844e-5
11.84380430403352	1.7048735311999284e-5
11.859512267301469	1.699894122224338e-5
11.875220230569418	1.694936624155316e-5
11.890928193837366	1.6900009078963344e-5
11.906636157105316	1.6850868453055003e-5
11.922344120373264	1.680194309187055e-5
11.938052083641214	1.6753231732829473e-5
11.953760046909164	1.670473312264557e-5
11.969468010177112	1.665644601724382e-5
11.985175973445061	1.6608369181679213e-5
12.00088393671301	1.6560501390056122e-5
12.01659189998096	1.6512841425448208e-5
12.032299863248907	1.646538807981968e-5
12.048007826516857	1.6418140153946325e-5
12.063715789784805	1.6371096457339023e-5
12.079423753052755	1.6324255808166836e-5
12.095131716320704	1.627761703318052e-5
12.110839679588652	1.6231178967638104e-5
12.126547642856602	1.6184940455230767e-5
12.14225560612455	1.6138900348008622e-5
12.1579635693925	1.6093057506308546e-5
12.173671532660448	1.60474107986813e-5
12.189379495928398	1.6001959101821497e-5
12.205087459196346	1.595670130049597e-5
12.220795422464295	1.5911636287474228e-5
12.236503385732243	1.5866762963459176e-5
12.252211349000193	1.582208023701919e-5
12.267919312268143	1.5777587024519338e-5
12.283627275536091	1.5733282250055335e-5
12.29933523880404	1.568916484538661e-5
12.315043202071989	1.5645233749870503e-5
12.330751165339938	1.5601487910397196e-5
12.346459128607886	1.5557926281325697e-5
12.362167091875836	1.5514547824419696e-5
12.377875055143784	1.547135150878408e-5
12.393583018411734	1.5428336310803345e-5
12.409290981679682	1.5385501214078924e-5
12.424998944947632	1.5342845209367996e-5
12.440706908215581	1.5300367294523147e-5
12.45641487148353	1.5258066474432318e-5
12.47212283475148	1.5215941760958513e-5
12.487830798019427	1.5173992172882176e-5
12.503538761287377	1.5132216735842052e-5
12.519246724555325	1.5090614482277437e-5
12.534954687823275	1.5049184451371609e-5
12.550662651091223	1.5007925688994744e-5
12.566370614359172	1.4966837247647555e-5
