-12.566370614359172	1.0660743557621542e-5
-12.550662651091223	1.0685323815606426e-5
-12.534954687823275	1.070998938170908e-5
-12.519246724555325	1.0734740652065723e-5
-12.503538761287377	1.0759578025119935e-5
-12.487830798019427	1.0784501901638774e-5
-12.47212283475148	1.0809512684729244e-5
-12.45641487148353	1.0834610779854673e-5
-12.440706908215581	1.085979659485112e-5
-12.424998944947632	1.0885070539944613e-5
-12.409290981679682	1.0910433027767309e-5
-12.393583018411734	1.0935884473374916e-5
-12.377875055143784	1.0961425294264101e-5
-12.362167091875836	1.0987055910388884e-5
-12.346459128607886	1.1012776744179051e-5
-12.330751165339938	1.1038588220557022e-5
-12.315043202071989	1.1064490766956151e-5
-12.29933523880404	1.1090484813337966e-5
-12.283627275536091	1.1116570792210621e-5
-12.267919312268143	1.1142749138646756e-5
-12.252211349000193	1.1169020290302407e-5
-12.236503385732243	1.1195384687434473e-5
-12.220795422464295	1.1221842772920434e-5
-12.205087459196346	1.1248394992276324e-5
-12.189379495928398	1.127504179367589e-5
-12.173671532660448	1.1301783627969969e-5
-12.1579635693925	1.132862094870546e-5
-12.14225560612455	1.1355554212144634e-5
-12.126547642856602	1.1382583877284822e-5
-12.110839679588652	1.1409710405878962e-5
-12.095131716320704	1.1436934262454014e-5
-12.079423753052755	1.146425591433171e-5
-12.063715789784805	1.1491675831649704e-5
-12.048007826516857	1.1519194487380188e-5
-12.032299863248907	1.1546812357352293e-5
-12.01659189998096	1.1574529920271753e-5
-12.00088393671301	1.1602347657741982e-5
-11.985175973445061	1.1630266054285684e-5
-11.969468010177112	1.165828559736595e-5
-11.953760046909164	1.1686406777407053e-5
-11.938052083641214	1.1714630087817388e-5
-11.922344120373264	1.1742956025010356e-5
-11.906636157105316	1.1771385088426814e-5
-11.890928193837366	1.179991778055731e-5
-11.875220230569418	1.182855460696417e-5
-11.859512267301469	1.185729607630459e-5
-11.84380430403352	1.1886142700353344e-5
-11.82809634076557	1.1915094994025208e-5
-11.812388377497623	1.1944153475399254e-5
-11.796680414229673	1.1973318665741325e-5
-11.780972450961723	1.2002591089528233e-5
-11.765264487693775	1.2031971274470969e-5
-11.749556524425826	1.2061459751539689e-5
-11.733848561157878	1.209105705498665e-5
-11.718140597889928	1.2120763722371947e-5
-11.70243263462198	1.2150580294587456e-5
-11.68672467135403	1.2180507315881743e-5
-11.671016708086082	1.22105453338854e-5
-11.655308744818132	1.2240694899636265e-5
-11.639600781550184	1.2270956567604577e-5
-11.623892818282235	1.230133089571991e-5
-11.608184855014285	1.2331818445395418e-5
-11.592476891746337	1.2362419781555587e-5
-11.576768928478387	1.2393135472661651e-5
-11.561060965210439	1.242396609073905e-5
-11.54535300194249	1.2454912211404082e-5
-11.529645038674541	1.2485974413890296e-5
-11.513937075406592	1.2517153281077227e-5
-11.498229112138644	1.2548449399516999e-5
-11.482521148870694	1.2579863359462783e-5
-11.466813185602746	1.26113957548966e-5
-11.451105222334796	1.2643047183557897e-5
-11.435397259066846	1.2674818246972095e-5
-11.419689295798898	1.270670955047919e-5
-11.403981332530948	1.2738721703263477e-5
-11.388273369263	1.2770855318382773e-5
-11.37256540599505	1.2803111012797914e-5
-11.356857442727103	1.283548940740253e-5
-11.341149479459153	1.2867991127053617e-5
-11.325441516191205	1.290061680060212e-5
-11.309733552923255	1.2933367060923145e-5
-11.294025589655305	1.2966242544947735e-5
-11.278317626387357	1.2999243893693124e-5
-11.262609663119408	1.3032371752295507e-5
-11.24690169985146	1.306562677004101e-5
-11.23119373658351	1.3099009600398572e-5
-11.215485773315562	1.3132520901051874e-5
-11.199777810047612	1.3166161333932214e-5
-11.184069846779664	1.3199931565251629e-5
-11.168361883511714	1.3233832265536402e-5
-11.152653920243765	1.3267864109660624e-5
-11.136945956975817	1.3302027776879627e-5
-11.121237993707867	1.3336323950865367e-5
-11.105530030439919	1.3370753319740139e-5
-11.08982206717197	1.3405316576111713e-5
-11.074114103904021	1.3440014417108478e-5
-11.058406140636071	1.347484754441551e-5
-11.042698177368123	1.35098166643097e-5
-11.026990214100174	1.3544922487696524e-5
-11.011282250832226	1.3580165730146195e-5
-10.995574287564276	1.3615547111931227e-5
-10.979866324296326	1.3651067358062655e-5
-10.964158361028378	1.3686727198328398e-5
-10.948450397760428	1.3722527367330944e-5
-10.93274243449248	1.3758468604525757e-5
-10.91703447122453	1.379455165425939e-5
-10.901326507956583	1.3830777265809305e-5
-10.885618544688633	1.3867146193422503e-5
-10.869910581420685	1.3903659196355456e-5
-10.854202618152735	1.3940317038914597e-5
-10.838494654884787	1.3977120490496602e-5
-10.822786691616837	1.4014070325628264e-5
-10.807078728348888	1.4051167324009416e-5
-10.79137076508094	1.408841227055352e-5
-10.77566280181299	1.4125805955429854e-5
-10.759954838545042	1.4163349174105912e-5
-10.744246875277092	1.4201042727390387e-5
-10.728538912009144	1.4238887421476191e-5
-10.712830948741194	1.4276884067984247e-5
-10.697122985473246	1.4315033484007406e-5
-10.681415022205297	1.435333649215519e-5
-10.665707058937347	1.4391793920597929e-5
-10.649999095669399	1.4430406603113166e-5
-10.634291132401449	1.4469175379130689e-5
-10.618583169133501	1.4508101093778889e-5
-10.602875205865551	1.4547184597931374e-5
-10.587167242597603	1.4586426748253828e-5
-10.571459279329654	1.4625828407251914e-5
-10.555751316061706	1.4665390443319331e-5
-10.540043352793756	1.4705113730785717e-5
-10.524335389525806	1.4744999149966393e-5
-10.508627426257858	1.4785047587210277e-5
-10.492919462989908	1.4825259934951587e-5
-10.47721149972196	1.4865637091759122e-5
-10.46150353645401	1.4906179962387006e-5
-10.445795573186063	1.4946889457826635e-5
-10.430087609918113	1.498776649535793e-5
-10.414379646650165	1.5028811998601857e-5
-10.398671683382215	1.5070026897573725e-5
-10.382963720114267	1.5111412128735581e-5
-10.367255756846317	1.5152968635051053e-5
-10.351547793578368	1.5194697366039271e-5
-10.33583983031042	1.5236599277829835e-5
-10.32013186704247	1.5278675333218274e-5
-10.304423903774522	1.5320926501722293e-5
-10.288715940506572	1.536335375963815e-5
-10.273007977238624	1.5405958090097942e-5
-10.257300013970674	1.5448740483127172e-5
-10.241592050702726	1.5491701935702693e-5
-10.225884087434777	1.5534843451812727e-5
-10.210176124166829	1.5578166042514786e-5
-10.194468160898879	1.5621670725996907e-5
-10.178760197630929	1.5665358527637422e-5
-10.163052234362981	1.570923048006672e-5
-10.147344271095031	1.575328762322909e-5
-10.131636307827083	1.579753100444458e-5
-10.115928344559133	1.5841961678472793e-5
-10.100220381291185	1.588658070757642e-5
-10.084512418023236	1.5931389161584977e-5
-10.068804454755288	1.5976388117960812e-5
-10.053096491487338	1.6021578661863992e-5
-10.037388528219388	1.6066961886219084e-5
-10.02168056495144	1.6112538891781595e-5
-10.00597260168349	1.6158310787206378e-5
-9.990264638415542	1.6204278689115204e-5
-9.974556675147593	1.625044372216635e-5
-9.958848711879645	1.6296807019124102e-5
-9.943140748611695	1.6343369720929835e-5
-9.927432785343747	1.6390132976771407e-5
-9.911724822075797	1.643709794415749e-5
-9.896016858807847	1.648426578898836e-5
-9.8803088955399	1.6531637685629983e-5
-9.86460093227195	1.6579214816988045e-5
-9.848892969004002	1.6626998374583163e-5
-9.833185005736052	1.667498955862558e-5
-9.817477042468104	1.6723189578092806e-5
-9.801769079200154	1.6771599650806125e-5
-9.786061115932206	1.682022100350905e-5
-9.770353152664256	1.6869054871945042e-5
-9.754645189396308	1.691810250093901e-5
-9.738937226128359	1.696736514447614e-5
-9.723229262860409	1.7016844065783946e-5
-9.707521299592461	1.706654053741472e-5
-9.691813336324511	1.711645584132764e-5
-9.676105373056563	1.7166591268973027e-5
-9.660397409788613	1.7216948121377876e-5
-9.644689446520665	1.7267527709230466e-5
-9.628981483252716	1.7318331352967077e-5
-9.613273519984768	1.7369360382859865e-5
-9.597565556716818	1.7420616139105254e-5
-9.58185759344887	1.747209997191245e-5
-9.56614963018092	1.7523813241594717e-5
-9.55044166691297	1.7575757318659427e-5
-9.534733703645022	1.762793358390175e-5
-9.519025740377073	1.7680343428496358e-5
-9.503317777109125	1.773298825409201e-5
-9.487609813841175	1.7785869472907053e-5
-9.471901850573227	1.783898850782523e-5
-9.456193887305277	1.7892346792492872e-5
-9.44048592403733	1.7945945771417327e-5
-9.42477796076938	1.7999786900065363e-5
-9.40906999750143	1.805387164496518e-5
-9.393362034233482	1.8108201483805958e-5
-9.377654070965532	1.816277790554134e-5
-9.361946107697584	1.8217602410493137e-5
-9.346238144429634	1.827267651045544e-5
-9.330530181161686	1.832800172880094e-5
-9.314822217893736	1.838357960058763e-5
-9.299114254625788	1.8439411672667117e-5
-9.283406291357839	1.849549950379393e-5
-9.267698328089889	1.8551844664735883e-5
-9.25199036482194	1.8608448738385648e-5
-9.236282401553991	1.8665313319874526e-5
-9.220574438286043	1.872244001668553e-5
-9.204866475018093	1.8779830448769126e-5
-9.189158511750145	1.8837486248660473e-5
-9.173450548482196	1.8895409061596785e-5
-9.157742585214248	1.8953600545636762e-5
-9.142034621946298	1.9012062371781026e-5
-9.12632665867835	1.9070796224094058e-5
-9.1106186954104	1.912980379982811e-5
-9.09491073214245	1.9189086809546295e-5
-9.079202768874502	1.9248646977250504e-5
-9.063494805606553	1.9308486040506842e-5
-9.047786842338605	1.9368605750576064e-5
-9.032078879070655	1.9429007872542817e-5
-9.016370915802707	1.948969418544778e-5
-9.000662952534757	1.9550666482420598e-5
-8.984954989266809	1.9611926570815028e-5
-8.96924702599886	1.9673476272344062e-5
-8.953539062730911	1.973531742321851e-5
-8.937831099462962	1.9797451874286328e-5
-8.922123136195012	1.9859881491172794e-5
-8.906415172927064	1.9922608154423152e-5
-8.890707209659114	1.998563375964701e-5
-8.874999246391166	2.0048960217663403e-5
-8.859291283123216	2.0112589454648595e-5
-8.843583319855268	2.017652341228464e-5
-8.827875356587318	2.024076404790996e-5
-8.81216739331937	2.0305313334672508e-5
-8.79645943005142	2.0370173261683246e-5
-8.780751466783471	2.0435345834171606e-5
-8.765043503515523	2.0500833073644516e-5
-8.749335540247573	2.0566637018044528e-5
-8.733627576979625	2.0632759721911667e-5
-8.717919613711675	2.0699203256546857e-5
-8.702211650443727	2.0765969710176688e-5
-8.686503687175778	2.083306118812024e-5
-8.67079572390783	2.090047981295826e-5
-8.65508776063988	2.0968227724704213e-5
-8.63937979737193	2.1036307080976353e-5
-8.623671834103982	2.1104720057173314e-5
-8.607963870836032	2.1173468846650843e-5
-8.592255907568084	2.124255566090031e-5
-8.576547944300135	2.131198272973016e-5
-8.560839981032187	2.1381752301449422e-5
-8.545132017764237	2.1451866643052293e-5
-8.529424054496289	2.152232804040557e-5
-8.51371609122834	2.1593138798439672e-5
-8.498008127960391	2.1664301241338997e-5
-8.482300164692441	2.173581771273698e-5
-8.466592201424492	2.180769057591244e-5
-8.450884238156544	2.1879922213988407e-5
-8.435176274888594	2.1952515030133104e-5
-8.419468311620646	2.202547144776421e-5
-8.403760348352696	2.209879391075421e-5
-8.388052385084748	2.217248488363891e-5
-8.372344421816798	2.2246546851828933e-5
-8.35663645854885	2.2320982321823005e-5
-8.3409284952809	2.2395793821423754e-5
-8.325220532012953	2.2470983899956574e-5
-8.309512568745003	2.2546555128490943e-5
-8.293804605477053	2.2622510100064477e-5
-8.278096642209105	2.2698851429909658e-5
-8.262388678941155	2.2775581755682596e-5
-8.246680715673207	2.2852703737697183e-5
-8.230972752405258	2.293022005915776e-5
-8.21526478913731	2.3008133426397573e-5
-8.19955682586936	2.308644656912118e-5
-8.183848862601412	2.3165162240646054e-5
-8.168140899333462	2.3244283218151622e-5
-8.152432936065512	2.3323812302926424e-5
-8.136724972797564	2.3403752320623187e-5
-8.121017009529615	2.3484106121513413e-5
-8.105309046261667	2.3564876580746923e-5
-8.089601082993717	2.3646066598614726e-5
-8.073893119725769	2.372767910081362e-5
-8.058185156457819	2.380971703871566e-5
-8.042477193189871	2.389218338964025e-5
-8.026769229921921	2.397508115712922e-5
-8.011061266653972	2.4058413371226652e-5
-7.995353303386024	2.4142183088761173e-5
-7.979645340118075	2.4226393393630678e-5
-7.963937376850126	2.4311047397095293e-5
-7.948229413582177	2.4396148238066673e-5
-7.932521450314228	2.4481699083407328e-5
-7.916813487046278	2.4567703128230712e-5
-7.901105523778329	2.4654163596206353e-5
-7.8853975605103805	2.4741083739866376e-5
-7.869689597242432	2.4828466840920498e-5
-7.853981633974483	2.4916316210570095e-5
-7.838273670706534	2.5004635189829167e-5
-7.822565707438585	2.5093427149849032e-5
-7.806857744170636	2.518269549224644e-5
-7.791149780902687	2.527244364943677e-5
-7.7754418176347375	2.5362675084969878e-5
-7.759733854366789	2.545339329387271e-5
-7.74402589109884	2.554460180299389e-5
-7.728317927830891	2.5636304171355434e-5
-7.712609964562942	2.572850399050577e-5
-7.696902001294993	2.5821204884879745e-5
-7.681194038027044	2.5914410512162376e-5
-7.665486074759095	2.6008124563658063e-5
-7.6497781114911465	2.6102350764663963e-5
-7.634070148223198	2.6197092874847017e-5
-7.618362184955249	2.629235468862951e-5
-7.602654221687299	2.638814003557588e-5
-7.58694625841935	2.6484452780786117e-5
-7.571238295151401	2.6581296825294807e-5
-7.555530331883452	2.6678676106475596e-5
-7.5398223686155035	2.6776594598448907e-5
-7.524114405347555	2.687505631249757e-5
-7.508406442079606	2.697406529748711e-5
-7.492698478811657	2.707362564029078e-5
-7.476990515543708	2.7173741466221177e-5
-7.461282552275758	2.727441693946698e-5
-7.445574589007809	2.7375656263537133e-5
-7.4298666257398605	2.747746368170827e-5
-7.414158662471912	2.7579843477479575e-5
-7.398450699203963	2.768279997503566e-5
-7.382742735936014	2.7786337539711938e-5
-7.367034772668065	2.789046057846865e-5
-7.351326809400116	2.799517354037171e-5
-7.335618846132167	2.8100480917077054e-5
-7.319910882864218	2.8206387243326653e-5
-7.304202919596269	2.8312897097444696e-5
-7.28849495632832	2.842001510184812e-5
-7.272786993060371	2.8527745923556273e-5
-7.257079029792422	2.8636094274714915e-5
-7.241371066524473	2.8745064913120716e-5
-7.225663103256524	2.8854662642758754e-5
-7.209955139988575	2.8964892314343782e-5
-7.194247176720626	2.9075758825868886e-5
-7.1785392134526775	2.918726712316514e-5
-7.162831250184729	2.929942220046519e-5
-7.147123286916779	2.9412229100976287e-5
-7.13141532364883	2.9525692917461567e-5
-7.115707360380881	2.9639818792829503e-5
-7.099999397112932	2.975461192073005e-5
-7.084291433844983	2.9870077546161038e-5
-7.0685834705770345	2.9986220966082573e-5
-7.052875507309086	3.010304753003919e-5
-7.037167544041137	3.0220562640791432e-5
-7.021459580773188	3.0338771754956823e-5
-7.005751617505239	3.0457680383659342e-5
-6.99004365423729	3.0577294093186865e-5
-6.97433569096934	3.069761850566179e-5
-6.9586277277013915	3.081865929971601e-5
-6.942919764433443	3.094042221118052e-5
-6.927211801165494	3.106291303378037e-5
-6.911503837897545	3.118613761984418e-5
-6.895795874629596	3.131010188101872e-5
-6.880087911361647	3.143481178899887e-5
-6.864379948093698	3.156027337626522e-5
-6.848671984825749	3.168649273683087e-5
-6.8329640215578	3.181347602700459e-5
-6.817256058289851	3.194122946615773e-5
-6.801548095021902	3.20697593375095e-5
-6.785840131753953	3.2199071988918076e-5
-6.770132168486004	3.2329173833685946e-5
-6.754424205218055	3.246007135137668e-5
-6.738716241950106	3.2591771088644847e-5
-6.7230082786821574	3.272427966007387e-5
-6.707300315414209	3.285760374903228e-5
-6.69159235214626	3.299175010853859e-5
-6.675884388878311	3.312672556214018e-5
-6.660176425610361	3.3262537004803656e-5
-6.644468462342412	3.3399191403821405e-5
-6.628760499074463	3.353669579973031e-5
-6.613052535806514	3.367505730724259e-5
-6.5973445725385655	3.38142831161934e-5
-6.581636609270617	3.3954380492500273e-5
-6.565928646002668	3.409535677913847e-5
-6.550220682734719	3.4237219397130445e-5
-6.53451271946677	3.437997584655026e-5
-6.51880475619882	3.4523633707543466e-5
-6.503096792930871	3.466820064136264e-5
-6.4873888296629225	3.481368439141779e-5
-6.471680866394974	3.496009278434327e-5
-6.455972903127025	3.510743373108215e-5
-6.440264939859076	3.525571522798496e-5
-6.424556976591127	3.540494535792701e-5
-6.408849013323178	3.5555132291443256e-5
-6.393141050055229	3.570628428787781e-5
-6.37743308678728	3.5858409696554664e-5
-6.3617251235193315	3.6011516957965826e-5
-6.346017160251382	3.616561460497528e-5
-6.330309196983433	3.6320711264045394e-5
-6.314601233715484	3.6476815656479994e-5
-6.298893270447535	3.663393659968739e-5
-6.283185307179586	3.6792083008464004e-5
-6.267477343911637	3.695126389629748e-5
-6.2517693806436885	3.7111488376690235e-5
-6.23606141737574	3.727276566450439e-5
-6.220353454107791	3.743510507732798e-5
-6.204645490839841	3.7598516036862704e-5
-6.188937527571892	3.7763008070333014e-5
-6.173229564303943	3.792859081191877e-5
-6.157521601035994	3.809527400421031e-5
-6.1418136377680455	3.826306749968724e-5
-6.126105674500097	3.843198126222099e-5
-6.110397711232148	3.86020253686004e-5
-6.094689747964199	3.877321001008293e-5
-6.07898178469625	3.8945545493970755e-5
-6.063273821428301	3.911904224521348e-5
-6.047565858160352	3.929371080803472e-5
-6.031857894892402	3.946956184758776e-5
-6.0161499316244536	3.964660615163472e-5
-6.000441968356505	3.9824854632258175e-5
-5.984734005088556	4.000431832759627e-5
-5.969026041820607	4.018500840360868e-5
-5.953318078552658	4.036693615587168e-5
-5.937610115284709	4.0550113011402316e-5
-5.92190215201676	4.0734550530513545e-5
-5.906194188748811	4.0920260408698655e-5
-5.890486225480862	4.110725447854923e-5
-5.874778262212913	4.129554471170413e-5
-5.859070298944964	4.148514322083098e-5
-5.843362335677015	4.167606226164077e-5
-5.827654372409066	4.1868314234936445e-5
-5.811946409141117	4.206191168869841e-5
-5.796238445873168	4.2256867320200255e-5
-5.7805304826052195	4.245319397816674e-5
-5.764822519337271	4.265090466496209e-5
-5.749114556069322	4.28500125388206e-5
-5.733406592801373	4.305053091611428e-5
-5.717698629533423	4.3252473273655846e-5
-5.701990666265474	4.345585325104659e-5
-5.686282702997525	4.3660684653061626e-5
-5.6705747397295765	4.386698145207612e-5
-5.654866776461628	4.4074757790535954e-5
-5.639158813193679	4.428402798346797e-5
-5.62345084992573	4.449480652103788e-5
-5.607742886657781	4.470710807114851e-5
-5.592034923389832	4.49209474820874e-5
-5.576326960121882	4.5136339785218594e-5
-5.5606189968539335	4.535330019772252e-5
-5.544911033585985	4.5571844125382896e-5
-5.529203070318036	4.579198716543091e-5
-5.513495107050087	4.601374510942294e-5
-5.497787143782138	4.6237133946186375e-5
-5.482079180514189	4.646216986481141e-5
-5.46637121724624	4.668886925769314e-5
-5.450663253978291	4.691724872363529e-5
-5.4349552907103424	4.714732507100241e-5
-5.419247327442394	4.737911532093725e-5
-5.403539364174444	4.7612636710625735e-5
-5.387831400906495	4.784790669663284e-5
-5.372123437638546	4.8084942958289626e-5
-5.356415474370597	4.832376340114689e-5
-5.340707511102648	4.856438616049216e-5
-5.324999547834699	4.8806829604927716e-5
-5.3092915845667505	4.905111234001882e-5
-5.293583621298802	4.929725321200609e-5
-5.277875658030853	4.954527131158793e-5
-5.262167694762903	4.979518597777313e-5
-5.246459731494954	5.0047016801804885e-5
-5.230751768227005	5.0300783631156367e-5
-5.215043804959056	5.0556506573604856e-5
-5.1993358416911075	5.08142060013801e-5
-5.183627878423159	5.107390255538886e-5
-5.16791991515521	5.133561714952308e-5
-5.152211951887261	5.1599370975046565e-5
-5.136503988619312	5.186518550506718e-5
-5.120796025351363	5.213308249909062e-5
-5.105088062083414	5.240308400766785e-5
-5.0893800988154645	5.267521237712294e-5
-5.073672135547516	5.294949025437829e-5
-5.057964172279567	5.322594059187077e-5
-5.042256209011618	5.350458665256031e-5
-5.026548245743669	5.378545201504298e-5
-5.01084028247572	5.406856057875046e-5
-4.995132319207771	5.435393656926694e-5
-4.979424355939822	5.4641604543737953e-5
-4.9637163926718735	5.493158939638702e-5
-4.948008429403924	5.52239163641467e-5
-4.932300466135975	5.55186110323967e-5
-4.916592502868026	5.581569934081323e-5
-4.900884539600077	5.611520758933795e-5
-4.885176576332128	5.641716244426855e-5
-4.869468613064179	5.672159094446004e-5
-4.8537606497962305	5.702852050766553e-5
-4.838052686528282	5.733797893699175e-5
-4.822344723260333	5.7649994427488234e-5
-4.806636759992384	5.7964595572876745e-5
-4.790928796724435	5.828181137240513e-5
-4.775220833456485	5.8601671237851086e-5
-4.759512870188536	5.892420500066252e-5
-4.743804906920587	5.9249442919247585e-5
-4.7280969436526386	5.957741568641207e-5
-4.71238898038469	5.990815443695203e-5
-4.696681017116741	6.0241690755403256e-5
-4.680973053848792	6.057805668394808e-5
-4.665265090580843	6.0917284730492764e-5
-4.649557127312894	6.125940787690734e-5
-4.633849164044944	6.160445958744219e-5
-4.6181412007769955	6.195247381731896e-5
-4.602433237509047	6.230348502150555e-5
-4.586725274241098	6.265752816367223e-5
-4.571017310973149	6.301463872534095e-5
-4.5553093477052	6.337485271523057e-5
-4.539601384437251	6.373820667879501e-5
-4.523893421169302	6.410473770797778e-5
-4.508185457901353	6.44744834511609e-5
-4.4924774946334045	6.48474821233431e-5
-4.476769531365456	6.52237725165268e-5
-4.461061568097506	6.560339401033857e-5
-4.445353604829557	6.598638658287525e-5
-4.429645641561608	6.63727908217933e-5
-4.413937678293659	6.676264793563526e-5
-4.39822971502571	6.715599976540793e-5
-4.3825217517577615	6.7552888796418e-5
-4.366813788489813	6.795335817036747e-5
-4.351105825221864	6.835745169772027e-5
-4.335397861953915	6.876521387034312e-5
-4.319689898685965	6.917668987442883e-5
-4.303981935418016	6.95919256037125e-5
-4.288273972150067	7.001096767298544e-5
-4.2725660088821185	7.043386343191219e-5
-4.25685804561417	7.086066097916324e-5
-4.241150082346221	7.129140917687076e-5
-4.225442119078272	7.172615766541402e-5
-4.209734155810323	7.216495687854288e-5
-4.194026192542374	7.260785805885218e-5
-4.178318229274425	7.3054913273612e-5
-4.162610266006476	7.35061754309653e-5
-4.146902302738527	7.396169829650542e-5
-4.131194339470578	7.442153651023824e-5
-4.115486376202629	7.48857456039418e-5
-4.09977841293468	7.535438201893765e-5
-4.084070449666731	7.58275031242781e-5
-4.068362486398782	7.630516723537017e-5
-4.052654523130833	7.678743363303773e-5
-4.036946559862884	7.727436258304338e-5
-4.0212385965949355	7.776601535607512e-5
-4.005530633326986	7.826245424821659e-5
-3.9898226700590373	7.876374260191023e-5
-3.9741147067910885	7.92699448274326e-5
-3.958406743523139	7.978112642488776e-5
-3.9426987802551903	8.029735400674256e-5
-3.9269908169872414	8.081869532091174e-5
-3.9112828537192925	8.134521927441288e-5
-3.8955748904513436	8.187699595761247e-5
-3.8798669271833943	8.241409666905839e-5
-3.8641589639154454	8.295659394094944e-5
-3.8484510006474966	8.35045615652316e-5
-3.8327430373795477	8.405807462035055e-5
-3.817035074111599	8.461720949868426e-5
-3.8013271108436495	8.518204393466341e-5
-3.7856191475757006	8.575265703361334e-5
-3.7699111843077517	8.632912930132774e-5
-3.754203221039803	8.691154267440098e-5
-3.738495257771854	8.749998055134296e-5
-3.7227872945039047	8.809452782449661e-5
-3.707079331235956	8.869527091278434e-5
-3.691371367968007	8.930229779530502e-5
-3.675663404700058	8.991569804581552e-5
-3.659955441432109	9.05355628681097e-5
-3.64424747816416	9.116198513233811e-5
-3.628539514896211	9.179505941229348e-5
-3.612831551628262	9.243488202366988e-5
-3.597123588360313	9.308155106335802e-5
-3.5814156250923643	9.373516644980218e-5
-3.565707661824415	9.439582996442258e-5
-3.549999698556466	9.506364529418139e-5
-3.5342917352885173	9.573871807528578e-5
-3.5185837720205684	9.642115593809758e-5
-3.5028758087526195	9.711106855326959e-5
-3.48716784548467	9.7808567679147e-5
-3.4714598822167213	9.8513767210488e-5
-3.4557519189487724	9.922678322853737e-5
-3.4400439556808236	9.994773405247992e-5
-3.4243359924128747	0.00010067674029236785
-3.4086280291449254	0.00010141392490350261
-3.3929200658769765	0.00010215941324237925
-3.3772121026090276	0.00010291333312421334
-3.3615041393410787	0.00010367581488210357
-3.34579617607313	0.00010444699142789141
-3.3300882128051805	0.00010522699831478509
-3.3143802495372316	0.00010601597380177328
-3.2986722862692828	0.0001068140589199393
-3.282964323001334	0.00010762139754068003
-3.267256359733385	0.00010843813644595139
-3.2515483964654357	0.00010926442540057128
-3.235840433197487	0.00011010041722666883
-3.220132469929538	0.00011094626788034313
-3.204424506661589	0.00011180213653062322
-3.18871654339364	0.00011266818564078908
-3.173008580125691	0.00011354458105215898
-3.157300616857742	0.00011443149207040545
-3.141592653589793	0.0001153290915545156
-3.1258846903218442	0.00011623755600846791
-3.1101767270538954	0.00011715706567573681
-3.094468763785946	0.00011808780463671115
-3.078760800517997	0.00011902996090915753
-3.0630528372500483	0.00011998372655180824
-3.0473448739820994	0.00012094929777121105
-3.0316369107141505	0.00012192687503194756
-3.015928947446201	0.00012291666317035545
-3.0002209841782523	0.00012391887151186768
-2.9845130209103035	0.0001249337139921247
-2.9688050576423546	0.00012596140928198014
-2.9530970943744057	0.00012700218091655737
-2.9373891311064564	0.00012805625742851653
-2.9216811678385075	0.0001291238724856747
-2.9059732045705586	0.00013020526503316587
-2.8902652413026098	0.00013130067944028568
-2.874557278034661	0.0001324103656522528
-2.8588493147667116	0.00013353457934700994
-2.8431413514987627	0.00013467358209733296
-2.827433388230814	0.00013582764153839002
-2.811725424962865	0.00013699703154102172
-2.796017461694916	0.00013818203239094104
-2.7803094984269667	0.0001393829309740831
-2.764601535159018	0.00014060002096838044
-2.748893571891069	0.0001418336030421873
-2.73318560862312	0.00014308398505966837
-2.7174776453551712	0.0001443514822933904
-2.701769682087222	0.00014563641764444256
-2.686061718819273	0.00014693912187038657
-2.670353755551324	0.00014825993382136925
-2.6546457922833753	0.0001495992006847316
-2.6389378290154264	0.00015095727823847478
-2.623229865747477	0.0001523345311139676
-2.607521902479528	0.00015373133306826955
-2.5918139392115793	0.00015514806726650392
-2.5761059759436304	0.00015658512657470337
-2.5603980126756816	0.00015804291386358642
-2.5446900494077322	0.0001595218423237292
-2.5289820861397834	0.00016102233579266977
-2.5132741228718345	0.00016254482909442892
-2.4975661596038856	0.00016408976839202936
-2.4818581963359367	0.00016565761155358643
-2.4661502330679874	0.00016724882853259127
-2.4504422698000385	0.0001688639017630158
-2.4347343065320897	0.00017050332656992756
-2.419026343264141	0.00017216761159634085
-2.403318379996192	0.00017385727924701763
-2.3876104167282426	0.00017557286615006671
-2.3719024534602937	0.0001773149236371062
-2.356194490192345	0.0001790840182429422
-2.340486526924396	0.0001808807322256363
-2.324778563656447	0.00018270566410795317
-2.3090706003884978	0.0001845594292412685
-2.293362637120549	0.00018644266039290916
-2.2776546738526	0.00018835600835823247
-2.261946710584651	0.00019030014259853649
-2.2462387473167023	0.00019227575190614214
-2.230530784048753	0.000194283545097994
-2.214822820780804	0.00019632425173922305
-2.199114857512855	0.00019839862289816704
-2.1834068942449063	0.00020050743193451276
-2.1676989309769574	0.00020265147532219275
-2.151990967709008	0.00020483157350889407
-2.1362830044410592	0.00020704857181408947
-2.1205750411731104	0.00020930334136757856
-2.1048670779051615	0.00021159678009075874
-2.0891591146372126	0.0002139298137228409
-2.0734511513692633	0.0002163033968944894
-2.0577431881013144	0.00021871851425143382
-2.0420352248333655	0.0002211761816308036
-2.0263272615654166	0.0002236774472931019
-2.0106192982974678	0.0002262233932128938
-1.9949113350295187	0.00022881513643153382
-1.9792033717615696	0.00023145383047543759
-1.9634954084936207	0.00023414066684361313
-1.9477874452256718	0.00023687687656849153
-1.9320794819577227	0.00023966373185425123
-1.9163715186897738	0.0002425025477972221
-1.9006635554218247	0.0002453946841931928
-1.8849555921538759	0.00024834154743678987
-1.869247628885927	0.0002513445925185087
-1.853539665617978	0.0002544053251252586
-1.837831702350029	0.000257525303850596
-1.82212373908208	0.00026070614252230535
-1.806415775814131	0.00026394951265281747
-1.7907078125461822	0.0002672571460222328
-1.774999849278233	0.0002706308374010421
-1.7592918860102842	0.0002740724474219509
-1.743583922742335	0.0002775839056104295
-1.7278759594743862	0.0002811672135842527
-1.7121679962064373	0.00028482444843342617
-1.6964600329384882	0.0002885577662946645
-1.6807520696705394	0.00029236940612130727
-1.6650441064025903	0.00029626169373173414
-1.6493361431346414	0.00030023704579337725
-1.6336281798666925	0.0003042979748144915
-1.6179202165987434	0.0003084470934849939
-1.6022122533307945	0.00031268711933707865
-1.5865042900628454	0.00031702088140304007
-1.5707963267948966	0.0003214513243841513
-1.5550883635269477	0.0003259815156147514
-1.5393804002589986	0.0003306146510903482
-1.5236724369910497	0.00033535406239970113
-1.5079644737231006	0.0003402032239531852
-1.4922565104551517	0.0003451657607070689
-1.4765485471872029	0.0003502454563973518
-1.4608405839192538	0.0003554462623224665
-1.4451326206513049	0.00036077230671987637
-1.4294246573833558	0.0003662279047898179
-1.413716694115407	0.0003718175695064519
-1.398008730847458	0.00037754602425649284
-1.382300767579509	0.0003834182472879664
-1.36659280431156	0.00038943930267904453
-1.350884841043611	0.00039561473147350565
-1.335176877775662	0.00040195018764196277
-1.3194689145077132	0.0004084516404724075
-1.303760951239764	0.00041512536128452543
-1.2880529879718152	0.00042197792156134387
-1.2723450247038661	0.0004290162545800172
-1.2566370614359172	0.000436247634960849
-1.2409290981679684	0.0004436797237462877
-1.2252211349000193	0.0004513205895699957
-1.2095131716320704	0.00045917873615503415
-1.1938052083641213	0.0004672631323596144
-1.1780972450961724	0.000475583244589946
-1.1623892818282235	0.0004841490719977817
-1.1466813185602744	0.000492971185793374
-1.1309733552923256	0.0005020607822052771
-1.1152653920243765	0.0005114296659688377
-1.0995574287564276	0.0005210905705463156
-1.0838494654884787	0.000531056354414742
-1.0681415022205296	0.0005413418997240062
-1.0524335389525807	0.0005519613912960851
-1.0367255756846316	0.0005629309055607699
-1.0210176124166828	0.0005742680037493002
-1.0053096491487339	0.0005859905599783634
-0.9896016858807848	0.000598117915039743
-0.9738937226128359	0.0006106707481594034
-0.9581857593448869	0.0006236711872783783
-0.9424777960769379	0.0006371429436232038
-0.926769832808989	0.0006511114713502195
-0.91106186954104	0.0006656041454297137
-0.8953539062730911	0.0006806505518363998
-0.8796459430051421	0.0006962828528943229
-0.8639379797371931	0.0007125370080414707
-0.8482300164692441	0.0007294583883016444
-0.8325220532012951	0.0007472608314559783
-0.8168140899333463	0.0007663220367110817
-0.8011061266653973	0.0007847674975255719
-0.7853981633974483	0.000804488343152074
-0.7696902001294993	0.0008253150179280769
-0.7539822368615503	0.0008471116733551091
-0.7382742735936014	0.0008699320770847725
-0.7225663103256524	0.0008938469176433926
-0.7068583470577035	0.000918936325663268
-0.6911503837897545	0.0009452896969632957
-0.6754424205218055	0.0009730068041721349
-0.6597344572538566	0.0010022006893500271
-0.6440264939859076	0.0010329944893773366
-0.6283185307179586	0.0010655361843237175
-0.6126105674500096	0.0010999940572935356
-0.5969026041820606	0.0011365708869813102
-0.5811946409141118	0.0011755315121852008
-0.5654866776461628	0.0012175975975883043
-0.5497787143782138	0.0012818238569841597
-0.5340707511102648	0.0013118221830759613
-0.5183627878423158	0.00137040462503517
-0.5026548245743669	0.0014785159934334745
-0.48694686130641796	0.004192560340724525
-0.47123889803846897	0.001573880230277046
-0.45553093477052	0.0016446530402675957
-0.43982297150257105	0.00169144403705269
-0.42411500823462206	0.0017559738092563395
-0.4084070449666731	0.0018427917965436252
-0.39269908169872414	0.0019414898848360241
-0.37699111843077515	0.002053749109185596
-0.3612831551628262	0.002183626600903369
-0.34557519189487723	0.002338839438193442
-0.3298672286269283	0.0025350357909686926
-0.3141592653589793	0.002812546878469476
-0.2984513020910303	0.0033134445307664165
-0.2827433388230814	0.004914284232035492
-0.2670353755551324	0.04799015824617309
-0.25132741228718347	0.009304588904297037
-0.23561944901923448	0.004777113233789288
-0.21991148575128552	0.0045627067787820195
-0.20420352248333656	0.0046807112815115065
-0.18849555921538758	0.005114223670666402
-0.17278759594743862	0.005726638225911343
-0.15707963267948966	0.00654445519023857
-0.1413716694115407	0.007641691140033551
-0.12566370614359174	0.009152659264312317
-0.10995574287564276	0.011318798587785268
-0.09424777960769379	0.014600273860279896
-0.07853981633974483	0.01996017640435064
-0.06283185307179587	0.029701870014452042
-0.047123889803846894	0.05054047008487866
-0.031415926535897934	0.10965271029587208
-0.015707963267948967	0.42716925427462993
0.0	104.70977020377549
0.015707963267948967	0.4281304642562405
0.031415926535897934	0.11114843576149218
0.047123889803846894	0.052847486982153975
0.06283185307179587	0.03290944089967111
0.07853981633974483	0.02420088297279422
0.09424777960769379	0.020068985026613074
0.10995574287564276	0.018302871761501364
0.12566370614359174	0.01808447530092622
0.1413716694115407	0.019194945535455747
0.15707963267948966	0.021822989416584313
0.17278759594743862	0.026669446518089106
0.18849555921538758	0.0354787516433487
0.20420352248333656	0.05295391131222266
0.21991148575128552	0.10201966130556825
0.23561944901923448	0.21942952881271752
0.25132741228718347	1.1519860210050024
0.2670353755551324	8.636680972158972
0.2827433388230814	0.402244892912745
0.2984513020910303	0.13283003345403316
0.3141592653589793	0.07065145919878096
0.3298672286269283	0.04812375361684456
0.34557519189487723	0.038641083766470595
0.3612831551628262	0.03530021628167469
0.37699111843077515	0.03632033606320182
0.39269908169872414	0.04174383840767131
0.4084070449666731	0.05419468044036035
0.42411500823462206	0.08415336146591465
0.43982297150257105	0.23650143403215065
0.45553093477052	0.5128815418037105
0.47123889803846897	0.7812893309266284
0.48694686130641796	48.107639062883926
0.5026548245743669	1.2415871383895243
0.5183627878423158	0.28139801359093614
0.5340707511102648	0.13371156053052347
0.5497787143782138	1.2265457088822163
0.5654866776461628	0.08215366883727758
0.5811946409141118	0.04003539087919901
0.5969026041820606	0.03213419789364037
0.6126105674500096	0.028055001804180163
0.6283185307179586	0.02597918422512947
0.6440264939859076	0.02550615541936174
0.6597344572538566	0.02690675869908412
0.6754424205218055	0.028522351523356422
0.6911503837897545	0.032548805064379516
0.7068583470577035	0.03921959678575749
0.7225663103256524	0.05027721737506946
0.7382742735936014	0.06956421370858924
0.7539822368615503	0.10676258518219095
0.7696902001294993	0.19239137734615092
0.7853981633974483	0.47173143414364976
0.8011061266653973	3.0677969083514447
0.8168140899333463	10.945227581557946
0.8325220532012951	3.348360382044053
0.8482300164692441	0.3940691815277566
0.8639379797371931	0.16711424401010397
0.8796459430051421	0.09547224160481425
0.8953539062730911	0.06378493972140084
0.91106186954104	0.04616185103265674
0.926769832808989	0.03633628088130294
0.9424777960769379	0.029856771042366052
0.9581857593448869	0.02616250349263667
0.9738937226128359	0.02437555986501129
0.9896016858807848	0.024546795483911327
1.0053096491487339	0.027748975536534885
1.0210176124166828	0.03829334244820184
1.0367255756846316	0.07946319971282033
1.0524335389525807	0.5763497138757275
1.0681415022205296	0.6363346049739561
1.0838494654884787	0.10215837624190939
1.0995574287564276	0.5836250671939903
1.1152653920243765	0.06773498680900988
1.1309733552923256	0.12477491431025976
1.1466813185602744	0.02841179721330865
1.1623892818282235	0.018499613924467716
1.1780972450961724	0.018092266796814943
1.1938052083641213	0.018434284710873296
1.2095131716320704	0.019776511232007906
1.2252211349000193	0.022156756375142497
1.2409290981679684	0.02612664755476803
1.2566370614359172	0.036465601908377526
1.2723450247038661	0.049832476029736845
1.2880529879718152	0.0712924080695185
1.303760951239764	1.0513309407564475
1.3194689145077132	0.150014051206264
1.335176877775662	0.17154798137528338
1.350884841043611	0.375645655714876
1.36659280431156	1.7311454905816872
1.382300767579509	39.15653346347125
1.398008730847458	2.6722143944416215
1.413716694115407	0.4330879639511427
1.4294246573833558	0.1465217282937247
1.4451326206513049	0.08822534787928037
1.4608405839192538	0.06472921124457241
1.4765485471872029	0.053648638364394534
1.4922565104551517	0.04906456312442939
1.5079644737231006	0.04915879216140453
1.5236724369910497	0.0530325940928875
1.5393804002589986	0.06214184431282666
1.5550883635269477	0.08033018165591356
1.5707963267948966	0.13111012222565924
1.5865042900628454	1.7438475566678862
1.6022122533307945	0.7212786760708895
1.6179202165987434	17.99336812604174
1.6336281798666925	3.5931414651441442
1.6493361431346414	3.356441791939015
1.6650441064025903	17.015133111244637
1.6807520696705394	3.967471544374736
1.6964600329384882	1.973609935674888
1.7121679962064373	0.35038131673903566
1.7278759594743862	0.1677198129470666
1.743583922742335	0.10710539744763069
1.7592918860102842	0.07081351051105543
1.774999849278233	0.06153965771293893
1.7907078125461822	0.040775529531402115
1.806415775814131	0.03287186039385175
1.82212373908208	0.028138013987178623
1.837831702350029	0.027832204355246942
1.853539665617978	0.8529427091195891
1.869247628885927	0.308741334381587
1.8849555921538759	0.09444182935926147
1.9006635554218247	0.0273617903103337
1.9163715186897738	0.014004320409320408
1.9320794819577227	0.012526786633486832
1.9477874452256718	0.014568425502326376
1.9634954084936207	0.07788583083817723
1.9792033717615696	0.015168787660456718
1.9949113350295187	0.02833471088350957
2.0106192982974678	0.10936359939470648
2.0263272615654166	0.013634560267696143
2.0420352248333655	0.04654169011776372
2.0577431881013144	0.06466747741983676
2.0734511513692633	0.007977468917575826
2.0891591146372126	0.008000885206827337
2.1048670779051615	0.00890943432974839
2.1205750411731104	0.012635542958516188
2.1362830044410592	0.037706498745475284
2.151990967709008	0.21630183881929652
2.1676989309769574	0.0653633435574685
2.1834068942449063	0.08586299387224493
2.199114857512855	0.012140626825375872
2.214822820780804	0.011288294178130365
2.230530784048753	0.016573200152095617
2.2462387473167023	0.7016272470745785
2.261946710584651	0.01450771292175748
2.2776546738526	0.009648852008746657
2.293362637120549	0.009302583818049055
2.3090706003884978	0.010124050646358932
2.324778563656447	0.012489644827864
2.340486526924396	0.014374179534722592
2.356194490192345	0.018068665598733998
2.3719024534602937	0.025701415477575703
2.3876104167282426	0.07172213976960577
2.403318379996192	0.07184745076298946
2.419026343264141	0.3764851524967056
2.4347343065320897	0.45732904540633396
2.4504422698000385	95.3751702845876
2.4661502330679874	0.5600385921013767
2.4818581963359367	23.37368578378463
2.4975661596038856	0.3241370010455099
2.5132741228718345	0.09295649455764206
2.5289820861397834	0.7510791295271655
2.5446900494077322	0.05538479832958407
2.5603980126756816	0.022995767131300766
2.5761059759436304	0.16106430535505337
2.5918139392115793	0.014176438400905222
2.607521902479528	0.015685373942742428
2.623229865747477	0.008048105138092483
2.6389378290154264	0.0066515685923553645
2.6546457922833753	0.005955276422036549
2.670353755551324	0.013723545364332256
2.686061718819273	0.005350443975340616
2.701769682087222	0.024883967982340185
2.7174776453551712	0.0040997594715700275
2.73318560862312	0.0039759683310061356
2.748893571891069	0.004270008883188075
2.764601535159018	0.005623543928595214
2.7803094984269667	0.016084044323882274
2.796017461694916	0.04697718155302137
2.811725424962865	0.4161009112850133
2.827433388230814	0.012088380602974728
2.8431413514987627	0.01067371736963577
2.8588493147667116	0.009704722581155607
2.874557278034661	0.006279422956485778
2.8902652413026098	0.0027906736527991824
2.9059732045705586	0.0023149782576877267
2.9216811678385075	0.002211331192560758
2.9373891311064564	0.0025186061540453664
2.9530970943744057	0.0059730681423919236
2.9688050576423546	0.025712750786861905
2.9845130209103035	0.006177050366632666
3.0002209841782523	0.004711089447953058
3.015928947446201	0.011971352569845247
3.0316369107141505	0.0035332420317603992
3.0473448739820994	0.0220293115027072
3.0630528372500483	0.01322770442466828
3.078760800517997	0.002877045851241258
3.094468763785946	0.005742978867143012
3.1101767270538954	0.0017677113883597917
3.1258846903218442	0.0012647818445574387
3.141592653589793	0.0011085652438135203
3.157300616857742	0.0010295870731065425
3.173008580125691	0.0009766742183325756
3.18871654339364	0.0009395828194877674
3.204424506661589	0.0009343055524550637
3.220132469929538	0.0009057395071762906
3.235840433197487	0.000890272640193411
3.2515483964654357	0.0009084454560823074
3.267256359733385	0.0010178373848502601
3.282964323001334	0.0012096401831631824
3.2986722862692828	0.003155454609360356
3.3143802495372316	0.020354259070587542
3.3300882128051805	0.004388171187981642
3.34579617607313	0.002061123277056669
3.3615041393410787	0.015233265377940371
3.3772121026090276	0.0035396212457942306
3.3929200658769765	0.0014757065920795761
3.4086280291449254	0.0010682360674609103
3.4243359924128747	0.0007693387219255375
3.4400439556808236	0.0006728550706897571
3.4557519189487724	0.00064739530856454
3.4714598822167213	0.0008002062504550371
3.48716784548467	0.001301606512355156
3.5028758087526195	0.000560743123559511
3.5185837720205684	0.0005423644690276864
3.5342917352885173	0.0005494730135974014
3.549999698556466	0.0005108294131588587
3.565707661824415	0.0004983666814132191
3.5814156250923643	0.0004871141229491983
3.597123588360313	0.00047677739529650365
3.612831551628262	0.00046828137093979377
3.628539514896211	0.00045836242977453126
3.64424747816416	0.0004503457737671495
3.659955441432109	0.0004435397699266843
3.675663404700058	0.0004391891231834381
3.691371367968007	0.000442802556548789
3.707079331235956	0.0005094870102131264
3.7227872945039047	0.003991485546580643
3.738495257771854	0.0007984816301861272
3.754203221039803	0.0004134563141410456
3.7699111843077517	0.0004049838798720816
3.7856191475757006	0.0004779781616917804
3.8013271108436495	0.0005025522268702513
3.817035074111599	0.00037983305130393397
3.8327430373795477	0.000367848334856139
3.8484510006474966	0.00035976171561888896
3.8641589639154454	0.0003533381455523648
3.8798669271833943	0.00034748809020303646
3.8955748904513436	0.00034196811657808454
3.9112828537192925	0.0003366888640512966
3.9269908169872414	0.0003316082476191549
3.9426987802551903	0.00032670593170483557
3.958406743523139	0.00032197764795028033
3.9741147067910885	0.00031745061432979113
3.9898226700590373	0.0003136860879836852
4.005530633326986	0.0003093691738724337
4.0212385965949355	0.00030775852487091235
4.036946559862884	0.00030766213532134224
4.052654523130833	0.00033708457617054696
4.068362486398782	0.00031469379905231195
4.084070449666731	0.0002938226392362976
4.09977841293468	0.00043919193264816537
4.115486376202629	0.00028666193939032867
4.131194339470578	0.00027787589130915633
4.146902302738527	0.000273413117505176
4.162610266006476	0.00026958374959839654
4.178318229274425	0.00026599138853312487
4.194026192542374	0.0002625375612399689
4.209734155810323	0.0002591863057884349
4.225442119078272	0.000255920892467575
4.241150082346221	0.00025273203401072905
4.25685804561417	0.0002496138123951149
4.2725660088821185	0.00024656202462823606
4.288273972150067	0.0002435734265700698
4.303981935418016	0.00024064535426552132
4.319689898685965	0.00023777551990166915
4.335397861953915	0.00023496189493966104
4.351105825221864	0.00023220263957110274
4.366813788489813	0.00022949605811662982
4.3825217517577615	0.000226840569620414
4.39822971502571	0.00022423468770225283
4.413937678293659	0.00022167700624992068
4.429645641561608	0.00021916618891398149
4.445353604829557	0.00021670096115092202
4.461061568097506	0.00021428010402062015
4.476769531365456	0.00021190244922238675
4.4924774946334045	0.0002095668750265701
4.508185457901353	0.0002072723028685715
4.523893421169302	0.0002050176944435622
4.539601384437251	0.0002028020491874981
4.5553093477052	0.00020062440206212388
4.571017310973149	0.00019848382158360503
4.586725274241098	0.00019637940804983616
4.602433237509047	0.000194310291932401
4.6181412007769955	0.00019227563240699325
4.633849164044944	0.0001902746160019564
4.649557127312894	0.0001883064553486738
4.665265090580843	0.00018637038802093634
4.680973053848792	0.00018446567545265665
4.696681017116741	0.00018259160192535604
4.71238898038469	0.0001807474736180441
4.7280969436526386	0.0001789326177134975
4.743804906920587	0.00017714638155577177
4.759512870188536	0.00017538813185435763
4.775220833456485	0.00017365725393124316
4.790928796724435	0.00017195315100741504
4.806636759992384	0.000170275243525864
4.822344723260333	0.00016862296850842615
4.838052686528282	0.00016699577894409702
4.8537606497962305	0.00016539314320670575
4.869468613064179	0.00016381454450002732
4.885176576332128	0.0001622594803286039
4.900884539600077	0.00016072746199268903
4.916592502868026	0.00015921801410586066
4.932300466135975	0.0001577306741339805
4.948008429403924	0.00015626499195429763
4.9637163926718735	0.00015482052943353533
4.979424355939822	0.00015339686002393968
4.995132319207771	0.0001519935683763241
5.01084028247572	0.00015061024996918987
5.026548245743669	0.00014924651075311739
5.042256209011618	0.00014790196680960664
5.057964172279567	0.0001465762440236717
5.073672135547516	0.00014526897776949196
5.0893800988154645	0.0001439798126084615
5.105088062083414	0.00014270840199907364
5.120796025351363	0.00014145440801803438
5.136503988619312	0.00014021750109209858
5.152211951887261	0.0001389973597401232
5.16791991515521	0.00013779367032486103
5.183627878423159	0.00013660612681404107
5.1993358416911075	0.00013543443055034272
5.215043804959056	0.00013427829002982933
5.230751768227005	0.00013313742068850112
5.246459731494954	0.0001320115446965762
5.262167694762903	0.0001309003907601873
5.277875658030853	0.0001298036939301768
5.293583621298802	0.00012872119541765918
5.3092915845667505	0.00012765264241608893
5.324999547834699	0.000126597787929558
5.340707511102648	0.00012555639060705012
5.356415474370597	0.0001245282145824132
5.372123437638546	0.0001235130293198196
5.387831400906495	0.00012251060946448234
5.403539364174444	0.00012152073469841528
5.419247327442394	0.00012054318960105308
5.4349552907103424	0.00011957776351449102
5.450663253978291	0.0001186242504132346
5.46637121724624	0.00011768244877820433
5.482079180514189	0.0001167521614748923
5.497787143782138	0.00011583319563545826
5.513495107050087	0.00011492536254466424
5.529203070318036	0.00011402847752945932
5.544911033585985	0.00011314235985210335
5.5606189968539335	0.00011226683260666997
5.576326960121882	0.00011140172261883776
5.592034923389832	0.00011054686034881442
5.607742886657781	0.00010970207979729182
5.62345084992573	0.0001088672184143254
5.639158813193679	0.00010804211701102246
5.654866776461628	0.00010722661967394102
5.6705747397295765	0.00010642057368209865
5.686282702997525	0.00010562382942649986
5.701990666265474	0.00010483624033210461
5.717698629533423	0.00010405766278211625
5.733406592801373	0.0001032879560445548
5.749114556069322	0.00010252698220098889
5.764822519337271	0.00010177460607739422
5.7805304826052195	0.00010103069517702182
5.796238445873168	0.00010029511961525255
5.811946409141117	9.956775205632022e-5
5.827654372409066	9.884846765189589e-5
5.843362335677015	9.813714398140582e-5
5.859070298944964	9.743366099409282e-5
5.874778262212913	9.673790095269861e-5
5.890486225480862	9.60497483787671e-5
5.906194188748811	9.536908999947508e-5
5.92190215201676	9.469581469596684e-5
5.937610115284709	9.402981345311875e-5
5.953318078552658	9.337097931071689e-5
5.969026041820607	9.271920731597189e-5
5.984734005088556	9.207439447735178e-5
6.000441968356505	9.143643971967187e-5
6.0161499316244536	9.080524384041845e-5
6.031857894892402	9.01807094672385e-5
6.047565858160352	8.95627410166136e-5
6.063273821428301	8.89512446536123e-5
6.07898178469625	8.834612825273232e-5
6.094689747964199	8.774730135979274e-5
6.110397711232148	8.71546751548246e-5
6.126105674500097	8.6568162415953e-5
6.1418136377680455	8.598767748422051e-5
6.157521601035994	8.54131362293359e-5
6.173229564303943	8.484445601631658e-5
6.188937527571892	8.428155567299286e-5
6.204645490839841	8.372435545834845e-5
6.220353454107791	8.317277703168839e-5
6.23606141737574	8.262674342258177e-5
6.2517693806436885	8.208617900157779e-5
6.267477343911637	8.155100945166595e-5
6.283185307179586	8.102116174045539e-5
6.298893270447535	8.049656409305293e-5
6.314601233715484	7.997714596562904e-5
6.330309196983433	7.946283801963142e-5
6.346017160251382	7.895357209665068e-5
6.3617251235193315	7.844928119389996e-5
6.37743308678728	7.794989944030478e-5
6.393141050055229	7.745536207317791e-5
6.408849013323178	7.696560541546354e-5
6.424556976591127	7.648056685353582e-5
6.440264939859076	7.600018481553713e-5
6.455972903127025	7.552439875023753e-5
6.471680866394974	7.50531491064072e-5
6.4873888296629225	7.458637731267812e-5
6.503096792930871	7.412402575788767e-5
6.51880475619882	7.36660377718897e-5
6.53451271946677	7.321235760682562e-5
6.550220682734719	7.27629304188255e-5
6.565928646002668	7.231770225015137e-5
6.581636609270617	7.187662001175e-5
6.5973445725385655	7.143963146621541e-5
6.613052535806514	7.100668521115032e-5
6.628760499074463	7.057773066290671e-5
6.644468462342412	7.015271804070402e-5
6.660176425610361	6.973159835111349e-5
6.675884388878311	6.931432337289614e-5
6.69159235214626	6.890084564218412e-5
6.707300315414209	6.849111843800272e-5
6.7230082786821574	6.808509576811877e-5
6.738716241950106	6.768273235520332e-5
6.754424205218055	6.728398362331356e-5
6.770132168486004	6.688880568466943e-5
6.785840131753953	6.649715532673038e-5
6.801548095021902	6.610898999955474e-5
6.817256058289851	6.57242678034442e-5
6.8329640215578	6.534294747685504e-5
6.848671984825749	6.496498838457846e-5
6.864379948093698	6.459035050618268e-5
6.880087911361647	6.421899442469903e-5
6.895795874629596	6.385088131555846e-5
6.911503837897545	6.348597293577346e-5
6.927211801165494	6.312423161334274e-5
6.942919764433443	6.276562023689308e-5
6.9586277277013915	6.241010224553393e-5
6.97433569096934	6.20576416189429e-5
6.99004365423729	6.170820286764636e-5
7.005751617505239	6.136175102351766e-5
7.021459580773188	6.101825163047132e-5
7.037167544041137	6.06776707353555e-5
7.052875507309086	6.033997487903224e-5
7.0685834705770345	6.000513108765054e-5
7.084291433844983	5.967310686409643e-5
7.099999397112932	5.9343870179621553e-5
7.115707360380881	5.901738946564817e-5
7.13141532364883	5.869363360574013e-5
7.147123286916779	5.8372571927740894e-5
7.162831250184729	5.8054174196073476e-5
7.1785392134526775	5.773841060419601e-5
7.194247176720626	5.742525176721075e-5
7.209955139988575	5.711466871462839e-5
7.225663103256524	5.680663288327315e-5
7.241371066524473	5.650111611033236e-5
7.257079029792422	5.6198090626548386e-5
7.272786993060371	5.589752904954366e-5
7.28849495632832	5.559940437728509e-5
7.304202919596269	5.5303689981670474e-5
7.319910882864218	5.5010359602249105e-5
7.335618846132167	5.471938734006411e-5
7.351326809400116	5.443074765161581e-5
7.367034772668065	5.4144415342945274e-5
7.382742735936014	5.386036556383549e-5
7.398450699203963	5.357857380212052e-5
7.414158662471912	5.329901587811284e-5
7.4298666257398605	5.302166793913159e-5
7.445574589007809	5.274650645414335e-5
7.461282552275758	5.2473508208503794e-5
7.476990515543708	5.2202650298799e-5
7.492698478811657	5.193391012778965e-5
7.508406442079606	5.166726539944845e-5
7.524114405347555	5.140269411409416e-5
7.5398223686155035	5.114017456361873e-5
7.555530331883452	5.087968532680125e-5
7.571238295151401	5.062120526471806e-5
7.58694625841935	5.036471351623246e-5
7.602654221687299	5.011018949357079e-5
7.618362184955249	4.985761287798377e-5
7.634070148223198	4.960696361548686e-5
7.6497781114911465	4.935822191268301e-5
7.665486074759095	4.9111368232656184e-5
7.681194038027044	4.886638329095116e-5
7.696902001294993	4.8623248051618056e-5
7.712609964562942	4.8381943723335464e-5
7.728317927830891	4.814245175560297e-5
7.74402589109884	4.790475383500442e-5
7.759733854366789	4.7668831881537165e-5
7.7754418176347375	4.743466804501139e-5
7.791149780902687	4.720224470151106e-5
7.806857744170636	4.6971544449923386e-5
7.822565707438585	4.674255010852783e-5
7.838273670706534	4.6515244711647374e-5
7.853981633974483	4.6289611506359143e-5
7.869689597242432	4.6065633949267525e-5
7.8853975605103805	4.5843295703328775e-5
7.901105523778329	4.5622580634737174e-5
7.916813487046278	4.540347280986889e-5
7.932521450314228	4.5185956492264985e-5
7.948229413582177	4.4970016139692133e-5
7.963937376850126	4.4755636401234006e-5
7.979645340118075	4.4542802114443504e-5
7.995353303386024	4.4331498302542044e-5
8.011061266653972	4.412171017167034e-5
8.026769229921921	4.391342310818334e-5
8.042477193189871	4.3706622675996544e-5
8.058185156457819	4.3501294613974515e-5
8.073893119725769	4.3297424833365856e-5
8.089601082993717	4.309499941528509e-5
8.105309046261667	4.289400460823169e-5
8.121017009529615	4.269442682565712e-5
8.136724972797564	4.2496252643573306e-5
8.152432936065512	4.229946879819814e-5
8.168140899333462	4.210406218364345e-5
8.183848862601412	4.191001984964269e-5
8.19955682586936	4.171732899931641e-5
8.21526478913731	4.1525976986974455e-5
8.230972752405258	4.1335951315957375e-5
8.246680715673207	4.114723963651158e-5
8.262388678941155	4.0959829743702436e-5
8.278096642209105	4.077370957536026e-5
8.293804605477053	4.05888672100619e-5
8.309512568745003	4.0405290865145395e-5
8.325220532012953	4.022296889475761e-5
8.3409284952809	4.0041889787932284e-5
8.35663645854885	3.9862042166705036e-5
8.372344421816798	3.968341478425306e-5
8.388052385084748	3.950599652306882e-5
8.403760348352696	3.9329776393163765e-5
8.419468311620646	3.9154743530299977e-5
8.435176274888594	3.898088719425178e-5
8.450884238156544	3.8808196767093435e-5
8.466592201424492	3.8636661751519055e-5
8.482300164692441	3.8466271769185146e-5
8.498008127960391	3.829701655908073e-5
8.51371609122834	3.812888597592631e-5
8.529424054496289	3.796186998859652e-5
8.545132017764237	3.7795958678566273e-5
8.560839981032187	3.76311422383866e-5
8.576547944300135	3.746741097018027e-5
8.592255907568084	3.730475528416211e-5
8.607963870836032	3.71431656971859e-5
8.623671834103982	3.6982632831309944e-5
8.63937979737193	3.6823147412387747e-5
8.65508776063988	3.666470026868199e-5
8.67079572390783	3.650728232949475e-5
8.686503687175778	3.6350884623828165e-5
8.702211650443727	3.619549827905663e-5
8.717919613711675	3.604111451962693e-5
8.733627576979625	3.58877246657733e-5
8.749335540247573	3.573532013225669e-5
8.765043503515523	3.558389242712091e-5
8.780751466783471	3.5433433150468385e-5
8.79645943005142	3.528393399325502e-5
8.81216739331937	3.5135386736104954e-5
8.827875356587318	3.498778324814021e-5
8.843583319855268	3.484111548583154e-5
8.859291283123216	3.469537549186536e-5
8.874999246391166	3.455055539402725e-5
8.890707209659114	3.440664740410422e-5
8.906415172927064	3.426364381680189e-5
8.922123136195012	3.412153700867905e-5
8.937831099462962	3.3980319437098216e-5
8.953539062730911	3.3839983639191026e-5
8.96924702599886	3.370052223084081e-5
8.984954989266809	3.356192790567874e-5
9.000662952534757	3.342419343409613e-5
9.016370915802707	3.3287311662271276e-5
9.032078879070655	3.3151275511210134e-5
9.047786842338605	3.301607797580119e-5
9.063494805606553	3.2881712123887276e-5
9.079202768874502	3.274817109534479e-5
9.09491073214245	3.261544810118369e-5
9.1106186954104	3.248353642265581e-5
9.12632665867835	3.235242941037817e-5
9.142034621946298	3.222212048346895e-5
9.157742585214248	3.209260312869591e-5
9.173450548482196	3.196387089963629e-5
9.189158511750145	3.183591741585205e-5
9.204866475018093	3.1708736362073194e-5
9.220574438286043	3.1582321487395194e-5
9.236282401553991	3.1456666604486954e-5
9.25199036482194	3.1331765588812536e-5
9.267698328089889	3.1207612377859895e-5
9.283406291357839	3.1084200970384685e-5
9.299114254625788	3.0961525425662984e-5
9.314822217893736	3.083957986275493e-5
9.330530181161686	3.071835845977862e-5
9.346238144429634	3.059785545319502e-5
9.361946107697584	3.0478065137103517e-5
9.377654070965532	3.0358981862544553e-5
9.393362034233482	3.0240600036816433e-5
9.40906999750143	3.0122914122798084e-5
9.42477796076938	3.0005918638283456e-5
9.44048592403733	2.9889608155324834e-5
9.456193887305277	2.9773977299584617e-5
9.471901850573227	2.965902074969684e-5
9.487609813841175	2.9544733236638026e-5
9.503317777109125	2.9431109543105435e-5
9.519025740377073	2.9318144502905565e-5
9.534733703645022	2.9205833000350456e-5
9.55044166691297	2.9094169969661063e-5
9.56614963018092	2.898315039438154e-5
9.58185759344887	2.88727693067992e-5
9.597565556716818	2.876302178737401e-5
9.613273519984768	2.8653902964175353e-5
9.628981483252716	2.8545408012325266e-5
9.644689446520665	2.8437532153452843e-5
9.660397409788613	2.8330270655150833e-5
9.676105373056563	2.8223618830445272e-5
9.691813336324511	2.8117572037268067e-5
9.707521299592461	2.801212567793816e-5
9.723229262860409	2.7907275198651315e-5
9.738937226128359	2.7803016088973518e-5
9.754645189396308	2.769934388134401e-5
9.770353152664256	2.759625415058408e-5
9.786061115932206	2.7493742513411727e-5
9.801769079200154	2.7391804627964367e-5
9.817477042468104	2.7290436193326157e-5
9.833185005736052	2.7189632949063005e-5
9.848892969004002	2.7089390674763093e-5
9.86460093227195	2.69897051895846e-5
9.8803088955399	2.6890572351806444e-5
9.896016858807847	2.679198805838911e-5
9.911724822075797	2.6693948244538727e-5
9.927432785343747	2.659644888327649e-5
9.943140748611695	2.6499485985015222e-5
9.958848711879645	2.6403055597142017e-5
9.974556675147593	2.630715380360283e-5
9.990264638415542	2.6211776724497247e-5
10.00597260168349	2.611692051567537e-5
10.02168056495144	2.602258136834028e-5
10.037388528219388	2.5928755508658045e-5
10.053096491487338	2.5835439197367435e-5
10.068804454755288	2.574262872940296e-5
10.084512418023236	2.565032043351386e-5
10.100220381291185	2.555851067189444e-5
10.115928344559133	2.546719583981676e-5
10.131636307827083	2.5376372365267478e-5
10.147344271095031	2.5286036708590857e-5
10.163052234362981	2.5196185362134944e-5
10.178760197630929	2.5106814849903552e-5
10.194468160898879	2.501792172721066e-5
10.210176124166829	2.4929502580343314e-5
10.225884087434777	2.484155402622321e-5
10.241592050702726	2.4754072712077086e-5
10.257300013970674	2.4667055315109697e-5
10.273007977238624	2.4580498542179715e-5
10.288715940506572	2.4494399129481882e-5
10.304423903774522	2.440875384223201e-5
10.32013186704247	2.432355947435654e-5
10.33583983031042	2.4238812848184257e-5
10.351547793578368	2.4154510814144397e-5
10.367255756846317	2.4070650250467134e-5
10.382963720114267	2.3987228062886992e-5
10.398671683382215	2.3904241184352987e-5
10.414379646650165	2.3821686574737294e-5
10.430087609918113	2.3739561220553585e-5
10.445795573186063	2.3657862134674466e-5
10.46150353645401	2.3576586356053138e-5
10.47721149972196	2.3495730949449664e-5
10.492919462989908	2.3415293005161345e-5
10.508627426257858	2.3335269638752785e-5
10.524335389525806	2.325565799079355e-5
10.540043352793756	2.3176455226595704e-5
10.555751316061706	2.3097658535956478e-5
10.571459279329654	2.301926513290466e-5
10.587167242597603	2.2941272255447458e-5
10.602875205865551	2.2863677165321532e-5
10.618583169133501	2.278647714775004e-5
10.634291132401449	2.27096695111974e-5
10.649999095669399	2.2633251587129532e-5
10.665707058937347	2.2557220729780276e-5
10.681415022205297	2.2481574315914467e-5
10.697122985473246	2.2406309744597903e-5
10.712830948741194	2.2331424436969153e-5
10.728538912009144	2.225691583601357e-5
10.744246875277092	2.2182781406340917e-5
10.759954838545042	2.2109018633964812e-5
10.77566280181299	2.2035625026084994e-5
10.79137076508094	2.1962598110873306e-5
10.807078728348888	2.1889935437259635e-5
10.822786691616837	2.181763457472363e-5
10.838494654884787	2.1745693113086347e-5
10.854202618152735	2.167410866230506e-5
10.869910581420685	2.160287885227159e-5
10.885618544688633	2.1532001332611772e-5
10.901326507956583	2.1461473772486747e-5
10.91703447122453	2.1391293860398907e-5
10.93274243449248	2.132145930399765e-5
10.948450397760428	2.12519678298889e-5
10.964158361028378	2.118281718344631e-5
10.979866324296326	2.11140051286242e-5
10.995574287564276	2.10455294477742e-5
11.011282250832226	2.097738794146221e-5
11.026990214100174	2.0909578428288786e-5
11.042698177368123	2.084209874471059e-5
11.058406140636071	2.0774946744865113e-5
11.074114103904021	2.0708120300396132e-5
11.08982206717197	2.0641617300282235e-5
11.105530030439919	2.0575435650666365e-5
11.121237993707867	2.0509573274688577e-5
11.136945956975817	2.0444028112318943e-5
11.152653920243765	2.0378798120194344e-5
11.168361883511714	2.0313881271455452e-5
11.184069846779664	2.024927555558706e-5
11.199777810047612	2.0184978978258114e-5
11.215485773315562	2.0120989561166642e-5
11.23119373658351	2.0057305341883164e-5
11.24690169985146	1.999392437369827e-5
11.262609663119408	1.9930844725470522e-5
11.278317626387357	1.9868064481477446e-5
11.294025589655305	1.980558174126631e-5
11.309733552923255	1.97433946195083e-5
11.325441516191205	1.9681501245853496e-5
11.341149479459153	1.9619899764787612e-5
11.356857442727103	1.9558588335490106e-5
11.37256540599505	1.9497565131695025e-5
11.388273369263	1.9436828341551467e-5
11.403981332530948	1.937637616748695e-5
11.419689295798898	1.931620682607274e-5
11.435397259066846	1.925631854788855e-5
11.451105222334796	1.9196709577391125e-5
11.466813185602746	1.913737817278364e-5
11.482521148870694	1.9078322605884524e-5
11.498229112138644	1.90195411620012e-5
11.513937075406592	1.8961032139802186e-5
11.529645038674541	1.8902793851192142e-5
11.54535300194249	1.8844824621188507e-5
11.561060965210439	1.8787122787797814e-5
11.576768928478387	1.87296867018955e-5
11.592476891746337	1.8672514727105563e-5
11.608184855014285	1.8615605239681913e-5
11.623892818282235	1.8558956628391158e-5
11.639600781550184	1.8502567294396812e-5
11.655308744818132	1.8446435651143865e-5
11.671016708086082	1.8390560124246425e-5
11.68672467135403	1.8334939151373783e-5
11.70243263462198	1.8279571182140985e-5
11.718140597889928	1.8224454677997926e-5
11.733848561157878	1.8169588112121026e-5
11.749556524425826	1.8114969969305464e-5
11.765264487693775	1.8060598745858744e-5
11.780972450961723	1.8006472949496193e-5
11.796680414229673	1.7952591099235592e-5
11.812388377497623	1.7898951725295348e-5
11.82809634076557	1.784555336899187e-5
11.84380430403352	1.779239458263936e-5
11.859512267301469	1.7739473929448756e-5
11.875220230569418	1.768678998343098e-5
11.890928193837366	1.76343413292979e-5
11.906636157105316	1.7582126562365465e-5
11.922344120373264	1.753014428845969e-5
11.938052083641214	1.7478393123820577e-5
11.953760046909164	1.7426871695008834e-5
11.969468010177112	1.737557863881404e-5
11.985175973445061	1.732451260216197e-5
12.00088393671301	1.7273672242024422e-5
12.01659189998096	1.7223056225329925e-5
12.032299863248907	1.7172663228873975e-5
12.048007826516857	1.712249193923169e-5
12.063715789784805	1.7072541052671346e-5
12.079423753052755	1.702280927506707e-5
12.095131716320704	1.697329532181527e-5
12.110839679588652	1.692399791774889e-5
12.126547642856602	1.687491579705505e-5
12.14225560612455	1.6826047703191875e-5
12.1579635693925	1.6777392388807287e-5
12.173671532660448	1.6728948615657783e-5
12.189379495928398	1.6680715154528736e-5
12.205087459196346	1.663269078515481e-5
12.220795422464295	1.65848742961422e-5
12.236503385732243	1.6537264484890373e-5
12.252211349000193	1.6489860157515785e-5
12.267919312268143	1.64426601287754e-5
12.283627275536091	1.6395663221992263e-5
12.29933523880404	1.6348868268980118e-5
12.315043202071989	1.6302274109970447e-5
12.330751165339938	1.625587959353886e-5
12.346459128607886	1.6209683576533872e-5
12.362167091875836	1.616368492400419e-5
12.377875055143784	1.611788250912845e-5
12.393583018411734	1.6072275213146012e-5
12.409290981679682	1.602686192528636e-5
12.424998944947632	1.5981641542700875e-5
12.440706908215581	1.5936612970395417e-5
12.45641487148353	1.5891775121162338e-5
12.47212283475148	1.584712691551439e-5
12.487830798019427	1.5802667281618387e-5
12.503538761287377	1.5758395155230085e-5
12.519246724555325	1.571430947963001e-5
12.534954687823275	1.5670409205558426e-5
12.550662651091223	1.5626693291153225e-5
12.566370614359172	1.5583160701886497e-5
