-12.566370614359172	1.0774353644176052e-5
-12.550662651091223	1.0799351335346103e-5
-12.534954687823275	1.0824436388373381e-5
-12.519246724555325	1.084960921207755e-5
-12.503538761287377	1.0874870217679888e-5
-12.487830798019427	1.0900219818820495e-5
-12.47212283475148	1.092565843157508e-5
-12.45641487148353	1.0951186474472967e-5
-12.440706908215581	1.0976804368513885e-5
-12.424998944947632	1.100251253718573e-5
-12.409290981679682	1.1028311406482235e-5
-12.393583018411734	1.1054201404921625e-5
-12.377875055143784	1.1080182963562624e-5
-12.362167091875836	1.1106256516025237e-5
-12.346459128607886	1.1132422498507176e-5
-12.330751165339938	1.1158681349803174e-5
-12.315043202071989	1.1185033511323157e-5
-12.29933523880404	1.1211479427111227e-5
-12.283627275536091	1.1238019543865298e-5
-12.267919312268143	1.1264654310954802e-5
-12.252211349000193	1.1291384180441068e-5
-12.236503385732243	1.1318209607096553e-5
-12.220795422464295	1.1345131048424014e-5
-12.205087459196346	1.1372148964676808e-5
-12.189379495928398	1.1399263818878343e-5
-12.173671532660448	1.1426476076842682e-5
-12.1579635693925	1.1453786207194263e-5
-12.14225560612455	1.148119468138895e-5
-12.126547642856602	1.1508701973733978e-5
-12.110839679588652	1.153630856140933e-5
-12.095131716320704	1.1564014924488567e-5
-12.079423753052755	1.1591821545959596e-5
-12.063715789784805	1.1619728911746408e-5
-12.048007826516857	1.1647737510730657e-5
-12.032299863248907	1.1675847834773044e-5
-12.01659189998096	1.1704060378735284e-5
-12.00088393671301	1.1732375640502445e-5
-11.985175973445061	1.1760794121004933e-5
-11.969468010177112	1.178931632424097e-5
-11.953760046909164	1.181794275729943e-5
-11.938052083641214	1.1846673930382311e-5
-11.922344120373264	1.187551035682862e-5
-11.906636157105316	1.1904452553136499e-5
-11.890928193837366	1.193350103898729e-5
-11.875220230569418	1.1962656337269391e-5
-11.859512267301469	1.1991918974101588e-5
-11.84380430403352	1.2021289478857682e-5
-11.82809634076557	1.2050768384189954e-5
-11.812388377497623	1.208035622605466e-5
-11.796680414229673	1.2110053543736118e-5
-11.780972450961723	1.2139860879871587e-5
-11.765264487693775	1.2169778780476788e-5
-11.749556524425826	1.2199807794970932e-5
-11.733848561157878	1.2229948476202285e-5
-11.718140597889928	1.2260201380474453e-5
-11.70243263462198	1.229056706757172e-5
-11.68672467135403	1.2321046100785965e-5
-11.671016708086082	1.2351639046942954e-5
-11.655308744818132	1.2382346476428403e-5
-11.639600781550184	1.2413168963216046e-5
-11.623892818282235	1.2444107084894566e-5
-11.608184855014285	1.2475161422694098e-5
-11.592476891746337	1.2506332561515276e-5
-11.576768928478387	1.2537621089956247e-5
-11.561060965210439	1.256902760034136e-5
-11.54535300194249	1.2600552688749108e-5
-11.529645038674541	1.2632196955041605e-5
-11.513937075406592	1.2663961002892778e-5
-11.498229112138644	1.2695845439817764e-5
-11.482521148870694	1.2727850877203043e-5
-11.466813185602746	1.2759977930335221e-5
-11.451105222334796	1.279222721843144e-5
-11.435397259066846	1.2824599364670138e-5
-11.419689295798898	1.2857094996220633e-5
-11.403981332530948	1.2889714744275148e-5
-11.388273369263	1.2922459244078632e-5
-11.37256540599505	1.2955329134961236e-5
-11.356857442727103	1.2988325060369121e-5
-11.341149479459153	1.3021447667897789e-5
-11.325441516191205	1.3054697609322252e-5
-11.309733552923255	1.3088075540631676e-5
-11.294025589655305	1.3121582122060782e-5
-11.278317626387357	1.315521801812397e-5
-11.262609663119408	1.3188983897647942e-5
-11.24690169985146	1.322288043380603e-5
-11.23119373658351	1.3256908304152212e-5
-11.215485773315562	1.3291068190655488e-5
-11.199777810047612	1.3325360779733925e-5
-11.184069846779664	1.3359786762291111e-5
-11.168361883511714	1.339434683374988e-5
-11.152653920243765	1.3429041694089199e-5
-11.136945956975817	1.3463872047879459e-5
-11.121237993707867	1.3498838604319447e-5
-11.105530030439919	1.3533942077272072e-5
-11.08982206717197	1.3569183185302595e-5
-11.074114103904021	1.3604562651714955e-5
-11.058406140636071	1.364008120458993e-5
-11.042698177368123	1.3675739576823274e-5
-11.026990214100174	1.3711538506163941e-5
-11.011282250832226	1.3747478735252916e-5
-10.995574287564276	1.3783561011662302e-5
-10.979866324296326	1.3819786087935231e-5
-10.964158361028378	1.3856154721624832e-5
-10.948450397760428	1.3892667675335567e-5
-10.93274243449248	1.392932571676314e-5
-10.91703447122453	1.3966129618735678e-5
-10.901326507956583	1.400308015925546e-5
-10.885618544688633	1.4040178121540088e-5
-10.869910581420685	1.4077424294065285e-5
-10.854202618152735	1.4114819470607051e-5
-10.838494654884787	1.4152364450285066e-5
-10.822786691616837	1.4190060037605824e-5
-10.807078728348888	1.4227907042506292e-5
-10.79137076508094	1.4265906280398626e-5
-10.77566280181299	1.4304058572214569e-5
-10.759954838545042	1.434236474445039e-5
-10.744246875277092	1.4380825629212561e-5
-10.728538912009144	1.4419442064263905e-5
-10.712830948741194	1.4458214893069686e-5
-10.697122985473246	1.4497144964844626e-5
-10.681415022205297	1.453623313460015e-5
-10.665707058937347	1.4575480263192064e-5
-10.649999095669399	1.4614887217368982e-5
-10.634291132401449	1.4654454869820687e-5
-10.618583169133501	1.469418409922804e-5
-10.602875205865551	1.4734075790311418e-5
-10.587167242597603	1.4774130833881761e-5
-10.571459279329654	1.4814350126890763e-5
-10.555751316061706	1.4854734572482288e-5
-10.540043352793756	1.4895285080043885e-5
-10.524335389525806	1.4936002565258311e-5
-10.508627426257858	1.4976887950156915e-5
-10.492919462989908	1.501794216317259e-5
-10.47721149972196	1.5059166139193002e-5
-10.46150353645401	1.5100560819615354e-5
-10.445795573186063	1.5142127152400517e-5
-10.430087609918113	1.5183866092128771e-5
-10.414379646650165	1.5225778600055342e-5
-10.398671683382215	1.526786564416697e-5
-10.382963720114267	1.5310128199238203e-5
-10.367255756846317	1.5352567246889913e-5
-10.351547793578368	1.5395183775646218e-5
-10.33583983031042	1.543797878099401e-5
-10.32013186704247	1.5480953265441692e-5
-10.304423903774522	1.552410823857885e-5
-10.288715940506572	1.556744471713726e-5
-10.273007977238624	1.5610963725050942e-5
-10.257300013970674	1.56546662935191e-5
-10.241592050702726	1.5698553461066658e-5
-10.225884087434777	1.5742626273608784e-5
-10.210176124166829	1.5786885784513214e-5
-10.194468160898879	1.5831333054664937e-5
-10.178760197630929	1.5875969152530685e-5
-10.163052234362981	1.59207951542248e-5
-10.147344271095031	1.5965812143574627e-5
-10.131636307827083	1.601102121218793e-5
-10.115928344559133	1.605642345952021e-5
-10.100220381291185	1.6102019992942322e-5
-10.084512418023236	1.6147811927810012e-5
-10.068804454755288	1.6193800387533248e-5
-10.053096491487338	1.6239986503645762e-5
-10.037388528219388	1.6286371415877166e-5
-10.02168056495144	1.6332956272223908e-5
-10.00597260168349	1.6379742229021602e-5
-9.990264638415542	1.642673045101859e-5
-9.974556675147593	1.647392211145e-5
-9.958848711879645	1.6521318392111548e-5
-9.943140748611695	1.6568920483435975e-5
-9.927432785343747	1.6616729584569047e-5
-9.911724822075797	1.666474690344599e-5
-9.896016858807847	1.671297365687002e-5
-9.8803088955399	1.6761411070590447e-5
-9.86460093227195	1.681006037938302e-5
-9.848892969004002	1.6858922827128726e-5
-9.833185005736052	1.6907999666896567e-5
-9.817477042468104	1.695729216102443e-5
-9.801769079200154	1.700680158120195e-5
-9.786061115932206	1.7056529208554864e-5
-9.770353152664256	1.7106476333729203e-5
-9.754645189396308	1.7156644256976316e-5
-9.738937226128359	1.7207034288240605e-5
-9.723229262860409	1.725764774724476e-5
-9.707521299592461	1.7308485963580298e-5
-9.691813336324511	1.7359550276794713e-5
-9.676105373056563	1.7410842036482296e-5
-9.660397409788613	1.7462362602376005e-5
-9.644689446520665	1.751411334443838e-5
-9.628981483252716	1.756609564295443e-5
-9.613273519984768	1.7618310888626864e-5
-9.597565556716818	1.7670760482669674e-5
-9.58185759344887	1.7723445836905168e-5
-9.56614963018092	1.777636837386049e-5
-9.55044166691297	1.7829529526866144e-5
-9.534733703645022	1.7882930740154e-5
-9.519025740377073	1.7936573468959713e-5
-9.503317777109125	1.7990459179621408e-5
-9.487609813841175	1.804458934968393e-5
-9.471901850573227	1.809896546800185e-5
-9.456193887305277	1.8153589034843376e-5
-9.44048592403733	1.820846156199722e-5
-9.42477796076938	1.826358457287913e-5
-9.40906999750143	1.831895960263948e-5
-9.393362034233482	1.8374588198272648e-5
-9.377654070965532	1.843047191872849e-5
-9.361946107697584	1.8486612335022896e-5
-9.346238144429634	1.8543011030350565e-5
-9.330530181161686	1.859966960020041e-5
-9.314822217893736	1.865658965246956e-5
-9.299114254625788	1.871377280758055e-5
-9.283406291357839	1.8771220698599617e-5
-9.267698328089889	1.8828934971355807e-5
-9.25199036482194	1.8886917284561346e-5
-9.236282401553991	1.8945169309932494e-5
-9.220574438286043	1.9003692732316192e-5
-9.204866475018093	1.906248924981004e-5
-9.189158511750145	1.9121560573892903e-5
-9.173450548482196	1.9180908429548835e-5
-9.157742585214248	1.924053455539777e-5
-9.142034621946298	1.9300440703825475e-5
-9.12632665867835	1.9360628641115506e-5
-9.1106186954104	1.9421100147581714e-5
-9.09491073214245	1.9481857017704394e-5
-9.079202768874502	1.9542901060264658e-5
-9.063494805606553	1.9604234098484698e-5
-9.047786842338605	1.9665857970164792e-5
-9.032078879070655	1.9727774527825515e-5
-9.016370915802707	1.978998563885107e-5
-9.000662952534757	1.985249318563128e-5
-8.984954989266809	1.991529906571018e-5
-8.96924702599886	1.9978405191931237e-5
-8.953539062730911	2.004181349258713e-5
-8.937831099462962	2.0105525911571993e-5
-8.922123136195012	2.0169544408532465e-5
-8.906415172927064	2.0233870959022806e-5
-8.890707209659114	2.02985075546616e-5
-8.874999246391166	2.036345620328791e-5
-8.859291283123216	2.0428718929123663e-5
-8.843583319855268	2.049429777293314e-5
-8.827875356587318	2.0560194792187788e-5
-8.81216739331937	2.0626412061231475e-5
-8.79645943005142	2.0692951671447574e-5
-8.780751466783471	2.075981573142827e-5
-8.765043503515523	2.0827006367146043e-5
-8.749335540247573	2.0894525722127453e-5
-8.733627576979625	2.0962375957627816e-5
-8.717919613711675	2.103055925280867e-5
-8.702211650443727	2.109907780491779e-5
-8.686503687175778	2.1167933829470205e-5
-8.67079572390783	2.1237129560432468e-5
-8.65508776063988	2.130666725040841e-5
-8.63937979737193	2.1376549170827452e-5
-8.623671834103982	2.144677761213456e-5
-8.607963870836032	2.1517354883983343e-5
-8.592255907568084	2.1588283315430748e-5
-8.576547944300135	2.165956525513462e-5
-8.560839981032187	2.173120307155283e-5
-8.545132017764237	2.1803199153146222e-5
-8.529424054496289	2.1875555908581805e-5
-8.51371609122834	2.194827576694117e-5
-8.498008127960391	2.2021361177928367e-5
-8.482300164692441	2.209481461208287e-5
-8.466592201424492	2.2168638560994018e-5
-8.450884238156544	2.224283553751745e-5
-8.435176274888594	2.231740807599572e-5
-8.419468311620646	2.2392358732480622e-5
-8.403760348352696	2.2467690084956847e-5
-8.388052385084748	2.254340473357196e-5
-8.372344421816798	2.2619505300866008e-5
-8.35663645854885	2.2695994432005104e-5
-8.3409284952809	2.2772874795017307e-5
-8.325220532012953	2.2850149081032604e-5
-8.309512568745003	2.2927820004525693e-5
-8.293804605477053	2.30058903035592e-5
-8.278096642209105	2.308436274003393e-5
-8.262388678941155	2.316324009993885e-5
-8.246680715673207	2.3242525193606136e-5
-8.230972752405258	2.3322220855969073e-5
-8.21526478913731	2.340232994682174e-5
-8.19955682586936	2.34828553510843e-5
-8.183848862601412	2.3563799979069636e-5
-8.168140899333462	2.3645166766754264e-5
-8.152432936065512	2.3726958676052683e-5
-8.136724972797564	2.3809178695094317e-5
-8.121017009529615	2.389182983850514e-5
-8.105309046261667	2.3974915147692386e-5
-8.089601082993717	2.40584376911323e-5
-8.073893119725769	2.4142400564662186e-5
-8.058185156457819	2.4226806891775944e-5
-8.042477193189871	2.4311659823923474e-5
-8.026769229921921	2.4396962540814016e-5
-8.011061266653972	2.448271825072329e-5
-7.995353303386024	2.4568930190803434e-5
-7.979645340118075	2.4655601627399155e-5
-7.963937376850126	2.4742735856366144e-5
-7.948229413582177	2.4830336203394444e-5
-7.932521450314228	2.491840602433553e-5
-7.916813487046278	2.5006948705533495e-5
-7.901105523778329	2.509596766416141e-5
-7.8853975605103805	2.5185466348562083e-5
-7.869689597242432	2.5275448238590597e-5
-7.853981633974483	2.536591684596552e-5
-7.838273670706534	2.5456875714620876e-5
-7.822565707438585	2.5548328421066005e-5
-7.806857744170636	2.5640278574747324e-5
-7.791149780902687	2.5732729818416174e-5
-7.7754418176347375	2.58256858285018e-5
-7.759733854366789	2.591915031548898e-5
-7.74402589109884	2.6013127024299512e-5
-7.728317927830891	2.6107619734680795e-5
-7.712609964562942	2.620263226159799e-5
-7.696902001294993	2.6298168455631946e-5
-7.681194038027044	2.6394232203382527e-5
-7.665486074759095	2.649082742787698e-5
-7.6497781114911465	2.6587958088984198e-5
-7.634070148223198	2.6685628183834102e-5
-7.618362184955249	2.6783841747243096e-5
-7.602654221687299	2.6882602852145057e-5
-7.58694625841935	2.6981915610027217e-5
-7.571238295151401	2.7081784171374384e-5
-7.555530331883452	2.718221272611616e-5
-7.5398223686155035	2.7283205504082938e-5
-7.524114405347555	2.7384766775465497e-5
-7.508406442079606	2.748690085128333e-5
-7.492698478811657	2.758961208385784e-5
-7.476990515543708	2.769290486729198e-5
-7.461282552275758	2.7796783637957574e-5
-7.445574589007809	2.7901252874988808e-5
-7.4298666257398605	2.8006317100781975e-5
-7.414158662471912	2.8111980881501916e-5
-7.398450699203963	2.8218248827597405e-5
-7.382742735936014	2.8325125594321205e-5
-7.367034772668065	2.843261588225959e-5
-7.351326809400116	2.8540724437867097e-5
-7.335618846132167	2.864945605401012e-5
-7.319910882864218	2.875881557051785e-5
-7.304202919596269	2.8868807874741715e-5
-7.28849495632832	2.8979437902119857e-5
-7.272786993060371	2.909071063675317e-5
-7.257079029792422	2.920263111198752e-5
-7.241371066524473	2.9315204411003606e-5
-7.225663103256524	2.9428435667417287e-5
-7.209955139988575	2.9542330065886074e-5
-7.194247176720626	2.9656892842726095e-5
-7.1785392134526775	2.9772129286537048e-5
-7.162831250184729	2.9888044738835418e-5
-7.147123286916779	3.0004644594699008e-5
-7.13141532364883	3.0121934303417868e-5
-7.115707360380881	3.0239919369156176e-5
-7.099999397112932	3.0358605351624367e-5
-7.084291433844983	3.0477997866758946e-5
-7.0685834705770345	3.05981025874135e-5
-7.052875507309086	3.0718925244059584e-5
-7.037167544041137	3.084047162549862e-5
-7.021459580773188	3.096274757958129e-5
-7.005751617505239	3.108575901394124e-5
-6.99004365423729	3.12095118967365e-5
-6.97433569096934	3.1334012257403936e-5
-6.9586277277013915	3.145926618742339e-5
-6.942919764433443	3.158527984109305e-5
-6.927211801165494	3.1712059436317945e-5
-6.911503837897545	3.1839611255407867e-5
-6.895795874629596	3.196794164588884e-5
-6.880087911361647	3.209705702132644e-5
-6.864379948093698	3.2226963862160096e-5
-6.848671984825749	3.235766871655121e-5
-6.8329640215578	3.2489178201243645e-5
-6.817256058289851	3.2621499002437595e-5
-6.801548095021902	3.275463787667518e-5
-6.785840131753953	3.2888601651740745e-5
-6.770132168486004	3.302339722757462e-5
-6.754424205218055	3.315903157719991e-5
-6.738716241950106	3.329551174766518e-5
-6.7230082786821574	3.343284486099801e-5
-6.707300315414209	3.357103811517817e-5
-6.69159235214626	3.371009878512111e-5
-6.675884388878311	3.385003422367797e-5
-6.660176425610361	3.39908518626544e-5
-6.644468462342412	3.4132559213837276e-5
-6.628760499074463	3.4275163870046445e-5
-6.613052535806514	3.441867350619637e-5
-6.5973445725385655	3.456309588037639e-5
-6.581636609270617	3.470843883494682e-5
-6.565928646002668	3.485471029765724e-5
-6.550220682734719	3.500191828277145e-5
-6.53451271946677	3.515007089222321e-5
-6.51880475619882	3.529917631677967e-5
-6.503096792930871	3.544924283722839e-5
-6.4873888296629225	3.560027882558175e-5
-6.471680866394974	3.57522927463009e-5
-6.455972903127025	3.5905293157539655e-5
-6.440264939859076	3.605928871240517e-5
-6.424556976591127	3.6214288160243276e-5
-6.408849013323178	3.637030034794075e-5
-6.393141050055229	3.652733422124991e-5
-6.37743308678728	3.668539882613685e-5
-6.3617251235193315	3.6844503310143415e-5
-6.346017160251382	3.700465692378376e-5
-6.330309196983433	3.716586902195202e-5
-6.314601233715484	3.732814906535835e-5
-6.298893270447535	3.749150662198944e-5
-6.283185307179586	3.7655951368587294e-5
-6.267477343911637	3.7821493092159866e-5
-6.2517693806436885	3.7988141691510266e-5
-6.23606141737574	3.81559071787929e-5
-6.220353454107791	3.832479968109872e-5
-6.204645490839841	3.8494829442059796e-5
-6.188937527571892	3.866600682348895e-5
-6.173229564303943	3.883834230703844e-5
-6.157521601035994	3.9011846495891506e-5
-6.1418136377680455	3.918653011648383e-5
-6.126105674500097	3.936240402024589e-5
-6.110397711232148	3.95394791853837e-5
-6.094689747964199	3.971776671868234e-5
-6.07898178469625	3.989727785734727e-5
-6.063273821428301	4.0078023970869436e-5
-6.047565858160352	4.026001656292719e-5
-6.031857894892402	4.044326727331779e-5
-6.0161499316244536	4.062778787992492e-5
-6.000441968356505	4.081359030071657e-5
-5.984734005088556	4.1000686595779126e-5
-5.969026041820607	4.1189088969387746e-5
-5.953318078552658	4.1378809772108935e-5
-5.937610115284709	4.1569861502943495e-5
-5.92190215201676	4.1762256811503504e-5
-5.906194188748811	4.195600850022946e-5
-5.890486225480862	4.215112952664656e-5
-5.874778262212913	4.234763300565738e-5
-5.859070298944964	4.25455322118785e-5
-5.843362335677015	4.274484058201588e-5
-5.827654372409066	4.2945571717284906e-5
-5.811946409141117	4.3147739385868556e-5
-5.796238445873168	4.335135752542592e-5
-5.7805304826052195	4.35564402456397e-5
-5.764822519337271	4.3763001830812114e-5
-5.749114556069322	4.397105674250711e-5
-5.733406592801373	4.418061962224067e-5
-5.717698629533423	4.439170529421632e-5
-5.701990666265474	4.460432876811565e-5
-5.686282702997525	4.481850524193558e-5
-5.6705747397295765	4.503425010487747e-5
-5.654866776461628	4.525157894029214e-5
-5.639158813193679	4.5470507528673605e-5
-5.62345084992573	4.569105185071483e-5
-5.607742886657781	4.591322809041088e-5
-5.592034923389832	4.613705263822938e-5
-5.576326960121882	4.6362542094331325e-5
-5.5606189968539335	4.658971327185744e-5
-5.544911033585985	4.681858320027384e-5
-5.529203070318036	4.704916912877777e-5
-5.513495107050087	4.728148852977318e-5
-5.497787143782138	4.7515559102406755e-5
-5.482079180514189	4.7751398776172535e-5
-5.46637121724624	4.798902571458447e-5
-5.450663253978291	4.8228458318919735e-5
-5.4349552907103424	4.846971523203363e-5
-5.419247327442394	4.871281534224513e-5
-5.403539364174444	4.895777778729979e-5
-5.387831400906495	4.9204621958407274e-5
-5.372123437638546	4.945336750435739e-5
-5.356415474370597	4.970403433571764e-5
-5.340707511102648	4.9956642629108904e-5
-5.324999547834699	5.021121283156695e-5
-5.3092915845667505	5.0467765664988764e-5
-5.293583621298802	5.0726322130668625e-5
-5.277875658030853	5.0986903513917244e-5
-5.262167694762903	5.124953138877938e-5
-5.246459731494954	5.1514227622841394e-5
-5.230751768227005	5.178101438213379e-5
-5.215043804959056	5.204991413613528e-5
-5.1993358416911075	5.232094966287287e-5
-5.183627878423159	5.2594144054127254e-5
-5.16791991515521	5.286952072074292e-5
-5.152211951887261	5.314710339804569e-5
-5.136503988619312	5.34269161513684e-5
-5.120796025351363	5.3708983381693365e-5
-5.105088062083414	5.3993329831405714e-5
-5.0893800988154645	5.427998059016846e-5
-5.073672135547516	5.456896110091716e-5
-5.057964172279567	5.486029716597824e-5
-5.042256209011618	5.51540149533146e-5
-5.026548245743669	5.5450141002901825e-5
-5.01084028247572	5.57487022332383e-5
-4.995132319207771	5.60497259479893e-5
-4.979424355939822	5.635323984277331e-5
-4.9637163926718735	5.6659272012091726e-5
-4.948008429403924	5.696785095640488e-5
-4.932300466135975	5.727900558935749e-5
-4.916592502868026	5.7592765245162654e-5
-4.900884539600077	5.790915968613871e-5
-4.885176576332128	5.822821911041325e-5
-4.869468613064179	5.854997415979152e-5
-4.8537606497962305	5.8874455927792914e-5
-4.838052686528282	5.9201695967870904e-5
-4.822344723260333	5.9531726301800843e-5
-4.806636759992384	5.9864579428262384e-5
-4.790928796724435	6.020028833160692e-5
-4.775220833456485	6.0538886490815e-5
-4.759512870188536	6.0880407888663234e-5
-4.743804906920587	6.122488702108256e-5
-4.7280969436526386	6.157235890673543e-5
-4.71238898038469	6.192285909680735e-5
-4.696681017116741	6.22764236850144e-5
-4.680973053848792	6.263308931784298e-5
-4.665265090580843	6.299289320501867e-5
-4.649557127312894	6.33558731302184e-5
-4.633849164044944	6.372206746202362e-5
-4.6181412007769955	6.409151516513152e-5
-4.602433237509047	6.446425581181884e-5
-4.586725274241098	6.484032959367945e-5
-4.571017310973149	6.521977733363203e-5
-4.5553093477052	6.560264049820733e-5
-4.539601384437251	6.598896121012906e-5
-4.523893421169302	6.637878226119044e-5
-4.508185457901353	6.67721471254371e-5
-4.4924774946334045	6.716909997266198e-5
-4.476769531365456	6.756968568222748e-5
-4.461061568097506	6.797394985721974e-5
-4.445353604829557	6.83819388389408e-5
-4.429645641561608	6.879369972176046e-5
-4.413937678293659	6.920928036832482e-5
-4.39822971502571	6.962872942513941e-5
-4.3825217517577615	7.005209633853582e-5
-4.366813788489813	7.047943137103918e-5
-4.351105825221864	7.091078561813241e-5
-4.335397861953915	7.134621102544966e-5
-4.319689898685965	7.17857604063937e-5
-4.303981935418016	7.222948746020878e-5
-4.288273972150067	7.267744679049719e-5
-4.2725660088821185	7.31296939242226e-5
-4.25685804561417	7.358628533119136e-5
-4.241150082346221	7.40472784440393e-5
-4.225442119078272	7.451273167873925e-5
-4.209734155810323	7.498270445563131e-5
-4.194026192542374	7.545725722101832e-5
-4.178318229274425	7.593645146932345e-5
-4.162610266006476	7.642034976583036e-5
-4.146902302738527	7.69090157700332e-5
-4.131194339470578	7.740251425961222e-5
-4.115486376202629	7.790091115505356e-5
-4.09977841293468	7.840427354493531e-5
-4.084070449666731	7.891266971190177e-5
-4.068362486398782	7.94261691593536e-5
-4.052654523130833	7.994484263887193e-5
-4.036946559862884	8.046876217840171e-5
-4.0212385965949355	8.099800111123026e-5
-4.005530633326986	8.153263410577289e-5
-3.9898226700590373	8.207273719621474e-5
-3.9741147067910885	8.2618387814022e-5
-3.958406743523139	8.316966482036879e-5
-3.9426987802551903	8.37266485395117e-5
-3.9269908169872414	8.428942079315864e-5
-3.9112828537192925	8.485806493587419e-5
-3.8955748904513436	8.54326658915897e-5
-3.8798669271833943	8.601331019129349e-5
-3.8641589639154454	8.660008601202376e-5
-3.8484510006474966	8.719308321734717e-5
-3.8327430373795477	8.779239339966804e-5
-3.817035074111599	8.839810992504045e-5
-3.8013271108436495	8.901032798198675e-5
-3.7856191475757006	8.962914463798343e-5
-3.7699111843077517	9.0254658913903e-5
-3.754203221039803	9.088697190977377e-5
-3.738495257771854	9.152618711538099e-5
-3.7227872945039047	9.217241163331441e-5
-3.707079331235956	9.282576516798567e-5
-3.691371367968007	9.348672207978975e-5
-3.675663404700058	9.41543233019754e-5
-3.659955441432109	9.482953325755531e-5
-3.64424747816416	9.551241803985302e-5
-3.628539514896211	9.620299416788927e-5
-3.612831551628262	9.690137513882499e-5
-3.597123588360313	9.760768280836797e-5
-3.5814156250923643	9.832204266626031e-5
-3.565707661824415	9.904458315433786e-5
-3.549999698556466	9.977543555854179e-5
-3.5342917352885173	0.00010051473403171519
-3.5185837720205684	0.00010126261565893181
-3.5028758087526195	0.00010201922054428089
-3.48716784548467	0.00010278469191738408
-3.4714598822167213	0.00010355917627020346
-3.4557519189487724	0.0001043428235572628
-3.4400439556808236	0.00010513578755888776
-3.4243359924128747	0.00010593822675513632
-3.4086280291449254	0.0001067503072482343
-3.3929200658769765	0.0001075722176390744
-3.3772121026090276	0.00010840433059638112
-3.3615041393410787	0.00010933055789692626
-3.34579617607313	0.00011009852197504597
-3.3300882128051805	0.00011096101248871857
-3.3143802495372316	0.00011183439954611998
-3.2986722862692828	0.00011271869385999917
-3.282964323001334	0.00011361407929132503
-3.267256359733385	0.0001145207852563746
-3.2515483964654357	0.0001154391488701901
-3.235840433197487	0.00011637033314069442
-3.220132469929538	0.00011748761198803887
-3.204424506661589	0.00011826685356474162
-3.18871654339364	0.00011923112936235482
-3.173008580125691	0.00012021061607307892
-3.157300616857742	0.0001212092775724992
-3.141592653589793	0.00012226238087747308
-3.1258846903218442	0.00012323943994192464
-3.1101767270538954	0.00012441720257728037
-3.094468763785946	0.00012541856220003059
-3.078760800517997	0.0001263704121419836
-3.0630528372500483	0.00012743564637079347
-3.0473448739820994	0.0001290008051319838
-3.0316369107141505	0.00012962343215136305
-3.015928947446201	0.00013076587239449743
-3.0002209841782523	0.0001318708229448663
-2.9845130209103035	0.00013301911522102674
-2.9688050576423546	0.00013418419126064215
-2.9530970943744057	0.0001353660119968722
-2.9373891311064564	0.0001365649657534188
-2.9216811678385075	0.0001377817910707322
-2.9059732045705586	0.00013901930961400335
-2.8902652413026098	0.00014039183492231216
-2.874557278034661	0.0001415520250930055
-2.8588493147667116	0.00014282791245448585
-2.8431413514987627	0.00014413510686723193
-2.827433388230814	0.00014546391482047287
-2.811725424962865	0.00014681469924417577
-2.796017461694916	0.0001481930533294715
-2.7803094984269667	0.00014972558128196578
-2.764601535159018	0.00015101646509206292
-2.748893571891069	0.00015254147534183587
-2.73318560862312	0.00016265010677894855
-2.7174776453551712	0.0001555060236375899
-2.701769682087222	0.00015756761516474274
-2.686061718819273	0.00015879581656963216
-2.670353755551324	0.00016005422753828403
-2.6546457922833753	0.00016199595707915457
-2.6389378290154264	0.00016328932646525736
-2.623229865747477	0.0001650147116450856
-2.607521902479528	0.0001668815985799552
-2.5918139392115793	0.00016922278568441468
-2.5761059759436304	0.0001727909479948344
-2.5603980126756816	0.00021536742390939345
-2.5446900494077322	0.0001938895153911194
-2.5289820861397834	0.00017767263793343313
-2.5132741228718345	0.00017809869228398273
-2.4975661596038856	0.0001797090491861942
-2.4818581963359367	0.00018171462494618782
-2.4661502330679874	0.00018408893246322876
-2.4504422698000385	0.00018713957725805292
-2.4347343065320897	0.00019589127820506306
-2.419026343264141	0.00020953873418500817
-2.403318379996192	0.0031877659322292018
-2.3876104167282426	0.0002194076251983196
-2.3719024534602937	0.00020150259109872346
-2.356194490192345	0.0002005093676382435
-2.340486526924396	0.00020228923770701732
-2.324778563656447	0.0002069839312684484
-2.3090706003884978	0.00022119713179920942
-2.293362637120549	0.0006507168622471112
-2.2776546738526	0.00022004314736130616
-2.261946710584651	0.0006243398639324694
-2.2462387473167023	0.00021828084907986678
-2.230530784048753	0.00021938355288360166
-2.214822820780804	0.00022487574223470515
-2.199114857512855	0.00043935032386669076
-2.1834068942449063	0.00029814888469399317
-2.1676989309769574	0.0002785383329946618
-2.151990967709008	0.00023705517155891696
-2.1362830044410592	0.00023787638794468396
-2.1205750411731104	0.00023902216156068766
-2.1048670779051615	0.00024825951663697476
-2.0891591146372126	0.000802471814133832
-2.0734511513692633	0.00026695083428342876
-2.0577431881013144	0.00025599483378992236
-2.0420352248333655	0.00025442165314391423
-2.0263272615654166	0.00025798114094085605
-2.0106192982974678	0.00027419292539235826
-1.9949113350295187	0.00026926002023810807
-1.9792033717615696	0.0002693489608453563
-1.9634954084936207	0.00027355787307965334
-1.9477874452256718	0.0002789075299557506
-1.9320794819577227	0.00028717089045590373
-1.9163715186897738	0.0004740767292185559
-1.9006635554218247	0.00045814660866673094
-1.8849555921538759	0.0003089382810359973
-1.869247628885927	0.00031064534564594597
-1.853539665617978	0.00041986803323667627
-1.837831702350029	0.00035324072636159966
-1.82212373908208	0.0005399915446789797
-1.806415775814131	0.0010479598270941976
-1.7907078125461822	0.00038582146007178536
-1.774999849278233	0.0003626495189699997
-1.7592918860102842	0.0003686687170047295
-1.743583922742335	0.0004143247889509963
-1.7278759594743862	0.00043612418869302776
-1.7121679962064373	0.00044156940415180566
-1.6964600329384882	0.0005877163702353201
-1.6807520696705394	0.012190284702725176
-1.6650441064025903	0.0009272456890988332
-1.6493361431346414	0.004467944492858159
-1.6336281798666925	0.0008317705563917431
-1.6179202165987434	0.0007099414050084979
-1.6022122533307945	0.0011586276739514634
-1.5865042900628454	0.0016029226243775838
-1.5707963267948966	0.0035632601003222726
-1.5550883635269477	0.04959522520044746
-1.5393804002589986	0.014562254452031072
-1.5236724369910497	0.00256690285585488
-1.5079644737231006	0.0014892605875165238
-1.4922565104551517	0.0012072383946847578
-1.4765485471872029	0.001259189109534809
-1.4608405839192538	0.003329927786812321
-1.4451326206513049	0.0007522460317368811
-1.4294246573833558	0.0006421456567521065
-1.413716694115407	0.0006366820010978733
-1.398008730847458	0.0007127579112315418
-1.382300767579509	0.0014192048638490464
-1.36659280431156	0.00468418593631959
-1.350884841043611	0.0014717594998640226
-1.335176877775662	0.0007239260883077178
-1.3194689145077132	0.0006699560522540721
-1.303760951239764	0.0007689779361109428
-1.2880529879718152	0.0013100961521573026
-1.2723450247038661	0.0024001760978528395
-1.2566370614359172	0.0015905529102353791
-1.2409290981679684	0.0008538794885234701
-1.2252211349000193	0.0007311551428234219
-1.2095131716320704	0.0007489578403080725
-1.1938052083641213	0.0008814046823890035
-1.1780972450961724	0.0013551600061249061
-1.1623892818282235	0.001476470093194506
-1.1466813185602744	0.06909157482412576
-1.1309733552923256	0.0018585971997936474
-1.1152653920243765	0.0011482325401247198
-1.0995574287564276	0.00099994624492717
-1.0838494654884787	0.0009771686826202457
-1.0681415022205296	0.001009074249865668
-1.0524335389525807	0.0011432261037965792
-1.0367255756846316	0.0011429400706229925
-1.0210176124166828	0.0013467192459590827
-1.0053096491487339	0.00631479760608356
-0.9896016858807848	0.001820424030893904
-0.9738937226128359	0.002408219972236403
-0.9581857593448869	0.00564894134990955
-0.9424777960769379	0.00867520537134761
-0.926769832808989	0.16211021199455178
-0.91106186954104	0.0595025330005343
-0.8953539062730911	0.029286104032036603
-0.8796459430051421	0.07734001736843943
-0.8639379797371931	0.005983099792888802
-0.8482300164692441	0.0038559658007734114
-0.8325220532012951	0.004784511874383584
-0.8168140899333463	0.005025542329618522
-0.8011061266653973	0.013192089815811714
-0.7853981633974483	0.007665092967950356
-0.7696902001294993	0.006612195359199652
-0.7539822368615503	0.010998008151552207
-0.7382742735936014	0.032424942323715226
-0.7225663103256524	0.044172476016807835
-0.7068583470577035	0.025942664647746114
-0.6911503837897545	0.05859976452081245
-0.6754424205218055	0.4384506879190783
-0.6597344572538566	0.6866305411126543
-0.6440264939859076	0.10715344366201686
-0.6283185307179586	0.025273500143779253
-0.6126105674500096	0.02508457667198148
-0.5969026041820606	0.010469503479189695
-0.5811946409141118	0.03826023284997497
-0.5654866776461628	0.005774298746736099
-0.5497787143782138	0.006465021702110287
-0.5340707511102648	0.005616743041773067
-0.5183627878423158	0.006000435361085925
-0.5026548245743669	0.0038593189881013824
-0.48694686130641796	0.08051995666621284
-0.47123889803846897	0.003992793797555206
-0.45553093477052	0.0037415040425710353
-0.43982297150257105	0.00416563628854319
-0.42411500823462206	0.0028836777447121737
-0.4084070449666731	0.002939986292948261
-0.39269908169872414	0.003259064373497121
-0.37699111843077515	0.003942880670037045
-0.3612831551628262	0.004934476933019048
-0.34557519189487723	0.0036036182764383052
-0.3298672286269283	0.0044592316891589965
-0.3141592653589793	0.0041753894600714955
-0.2984513020910303	0.004909624328292171
-0.2827433388230814	0.0059018302398754705
-0.2670353755551324	0.025916222079013274
-0.25132741228718347	0.015310779274395723
-0.23561944901923448	1.9651262894173684
-0.21991148575128552	0.16974048948405226
-0.20420352248333656	0.018610606524936128
-0.18849555921538758	0.024695222264887476
-0.17278759594743862	0.011337156615251451
-0.15707963267948966	0.012132620923024206
-0.1413716694115407	0.04075015650044966
-0.12566370614359174	0.020833211280127793
-0.10995574287564276	0.02157054365282549
-0.09424777960769379	0.0284344025896049
-0.07853981633974483	0.040171568552550725
-0.06283185307179587	0.06185596756380163
-0.047123889803846894	0.10855312601162356
-0.031415926535897934	0.255306888368951
-0.015707963267948967	0.9533887285880092
0.0	234.24788330210828
0.015707963267948967	0.953885164602652
0.031415926535897934	0.25736842757449857
0.047123889803846894	0.10913957524394861
0.06283185307179587	0.06261605350589797
0.07853981633974483	0.04107909495665644
0.09424777960769379	0.02954864434651901
0.10995574287564276	0.023038638192596633
0.12566370614359174	0.025187880219013335
0.1413716694115407	0.0630307546673109
0.15707963267948966	0.014938569467226152
0.17278759594743862	0.015562064584128513
0.18849555921538758	0.04660779569590663
0.20420352248333656	0.03572432688435285
0.21991148575128552	0.40552077782201895
0.23561944901923448	5.0402265686475
0.25132741228718347	0.03439139939524212
0.2670353755551324	0.06815080236841231
0.2827433388230814	0.012016158971799666
0.2984513020910303	0.010313568893767434
0.3141592653589793	0.009096422718697546
0.3298672286269283	0.01140752498774885
0.34557519189487723	0.009324760541194103
0.3612831551628262	0.01625360810781425
0.37699111843077515	0.013176147975225495
0.39269908169872414	0.011392114218615532
0.4084070449666731	0.011116420310479855
0.42411500823462206	0.012161245241379747
0.43982297150257105	0.021057762985191873
0.45553093477052	0.020591247480904542
0.47123889803846897	0.024313796215713168
0.48694686130641796	0.5648224097241579
0.5026548245743669	0.02801489223726377
0.5183627878423158	0.04786258588633954
0.5340707511102648	0.0493170478013033
0.5497787143782138	0.061516343345907144
0.5654866776461628	0.06145619714628071
0.5811946409141118	0.4012252153094494
0.5969026041820606	0.1270477719026685
0.6126105674500096	0.31120823419382204
0.6283185307179586	0.3480252873091534
0.6440264939859076	1.4823874245374669
0.6597344572538566	9.869612607531597
0.6754424205218055	6.300111739669883
0.6911503837897545	0.8353596156122758
0.7068583470577035	0.3762796341608845
0.7225663103256524	0.754059390573652
0.7382742735936014	0.5663257478871733
0.7539822368615503	0.17983779368055003
0.7696902001294993	0.10496144715781663
0.7853981633974483	0.13900754136863377
0.8011061266653973	0.2933492410734147
0.8168140899333463	0.09670051645396724
0.8325220532012951	0.101077758056197
0.8482300164692441	0.08564368605978016
0.8639379797371931	0.16578151771134933
0.8796459430051421	2.617784807203706
0.8953539062730911	1.02561783205336
0.91106186954104	2.2244173767129136
0.926769832808989	6.481715981713991
0.9424777960769379	0.3191361801665158
0.9581857593448869	0.2034148257289057
0.9738937226128359	0.06565632253166882
0.9896016858807848	0.04339252208723809
1.0053096491487339	0.3002363454358293
1.0210176124166828	0.027887094169223015
1.0367255756846316	0.019744436135513008
1.0524335389525807	0.023687942189383453
1.0681415022205296	0.018145419093848897
1.0838494654884787	0.019439993469217935
1.0995574287564276	0.025184086160254745
1.1152653920243765	0.042758571774807776
1.1309733552923256	0.11600485873312748
1.1466813185602744	6.681064568238132
1.1623892818282235	0.08469809669774486
1.1780972450961724	0.08141874796666256
1.1938052083641213	0.03338772030113462
1.2095131716320704	0.02196710400530124
1.2252211349000193	0.023934598502036594
1.2409290981679684	0.04632453127256026
1.2566370614359172	0.1675204329802937
1.2723450247038661	0.2994136952812763
1.2880529879718152	0.13998264953594775
1.303760951239764	0.05090838452397559
1.3194689145077132	0.03900324952872947
1.335176877775662	0.05719952225198036
1.350884841043611	0.23504153759900162
1.36659280431156	1.0156301939740429
1.382300767579509	0.24006646314341928
1.398008730847458	0.07600398080070105
1.413716694115407	0.06525170611422175
1.4294246573833558	0.0770044268756417
1.4451326206513049	0.12506489179265248
1.4608405839192538	1.04233790045012
1.4765485471872029	0.33014695378909903
1.4922565104551517	0.3499327247506333
1.5079644737231006	0.5027882708686754
1.5236724369910497	1.0548879692355102
1.5393804002589986	6.9286363050832485
1.5550883635269477	24.274261602821152
1.5707963267948966	1.5783351012248796
1.5865042900628454	0.6308831698679929
1.6022122533307945	0.4230340120692855
1.6179202165987434	0.18287668307626062
1.6336281798666925	0.29475400326963913
1.6493361431346414	3.001727773480349
1.6650441064025903	0.44058473648245994
1.6807520696705394	9.83808161892275
1.6964600329384882	0.18957889449653606
1.7121679962064373	0.07830527957308246
1.7278759594743862	0.08906727872910865
1.743583922742335	0.07820528650038798
1.7592918860102842	0.041192195746519715
1.774999849278233	0.04594046036074127
1.7907078125461822	0.08944768223118672
1.806415775814131	1.0294370145542064
1.82212373908208	0.3252275117013566
1.837831702350029	0.07155523776599804
1.853539665617978	0.19685366838958074
1.869247628885927	0.02725836640469999
1.8849555921538759	0.03594056102037528
1.9006635554218247	0.35133018623366313
1.9163715186897738	0.4094120657635938
1.9320794819577227	0.021960759784328966
1.9477874452256718	0.014032993278921206
1.9634954084936207	0.011825995343586857
1.9792033717615696	0.01197865013731208
1.9949113350295187	0.02399537930452289
2.0106192982974678	0.050883374079557855
2.0263272615654166	0.013192710182918597
2.0420352248333655	0.014105165154285768
2.0577431881013144	0.034399766708939225
2.0734511513692633	0.09185773167339312
2.0891591146372126	2.4014504782886097
2.1048670779051615	0.0468705841199429
2.1205750411731104	0.02147929350481148
2.1362830044410592	0.03330919708743162
2.151990967709008	0.04844712026566872
2.1676989309769574	0.31682697213503874
2.1834068942449063	0.4536496812627894
2.199114857512855	1.4496363370650465
2.214822820780804	0.046401391105973
2.230530784048753	0.029741008197185163
2.2462387473167023	0.0450550417550201
2.261946710584651	3.5124114431318456
2.2776546738526	0.11389397096602127
2.293362637120549	4.329907882901304
2.3090706003884978	0.17670503952735747
2.324778563656447	0.06320069722495072
2.340486526924396	0.04182397601897005
2.356194490192345	0.05250397705595431
2.3719024534602937	0.10173966476992698
2.3876104167282426	0.4016275167540411
2.403318379996192	44.675746210054584
2.419026343264141	0.31813425150958485
2.4347343065320897	0.15345544139847134
2.4504422698000385	0.0451313531219452
2.4661502330679874	0.029441507213615076
2.4818581963359367	0.023772050765432044
2.4975661596038856	0.024183523822420616
2.5132741228718345	0.03303842427433091
2.5289820861397834	0.0724874931571845
2.5446900494077322	0.5632610409166743
2.5603980126756816	1.2098720381223729
2.5761059759436304	0.08679768773867985
2.5918139392115793	0.03594606054004237
2.607521902479528	0.017427619333823918
2.623229865747477	0.011632795129471166
2.6389378290154264	0.009054648486281593
2.6546457922833753	0.022375799548453604
2.670353755551324	0.008151669009009073
2.686061718819273	0.022637459805079842
2.701769682087222	0.0372627286325192
2.7174776453551712	0.010941408966683226
2.73318560862312	0.4965531064145063
2.748893571891069	0.009736106016582301
2.764601535159018	0.0045930516142991444
2.7803094984269667	0.012992611009089433
2.796017461694916	0.003240433022926067
2.811725424962865	0.0025314968914928065
2.827433388230814	0.0022777256059905962
2.8431413514987627	0.002149240768287078
2.8588493147667116	0.0021912540439466897
2.874557278034661	0.0034648138798653947
2.8902652413026098	0.014733774413792004
2.9059732045705586	0.0021827787399868142
2.9216811678385075	0.001712969618418313
2.9373891311064564	0.0015663173035572455
2.9530970943744057	0.0014928386771626582
2.9688050576423546	0.0014573286950505895
2.9845130209103035	0.0014637002527946403
3.0002209841782523	0.00158500194659614
3.015928947446201	0.006550146750894864
3.0316369107141505	0.0022576750763973435
3.0473448739820994	0.09684765475305358
3.0630528372500483	0.0029030150347338734
3.078760800517997	0.004892346397550591
3.094468763785946	0.031152119820481494
3.1101767270538954	0.04180339984261848
3.1258846903218442	0.005798154537780389
3.141592653589793	0.01805722191595512
3.157300616857742	0.003907449312801404
3.173008580125691	0.0017704643669274663
3.18871654339364	0.0015001257911986586
3.204424506661589	0.0021819960388283917
3.220132469929538	0.07023709489629082
3.235840433197487	0.0016486535889470178
3.2515483964654357	0.0010434942466122981
3.267256359733385	0.0008901421486390807
3.282964323001334	0.000817470580979015
3.2986722862692828	0.0007742663237904337
3.3143802495372316	0.0007501865235916302
3.3300882128051805	0.000755873448919876
3.34579617607313	0.000916142414875053
3.3615041393410787	0.059225144397697105
3.3772121026090276	0.0008948128448025792
3.3929200658769765	0.0006742607068605044
3.4086280291449254	0.0006210147326284524
3.4243359924128747	0.000593029422316876
3.4400439556808236	0.0005729592605050065
3.4557519189487724	0.0005564646784803511
3.4714598822167213	0.0005420077001603848
3.48716784548467	0.0005289111484425707
3.5028758087526195	0.0005168296266237032
3.5185837720205684	0.0005055697004504567
3.5342917352885173	0.0004950199843246328
3.549999698556466	0.00048512371007143536
3.565707661824415	0.00047587336281698953
3.5814156250923643	0.00046732555432844956
3.597123588360313	0.0004596515282572239
3.612831551628262	0.00045328189172250116
3.628539514896211	0.0004493715060737543
3.64424747816416	0.00045170600531458776
3.659955441432109	0.0004788157859047776
3.675663404700058	0.0007880738208573779
3.691371367968007	0.001505541789838118
3.707079331235956	0.00048144572794838207
3.7227872945039047	0.00042065460666876033
3.738495257771854	0.0004003863469289373
3.754203221039803	0.00038857518648760314
3.7699111843077517	0.00037968752859022365
3.7856191475757006	0.0003721405137003225
3.8013271108436495	0.0003653398741968348
3.817035074111599	0.0003590193602547825
3.8327430373795477	0.0003530433730477415
3.8484510006474966	0.0003473355779290098
3.8641589639154454	0.0003418493061628918
3.8798669271833943	0.0003365539471482938
3.8955748904513436	0.000331428161492529
3.9112828537192925	0.00032645626398632876
3.9269908169872414	0.00032162618739859733
3.9426987802551903	0.0003169282793609571
3.958406743523139	0.00031235456326196895
3.9741147067910885	0.00030789826666768893
3.9898226700590373	0.0003035535107551064
4.005530633326986	0.0002993150996341961
4.0212385965949355	0.0002951783735051687
4.036946559862884	0.0002911391037053289
4.052654523130833	0.0002871934159165817
4.068362486398782	0.0002833377327301417
4.084070449666731	0.0002795687297944457
4.09977841293468	0.00027588330168040986
4.115486376202629	0.00027227853482547605
4.131194339470578	0.0002687516857235311
4.146902302738527	0.00026530016306594643
4.162610266006476	0.0002619215129048712
4.178318229274425	0.00025861340616240805
4.194026192542374	0.00025537362798630584
4.209734155810323	0.00025220006857846604
4.225442119078272	0.0002490907152131475
4.241150082346221	0.00024604364522760636
4.25685804561417	0.00024305701981663575
4.2725660088821185	0.00024012907849868347
4.288273972150067	0.00023725813414864275
4.303981935418016	0.00023444256851317476
4.319689898685965	0.00023168082814053984
4.335397861953915	0.00022897142066928675
4.351105825221864	0.00022631291142995646
4.366813788489813	0.0002237039203216965
4.3825217517577615	0.00022114311893179023
4.39822971502571	0.00021862922787110783
4.413937678293659	0.0002161610143025075
4.429645641561608	0.0002137372896424587
4.445353604829557	0.00021135690741891147
4.461061568097506	0.00020901876127065567
4.476769531365456	0.00020672178307527177
4.4924774946334045	0.00020446494119441883
4.508185457901353	0.00020224723882642022
4.523893421169302	0.00020006771245734833
4.539601384437251	0.00019792543040273545
4.5553093477052	0.00019581949143285463
4.571017310973149	0.000193749023475256
4.586725274241098	0.00019171318238890513
4.602433237509047	0.00018971115080473387
4.6181412007769955	0.00018774213702796874
4.633849164044944	0.00018580537399800066
4.649557127312894	0.00018390011830194338
4.665265090580843	0.00018202564923831298
4.680973053848792	0.00018018126792764677
4.696681017116741	0.0001783662964670489
4.71238898038469	0.00017658007712596018
4.7280969436526386	0.0001748219715806337
4.743804906920587	0.00017309136018495765
4.759512870188536	0.00017138764127553027
4.775220833456485	0.00016971023050895207
4.790928796724435	0.00016805856022950115
4.806636759992384	0.0001664320788654821
4.822344723260333	0.0001648302503526344
4.838052686528282	0.0001632525535831255
4.8537606497962305	0.0001616984818787351
4.869468613064179	0.000160167542486932
4.885176576332128	0.00015865925609862347
4.900884539600077	0.00015717315638647702
4.916592502868026	0.00015570878956269968
4.932300466135975	0.00015426571395532178
4.948008429403924	0.00015284349960202783
4.9637163926718735	0.00015144172786066336
4.979424355939822	0.00015005999103559828
4.995132319207771	0.0001486978920191493
5.01084028247572	0.00014735504394735045
5.026548245743669	0.00014603106986938873
5.042256209011618	0.0001447256024300211
5.057964172279567	0.0001434382835643923
5.073672135547516	0.0001421687642046678
5.0893800988154645	0.00014091670399792166
5.105088062083414	0.000139681771034785
5.120796025351363	0.0001384636415883398
5.136503988619312	0.00013726199986282251
5.152211951887261	0.00013607653775167287
5.16791991515521	0.00013490695460454587
5.183627878423159	0.0001337529570028512
5.1993358416911075	0.00013261425854349244
5.215043804959056	0.00013149057963041615
5.230751768227005	0.00013038164727365088
5.246459731494954	0.00012928719489552334
5.262167694762903	0.00012820696214373086
5.277875658030853	0.0001271406947109964
5.293583621298802	0.00012608814416102747
5.3092915845667505	0.0001250490677605179
5.324999547834699	0.0001240232283169406
5.340707511102648	0.0001230103940219073
5.356415474370597	0.00012201033829985472
5.372123437638546	0.00012102283966184997
5.387831400906495	0.00012004768156432167
5.403539364174444	0.00011908465227249422
5.419247327442394	0.00011813354472837001
5.4349552907103424	0.00011719415642306629
5.450663253978291	0.00011626628927332794
5.46637121724624	0.00011534974950208681
5.482079180514189	0.00011444434752286836
5.497787143782138	0.00011354989782794572
5.513495107050087	0.0001126662188800539
5.529203070318036	0.00011179313300757112
5.544911033585985	0.00011093046630300502
5.5606189968539335	0.00011007804852468355
5.576326960121882	0.00010923571300151492
5.592034923389832	0.00010840329654071845
5.607742886657781	0.00010758063933840883
5.62345084992573	0.00010676758489292985
5.639158813193679	0.00010596397992084736
5.654866776461628	0.00010516967427549192
5.6705747397295765	0.00010438452086797413
5.686282702997525	0.00010360837559057728
5.701990666265474	0.00010284109724244167
5.717698629533423	0.00010208254745746802
5.733406592801373	0.00010133259063435644
5.749114556069322	0.00010059109386870643
5.764822519337271	9.985792688710878e-5
5.7805304826052195	9.913296198316951e-5
5.796238445873168	9.841607395537419e-5
5.811946409141117	9.770714004676821e-5
5.827654372409066	9.700603988634993e-5
5.843362335677015	9.63126554321601e-5
5.859070298944964	9.562687091597437e-5
5.874778262212913	9.494857278957365e-5
5.890486225480862	9.427764967251807e-5
5.906194188748811	9.361399230139798e-5
5.92190215201676	9.295749348048782e-5
5.937610115284709	9.230804803378432e-5
5.953318078552658	9.166555275835609e-5
5.969026041820607	9.102990637898972e-5
5.984734005088556	9.040100950406885e-5
6.000441968356505	8.977876458265742e-5
6.0161499316244536	8.916307586275352e-5
6.031857894892402	8.855384935065699e-5
6.047565858160352	8.795099277144534e-5
6.063273821428301	8.735441553049255e-5
6.07898178469625	8.676402867602534e-5
6.094689747964199	8.617974486265904e-5
6.110397711232148	8.560147831590855e-5
6.126105674500097	8.502914479762128e-5
6.1418136377680455	8.446266157232346e-5
6.157521601035994	8.390194737443558e-5
6.173229564303943	8.334692237634015e-5
6.188937527571892	8.279750815727673e-5
6.204645490839841	8.225362767303428e-5
6.220353454107791	8.171520522641553e-5
6.23606141737574	8.118216643846118e-5
6.2517693806436885	8.065443822039952e-5
6.267477343911637	8.013194874630595e-5
6.283185307179586	7.961462742645137e-5
6.298893270447535	7.910240488131373e-5
6.314601233715484	7.859521291624493e-5
6.330309196983433	7.809298449676534e-5
6.346017160251382	7.759565372446226e-5
6.3617251235193315	7.71031558134963e-5
6.37743308678728	7.661542706766785e-5
6.393141050055229	7.613240485805844e-5
6.408849013323178	7.565402760120731e-5
6.424556976591127	7.518023473782158e-5
6.440264939859076	7.471096671199947e-5
6.455972903127025	7.424616495095083e-5
6.471680866394974	7.378577184520736e-5
6.4873888296629225	7.332973072930178e-5
6.503096792930871	7.287798586291076e-5
6.51880475619882	7.243048241243683e-5
6.53451271946677	7.198716643303115e-5
6.550220682734719	7.154798485103883e-5
6.565928646002668	7.111288544684778e-5
6.581636609270617	7.068181683814526e-5
6.5973445725385655	7.02547284635596e-5
6.613052535806514	6.983157056668254e-5
6.628760499074463	6.941229418045545e-5
6.644468462342412	6.899685111191981e-5
6.660176425610361	6.858519392731012e-5
6.675884388878311	6.81772759374947e-5
6.69159235214626	6.777305118373675e-5
6.707300315414209	6.737247442378847e-5
6.7230082786821574	6.697550111828954e-5
6.738716241950106	6.658208741747687e-5
6.754424205218055	6.619219014818837e-5
6.770132168486004	6.580576680115722e-5
6.785840131753953	6.542277551858969e-5
6.801548095021902	6.504317508201819e-5
6.817256058289851	6.466692490041645e-5
6.8329640215578	6.42939849985849e-5
6.848671984825749	6.392431600578501e-5
6.864379948093698	6.355787914462086e-5
6.880087911361647	6.319463622016292e-5
6.895795874629596	6.283454960931295e-5
6.911503837897545	6.247758225038986e-5
6.927211801165494	6.212369763294512e-5
6.942919764433443	6.177285978779675e-5
6.9586277277013915	6.142503327727192e-5
6.97433569096934	6.10801831856641e-5
6.99004365423729	6.0738275109884404e-5
7.005751617505239	6.039927515031783e-5
7.021459580773188	6.00631499018692e-5
7.037167544041137	5.9729866445196715e-5
7.052875507309086	5.939939233812837e-5
7.0685834705770345	5.9071695607262855e-5
7.084291433844983	5.8746744739737425e-5
7.099999397112932	5.842450867517016e-5
7.115707360380881	5.8104956797771456e-5
7.13141532364883	5.7788058928611424e-5
7.147123286916779	5.7473785318053144e-5
7.162831250184729	5.716210663833383e-5
7.1785392134526775	5.685299397630306e-5
7.194247176720626	5.654641882630461e-5
7.209955139988575	5.624235308320387e-5
7.225663103256524	5.59407690355592e-5
7.241371066524473	5.564163935892199e-5
7.257079029792422	5.534493710928209e-5
7.272786993060371	5.5050635716636745e-5
7.28849495632832	5.475870897868956e-5
7.304202919596269	5.446913105467624e-5
7.319910882864218	5.4181876459311495e-5
7.335618846132167	5.389692005685355e-5
7.351326809400116	5.361423705529066e-5
7.367034772668065	5.333380300063776e-5
7.382742735936014	5.3055593771342e-5
7.398450699203963	5.277958557280564e-5
7.414158662471912	5.250575493200712e-5
7.4298666257398605	5.2234078692232284e-5
7.445574589007809	5.1964534007903956e-5
7.461282552275758	5.169709833951119e-5
7.476990515543708	5.143174944863924e-5
7.492698478811657	5.1168465393090624e-5
7.508406442079606	5.0907224522102765e-5
7.524114405347555	5.0648005471651995e-5
7.5398223686155035	5.039078715985312e-5
7.555530331883452	5.013554878244134e-5
7.571238295151401	4.9882269808339354e-5
7.58694625841935	4.963092997531008e-5
7.602654221687299	4.9381509285692354e-5
7.618362184955249	4.9133988002208074e-5
7.634070148223198	4.8888346643860504e-5
7.6497781114911465	4.8644565981895964e-5
7.665486074759095	4.840262703584846e-5
7.681194038027044	4.8162511069657064e-5
7.696902001294993	4.792419958784777e-5
7.712609964562942	4.768767433179605e-5
7.728317927830891	4.745291727604898e-5
7.74402589109884	4.7219910624718734e-5
7.759733854366789	4.698863680794112e-5
7.7754418176347375	4.6759078478399334e-5
7.791149780902687	4.6531218507907974e-5
7.806857744170636	4.6305039984062297e-5
7.822565707438585	4.608052620694358e-5
7.838273670706534	4.585766068588981e-5
7.853981633974483	4.5636427136315814e-5
7.869689597242432	4.541680947659997e-5
7.8853975605103805	4.519879182501618e-5
7.901105523778329	4.498235849672921e-5
7.916813487046278	4.476749400083766e-5
7.932521450314228	4.455418303747284e-5
7.948229413582177	4.434241049494287e-5
7.963937376850126	4.4132161446935814e-5
7.979645340118075	4.392342114976342e-5
7.995353303386024	4.371617503965936e-5
8.011061266653972	4.351040873011797e-5
8.026769229921921	4.330610800928732e-5
8.042477193189871	4.310325883739982e-5
8.058185156457819	4.290184734425311e-5
8.073893119725769	4.270185982672927e-5
8.089601082993717	4.250328274636121e-5
8.105309046261667	4.230610272693854e-5
8.121017009529615	4.211030655215232e-5
8.136724972797564	4.191588116328792e-5
8.152432936065512	4.1722813656944004e-5
8.168140899333462	4.1531091282804225e-5
8.183848862601412	4.134070144143597e-5
8.19955682586936	4.115163168213343e-5
8.21526478913731	4.096386970079108e-5
8.230972752405258	4.077740333781829e-5
8.246680715673207	4.059222057608433e-5
8.262388678941155	4.0408309538900876e-5
8.278096642209105	4.022565848803698e-5
8.293804605477053	4.004425582176651e-5
8.309512568745003	3.986409007294826e-5
8.325220532012953	3.968514990713761e-5
8.3409284952809	3.9507424120732586e-5
8.35663645854885	3.9330901639142415e-5
8.372344421816798	3.9155571514996434e-5
8.388052385084748	3.898142292637292e-5
8.403760348352696	3.880844517506382e-5
8.419468311620646	3.863662768486372e-5
8.435176274888594	3.846595999988817e-5
8.450884238156544	3.829643178291805e-5
8.466592201424492	3.8128032813772856e-5
8.482300164692441	3.7960752987708416e-5
8.498008127960391	3.77945823138401e-5
8.51371609122834	3.762951091359284e-5
8.529424054496289	3.746552901917578e-5
8.545132017764237	3.7302626972078865e-5
8.560839981032187	3.714079522159765e-5
8.576547944300135	3.6980024323376465e-5
8.592255907568084	3.682030493797837e-5
8.607963870836032	3.666162782947858e-5
8.623671834103982	3.650398386407467e-5
8.63937979737193	3.634736400872418e-5
8.65508776063988	3.619175932980193e-5
8.67079572390783	3.603716099177609e-5
8.686503687175778	3.588356025590905e-5
8.702211650443727	3.573094847897368e-5
8.717919613711675	3.5579317111995604e-5
8.733627576979625	3.542865769900675e-5
8.749335540247573	3.527896187582815e-5
8.765043503515523	3.513022136886231e-5
8.780751466783471	3.4982427993910615e-5
8.79645943005142	3.483557365500555e-5
8.81216739331937	3.4689650343261034e-5
8.827875356587318	3.454465013574237e-5
8.843583319855268	3.4400565194351406e-5
8.859291283123216	3.4257387764729927e-5
8.874999246391166	3.411511017517797e-5
8.890707209659114	3.397372483559126e-5
8.906415172927064	3.383322423641142e-5
8.922123136195012	3.369360094759591e-5
8.937831099462962	3.355484761759823e-5
8.953539062730911	3.3416956972369905e-5
8.96924702599886	3.3279921814371876e-5
8.984954989266809	3.314373502160248e-5
9.000662952534757	3.3008389546642244e-5
9.016370915802707	3.2873878415708494e-5
9.032078879070655	3.2740194727728064e-5
9.047786842338605	3.26073316534216e-5
9.063494805606553	3.247528243440136e-5
9.079202768874502	3.234404038228331e-5
9.09491073214245	3.2213598877811476e-5
9.1106186954104	3.208395136999556e-5
9.12632665867835	3.195509137526098e-5
9.142034621946298	3.182701247661128e-5
9.157742585214248	3.169970832280323e-5
9.173450548482196	3.1573172627533115e-5
9.189158511750145	3.144739916863565e-5
9.204866475018093	3.1322381787293514e-5
9.220574438286043	3.1198114387260353e-5
9.236282401553991	3.1074590934091287e-5
9.25199036482194	3.0951805454388844e-5
9.267698328089889	3.08297520350566e-5
9.283406291357839	3.070842482256449e-5
9.299114254625788	3.0587818022224886e-5
9.314822217893736	3.046792589747907e-5
9.330530181161686	3.0348742769193233e-5
9.346238144429634	3.0230263014964683e-5
9.361946107697584	3.0112481068437712e-5
9.377654070965532	2.999539141863092e-5
9.393362034233482	2.987898860927066e-5
9.40906999750143	2.9763267238136737e-5
9.42477796076938	2.9648221956416437e-5
9.44048592403733	2.9533847468066768e-5
9.456193887305277	2.9420138529187185e-5
9.471901850573227	2.9307089947399385e-5
9.487609813841175	2.9194696581237846e-5
9.503317777109125	2.9082953339545372e-5
9.519025740377073	2.8971855180882002e-5
9.534733703645022	2.8861397112936827e-5
9.55044166691297	2.8751574191952584e-5
9.56614963018092	2.8642381522154084e-5
9.58185759344887	2.8533814255187997e-5
9.597565556716818	2.842586758956719e-5
9.613273519984768	2.8318536770126494e-5
9.628981483252716	2.8211817087481464e-5
9.644689446520665	2.8105703877498587e-5
9.660397409788613	2.800019252076837e-5
9.676105373056563	2.7895278442091767e-5
9.691813336324511	2.779095710996616e-5
9.707521299592461	2.76872240360846e-5
9.723229262860409	2.75840747748379e-5
9.738937226128359	2.7481504922825095e-5
9.754645189396308	2.7379510118371057e-5
9.770353152664256	2.7278086041047485e-5
9.786061115932206	2.7177228411205322e-5
9.801769079200154	2.7076932989508177e-5
9.817477042468104	2.6977195576475922e-5
9.833185005736052	2.6878012012032386e-5
9.848892969004002	2.6779378175059412e-5
9.86460093227195	2.668128998295723e-5
9.8803088955399	2.658374339121001e-5
9.896016858807847	2.648673439295784e-5
9.911724822075797	2.6390259018573516e-5
9.927432785343747	2.6294313335246732e-5
9.943140748611695	2.619889344657042e-5
9.958848711879645	2.610399549213578e-5
9.974556675147593	2.6009615647131498e-5
9.990264638415542	2.5915750121947184e-5
10.00597260168349	2.5822395161783074e-5
10.02168056495144	2.5729547046265445e-5
10.037388528219388	2.5637202089064276e-5
10.053096491487338	2.55453566375192e-5
10.068804454755288	2.5454007072268685e-5
10.084512418023236	2.5363149806883767e-5
10.100220381291185	2.5272781287506172e-5
10.115928344559133	2.518289799249317e-5
10.131636307827083	2.5093496432064634e-5
10.147344271095031	2.5004573147955745e-5
10.163052234362981	2.4916124713074144e-5
10.178760197630929	2.4828147731160957e-5
10.194468160898879	2.4740638836456527e-5
10.210176124166829	2.4653594693370384e-5
10.225884087434777	2.4567011996155592e-5
10.241592050702726	2.448088746858653e-5
10.257300013970674	2.4395217863640932e-5
10.273007977238624	2.4309999963187006e-5
10.288715940506572	2.4225230577673e-5
10.304423903774522	2.414090654582136e-5
10.32013186704247	2.405702473432708e-5
10.33583983031042	2.3973582037558807e-5
10.351547793578368	2.3890575377265083e-5
10.367255756846317	2.3808001702282673e-5
10.382963720114267	2.3725857988249936e-5
10.398671683382215	2.3644141237322516e-5
10.414379646650165	2.35628484778945e-5
10.430087609918113	2.3481976764319283e-5
10.445795573186063	2.340152317663912e-5
10.46150353645401	2.332148482031312e-5
10.47721149972196	2.324185882595174e-5
10.492919462989908	2.3162642349052766e-5
10.508627426257858	2.3083832569742257e-5
10.524335389525806	2.300542669251641e-5
10.540043352793756	2.292742194598838e-5
10.555751316061706	2.2849815582638234e-5
10.571459279329654	2.2772604878563824e-5
10.587167242597603	2.26957871332378e-5
10.602875205865551	2.261935966926495e-5
10.618583169133501	2.254331983214375e-5
10.634291132401449	2.246766499003061e-5
10.649999095669399	2.2392392533506616e-5
10.665707058937347	2.2317499875348207e-5
10.681415022205297	2.22429844502981e-5
10.697122985473246	2.216884371484288e-5
10.712830948741194	2.2095075146988896e-5
10.728538912009144	2.2021676246043773e-5
10.744246875277092	2.194864453240036e-5
10.759954838545042	2.1875977547321407e-5
10.77566280181299	2.180367285272874e-5
10.79137076508094	2.173172803099369e-5
10.807078728348888	2.1660140684731117e-5
10.822786691616837	2.1588908436594376e-5
10.838494654884787	2.1518028929074972e-5
10.854202618152735	2.144749982430143e-5
10.869910581420685	2.137731880384376e-5
10.885618544688633	2.1307483568517722e-5
10.901326507956583	2.1237991838192706e-5
10.91703447122453	2.1168841351602108e-5
10.93274243449248	2.1100029866155052e-5
10.948450397760428	2.103155515775006e-5
10.964158361028378	2.096341502059177e-5
10.979866324296326	2.0895607267010677e-5
10.995574287564276	2.0828129727281676e-5
11.011282250832226	2.0760980249448017e-5
11.026990214100174	2.0694156699146716e-5
11.042698177368123	2.0627656959433246e-5
11.058406140636071	2.0561478930612442e-5
11.074114103904021	2.0495620530068735e-5
11.08982206717197	2.0430079692097985e-5
11.105530030439919	2.036485436774254e-5
11.121237993707867	2.0299942524628955e-5
11.136945956975817	2.0235342146803984e-5
11.152653920243765	2.017105123457705e-5
11.168361883511714	2.0107067804361385e-5
11.184069846779664	2.0043389888517475e-5
11.199777810047612	1.998001553519942e-5
11.215485773315562	1.9916942808201884e-5
11.23119373658351	1.985416978680928e-5
11.24690169985146	1.9791694565646582e-5
11.262609663119408	1.972951525453197e-5
11.278317626387357	1.966762997833057e-5
11.294025589655305	1.960603687681056e-5
11.309733552923255	1.9544734104500443e-5
11.325441516191205	1.9483719830548148e-5
11.341149479459153	1.942299223858172e-5
11.356857442727103	1.936254952657095e-5
11.37256540599505	1.9302389906691158e-5
11.388273369263	1.924251160518964e-5
11.403981332530948	1.9182912862249598e-5
11.419689295798898	1.9123591931861226e-5
11.435397259066846	1.906454708168999e-5
11.451105222334796	1.9005776592947144e-5
11.466813185602746	1.8947278760263516e-5
11.482521148870694	1.8889051891562165e-5
11.498229112138644	1.883109430793464e-5
11.513937075406592	1.877340434351682e-5
11.529645038674541	1.8715980345367513e-5
11.54535300194249	1.865882067334749e-5
11.561060965210439	1.8601923700000305e-5
11.576768928478387	1.8545287810433868e-5
11.592476891746337	1.8488911402204154e-5
11.608184855014285	1.8432792885199614e-5
11.623892818282235	1.8376930681526205e-5
11.639600781550184	1.8321323225395955e-5
11.655308744818132	1.8265968963013642e-5
11.671016708086082	1.8210866352466668e-5
11.68672467135403	1.8156013863616357e-5
11.70243263462198	1.810140997798914e-5
11.718140597889928	1.804705318866912e-5
11.733848561157878	1.799294200019297e-5
11.749556524425826	1.7939074928445022e-5
11.765264487693775	1.7885450500553527e-5
11.780972450961723	1.783206725478755e-5
11.796680414229673	1.7778923740457103e-5
11.812388377497623	1.7726018517810694e-5
11.82809634076557	1.767335015793783e-5
11.84380430403352	1.7620917242670226e-5
11.859512267301469	1.7568718364483352e-5
11.875220230569418	1.751675212640318e-5
11.890928193837366	1.7465017141907624e-5
11.906636157105316	1.7413512034835092e-5
11.922344120373264	1.736223543928982e-5
11.938052083641214	1.7311185999550378e-5
11.953760046909164	1.7260362369978338e-5
11.969468010177112	1.720976321492756e-5
11.985175973445061	1.7159387208656007e-5
12.00088393671301	1.7109233035236194e-5
12.01659189998096	1.7059299388468234e-5
12.032299863248907	1.700958497179341e-5
12.048007826516857	1.6960088498208612e-5
12.063715789784805	1.6910808690181052e-5
12.079423753052755	1.6861744279565327e-5
12.095131716320704	1.6812894007519274e-5
12.110839679588652	1.6764256624423023e-5
12.126547642856602	1.6715830889796743e-5
12.14225560612455	1.666761557222064e-5
12.1579635693925	1.6619609449255335e-5
12.173671532660448	1.6571811307363367e-5
12.189379495928398	1.652421994183011e-5
12.205087459196346	1.647683415668785e-5
12.220795422464295	1.6429652764639022e-5
12.236503385732243	1.6382674586979738e-5
12.252211349000193	1.63358984535262e-5
12.267919312268143	1.628932320253989e-5
12.283627275536091	1.6242947680654174e-5
12.29933523880404	1.6196770742802428e-5
12.315043202071989	1.615079125214487e-5
12.330751165339938	1.6105008079998943e-5
12.346459128607886	1.6059420105767864e-5
12.362167091875836	1.6014026216871453e-5
12.377875055143784	1.5968825308676655e-5
12.393583018411734	1.5923816284429942e-5
12.409290981679682	1.5878998055188943e-5
12.424998944947632	1.583436953975616e-5
12.440706908215581	1.5789929664612112e-5
12.45641487148353	1.5745677363850403e-5
12.47212283475148	1.570161157911195e-5
12.487830798019427	1.5657731259521587e-5
12.503538761287377	1.5614035361623704e-5
12.519246724555325	1.5570522849319573e-5
12.534954687823275	1.552719269380489e-5
12.550662651091223	1.548404387350806e-5
12.566370614359172	1.54410753740286e-5
