-12.566370614359172	5.927655530181033e-6
-12.550662651091223	5.942163022464961e-6
-12.534954687823275	5.956724211214716e-6
-12.519246724555325	5.971339363660722e-6
-12.503538761287377	5.986008748710642e-6
-12.487830798019427	6.000732636961639e-6
-12.47212283475148	6.0155113007129546e-6
-12.45641487148353	6.0303450139794295e-6
-12.440706908215581	6.045234052504043e-6
-12.424998944947632	6.060178693771549e-6
-12.409290981679682	6.075179217021513e-6
-12.393583018411734	6.090235903262272e-6
-12.377875055143784	6.105349035283181e-6
-12.362167091875836	6.1205188976699306e-6
-12.346459128607886	6.13574577681754e-6
-12.330751165339938	6.151029960943982e-6
-12.315043202071989	6.166371740104937e-6
-12.29933523880404	6.181771406207563e-6
-12.283627275536091	6.197229253024831e-6
-12.267919312268143	6.2127455762101954e-6
-12.252211349000193	6.2283206733118835e-6
-12.236503385732243	6.243954843787566e-6
-12.220795422464295	6.2596483890197615e-6
-12.205087459196346	6.2754016123300485e-6
-12.189379495928398	6.291214818994951e-6
-12.173671532660448	6.307088316260008e-6
-12.1579635693925	6.323022413356717e-6
-12.14225560612455	6.339017421517135e-6
-12.126547642856602	6.355073653989548e-6
-12.110839679588652	6.3711914260543745e-6
-12.095131716320704	6.387371055040636e-6
-12.079423753052755	6.403612860341313e-6
-12.063715789784805	6.419917163429955e-6
-12.048007826516857	6.436284287877307e-6
-12.032299863248907	6.452714559367595e-6
-12.01659189998096	6.469208305715277e-6
-12.00088393671301	6.485765856882107e-6
-11.985175973445061	6.502387544993686e-6
-11.969468010177112	6.519073704357854e-6
-11.953760046909164	6.5358246714799445e-6
-11.938052083641214	6.552640785083107e-6
-11.922344120373264	6.569522386122992e-6
-11.906636157105316	6.586469817808184e-6
-11.890928193837366	6.603483425616269e-6
-11.875220230569418	6.620563557313488e-6
-11.859512267301469	6.637710562972452e-6
-11.84380430403352	6.65492479499016e-6
-11.82809634076557	6.672206608107601e-6
-11.812388377497623	6.689556359428517e-6
-11.796680414229673	6.706974408437813e-6
-11.780972450961723	6.724461117021673e-6
-11.765264487693775	6.742016849485962e-6
-11.749556524425826	6.759641972576965e-6
-11.733848561157878	6.777336855500821e-6
-11.718140597889928	6.795101869942668e-6
-11.70243263462198	6.812937390088224e-6
-11.68672467135403	6.830843792642845e-6
-11.671016708086082	6.848821456852954e-6
-11.655308744818132	6.866870764527101e-6
-11.639600781550184	6.884992100055739e-6
-11.623892818282235	6.903185850433343e-6
-11.608184855014285	6.9214524052792775e-6
-11.592476891746337	6.9397921568601145e-6
-11.576768928478387	6.958205500110733e-6
-11.561060965210439	6.976692832656384e-6
-11.54535300194249	6.99525455483546e-6
-11.529645038674541	7.0138910697207695e-6
-11.513937075406592	7.032602783144003e-6
-11.498229112138644	7.0513901037166646e-6
-11.482521148870694	7.070253442855048e-6
-11.466813185602746	7.089193214801471e-6
-11.451105222334796	7.108209836650021e-6
-11.435397259066846	7.127303728368517e-6
-11.419689295798898	7.146475312823643e-6
-11.403981332530948	7.165725015805476e-6
-11.388273369263	7.185053266049895e-6
-11.37256540599505	7.204460495266017e-6
-11.356857442727103	7.223947138160199e-6
-11.341149479459153	7.243513632460137e-6
-11.325441516191205	7.263160418941206e-6
-11.309733552923255	7.282887941453532e-6
-11.294025589655305	7.302696646945297e-6
-11.278317626387357	7.322586985491456e-6
-11.262609663119408	7.342559410318589e-6
-11.24690169985146	7.362614377832351e-6
-11.23119373658351	7.382752347645108e-6
-11.215485773315562	7.402973782601596e-6
-11.199777810047612	7.423279148808249e-6
-11.184069846779664	7.443668915660449e-6
-11.168361883511714	7.464143555870213e-6
-11.152653920243765	7.484703545495298e-6
-11.136945956975817	7.50534936396763e-6
-11.121237993707867	7.526081494121929e-6
-11.105530030439919	7.54690042222644e-6
-11.08982206717197	7.567806638010144e-6
-11.074114103904021	7.588800634695437e-6
-11.058406140636071	7.609882909025756e-6
-11.042698177368123	7.63105396129875e-6
-11.026990214100174	7.652314295394529e-6
-11.011282250832226	7.673664418808323e-6
-10.995574287564276	7.695104842681716e-6
-10.979866324296326	7.716636081834538e-6
-10.964158361028378	7.738258654796584e-6
-10.948450397760428	7.759973083839775e-6
-10.93274243449248	7.781779895012305e-6
-10.91703447122453	7.803679618170754e-6
-10.901326507956583	7.825672787013602e-6
-10.885618544688633	7.847759939114735e-6
-10.869910581420685	7.869941615958894e-6
-10.854202618152735	7.892218362974895e-6
-10.838494654884787	7.914590729570953e-6
-10.822786691616837	7.937059269170157e-6
-10.807078728348888	7.95962453924586e-6
-10.79137076508094	7.982287101357715e-6
-10.77566280181299	8.005047521187852e-6
-10.759954838545042	8.027906368578402e-6
-10.744246875277092	8.05086421756726e-6
-10.728538912009144	8.073921646427197e-6
-10.712830948741194	8.097079237702106e-6
-10.697122985473246	8.120337578247338e-6
-10.681415022205297	8.143697259267127e-6
-10.665707058937347	8.16715887635262e-6
-10.649999095669399	8.190723029524339e-6
-10.634291132401449	8.214390323270087e-6
-10.618583169133501	8.238161366585478e-6
-10.602875205865551	8.26203677301576e-6
-10.587167242597603	8.286017160695867e-6
-10.571459279329654	8.310103152393835e-6
-10.555751316061706	8.33429537555063e-6
-10.540043352793756	8.358594462324721e-6
-10.524335389525806	8.383001049634715e-6
-10.508627426257858	8.407515779201934e-6
-10.492919462989908	8.432139297596097e-6
-10.47721149972196	8.456872256278074e-6
-10.46150353645401	8.481715311646382e-6
-10.445795573186063	8.506669125081753e-6
-10.430087609918113	8.531734362992793e-6
-10.414379646650165	8.556911696863624e-6
-10.398671683382215	8.582201803299728e-6
-10.382963720114267	8.607605364076647e-6
-10.367255756846317	8.633123066185906e-6
-10.351547793578368	8.658755601886077e-6
-10.33583983031042	8.684503668750092e-6
-10.32013186704247	8.710367969715863e-6
-10.304423903774522	8.736349213134764e-6
-10.288715940506572	8.76244811282543e-6
-10.273007977238624	8.788665388121068e-6
-10.257300013970674	8.815001763924733e-6
-10.241592050702726	8.841457970760204e-6
-10.225884087434777	8.868034744824585e-6
-10.210176124166829	8.894732828042942e-6
-10.194468160898879	8.921552968121342e-6
-10.178760197630929	8.948495918603256e-6
-10.163052234362981	8.975562438922877e-6
-10.147344271095031	9.002753294463372e-6
-10.131636307827083	9.030069256612069e-6
-10.115928344559133	9.057511102817517e-6
-10.100220381291185	9.08507961664859e-6
-10.084512418023236	9.112775587852041e-6
-10.068804454755288	9.14059981241345e-6
-10.053096491487338	9.16855309261421e-6
-10.037388528219388	9.196636237095235e-6
-10.02168056495144	9.224850060916184e-6
-10.00597260168349	9.253195385618613e-6
-9.990264638415542	9.281673039287959e-6
-9.974556675147593	9.31028385661741e-6
-9.958848711879645	9.339028678971632e-6
-9.943140748611695	9.367908354452743e-6
-9.927432785343747	9.396923737964192e-6
-9.911724822075797	9.426075691278484e-6
-9.896016858807847	9.455365083104656e-6
-9.8803088955399	9.484792789154567e-6
-9.86460093227195	9.514359692213215e-6
-9.848892969004002	9.544066682207188e-6
-9.833185005736052	9.57391465627614e-6
-9.817477042468104	9.603904518842372e-6
-9.801769079200154	9.634037181685422e-6
-9.786061115932206	9.664313564010646e-6
-9.770353152664256	9.69473459252802e-6
-9.754645189396308	9.725301201522522e-6
-9.738937226128359	9.756014332931908e-6
-9.723229262860409	9.786874936422364e-6
-9.707521299592461	9.81788396946453e-6
-9.691813336324511	9.84904239741472e-6
-9.676105373056563	9.880351193589924e-6
-9.660397409788613	9.91181133935153e-6
-9.644689446520665	9.943423824184157e-6
-9.628981483252716	9.975189645777557e-6
-9.613273519984768	1.0007109810110306e-5
-9.597565556716818	1.0039185331533802e-5
-9.58185759344887	1.0071417232856457e-5
-9.56614963018092	1.0103806545429885e-5
-9.55044166691297	1.0136354309235318e-5
-9.534733703645022	1.016906157297308e-5
-9.519025740377073	1.0201929394150206e-5
-9.503317777109125	1.0234958839171156e-5
-9.487609813841175	1.0268150983428948e-5
-9.471901850573227	1.030150691139751e-5
-9.456193887305277	1.033502771672497e-5
-9.44048592403733	1.036871450232865e-5
-9.42477796076938	1.040256838049028e-5
-9.40906999750143	1.0436590472954058e-5
-9.393362034233482	1.0470781911022722e-5
-9.377654070965532	1.0505143835658565e-5
-9.361946107697584	1.0539677397584269e-5
-9.346238144429634	1.0574383757382699e-5
-9.330530181161686	1.060926408560238e-5
-9.314822217893736	1.0644319562859256e-5
-9.299114254625788	1.0679551379945102e-5
-9.283406291357839	1.0714960737931997e-5
-9.267698328089889	1.0750548848282186e-5
-9.25199036482194	1.078631693295665e-5
-9.236282401553991	1.0822266224527364e-5
-9.220574438286043	1.0858397966288021e-5
-9.204866475018093	1.089471341236915e-5
-9.189158511750145	1.093121382785259e-5
-9.173450548482196	1.0967900488889406e-5
-9.157742585214248	1.100477468281546e-5
-9.142034621946298	1.1041837708274345e-5
-9.12632665867835	1.1079090875335828e-5
-9.1106186954104	1.1116535505620116e-5
-9.09491073214245	1.1154172932421616e-5
-9.079202768874502	1.1192004500835149e-5
-9.063494805606553	1.1230031567882483e-5
-9.047786842338605	1.126825550264203e-5
-9.032078879070655	1.1306677686380664e-5
-9.016370915802707	1.1345299512683964e-5
-9.000662952534757	1.1384122387592255e-5
-8.984954989266809	1.14231477297361e-5
-8.96924702599886	1.1462376970472827e-5
-8.953539062730911	1.1501811554026852e-5
-8.937831099462962	1.1541452937632477e-5
-8.922123136195012	1.1581302591673043e-5
-8.906415172927064	1.1621361999830027e-5
-8.890707209659114	1.166163265922735e-5
-8.874999246391166	1.1702116080581112e-5
-8.859291283123216	1.174281378835034e-5
-8.843583319855268	1.1783727320889991e-5
-8.827875356587318	1.182485823060367e-5
-8.81216739331937	1.1866208084103355e-5
-8.79645943005142	1.1907778462367486e-5
-8.780751466783471	1.1949570960899938e-5
-8.765043503515523	1.1991587189895635e-5
-8.749335540247573	1.2033828774404624e-5
-8.733627576979625	1.207629735449984e-5
-8.717919613711675	1.2118994585446441e-5
-8.702211650443727	1.2161922137875363e-5
-8.686503687175778	1.220508169795529e-5
-8.67079572390783	1.2248474967571894e-5
-8.65508776063988	1.2292103664504612e-5
-8.63937979737193	1.2335969522610842e-5
-8.623671834103982	1.2380074292006109e-5
-8.607963870836032	1.2424419739255663e-5
-8.592255907568084	1.2469007647558034e-5
-8.576547944300135	1.2513839816942207e-5
-8.560839981032187	1.255891806445605e-5
-8.545132017764237	1.2604244224368315e-5
-8.529424054496289	1.2649820148365422e-5
-8.51371609122834	1.2695647705754287e-5
-8.498008127960391	1.2741728783669628e-5
-8.482300164692441	1.2788065287277744e-5
-8.466592201424492	1.2834659139991052e-5
-8.450884238156544	1.2881512283681578e-5
-8.435176274888594	1.292862667889636e-5
-8.419468311620646	1.2976004305077308e-5
-8.403760348352696	1.3023647160785729e-5
-8.388052385084748	1.3071557263927858e-5
-8.372344421816798	1.3119736651982792e-5
-8.35663645854885	1.316818738223683e-5
-8.3409284952809	1.321691153201804e-5
-8.325220532012953	1.3265911198936038e-5
-8.309512568745003	1.3315188501124598e-5
-8.293804605477053	1.3364745577486727e-5
-8.278096642209105	1.3414584587945352e-5
-8.262388678941155	1.3464707713695497e-5
-8.246680715673207	1.3515117157461831e-5
-8.230972752405258	1.3565815143759066e-5
-8.21526478913731	1.3616803919154001e-5
-8.19955682586936	1.366808575253688e-5
-8.183848862601412	1.3719662935390392e-5
-8.168140899333462	1.377153778206745e-5
-8.152432936065512	1.3823712630069943e-5
-8.136724972797564	1.3876189840332621e-5
-8.121017009529615	1.3928971797511619e-5
-8.105309046261667	1.3982060910276283e-5
-8.089601082993717	1.403545961160609e-5
-8.073893119725769	1.4089170359092386e-5
-8.058185156457819	1.4143195635240929e-5
-8.042477193189871	1.4197537947785587e-5
-8.026769229921921	1.425219982999996e-5
-8.011061266653972	1.4307183841017457e-5
-7.995353303386024	1.4362492566155954e-5
-7.979645340118075	1.4418128617245616e-5
-7.963937376850126	1.447409463296321e-5
-7.948229413582177	1.453039327916976e-5
-7.932521450314228	1.4587027249256948e-5
-7.916813487046278	1.4643999264492641e-5
-7.901105523778329	1.4701312074376984e-5
-7.8853975605103805	1.4758968457003699e-5
-7.869689597242432	1.4816971219421501e-5
-7.853981633974483	1.4875323198008748e-5
-7.838273670706534	1.4934027258846164e-5
-7.822565707438585	1.4993086298102093e-5
-7.806857744170636	1.5052503242418998e-5
-7.791149780902687	1.5112281049307323e-5
-7.7754418176347375	1.517242270754606e-5
-7.759733854366789	1.523293123758925e-5
-7.74402589109884	1.52938096919782e-5
-7.728317927830891	1.5355061155761148e-5
-7.712609964562942	1.54166887469175e-5
-7.696902001294993	1.5478695616791335e-5
-7.681194038027044	1.5541084950529998e-5
-7.665486074759095	1.5603859967529706e-5
-7.6497781114911465	1.56670239218906e-5
-7.634070148223198	1.5730580102872033e-5
-7.618362184955249	1.5794531835366052e-5
-7.602654221687299	1.585888248036715e-5
-7.58694625841935	1.5923635435459747e-5
-7.571238295151401	1.598879413530194e-5
-7.555530331883452	1.605436205212992e-5
-7.5398223686155035	1.6120342696260348e-5
-7.524114405347555	1.6186739616604904e-5
-7.508406442079606	1.625355640119339e-5
-7.492698478811657	1.632079667770525e-5
-7.476990515543708	1.6388464114008303e-5
-7.461282552275758	1.6456562418706574e-5
-7.445574589007809	1.6525095341699906e-5
-7.4298666257398605	1.6594066674747765e-5
-7.414158662471912	1.6663480252047277e-5
-7.398450699203963	1.673333995081656e-5
-7.382742735936014	1.6803649691890833e-5
-7.367034772668065	1.687441344032887e-5
-7.351326809400116	1.6945635206023775e-5
-7.335618846132167	1.701731904433228e-5
-7.319910882864218	1.708946905670786e-5
-7.304202919596269	1.716208939134807e-5
-7.28849495632832	1.7235184243851082e-5
-7.272786993060371	1.7308757857884285e-5
-7.257079029792422	1.738281452586389e-5
-7.241371066524473	1.7457358589646714e-5
-7.225663103256524	1.7532394441230306e-5
-7.209955139988575	1.760792652347059e-5
-7.194247176720626	1.7683959330807962e-5
-7.1785392134526775	1.7760497410006368e-5
-7.162831250184729	1.783754536090706e-5
-7.147123286916779	1.791510783718969e-5
-7.13141532364883	1.7993189547157265e-5
-7.115707360380881	1.8071795254522167e-5
-7.099999397112932	1.8150929779216175e-5
-7.084291433844983	1.8230597998207857e-5
-7.0685834705770345	1.8310804846337125e-5
-7.052875507309086	1.8391555317165655e-5
-7.037167544041137	1.847285446383824e-5
-7.021459580773188	1.8554707399966223e-5
-7.005751617505239	1.863711930051753e-5
-6.99004365423729	1.8720095402729736e-5
-6.97433569096934	1.880364100703776e-5
-6.9586277277013915	1.8887761478015714e-5
-6.942919764433443	1.897246224533777e-5
-6.927211801165494	1.9057748804757818e-5
-6.911503837897545	1.9143626719102683e-5
-6.895795874629596	1.923010161928709e-5
-6.880087911361647	1.931717920534566e-5
-6.864379948093698	1.9404865247483134e-5
-6.848671984825749	1.9493165587144166e-5
-6.8329640215578	1.958208613810572e-5
-6.817256058289851	1.9671632887583156e-5
-6.801548095021902	1.976181189736372e-5
-6.785840131753953	1.9852629304956872e-5
-6.770132168486004	1.994409132476534e-5
-6.754424205218055	2.0036204249285355e-5
-6.738716241950106	2.0128974450315412e-5
-6.7230082786821574	2.0222408380204355e-5
-6.707300315414209	2.0316512573109218e-5
-6.69159235214626	2.0411293646286342e-5
-6.675884388878311	2.050675830140068e-5
-6.660176425610361	2.060291332586277e-5
-6.644468462342412	2.0699765594193286e-5
-6.628760499074463	2.079732206940825e-5
-6.613052535806514	2.0895589804437056e-5
-6.5973445725385655	2.0994575943563508e-5
-6.581636609270617	2.1094287723896793e-5
-6.565928646002668	2.1194732476870604e-5
-6.550220682734719	2.1295917629771853e-5
-6.53451271946677	2.139785070729986e-5
-6.51880475619882	2.1500539333151247e-5
-6.503096792930871	2.1603991231646293e-5
-6.4873888296629225	2.17082142293774e-5
-6.471680866394974	2.1813216256895125e-5
-6.455972903127025	2.1919005350428103e-5
-6.440264939859076	2.2025589653635675e-5
-6.424556976591127	2.213297741939562e-5
-6.408849013323178	2.2241177011631687e-5
-6.393141050055229	2.2350196907171457e-5
-6.37743308678728	2.2460045697647562e-5
-6.3617251235193315	2.257073209143663e-5
-6.346017160251382	2.2682264915636205e-5
-6.330309196983433	2.27946531180821e-5
-6.314601233715484	2.290790576941084e-5
-6.298893270447535	2.302203206515938e-5
-6.283185307179586	2.3137041327915383e-5
-6.267477343911637	2.325294300950318e-5
-6.2517693806436885	2.3369746693227722e-5
-6.23606141737574	2.3487462096150956e-5
-6.220353454107791	2.3606099071431425e-5
-6.204645490839841	2.372566761069943e-5
-6.188937527571892	2.38461778464951e-5
-6.173229564303943	2.3967640054747883e-5
-6.157521601035994	2.4090064657318373e-5
-6.1418136377680455	2.4213462224587192e-5
-6.126105674500097	2.4337843478104725e-5
-6.110397711232148	2.4463219293297587e-5
-6.094689747964199	2.4589600702231133e-5
-6.07898178469625	2.4716998896437084e-5
-6.063273821428301	2.4845425229798357e-5
-6.047565858160352	2.4974891221502652e-5
-6.031857894892402	2.5105408559057006e-5
-6.0161499316244536	2.523698910137083e-5
-6.000441968356505	2.5369644881909812e-5
-5.984734005088556	2.550338811191935e-5
-5.969026041820607	2.5638231183715716e-5
-5.953318078552658	2.5774186674063178e-5
-5.937610115284709	2.5911267347615915e-5
-5.92190215201676	2.604948616044749e-5
-5.906194188748811	2.6188856263652234e-5
-5.890486225480862	2.6329391007038665e-5
-5.874778262212913	2.6471103942905564e-5
-5.859070298944964	2.6614008829900162e-5
-5.843362335677015	2.6758119636975955e-5
-5.827654372409066	2.690345054743584e-5
-5.811946409141117	2.7050015963072085e-5
-5.796238445873168	2.719783050841022e-5
-5.7805304826052195	2.734690903504623e-5
-5.764822519337271	2.7497266626091134e-5
-5.749114556069322	2.7648918600723994e-5
-5.733406592801373	2.7801880518854237e-5
-5.717698629533423	2.7956168185894493e-5
-5.701990666265474	2.8111797657661536e-5
-5.686282702997525	2.8268785245386134e-5
-5.6705747397295765	2.8427147520859593e-5
-5.654866776461628	2.8586901321711948e-5
-5.639158813193679	2.87480637568242e-5
-5.62345084992573	2.8910652211909676e-5
-5.607742886657781	2.9074684355247242e-5
-5.592034923389832	2.9240178143635102e-5
-5.576326960121882	2.9407151828614996e-5
-5.5606189968539335	2.9575623963114836e-5
-5.544911033585985	2.9745613408923947e-5
-5.529203070318036	2.99171393460959e-5
-5.513495107050087	3.0090221288233592e-5
-5.497787143782138	3.0264879121183924e-5
-5.482079180514189	3.044113328117222e-5
-5.46637121724624	3.0619006787525165e-5
-5.450663253978291	3.0798812415621605e-5
-5.4349552907103424	3.0979678811744136e-5
-5.419247327442394	3.116252355351203e-5
-5.403539364174444	3.134708248630315e-5
-5.387831400906495	3.1533401019128994e-5
-5.372123437638546	3.172136216038735e-5
-5.356415474370597	3.1911148216266015e-5
-5.340707511102648	3.210272969558772e-5
-5.324999547834699	3.2296128959510616e-5
-5.3092915845667505	3.2491370077352746e-5
-5.293583621298802	3.268847773782895e-5
-5.277875658030853	3.288747711952114e-5
-5.262167694762903	3.308839387096143e-5
-5.246459731494954	3.3291254113415996e-5
-5.230751768227005	3.349608445138217e-5
-5.215043804959056	3.370291198909927e-5
-5.1993358416911075	3.391176435845881e-5
-5.183627878423159	3.412266978283254e-5
-5.16791991515521	3.4335657307913234e-5
-5.152211951887261	3.455075847055067e-5
-5.136503988619312	3.476810089550851e-5
-5.120796025351363	3.498742000798433e-5
-5.105088062083414	3.520903679497923e-5
-5.0893800988154645	3.5433340331036205e-5
-5.073672135547516	3.565907013321842e-5
-5.057964172279567	3.588737469460721e-5
-5.042256209011618	3.6118102653734846e-5
-5.026548245743669	3.635141523915201e-5
-5.01084028247572	3.658670832182929e-5
-4.995132319207771	3.682461724616004e-5
-4.979424355939822	3.7065015746566714e-5
-4.9637163926718735	3.7307929299074555e-5
-4.948008429403924	3.755343446878747e-5
-4.932300466135975	3.780141304697753e-5
-4.916592502868026	3.805207566184517e-5
-4.900884539600077	3.830543492627307e-5
-4.885176576332128	3.8562870364926955e-5
-4.869468613064179	3.8820346179637166e-5
-4.8537606497962305	3.908172619792323e-5
-4.838052686528282	3.934608103445543e-5
-4.822344723260333	3.9613329064824585e-5
-4.806636759992384	3.988359510328968e-5
-4.790928796724435	4.015668616213908e-5
-4.775220833456485	4.0432937164786924e-5
-4.759512870188536	4.0715774379922517e-5
-4.743804906920587	4.099498566343607e-5
-4.7280969436526386	4.12799148183201e-5
-4.71238898038469	4.156843234374755e-5
-4.696681017116741	4.186036083054416e-5
-4.680973053848792	4.215584801778226e-5
-4.665265090580843	4.2476363209928054e-5
-4.649557127312894	4.276550633786116e-5
-4.633849164044944	4.306459715185125e-5
-4.6181412007769955	4.3371098478876965e-5
-4.602433237509047	4.368379719822368e-5
-4.586725274241098	4.4000815341866375e-5
-4.571017310973149	4.432257683416958e-5
-4.5553093477052	4.464758088654943e-5
-4.539601384437251	4.497447104851667e-5
-4.523893421169302	4.530599533704639e-5
-4.508185457901353	4.5639515740744654e-5
-4.4924774946334045	4.597836356815499e-5
-4.476769531365456	4.632251887744552e-5
-4.461061568097506	4.6673189821563096e-5
-4.445353604829557	4.7048567846585394e-5
-4.429645641561608	4.740976399812131e-5
-4.413937678293659	4.774460001765406e-5
-4.39822971502571	4.8118737232116584e-5
-4.3825217517577615	4.84763901513573e-5
-4.366813788489813	4.8850863409349545e-5
-4.351105825221864	4.923089420372895e-5
-4.335397861953915	4.961746125009724e-5
-4.319689898685965	5.003271701508237e-5
-4.303981935418016	5.042421920682683e-5
-4.288273972150067	5.1074253841593435e-5
-4.2725660088821185	5.121470490777535e-5
-4.25685804561417	5.1753884610011765e-5
-4.241150082346221	5.2036543044241113e-5
-4.225442119078272	5.248831909325723e-5
-4.209734155810323	5.2945239435260825e-5
-4.194026192542374	5.685006485358562e-5
-4.178318229274425	5.3865734469500715e-5
-4.162610266006476	5.431054232432683e-5
-4.146902302738527	5.51166981510233e-5
-4.131194339470578	5.523536811337539e-5
-4.115486376202629	5.57647178612481e-5
-4.09977841293468	5.605491137874733e-5
-4.084070449666731	5.653480601216682e-5
-4.068362486398782	5.702868766708049e-5
-4.052654523130833	5.8639648582499555e-5
-4.036946559862884	5.802046350462427e-5
-4.0212385965949355	5.86251154072691e-5
-4.005530633326986	5.903506238934584e-5
-3.9898226700590373	5.9584578999788846e-5
-3.9741147067910885	6.011114330621994e-5
-3.958406743523139	6.091025406364421e-5
-3.9426987802551903	6.383576041372774e-5
-3.9269908169872414	6.202355221316866e-5
-3.9112828537192925	6.232990101632927e-5
-3.8955748904513436	6.304095408217877e-5
-3.8798669271833943	7.607157809806212e-5
-3.8641589639154454	6.41663917737663e-5
-3.8484510006474966	6.475048758935984e-5
-3.8327430373795477	6.531645342252665e-5
-3.817035074111599	6.604426312779513e-5
-3.8013271108436495	6.744072779824004e-5
-3.7856191475757006	6.728489019441172e-5
-3.7699111843077517	7.898068333086785e-5
-3.754203221039803	8.098669936450853e-5
-3.738495257771854	7.798503732198064e-5
-3.7227872945039047	7.042856036645536e-5
-3.707079331235956	7.202655386372622e-5
-3.691371367968007	7.353318355909551e-5
-3.675663404700058	7.262908116094751e-5
-3.659955441432109	7.92649564015778e-5
-3.64424747816416	7.982588154204982e-5
-3.628539514896211	7.654748366447303e-5
-3.612831551628262	7.595343104203259e-5
-3.597123588360313	7.669688640630499e-5
-3.5814156250923643	8.03513717434588e-5
-3.565707661824415	8.628925372331223e-5
-3.549999698556466	0.00011706421062150201
-3.5342917352885173	0.00010682156198429088
-3.5185837720205684	8.095580603548005e-5
-3.5028758087526195	0.00011503195932662452
-3.48716784548467	0.00018211203845665074
-3.4714598822167213	9.65957604288529e-5
-3.4557519189487724	0.00012466472551072457
-3.4400439556808236	0.00012054974953088945
-3.4243359924128747	0.00014367702475591275
-3.4086280291449254	9.472391751341509e-5
-3.3929200658769765	9.672711407906203e-5
-3.3772121026090276	9.506096317562049e-5
-3.3615041393410787	0.00024303911402918775
-3.34579617607313	0.00010625239019018216
-3.3300882128051805	0.00010724499436621001
-3.3143802495372316	0.00013689803825344063
-3.2986722862692828	0.0001304554386598775
-3.282964323001334	0.00010046652227538246
-3.267256359733385	0.0002126670862831553
-3.2515483964654357	0.00010151482114481991
-3.235840433197487	0.00012815000937854793
-3.220132469929538	0.00014235389867065301
-3.204424506661589	0.0001340154263230439
-3.18871654339364	0.0004511927527791675
-3.173008580125691	0.00024442052760141695
-3.157300616857742	0.0010085373175999408
-3.141592653589793	0.00015266273350422068
-3.1258846903218442	0.00014583016192351326
-3.1101767270538954	0.00012563502144653666
-3.094468763785946	0.00012855609299238614
-3.078760800517997	0.00022360090815092023
-3.0630528372500483	0.0007969036529582604
-3.0473448739820994	0.00040308977246320964
-3.0316369107141505	0.00020419017156332174
-3.015928947446201	0.0006367357279276117
-3.0002209841782523	0.0008134892561373238
-2.9845130209103035	0.0016204832651406569
-2.9688050576423546	0.00025123431953097587
-2.9530970943744057	0.00035450015193426
-2.9373891311064564	0.0029087348373201863
-2.9216811678385075	0.0006509665188574336
-2.9059732045705586	0.002546885795580633
-2.8902652413026098	0.0007791920246449739
-2.874557278034661	0.002200532310241887
-2.8588493147667116	0.0007355135285042084
-2.8431413514987627	0.0008054607585017019
-2.827433388230814	0.0003586484148983706
-2.811725424962865	0.000329588423901522
-2.796017461694916	0.0003245016972317877
-2.7803094984269667	0.000918574935769292
-2.764601535159018	0.0008651483643773485
-2.748893571891069	0.003481568378688646
-2.73318560862312	0.0008983085707546732
-2.7174776453551712	0.001095567179563186
-2.701769682087222	0.001162633830720943
-2.686061718819273	0.0005975587808100827
-2.670353755551324	0.0010719705002783365
-2.6546457922833753	0.000385704975575302
-2.6389378290154264	0.0006326868386711672
-2.623229865747477	0.028212090934455036
-2.607521902479528	0.003489609244766555
-2.5918139392115793	0.0019313356296489436
-2.5761059759436304	0.0019033807707667311
-2.5603980126756816	0.014189175207221263
-2.5446900494077322	0.014457525611280848
-2.5289820861397834	0.003203268973975121
-2.5132741228718345	0.0012505327778138343
-2.4975661596038856	0.00191501975404551
-2.4818581963359367	0.005451064999164532
-2.4661502330679874	0.06597228784553563
-2.4504422698000385	0.005635832970309011
-2.4347343065320897	0.00494033828260252
-2.419026343264141	0.0040873814772448384
-2.403318379996192	0.018858421417641304
-2.3876104167282426	0.0886553212870684
-2.3719024534602937	0.006618386201628348
-2.356194490192345	0.011777720382522743
-2.340486526924396	0.027201181392721905
-2.324778563656447	0.00805251769947104
-2.3090706003884978	0.006585117341307696
-2.293362637120549	0.0016399162257614722
-2.2776546738526	0.004706018535988696
-2.261946710584651	0.011343161211141806
-2.2462387473167023	0.11255258351994815
-2.230530784048753	0.012955825474132265
-2.214822820780804	0.0033179785100343846
-2.199114857512855	0.028418425641670512
-2.1834068942449063	0.04002514855917968
-2.1676989309769574	0.03126819282139623
-2.151990967709008	0.03174606800487747
-2.1362830044410592	0.01761014565044642
-2.1205750411731104	0.008400344033002459
-2.1048670779051615	0.03146386031481638
-2.0891591146372126	0.00872482654117277
-2.0734511513692633	0.03143268092089702
-2.0577431881013144	0.024757311615856842
-2.0420352248333655	0.015442753883173314
-2.0263272615654166	0.012704218938701405
-2.0106192982974678	0.007936935097136793
-1.9949113350295187	0.2719072502722746
-1.9792033717615696	0.04935625547228466
-1.9634954084936207	0.0627934558945609
-1.9477874452256718	0.05679749478379834
-1.9320794819577227	0.029284430609104368
-1.9163715186897738	0.05192524383686744
-1.9006635554218247	0.21441953915685655
-1.8849555921538759	0.20378873309195208
-1.869247628885927	0.08976209347398653
-1.853539665617978	0.02762700127480522
-1.837831702350029	0.1282799476400089
-1.82212373908208	1.331174509550941
-1.806415775814131	0.10022544466263078
-1.7907078125461822	0.027976965604358334
-1.774999849278233	0.034338095705314556
-1.7592918860102842	0.06153616314144949
-1.743583922742335	0.2420954498600672
-1.7278759594743862	0.04709428739556382
-1.7121679962064373	0.3742997759281125
-1.6964600329384882	0.020287325383410014
-1.6807520696705394	0.3015286340166265
-1.6650441064025903	0.17285410016338157
-1.6493361431346414	0.03815024612476222
-1.6336281798666925	0.04218059182663944
-1.6179202165987434	0.039546413973165016
-1.6022122533307945	0.06128768066596614
-1.5865042900628454	0.14203613302524407
-1.5707963267948966	0.022633521949523686
-1.5550883635269477	0.07834080579754642
-1.5393804002589986	0.07277703279596642
-1.5236724369910497	0.04755168525952462
-1.5079644737231006	0.18429714966548155
-1.4922565104551517	0.05700548230096807
-1.4765485471872029	0.04790306143200766
-1.4608405839192538	0.23271342780608406
-1.4451326206513049	0.141565601147952
-1.4294246573833558	2.4432018592229863
-1.413716694115407	0.07994677582595251
-1.398008730847458	0.046918021784494335
-1.382300767579509	0.4686475984478616
-1.36659280431156	0.15682449656839853
-1.350884841043611	0.09661537613276143
-1.335176877775662	5.382019110140138
-1.3194689145077132	0.2622942084158277
-1.303760951239764	0.28314129459884124
-1.2880529879718152	0.051898699539621916
-1.2723450247038661	0.09429122542757556
-1.2566370614359172	0.13278110177407454
-1.2409290981679684	0.1774265774085567
-1.2252211349000193	0.614857893649624
-1.2095131716320704	1.902495389238068
-1.1938052083641213	0.5722558834086687
-1.1780972450961724	0.17729061495076948
-1.1623892818282235	0.12714937859896222
-1.1466813185602744	0.19481849032323795
-1.1309733552923256	0.1343606296099252
-1.1152653920243765	0.18009726325911102
-1.0995574287564276	0.5629515798680157
-1.0838494654884787	0.10082504268383605
-1.0681415022205296	0.159242525361503
-1.0524335389525807	0.22954296271865943
-1.0367255756846316	0.19812368119566587
-1.0210176124166828	0.21991458601455105
-1.0053096491487339	0.8461102220958392
-0.9896016858807848	1.1812717268015824
-0.9738937226128359	0.2411486548662987
-0.9581857593448869	0.3381861238831433
-0.9424777960769379	0.04532665634777016
-0.926769832808989	0.11387684236818829
-0.91106186954104	0.17691966404271334
-0.8953539062730911	0.20130658684290748
-0.8796459430051421	0.4478088121608255
-0.8639379797371931	0.3157128600985578
-0.8482300164692441	0.11274427413529525
-0.8325220532012951	0.2642337122057128
-0.8168140899333463	1.2792745177851084
-0.8011061266653973	0.2085313653786948
-0.7853981633974483	0.7979729940166215
-0.7696902001294993	0.11445037748451668
-0.7539822368615503	0.15092373572522635
-0.7382742735936014	0.7014386010636646
-0.7225663103256524	0.2540814308060023
-0.7068583470577035	0.197512093216731
-0.6911503837897545	0.4698063911953504
-0.6754424205218055	1.1798404936917803
-0.6597344572538566	0.7432879080697652
-0.6440264939859076	0.08627959290483292
-0.6283185307179586	0.40085004606170793
-0.6126105674500096	1.0843640216444863
-0.5969026041820606	0.3771568330668382
-0.5811946409141118	0.3062181212863808
-0.5654866776461628	0.6191138459710283
-0.5497787143782138	0.6057302444858077
-0.5340707511102648	0.38635215975954107
-0.5183627878423158	1.4783734928807082
-0.5026548245743669	3.1535332612119853
-0.48694686130641796	1.1439121836104307
-0.47123889803846897	0.5421102854936736
-0.45553093477052	0.22163242056911536
-0.43982297150257105	0.8960626469647711
-0.42411500823462206	0.40270698627810986
-0.4084070449666731	0.9964244593178567
-0.39269908169872414	0.08562904403144267
-0.37699111843077515	0.16707056961126163
-0.3612831551628262	0.12266798969910242
-0.34557519189487723	0.22278124939578592
-0.3298672286269283	0.26069770169932244
-0.3141592653589793	1.0659194981943276
-0.2984513020910303	0.405421051946652
-0.2827433388230814	0.8732697334698706
-0.2670353755551324	1.4744965232137361
-0.25132741228718347	0.11202513933242252
-0.23561944901923448	0.23698892961971185
-0.21991148575128552	0.6772851206290689
-0.20420352248333656	0.5060466664666672
-0.18849555921538758	0.49283538732837784
-0.17278759594743862	0.4410388526523157
-0.15707963267948966	0.3552459053056783
-0.1413716694115407	0.8478853518122508
-0.12566370614359174	0.17362866636648355
-0.10995574287564276	0.18412575338373952
-0.09424777960769379	0.8129830904711796
-0.07853981633974483	0.45298361934299386
-0.06283185307179587	0.18382387770950348
-0.047123889803846894	0.1529740583706946
-0.031415926535897934	0.42347770874200263
-0.015707963267948967	0.7692917642226548
0.0	108.18077181169802
0.015707963267948967	0.7744342719614328
0.031415926535897934	0.4328896643769555
0.047123889803846894	0.15783458039317258
0.06283185307179587	0.194012358569305
0.07853981633974483	0.4890435520179607
0.09424777960769379	0.8919461336513596
0.10995574287564276	0.20440684483093344
0.12566370614359174	0.19642700853866985
0.1413716694115407	0.9769941361545598
0.15707963267948966	0.4149318668828741
0.17278759594743862	0.5234953829078297
0.18849555921538758	0.5939049660469359
0.20420352248333656	0.6194475537793854
0.21991148575128552	0.8434109941444823
0.23561944901923448	0.299261057689876
0.25132741228718347	0.14384585259115987
0.2670353755551324	1.9270533372541512
0.2827433388230814	1.1583270113721742
0.2984513020910303	0.5468542187667788
0.3141592653589793	1.4589193458017178
0.3298672286269283	0.3616597193932367
0.34557519189487723	0.3141933850539816
0.3612831551628262	0.17555957730752886
0.37699111843077515	0.24323892803826783
0.39269908169872414	0.12718203779290171
0.4084070449666731	1.500199420267398
0.42411500823462206	0.6155368149176736
0.43982297150257105	1.3915923964958132
0.45553093477052	0.3490935598705768
0.47123889803846897	0.8683441674742508
0.48694686130641796	1.862823669704882
0.5026548245743669	5.215699354104441
0.5183627878423158	2.4801844592341085
0.5340707511102648	0.6578351201022111
0.5497787143782138	1.0495732329656409
0.5654866776461628	1.0893627590794994
0.5811946409141118	0.5461804893205331
0.5969026041820606	0.6841890408580489
0.6126105674500096	2.0001347588582674
0.6283185307179586	0.7512358945344405
0.6440264939859076	0.16463827070045614
0.6597344572538566	1.4376507526839561
0.6754424205218055	2.3197801066942207
0.6911503837897545	0.936203182570653
0.7068583470577035	0.3997970088680246
0.7225663103256524	0.5235780197474702
0.7382742735936014	1.4647991649430208
0.7539822368615503	0.3198950167058205
0.7696902001294993	0.24637829702526903
0.7853981633974483	1.7510825273704183
0.8011061266653973	0.46451295854468966
0.8168140899333463	2.90028260307481
0.8325220532012951	0.6066536913061363
0.8482300164692441	0.2620462024128549
0.8639379797371931	0.7493312157959083
0.8796459430051421	1.0752134359017815
0.8953539062730911	0.49163130785395337
0.91106186954104	0.43838486096294865
0.926769832808989	0.28646727349705736
0.9424777960769379	0.1158697176609985
0.9581857593448869	0.8800014286594778
0.9738937226128359	0.6384310506997911
0.9896016858807848	3.178165519264212
1.0053096491487339	2.3108830907590496
1.0210176124166828	0.6101447812356662
1.0367255756846316	0.5582009881887465
1.0524335389525807	0.655263006798489
1.0681415022205296	0.4624787033300261
1.0838494654884787	0.296609585488854
1.0995574287564276	1.6881922783362333
1.1152653920243765	0.5481681213922005
1.1309733552923256	0.4162625811356477
1.1466813185602744	0.6126738531390944
1.1623892818282235	0.40636094852828586
1.1780972450961724	0.5750975431434603
1.1938052083641213	1.8870256612878447
1.2095131716320704	6.374033088561387
1.2252211349000193	2.093269475979892
1.2409290981679684	0.6118218879299643
1.2566370614359172	0.4654527949802472
1.2723450247038661	0.3351113180287931
1.2880529879718152	0.18812581464125727
1.303760951239764	1.0414253352146001
1.3194689145077132	0.9813795655610813
1.335176877775662	20.456553820767812
1.350884841043611	0.36998123946393874
1.36659280431156	0.6135796472043168
1.382300767579509	1.8671840219889302
1.398008730847458	0.18811191529764806
1.413716694115407	0.32810818956725524
1.4294246573833558	10.197014977839634
1.4451326206513049	0.5993661769217659
1.4608405839192538	1.0001805294482404
1.4765485471872029	0.20791960388329825
1.4922565104551517	0.2521487285426934
1.5079644737231006	0.8310357397302135
1.5236724369910497	0.2165146956181599
1.5393804002589986	0.3380496004628956
1.5550883635269477	0.3685234719851246
1.5707963267948966	0.10693270638285447
1.5865042900628454	0.6926147214867171
1.6022122533307945	0.303797817100121
1.6179202165987434	0.19745833274450839
1.6336281798666925	0.214339066262779
1.6493361431346414	0.1976550442675291
1.6650441064025903	0.9135559280420059
1.6807520696705394	1.617734238583943
1.6964600329384882	0.10913185769533258
1.7121679962064373	2.07245405653228
1.7278759594743862	0.2643784169065899
1.743583922742335	1.382019290666295
1.7592918860102842	0.3562416436907167
1.774999849278233	0.20105882829803573
1.7907078125461822	0.16619387086078202
1.806415775814131	0.6095224248130449
1.82212373908208	8.238124715366848
1.837831702350029	0.8022909784356321
1.853539665617978	0.1740661496858473
1.869247628885927	0.5800628606140785
1.8849555921538759	1.3403286320720673
1.9006635554218247	1.433696949270645
1.9163715186897738	0.35067394108914746
1.9320794819577227	0.20038660098737207
1.9477874452256718	0.39768697534955016
1.9634954084936207	0.44477220013264396
1.9792033717615696	0.3544131514553254
1.9949113350295187	1.9970060730359491
2.0106192982974678	0.05713311571386595
2.0263272615654166	0.09446163105780617
2.0420352248333655	0.11727579192306269
2.0577431881013144	0.19255203470842033
2.0734511513692633	0.24681992587196047
2.0891591146372126	0.06820690093785772
2.1048670779051615	0.2559059564386023
2.1205750411731104	0.06807456944889115
2.1362830044410592	0.14676577256906814
2.151990967709008	0.2708567353573135
2.1676989309769574	0.27163075578594564
2.1834068942449063	0.3534304046189771
2.199114857512855	0.25426394324451596
2.214822820780804	0.02834421204120772
2.230530784048753	0.11899925119577556
2.2462387473167023	1.0615035415194216
2.261946710584651	0.10667213635841337
2.2776546738526	0.0437172641663638
2.293362637120549	0.014255659117288875
2.3090706003884978	0.0643600945328642
2.324778563656447	0.08058957545495642
2.340486526924396	0.28007076297433486
2.356194490192345	0.12272105155055905
2.3719024534602937	0.06884382772427423
2.3876104167282426	0.96279018955804
2.403318379996192	0.20656539543622238
2.419026343264141	0.04391627460957302
2.4347343065320897	0.05462923547681497
2.4504422698000385	0.06315569883038737
2.4661502330679874	0.7753754274292929
2.4818581963359367	0.06296936095207689
2.4975661596038856	0.0211960672879989
2.5132741228718345	0.013410318958971693
2.5289820861397834	0.0381630877569157
2.5446900494077322	0.1821378742178521
2.5603980126756816	0.1816193785919716
2.5761059759436304	0.02314400360650815
2.5918139392115793	0.02375078841695606
2.607521902479528	0.04520365491993634
2.623229865747477	0.3863550514206949
2.6389378290154264	0.006787429741400724
2.6546457922833753	0.003448079447805841
2.670353755551324	0.013472076102135718
2.686061718819273	0.0067560528613211926
2.701769682087222	0.015371387536430577
2.7174776453551712	0.014575139108274992
2.73318560862312	0.011849993167589164
2.748893571891069	0.05256282586483367
2.764601535159018	0.011602495812352322
2.7803094984269667	0.012727821717395624
2.796017461694916	0.0032673161448819764
2.811725424962865	0.0034332204822327583
2.827433388230814	0.004016026477985773
2.8431413514987627	0.011825098588512627
2.8588493147667116	0.010793360160478703
2.874557278034661	0.036944406845248016
2.8902652413026098	0.011959631904269323
2.9059732045705586	0.04443331052988712
2.9216811678385075	0.009982228511331239
2.9373891311064564	0.05288702707825687
2.9530970943744057	0.0046571879936131485
2.9688050576423546	0.002771328589822572
2.9845130209103035	0.02994087031613058
3.0002209841782523	0.01420921073764501
3.015928947446201	0.01085236499105662
3.0316369107141505	0.002094195208780319
3.0473448739820994	0.006323014565604508
3.0630528372500483	0.014892453253079054
3.078760800517997	0.0026802207153074696
3.094468763785946	0.0006545660101879782
3.1101767270538954	0.0006278352613112664
3.1258846903218442	0.001124783140560968
3.141592653589793	0.001327658183119254
3.157300616857742	0.021491446085529563
3.173008580125691	0.003616413736000635
3.18871654339364	0.008707037758601998
3.204424506661589	0.0010487336733547826
3.220132469929538	0.0012985287351031912
3.235840433197487	0.0009843211904863821
3.2515483964654357	0.00033780617768352123
3.267256359733385	0.0032826345784359285
3.282964323001334	0.00037077975907188815
3.2986722862692828	0.0012150358850621257
3.3143802495372316	0.0014339935471185878
3.3300882128051805	0.0006506333704519233
3.34579617607313	0.000660013069847381
3.3615041393410787	0.004645244139184445
3.3772121026090276	0.00039857993939772127
3.3929200658769765	0.0004791939037765993
3.4086280291449254	0.0004503092222621386
3.4243359924128747	0.001987066926518508
3.4400439556808236	0.0013196016438746733
3.4557519189487724	0.0014976288721683065
3.4714598822167213	0.0006358888641473642
3.48716784548467	0.0034698454145954036
3.5028758087526195	0.0013191367709788288
3.5185837720205684	0.00021444742140037257
3.5342917352885173	0.0011290608576906864
3.549999698556466	0.0015294669636255803
3.565707661824415	0.0004853372222091836
3.5814156250923643	0.00030503602294063015
3.597123588360313	0.00020041303661175118
3.612831551628262	0.00020050813972335546
3.628539514896211	0.00025023547308924385
3.64424747816416	0.00040364935371454887
3.659955441432109	0.0004116752663122257
3.675663404700058	0.00018100944424821294
3.691371367968007	0.00024453835967383134
3.707079331235956	0.00021103886193104475
3.7227872945039047	0.00017263942361240095
3.738495257771854	0.0005179784630842372
3.754203221039803	0.00067739386349268
3.7699111843077517	0.000626203423653765
3.7856191475757006	0.00014499896662958247
3.8013271108436495	0.000178963501136182
3.817035074111599	0.00014278680985534432
3.8327430373795477	0.00013603970132138672
3.8484510006474966	0.00013636760873969218
3.8641589639154454	0.0001354657068754902
3.8798669271833943	0.0007386572966757664
3.8955748904513436	0.00013424847445609136
3.9112828537192925	0.00012585521754882712
3.9269908169872414	0.00013737532760829386
3.9426987802551903	0.00025755888542204543
3.958406743523139	0.00013378147084038423
3.9741147067910885	0.00011864151134738073
3.9898226700590373	0.00011736061423740493
4.005530633326986	0.0001143790632266572
4.0212385965949355	0.00011877654615115947
4.036946559862884	0.00011187467093287677
4.052654523130833	0.0001747762131763352
4.068362486398782	0.00010909664677251475
4.084070449666731	0.00010724330832017981
4.09977841293468	0.00010583951222810692
4.115486376202629	0.00011570866165409028
4.131194339470578	0.00011049292973832477
4.146902302738527	0.00013088409574851117
4.162610266006476	0.00010737057826899445
4.178318229274425	0.00010636668675388265
4.194026192542374	0.00033252415527828557
4.209734155810323	0.00010098351912659981
4.225442119078272	9.794524032914478e-5
4.241150082346221	9.482307986410087e-5
4.25685804561417	0.00010319463453055743
4.2725660088821185	9.308896992808297e-5
4.288273972150067	0.00011142083269145653
4.303981935418016	9.213523106750115e-5
4.319689898685965	9.14352537665565e-5
4.335397861953915	8.854978126239436e-5
4.351105825221864	8.746037049729389e-5
4.366813788489813	8.651253784064903e-5
4.3825217517577615	8.564202842129566e-5
4.39822971502571	8.577768424669666e-5
4.413937678293659	8.420924808420038e-5
4.429645641561608	8.555786245068171e-5
4.445353604829557	8.434970978140932e-5
4.461061568097506	8.155799837312104e-5
4.476769531365456	8.051163871415585e-5
4.4924774946334045	7.967616452365673e-5
4.508185457901353	7.895954076005506e-5
4.523893421169302	7.837197323941206e-5
4.539601384437251	7.76204724060116e-5
4.5553093477052	7.694285313552454e-5
4.571017310973149	7.609685522858043e-5
4.586725274241098	7.520036992243312e-5
4.602433237509047	7.441484248007597e-5
4.6181412007769955	7.370447119550447e-5
4.633849164044944	7.32713134289133e-5
4.649557127312894	7.325959649383166e-5
4.665265090580843	7.396662701635987e-5
4.680973053848792	7.098017563349511e-5
4.696681017116741	7.029946603612595e-5
4.71238898038469	6.96547791944174e-5
4.7280969436526386	6.903656715663949e-5
4.743804906920587	6.847250642203597e-5
4.759512870188536	6.821460009947174e-5
4.775220833456485	6.718378049116593e-5
4.790928796724435	6.657164557499945e-5
4.806636759992384	6.598573511425466e-5
4.822344723260333	6.53913554066204e-5
4.838052686528282	6.481749146864882e-5
4.8537606497962305	6.425439336661805e-5
4.869468613064179	6.371849836309495e-5
4.885176576332128	6.333786076101011e-5
4.900884539600077	6.260865720823634e-5
4.916592502868026	6.20680686045608e-5
4.932300466135975	6.153949758699221e-5
4.948008429403924	6.102690489288313e-5
4.9637163926718735	6.050590144048232e-5
4.979424355939822	5.999848702971841e-5
4.995132319207771	5.949900702233976e-5
5.01084028247572	5.900908830357777e-5
5.026548245743669	5.855324011792989e-5
5.042256209011618	5.804024959467691e-5
5.057964172279567	5.7567020270594664e-5
5.073672135547516	5.7114873109680355e-5
5.0893800988154645	5.6713543218790626e-5
5.105088062083414	5.6182763051382454e-5
5.120796025351363	5.573119003460035e-5
5.136503988619312	5.5301522689883066e-5
5.152211951887261	5.484460288311115e-5
5.16791991515521	5.4410290305386524e-5
5.183627878423159	5.398190052652177e-5
5.1993358416911075	5.3558933634309645e-5
5.215043804959056	5.31412227845489e-5
5.230751768227005	5.272865413734337e-5
5.246459731494954	5.232112995457487e-5
5.262167694762903	5.191855981405303e-5
5.277875658030853	5.152085781905577e-5
5.293583621298802	5.112794170577465e-5
5.3092915845667505	5.0739733004845986e-5
5.324999547834699	5.0356158756040585e-5
5.340707511102648	4.9977158111823404e-5
5.356415474370597	4.960271296727976e-5
5.372123437638546	4.923308941473095e-5
5.387831400906495	4.887986342789037e-5
5.403539364174444	4.8507962969500243e-5
5.419247327442394	4.814802951049912e-5
5.4349552907103424	4.7794936652141065e-5
5.450663253978291	4.751547248486723e-5
5.46637121724624	4.7100588276177174e-5
5.482079180514189	4.6758405739426407e-5
5.497787143782138	4.642076992109907e-5
5.513495107050087	4.60870301881528e-5
5.529203070318036	4.575706013311299e-5
5.544911033585985	4.5430785160894374e-5
5.5606189968539335	4.5108142556329685e-5
5.576326960121882	4.478907401959555e-5
5.592034923389832	4.447352361506888e-5
5.607742886657781	4.416143704925955e-5
5.62345084992573	4.38527613641583e-5
5.639158813193679	4.354744478434265e-5
5.654866776461628	4.3245436628764953e-5
5.6705747397295765	4.294668725264312e-5
5.686282702997525	4.265114800466712e-5
5.701990666265474	4.235877119260904e-5
5.717698629533423	4.206951005388796e-5
5.733406592801373	4.178331872929501e-5
5.749114556069322	4.1500152238858244e-5
5.764822519337271	4.121996645924743e-5
5.7805304826052195	4.094271810240091e-5
5.796238445873168	4.0668364695086085e-5
5.811946409141117	4.039686455931504e-5
5.827654372409066	4.012817679345402e-5
5.843362335677015	3.9862261253993034e-5
5.859070298944964	3.9599078537895566e-5
5.874778262212913	3.933858996550079e-5
5.890486225480862	3.9080757563948596e-5
5.906194188748811	3.8825544051070574e-5
5.92190215201676	3.8572912819764935e-5
5.937610115284709	3.8322827922808487e-5
5.953318078552658	3.807525405808199e-5
5.969026041820607	3.7830156554217156e-5
5.984734005088556	3.758750135662904e-5
6.000441968356505	3.734725501392518e-5
6.0161499316244536	3.710938466467566e-5
6.031857894892402	3.687385802455364e-5
6.047565858160352	3.6640643373792604e-5
6.063273821428301	3.640970954498433e-5
6.07898178469625	3.6181025911204766e-5
6.094689747964199	3.5954562374426305e-5
6.110397711232148	3.573028935424598e-5
6.126105674500097	3.550817777690247e-5
6.1418136377680455	3.528819906456353e-5
6.157521601035994	3.5070325124895933e-5
6.173229564303943	3.485452834089349e-5
6.188937527571892	3.464078156096058e-5
6.204645490839841	3.442905808924786e-5
6.220353454107791	3.4219331676228765e-5
6.23606141737574	3.4011576509499444e-5
6.2517693806436885	3.3805767204825717e-5
6.267477343911637	3.360187879738846e-5
6.283185307179586	3.339988673325736e-5
6.298893270447535	3.319976686106522e-5
6.314601233715484	3.300149542389362e-5
6.330309196983433	3.280504905133771e-5
6.346017160251382	3.261040475177776e-5
6.3617251235193315	3.2417539904830124e-5
6.37743308678728	3.222643225397383e-5
6.393141050055229	3.2037059899361e-5
6.408849013323178	3.184940129078401e-5
6.424556976591127	3.1663435220825184e-5
6.440264939859076	3.147914081814921e-5
6.455972903127025	3.129649754096746e-5
6.471680866394974	3.1115485170646316e-5
6.4873888296629225	3.0936083805460655e-5
6.503096792930871	3.075827385450158e-5
6.51880475619882	3.058203603170931e-5
6.53451271946677	3.04073513500576e-5
6.550220682734719	3.023420111586925e-5
6.565928646002668	3.006256692323745e-5
6.581636609270617	2.9892430648609226e-5
6.5973445725385655	2.972377444546165e-5
6.613052535806514	2.9556580739116206e-5
6.628760499074463	2.9390832221655523e-5
6.644468462342412	2.922651184696206e-5
6.660176425610361	2.906360282586133e-5
6.675884388878311	2.8902088621377163e-5
6.69159235214626	2.8741952944087194e-5
6.707300315414209	2.858317974758449e-5
6.7230082786821574	2.842575322403079e-5
6.738716241950106	2.8269657799817895e-5
6.754424205218055	2.8114878131313154e-5
6.770132168486004	2.7961399100697374e-5
6.785840131753953	2.7809205811901448e-5
6.801548095021902	2.765828358662092e-5
6.817256058289851	2.750861796041608e-5
6.8329640215578	2.7360194678903046e-5
6.848671984825749	2.7212999694016133e-5
6.864379948093698	2.7067019160354655e-5
6.880087911361647	2.6922239431605192e-5
6.895795874629596	2.6778647057039764e-5
6.911503837897545	2.6636228778085845e-5
6.927211801165494	2.6494971524968276e-5
6.942919764433443	2.635486241342082e-5
6.9586277277013915	2.6215888741470092e-5
6.97433569096934	2.6078037986274513e-5
6.99004365423729	2.5941297801041755e-5
7.005751617505239	2.5805656012001307e-5
7.021459580773188	2.5671100615440633e-5
7.037167544041137	2.5537619774798766e-5
7.052875507309086	2.540520181782756e-5
7.0685834705770345	2.5273835233799448e-5
7.084291433844983	2.5143508670778536e-5
7.099999397112932	2.5014210932943338e-5
7.115707360380881	2.488593097796601e-5
7.13141532364883	2.475865791443858e-5
7.147123286916779	2.4632380999356912e-5
7.162831250184729	2.450708963565013e-5
7.1785392134526775	2.438277336975795e-5
7.194247176720626	2.425942188926257e-5
7.209955139988575	2.413702502055423e-5
7.225663103256524	2.401557272655808e-5
7.241371066524473	2.38950551044943e-5
7.257079029792422	2.3775462383683142e-5
7.272786993060371	2.3656784923398863e-5
7.28849495632832	2.3539013210754067e-5
7.304202919596269	2.3422137858638002e-5
7.319910882864218	2.330614960368311e-5
7.335618846132167	2.3191039304275738e-5
7.351326809400116	2.307679793860652e-5
7.367034772668065	2.2963416602750944e-5
7.382742735936014	2.285088650879392e-5
7.398450699203963	2.2739198982986084e-5
7.414158662471912	2.2628345463932276e-5
7.4298666257398605	2.251831750082147e-5
7.445574589007809	2.2409106751681335e-5
7.461282552275758	2.2300704981671063e-5
7.476990515543708	2.219310406140433e-5
7.492698478811657	2.2086295965301842e-5
7.508406442079606	2.198027276997748e-5
7.524114405347555	2.1875026652650122e-5
7.5398223686155035	2.1770549889588782e-5
7.555530331883452	2.166683485458382e-5
7.571238295151401	2.1563874017447026e-5
7.58694625841935	2.146165994253572e-5
7.602654221687299	2.1360185287311677e-5
7.618362184955249	2.1259442800915947e-5
7.634070148223198	2.1159425322778348e-5
7.6497781114911465	2.1060125781245074e-5
7.665486074759095	2.0961537192234826e-5
7.681194038027044	2.086365265792019e-5
7.696902001294993	2.0766465365427235e-5
7.712609964562942	2.0669968585564738e-5
7.728317927830891	2.0574155671568646e-5
7.74402589109884	2.0479020057875962e-5
7.759733854366789	2.038455525891753e-5
7.7754418176347375	2.0290754867928027e-5
7.791149780902687	2.0197612555784227e-5
7.806857744170636	2.0105122069857845e-5
7.822565707438585	2.001327723289013e-5
7.838273670706534	1.992207194188656e-5
7.853981633974483	1.9831500167032496e-5
7.869689597242432	1.9741555950620826e-5
7.8853975605103805	1.9652233406006102e-5
7.901105523778329	1.956352671657446e-5
7.916813487046278	1.9475430134725383e-5
7.932521450314228	1.93879379808809e-5
7.948229413582177	1.930104464250131e-5
7.963937376850126	1.9214744573128328e-5
7.979645340118075	1.9129032291432013e-5
7.995353303386024	1.904390238028631e-5
8.011061266653972	1.895934948585228e-5
8.026769229921921	1.88753683166786e-5
8.042477193189871	1.8791953642818278e-5
8.058185156457819	1.8709100294960007e-5
8.073893119725769	1.8626803163570875e-5
8.089601082993717	1.8545057198059355e-5
8.105309046261667	1.8463857405946483e-5
8.121017009529615	1.8383198852052896e-5
8.136724972797564	1.830307665770168e-5
8.152432936065512	1.822348599993033e-5
8.168140899333462	1.814442211071588e-5
8.183848862601412	1.806588027621851e-5
8.19955682586936	1.7987855836028347e-5
8.21526478913731	1.7910344182434228e-5
8.230972752405258	1.7833340759697342e-5
8.246680715673207	1.7756841063338147e-5
8.262388678941155	1.76808406394361e-5
8.278096642209105	1.7605335083940855e-5
8.293804605477053	1.7530320041994977e-5
8.309512568745003	1.745579120726363e-5
8.325220532012953	1.738174432128061e-5
8.3409284952809	1.7308175172799237e-5
8.35663645854885	1.7235079597159057e-5
8.372344421816798	1.7162453475658008e-5
8.388052385084748	1.7090292734937697e-5
8.403760348352696	1.701859334637644e-5
8.419468311620646	1.694735132549248e-5
8.435176274888594	1.6876562731359082e-5
8.450884238156544	1.6806223666021533e-5
8.466592201424492	1.6736330273933596e-5
8.482300164692441	1.666687874139292e-5
8.498008127960391	1.659786529599369e-5
8.51371609122834	1.652928620608033e-5
8.529424054496289	1.6461137780214867e-5
8.545132017764237	1.6393416366651176e-5
8.560839981032187	1.6326118352815025e-5
8.576547944300135	1.625924016479645e-5
8.592255907568084	1.6192778266846442e-5
8.607963870836032	1.6126729160880368e-5
8.623671834103982	1.6061089385996235e-5
8.63937979737193	1.599585551798952e-5
8.65508776063988	1.5931024168882885e-5
8.67079572390783	1.586659198646465e-5
8.686503687175778	1.580255565382473e-5
8.702211650443727	1.5738911888907223e-5
8.717919613711675	1.567565744406684e-5
8.733627576979625	1.5612789105626703e-5
8.749335540247573	1.5550303693452525e-5
8.765043503515523	1.5488198060526152e-5
8.780751466783471	1.5426469092524073e-5
8.79645943005142	1.536511370741135e-5
8.81216739331937	1.5304128855030413e-5
8.827875356587318	1.5243511516703568e-5
8.843583319855268	1.5183258704838537e-5
8.859291283123216	1.5123367462541075e-5
8.874999246391166	1.5063834863228294e-5
8.890707209659114	1.5004658010260626e-5
8.906415172927064	1.4945834036560097e-5
8.922123136195012	1.4887360104252071e-5
8.937831099462962	1.4829233404300261e-5
8.953539062730911	1.4771451156153856e-5
8.96924702599886	1.4714010607395155e-5
8.984954989266809	1.4656909033398277e-5
9.000662952534757	1.460014373698329e-5
9.016370915802707	1.4543712048085758e-5
9.032078879070655	1.4487611323424696e-5
9.047786842338605	1.4431838946177065e-5
9.063494805606553	1.4376392325655896e-5
9.079202768874502	1.4321268896995874e-5
9.09491073214245	1.4266466120838039e-5
9.1106186954104	1.4211981483026559e-5
9.12632665867835	1.4157812494302536e-5
9.142034621946298	1.4103956690006016e-5
9.157742585214248	1.4050411629782261e-5
9.173450548482196	1.3997174897289815e-5
9.189158511750145	1.3944244099916125e-5
9.204866475018093	1.3891616868492403e-5
9.220574438286043	1.383929085701853e-5
9.236282401553991	1.37872637423855e-5
9.25199036482194	1.373553322410817e-5
9.267698328089889	1.3684097024054093e-5
9.283406291357839	1.3632952886184592e-5
9.299114254625788	1.3582098576292214e-5
9.314822217893736	1.3531531881746567e-5
9.330530181161686	1.3481250611240812e-5
9.346238144429634	1.3431252594543817e-5
9.361946107697584	1.3381535682253468e-5
9.377654070965532	1.333209774555451e-5
9.393362034233482	1.3282936675981777e-5
9.40906999750143	1.323405038518179e-5
9.42477796076938	1.3185436804682678e-5
9.44048592403733	1.3137093885663002e-5
9.456193887305277	1.3089019598727676e-5
9.471901850573227	1.3041211933683474e-5
9.487609813841175	1.2993668899319512e-5
9.503317777109125	1.2946388523190163e-5
9.519025740377073	1.2899368851400915e-5
9.534733703645022	1.2852607948397382e-5
9.55044166691297	1.2806103896756359e-5
9.56614963018092	1.275985479698028e-5
9.58185759344887	1.271385876729553e-5
9.597565556716818	1.26681139434494e-5
9.613273519984768	1.2622618478516772e-5
9.628981483252716	1.257737054270035e-5
9.644689446520665	1.2532368323142562e-5
9.660397409788613	1.2487610023733182e-5
9.676105373056563	1.2443093864923268e-5
9.691813336324511	1.2398818083539663e-5
9.707521299592461	1.2354780932602571e-5
9.723229262860409	1.2310980681146964e-5
9.738937226128359	1.2267415614042572e-5
9.754645189396308	1.222408403182012e-5
9.770353152664256	1.218098425049805e-5
9.786061115932206	1.213811460141184e-5
9.801769079200154	1.2095473431044576e-5
9.817477042468104	1.2053059100861872e-5
9.833185005736052	1.2010869987145813e-5
9.848892969004002	1.1968904480834674e-5
9.86460093227195	1.1927160987362326e-5
9.8803088955399	1.1885637926498927e-5
9.896016858807847	1.1844333732196555e-5
9.911724822075797	1.1803246852435152e-5
9.927432785343747	1.1762375749069172e-5
9.943140748611695	1.1721718897678515e-5
9.958848711879645	1.1681274787420822e-5
9.974556675147593	1.1641041920883873e-5
9.990264638415542	1.1601018813942164e-5
10.00597260168349	1.15612039956136e-5
10.02168056495144	1.1521596007920323e-5
10.037388528219388	1.1482193405746262e-5
10.053096491487338	1.144299475670388e-5
10.068804454755288	1.1403998640995795e-5
10.084512418023236	1.1365203651282155e-5
10.100220381291185	1.1326608392547883e-5
10.115928344559133	1.1288211481972726e-5
10.131636307827083	1.1250011548802302e-5
10.147344271095031	1.1212007234219158e-5
10.163052234362981	1.1174197191219503e-5
10.178760197630929	1.1136580084487255e-5
10.194468160898879	1.1099154590272844e-5
10.210176124166829	1.1061919396270151e-5
10.225884087434777	1.1024873201498657e-5
10.241592050702726	1.098801471618402e-5
10.257300013970674	1.0951342661642653e-5
10.273007977238624	1.0914855770164771e-5
10.288715940506572	1.0878552784901949e-5
10.304423903774522	1.0842432459753664e-5
10.32013186704247	1.0806493559257152e-5
10.33583983031042	1.0770734858476493e-5
10.351547793578368	1.0735155142894636e-5
10.367255756846317	1.0699753208306723e-5
10.382963720114267	1.0664527860713862e-5
10.398671683382215	1.06294779162181e-5
10.414379646650165	1.0594602200919816e-5
10.430087609918113	1.055989955081576e-5
10.445795573186063	1.0525368811696952e-5
10.46150353645401	1.0491008839050789e-5
10.47721149972196	1.045681849796217e-5
10.492919462989908	1.0422796663013617e-5
10.508627426257858	1.0388942218193757e-5
10.524335389525806	1.0355254056799183e-5
10.540043352793756	1.0321731081340707e-5
10.555751316061706	1.0288372203452269e-5
10.571459279329654	1.0255176343797626e-5
10.587167242597603	1.0222142431981031e-5
10.602875205865551	1.018926940645658e-5
10.618583169133501	1.0156556214441464e-5
10.634291132401449	1.012400181182635e-5
10.649999095669399	1.0091605163091173e-5
10.665707058937347	1.0059365241218054e-5
10.681415022205297	1.0027281027607746e-5
10.697122985473246	9.995351511996653e-6
10.712830948741194	9.9635756923734e-6
10.728538912009144	9.931952574898838e-6
10.744246875277092	9.900481173822727e-6
10.759954838545042	9.869160511408164e-6
10.77566280181299	9.837989617849101e-6
10.79137076508094	9.806967531195636e-6
10.807078728348888	9.776093297274406e-6
10.822786691616837	9.745365969615216e-6
10.838494654884787	9.714784609373885e-6
10.854202618152735	9.684348285259383e-6
10.869910581420685	9.654056073459552e-6
10.885618544688633	9.623907057568146e-6
10.901326507956583	9.593900328515437e-6
10.91703447122453	9.5640349844948e-6
10.93274243449248	9.534310130892866e-6
10.948450397760428	9.504724880222093e-6
10.964158361028378	9.47527835204973e-6
10.979866324296326	9.44596967293225e-6
10.995574287564276	9.416797976346727e-6
11.011282250832226	9.387762402625686e-6
11.026990214100174	9.358862098890775e-6
11.042698177368123	9.330096218988677e-6
11.058406140636071	9.301463923426889e-6
11.074114103904021	9.272964379309464e-6
11.08982206717197	9.244596760276785e-6
11.105530030439919	9.216360246440329e-6
11.121237993707867	9.188254024324452e-6
11.136945956975817	9.16027728680432e-6
11.152653920243765	9.132429233045791e-6
11.168361883511714	9.104709068447473e-6
11.184069846779664	9.077116004580451e-6
11.199777810047612	9.04964925913287e-6
11.215485773315562	9.022308055849065e-6
11.23119373658351	8.995091624476299e-6
11.24690169985146	8.967999200707428e-6
11.262609663119408	8.941030026124307e-6
11.278317626387357	8.914183348145499e-6
11.294025589655305	8.887458419970254e-6
11.309733552923255	8.860854500524648e-6
11.325441516191205	8.834370854409972e-6
11.341149479459153	8.808006751849284e-6
11.356857442727103	8.781761468635902e-6
11.37256540599505	8.755634286081581e-6
11.388273369263	8.729624490966589e-6
11.403981332530948	8.703731375488429e-6
11.419689295798898	8.677954237213044e-6
11.435397259066846	8.65229237902575e-6
11.451105222334796	8.626745109081228e-6
11.466813185602746	8.60131174075758e-6
11.482521148870694	8.575991592606651e-6
11.498229112138644	8.550783988308403e-6
11.513937075406592	8.525688256623208e-6
11.529645038674541	8.500703731347049e-6
11.54535300194249	8.475829751265505e-6
11.561060965210439	8.451065660107266e-6
11.576768928478387	8.426410806501045e-6
11.592476891746337	8.401864543932232e-6
11.608184855014285	8.377426230697014e-6
11.623892818282235	8.353095229858958e-6
11.639600781550184	8.328870909210113e-6
11.655308744818132	8.304752641224037e-6
11.671016708086082	8.280739803016899e-6
11.68672467135403	8.256831776303914e-6
11.70243263462198	8.233027947360582e-6
11.718140597889928	8.209327706980988e-6
11.733848561157878	8.185730450436704e-6
11.749556524425826	8.162235577439218e-6
11.765264487693775	8.138842492098467e-6
11.780972450961723	8.115550602885733e-6
11.796680414229673	8.092359322593172e-6
11.812388377497623	8.069268068298294e-6
11.82809634076557	8.04627626132359e-6
11.84380430403352	8.023383327201313e-6
11.859512267301469	8.000588695634939e-6
11.875220230569418	7.977891800463322e-6
11.890928193837366	7.955292079625335e-6
11.906636157105316	7.932788975122412e-6
11.922344120373264	7.910381932983802e-6
11.938052083641214	7.88807040323285e-6
11.953760046909164	7.865853839849335e-6
11.969468010177112	7.843731700738421e-6
11.985175973445061	7.821703447693467e-6
12.00088393671301	7.799768546364908e-6
12.01659189998096	7.777926466226077e-6
12.032299863248907	7.756176680539055e-6
12.048007826516857	7.734518666324539e-6
12.063715789784805	7.712951904326335e-6
12.079423753052755	7.691475878982345e-6
12.095131716320704	7.670090078390083e-6
12.110839679588652	7.64879399427838e-6
12.126547642856602	7.627587121974055e-6
12.14225560612455	7.606468960371354e-6
12.1579635693925	7.585439011903383e-6
12.173671532660448	7.564496782508569e-6
12.189379495928398	7.543641781605063e-6
12.205087459196346	7.522873522057742e-6
12.220795422464295	7.502191520150569e-6
12.236503385732243	7.481595295558006e-6
12.252211349000193	7.4610843713143904e-6
12.267919312268143	7.440658273787923e-6
12.283627275536091	7.420316532651538e-6
12.29933523880404	7.40005868085487e-6
12.315043202071989	7.379884254596947e-6
12.330751165339938	7.359792793298622e-6
12.346459128607886	7.339783839576804e-6
12.362167091875836	7.31985693921602e-6
12.377875055143784	7.300011641142712e-6
12.393583018411734	7.280247497399727e-6
12.409290981679682	7.260564063118897e-6
12.424998944947632	7.2409608964969435e-6
12.440706908215581	7.221437558768741e-6
12.45641487148353	7.201993614182071e-6
12.47212283475148	7.182628629974032e-6
12.487830798019427	7.163342176345181e-6
12.503538761287377	7.14413382643542e-6
12.519246724555325	7.1250031562997704e-6
12.534954687823275	7.105949744883498e-6
12.550662651091223	7.086973174000194e-6
12.566370614359172	7.0680730283064516e-6
