-12.566370614359172	5.3352162975854636e-6
-12.550662651091223	5.3475237663406505e-6
-12.534954687823275	5.3598739731535845e-6
-12.519246724555325	5.372267116607728e-6
-12.503538761287377	5.384703396444045e-6
-12.487830798019427	5.3971830135692085e-6
-12.47212283475148	5.409706170063649e-6
-12.45641487148353	5.42227306918997e-6
-12.440706908215581	5.43488391540112e-6
-12.424998944947632	5.447538914348925e-6
-12.409290981679682	5.460238272892429e-6
-12.393583018411734	5.472982199106592e-6
-12.377875055143784	5.485770902290796e-6
-12.362167091875836	5.498604592977361e-6
-12.346459128607886	5.5114834829407195e-6
-12.330751165339938	5.524407785205739e-6
-12.315043202071989	5.537377714057052e-6
-12.29933523880404	5.550393485047734e-6
-12.283627275536091	5.563455315008391e-6
-12.267919312268143	5.576563422056563e-6
-12.252211349000193	5.589718025605315e-6
-12.236503385732243	5.602919346373287e-6
-12.220795422464295	5.616167606393485e-6
-12.205087459196346	5.629463029022673e-6
-12.189379495928398	5.642805838951434e-6
-12.173671532660448	5.656196262213269e-6
-12.1579635693925	5.669634526194193e-6
-12.14225560612455	5.683120859643026e-6
-12.126547642856602	5.6966554926806765e-6
-12.110839679588652	5.710238656810362e-6
-12.095131716320704	5.723870584927506e-6
-12.079423753052755	5.7375515113299014e-6
-12.063715789784805	5.751281671727579e-6
-12.048007826516857	5.765061303253722e-6
-12.032299863248907	5.7788906444741676e-6
-12.01659189998096	5.79276993539852e-6
-12.00088393671301	5.8066994174904665e-6
-11.985175973445061	5.82067933367803e-6
-11.969468010177112	5.834709928364914e-6
-11.953760046909164	5.848791447440806e-6
-11.938052083641214	5.862924138292355e-6
-11.922344120373264	5.877108249814383e-6
-11.906636157105316	5.891344032420671e-6
-11.890928193837366	5.90563173805524e-6
-11.875220230569418	5.919971620203712e-6
-11.859512267301469	5.934363933904494e-6
-11.84380430403352	5.948808935760334e-6
-11.82809634076557	5.9633068839499e-6
-11.812388377497623	5.977858038239407e-6
-11.796680414229673	5.992462659994361e-6
-11.780972450961723	6.007121012191524e-6
-11.765264487693775	6.0218333594306215e-6
-11.749556524425826	6.036599967946738e-6
-11.733848561157878	6.0514211056222355e-6
-11.718140597889928	6.066297041999221e-6
-11.70243263462198	6.0812280482917855e-6
-11.68672467135403	6.096214397398646e-6
-11.671016708086082	6.111256363915555e-6
-11.655308744818132	6.126354224148204e-6
-11.639600781550184	6.141508256125027e-6
-11.623892818282235	6.15671873960991e-6
-11.608184855014285	6.171985956115567e-6
-11.592476891746337	6.187310188916626e-6
-11.576768928478387	6.202691723062579e-6
-11.561060965210439	6.21813084539182e-6
-11.54535300194249	6.2336278445445995e-6
-11.529645038674541	6.249183010976849e-6
-11.513937075406592	6.264796636974046e-6
-11.498229112138644	6.2804690166649485e-6
-11.482521148870694	6.296200446035762e-6
-11.466813185602746	6.3119912229441855e-6
-11.451105222334796	6.32784164713351e-6
-11.435397259066846	6.3437520202473465e-6
-11.419689295798898	6.359722645843745e-6
-11.403981332530948	6.375753829410202e-6
-11.388273369263	6.391845878378395e-6
-11.37256540599505	6.407999102138552e-6
-11.356857442727103	6.424213812055331e-6
-11.341149479459153	6.440490321482383e-6
-11.325441516191205	6.4568289457778795e-6
-11.309733552923255	6.4732300023200475e-6
-11.294025589655305	6.489693810522376e-6
-11.278317626387357	6.506220691849991e-6
-11.262609663119408	6.522810969834957e-6
-11.24690169985146	6.5394649700925e-6
-11.23119373658351	6.556183020337321e-6
-11.215485773315562	6.572965450399533e-6
-11.199777810047612	6.589812592241548e-6
-11.184069846779664	6.6067247799744335e-6
-11.168361883511714	6.623702349874672e-6
-11.152653920243765	6.640745640401154e-6
-11.136945956975817	6.657854992212233e-6
-11.121237993707867	6.6750307481829885e-6
-11.105530030439919	6.692273253422475e-6
-11.08982206717197	6.709582855291324e-6
-11.074114103904021	6.726959903419639e-6
-11.058406140636071	6.744404749724459e-6
-11.042698177368123	6.7619177484282616e-6
-11.026990214100174	6.779499256076817e-6
-11.011282250832226	6.797149631557593e-6
-10.995574287564276	6.814869236118484e-6
-10.979866324296326	6.832658433386368e-6
-10.964158361028378	6.850517589385966e-6
-10.948450397760428	6.86844707255901e-6
-10.93274243449248	6.886447253783439e-6
-10.91703447122453	6.904518506392716e-6
-10.901326507956583	6.922661206195713e-6
-10.885618544688633	6.940875731495934e-6
-10.869910581420685	6.959162463112107e-6
-10.854202618152735	6.977521784398011e-6
-10.838494654884787	6.995954081262944e-6
-10.822786691616837	7.014459742191881e-6
-10.807078728348888	7.033039158266786e-6
-10.79137076508094	7.0516927231872304e-6
-10.77566280181299	7.070420833291332e-6
-10.759954838545042	7.089223887577405e-6
-10.744246875277092	7.1081022877254466e-6
-10.728538912009144	7.1270564381184665e-6
-10.712830948741194	7.146086745864965e-6
-10.697122985473246	7.165193620820808e-6
-10.681415022205297	7.184377475611383e-6
-10.665707058937347	7.2036387256545554e-6
-10.649999095669399	7.222977789183142e-6
-10.634291132401449	7.242395087268187e-6
-10.618583169133501	7.261891043841758e-6
-10.602875205865551	7.2814660857208456e-6
-10.587167242597603	7.301120642630786e-6
-10.571459279329654	7.320855147229181e-6
-10.555751316061706	7.340670035129985e-6
-10.540043352793756	7.360565744927882e-6
-10.524335389525806	7.380542718222914e-6
-10.508627426257858	7.400601399645422e-6
-10.492919462989908	7.420742236880857e-6
-10.47721149972196	7.440965680695113e-6
-10.46150353645401	7.461272184960404e-6
-10.445795573186063	7.4816622066807724e-6
-10.430087609918113	7.5021362060180875e-6
-10.414379646650165	7.5226946463186574e-6
-10.398671683382215	7.543337994139528e-6
-10.382963720114267	7.564066719275555e-6
-10.367255756846317	7.584881294786175e-6
-10.351547793578368	7.605782197022957e-6
-10.33583983031042	7.626769905657353e-6
-10.32013186704247	7.647844903708225e-6
-10.304423903774522	7.669007677570474e-6
-10.288715940506572	7.69025871704311e-6
-10.273007977238624	7.711598515358083e-6
-10.257300013970674	7.733027569209382e-6
-10.241592050702726	7.754546378782447e-6
-10.225884087434777	7.776155447783306e-6
-10.210176124166829	7.797855283469033e-6
-10.194468160898879	7.819646396677523e-6
-10.178760197630929	7.841529301858031e-6
-10.163052234362981	7.8635045171023e-6
-10.147344271095031	7.885572564175142e-6
-10.131636307827083	7.907733968546162e-6
-10.115928344559133	7.929989259421476e-6
-10.100220381291185	7.95233896977578e-6
-10.084512418023236	7.974783636384292e-6
-10.068804454755288	7.997323799856223e-6
-10.053096491487338	8.019960004667035e-6
-10.037388528219388	8.042692799192233e-6
-10.02168056495144	8.065522735740778e-6
-10.00597260168349	8.088450370589583e-6
-9.990264638415542	8.111476264017118e-6
-9.974556675147593	8.134600980339111e-6
-9.958848711879645	8.15782508794265e-6
-9.943140748611695	8.181149159322297e-6
-9.927432785343747	8.204573771115662e-6
-9.911724822075797	8.228099504139496e-6
-9.896016858807847	8.251726943426356e-6
-9.8803088955399	8.275456678261331e-6
-9.86460093227195	8.299289302219597e-6
-9.848892969004002	8.32322541320374e-6
-9.833185005736052	8.34726561348228e-6
-9.817477042468104	8.371410509727666e-6
-9.801769079200154	8.395660713055371e-6
-9.786061115932206	8.420016839062855e-6
-9.770353152664256	8.444479507869889e-6
-9.754645189396308	8.469049344157808e-6
-9.738937226128359	8.493726977210514e-6
-9.723229262860409	8.518513040955168e-6
-9.707521299592461	8.543408174003602e-6
-9.691813336324511	8.568413019694051e-6
-9.676105373056563	8.593528226133395e-6
-9.660397409788613	8.618754446239801e-6
-9.644689446520665	8.644092337785695e-6
-9.628981483252716	8.669542563441386e-6
-9.613273519984768	8.695105790819116e-6
-9.597565556716818	8.720782692517497e-6
-9.58185759344887	8.746573946166361e-6
-9.56614963018092	8.772480234472177e-6
-9.55044166691297	8.798502245264117e-6
-9.534733703645022	8.824640671540227e-6
-9.519025740377073	8.850896211514362e-6
-9.503317777109125	8.87726956866349e-6
-9.487609813841175	8.903761451775757e-6
-9.471901850573227	8.930372574998635e-6
-9.456193887305277	8.957103657887986e-6
-9.44048592403733	8.983955425457296e-6
-9.42477796076938	9.01092860822795e-6
-9.40906999750143	9.038023942279209e-6
-9.393362034233482	9.065242169299871e-6
-9.377654070965532	9.092584036639272e-6
-9.361946107697584	9.12005029735976e-6
-9.346238144429634	9.147641710289265e-6
-9.330530181161686	9.175359040074787e-6
-9.314822217893736	9.203203057235832e-6
-9.299114254625788	9.231174538218998e-6
-9.283406291357839	9.259274265453516e-6
-9.267698328089889	9.28750302740586e-6
-9.25199036482194	9.315861618636993e-6
-9.236282401553991	9.344350839858502e-6
-9.220574438286043	9.372971497990376e-6
-9.204866475018093	9.401724406219176e-6
-9.189158511750145	9.430610384056346e-6
-9.173450548482196	9.459630257398199e-6
-9.157742585214248	9.488784858585404e-6
-9.142034621946298	9.51807502646409e-6
-9.12632665867835	9.547501606446778e-6
-9.1106186954104	9.577065450574988e-6
-9.09491073214245	9.606767417581472e-6
-9.079202768874502	9.636608372953816e-6
-9.063494805606553	9.666589188998692e-6
-9.047786842338605	9.696710744906616e-6
-9.032078879070655	9.726973926817408e-6
-9.016370915802707	9.75737962788668e-6
-9.000662952534757	9.787928748352685e-6
-8.984954989266809	9.818622195604529e-6
-8.96924702599886	9.849460884250198e-6
-8.953539062730911	9.880445736186215e-6
-8.937831099462962	9.91157768066765e-6
-8.922123136195012	9.942857654379086e-6
-8.906415172927064	9.974286601506328e-6
-8.890707209659114	1.0005865473808897e-5
-8.874999246391166	1.0037595230693386e-5
-8.859291283123216	1.0069476839287502e-5
-8.843583319855268	1.010151127451534e-5
-8.827875356587318	1.0133699519173153e-5
-8.81216739331937	1.0166042564005989e-5
-8.79645943005142	1.0198541407785387e-5
-8.780751466783471	1.0231197057388068e-5
-8.765043503515523	1.0264010527874998e-5
-8.749335540247573	1.0296982842572154e-5
-8.733627576979625	1.03301150331511e-5
-8.717919613711675	1.03634081397122e-5
-8.702211650443727	1.0396863210866581e-5
-8.686503687175778	1.0430481303821271e-5
-8.67079572390783	1.0464263484463536e-5
-8.65508776063988	1.0498210827447372e-5
-8.63937979737193	1.0532324416280554e-5
-8.623671834103982	1.0566605343412285e-5
-8.607963870836032	1.0601054710323027e-5
-8.592255907568084	1.0635673627613997e-5
-8.576547944300135	1.0670463215098756e-5
-8.560839981032187	1.0705424601895324e-5
-8.545132017764237	1.0740558926519807e-5
-8.529424054496289	1.0775867336980324e-5
-8.51371609122834	1.081135099087333e-5
-8.498008127960391	1.0847011055479807e-5
-8.482300164692441	1.0882848707863077e-5
-8.466592201424492	1.0918865134968238e-5
-8.450884238156544	1.0955061533722e-5
-8.435176274888594	1.0991439111134324e-5
-8.419468311620646	1.1027999084400959e-5
-8.403760348352696	1.1064742681007074e-5
-8.388052385084748	1.1101671138832422e-5
-8.372344421816798	1.1138785706257804e-5
-8.35663645854885	1.117608764227269e-5
-8.3409284952809	1.1213578216584013e-5
-8.325220532012953	1.1251258709726206e-5
-8.309512568745003	1.128913041317309e-5
-8.293804605477053	1.132719462945073e-5
-8.278096642209105	1.1365452672251256e-5
-8.262388678941155	1.1403905866549162e-5
-8.246680715673207	1.144255554871782e-5
-8.230972752405258	1.1481403066648548e-5
-8.21526478913731	1.1520449779869765e-5
-8.19955682586936	1.1559697059669049e-5
-8.183848862601412	1.1599146289215647e-5
-8.168140899333462	1.1638798863685221e-5
-8.152432936065512	1.1678656190385473e-5
-8.136724972797564	1.1718719688883604e-5
-8.121017009529615	1.175899079113552e-5
-8.105309046261667	1.1799470941616448e-5
-8.089601082993717	1.1840161597453147e-5
-8.073893119725769	1.1881064228557865e-5
-8.058185156457819	1.1922180317764111e-5
-8.042477193189871	1.1963511360963133e-5
-8.026769229921921	1.2005058867244071e-5
-8.011061266653972	1.2046824359033507e-5
-7.995353303386024	1.208880937223882e-5
-7.979645340118075	1.2131015456391902e-5
-7.963937376850126	1.2173444174795711e-5
-7.948229413582177	1.221609710467156e-5
-7.932521450314228	1.2258975837309254e-5
-7.916813487046278	1.2302081978219132e-5
-7.901105523778329	1.2345417147284739e-5
-7.8853975605103805	1.2388982978919321e-5
-7.869689597242432	1.2432781122222763e-5
-7.853981633974483	1.2476813241141538e-5
-7.838273670706534	1.2521081014629481e-5
-7.822565707438585	1.2565586136812574e-5
-7.806857744170636	1.2610330317153578e-5
-7.791149780902687	1.2655315280620923e-5
-7.7754418176347375	1.2700542767857579e-5
-7.759733854366789	1.2746014535354302e-5
-7.74402589109884	1.2791732355623517e-5
-7.728317927830891	1.2837698017376066e-5
-7.712609964562942	1.2883913325700254e-5
-7.696902001294993	1.2930380102243207e-5
-7.681194038027044	1.2977100185394324e-5
-7.665486074759095	1.302407543047184e-5
-7.6497781114911465	1.30713077099101e-5
-7.634070148223198	1.3118798913452446e-5
-7.618362184955249	1.3166550948342828e-5
-7.602654221687299	1.321456573952255e-5
-7.58694625841935	1.3262845229829415e-5
-7.571238295151401	1.331139138019787e-5
-7.555530331883452	1.3360206169863485e-5
-7.5398223686155035	1.3409291596569566e-5
-7.524114405347555	1.3458649676775714e-5
-7.508406442079606	1.3508282445871231e-5
-7.492698478811657	1.3558191958388581e-5
-7.476990515543708	1.3608380288222183e-5
-7.461282552275758	1.3658849528848886e-5
-7.445574589007809	1.3709601793550903e-5
-7.4298666257398605	1.3760639215643679e-5
-7.414158662471912	1.3811963948704641e-5
-7.398450699203963	1.386357816680632e-5
-7.382742735936014	1.3915484064752198e-5
-7.367034772668065	1.3967683858316246e-5
-7.351326809400116	1.402017978448454e-5
-7.335618846132167	1.4072974101701648e-5
-7.319910882864218	1.4126069090119227e-5
-7.304202919596269	1.41794670518487e-5
-7.28849495632832	1.4233170311217028e-5
-7.272786993060371	1.428718121502598e-5
-7.257079029792422	1.4341502132815107e-5
-7.241371066524473	1.4396135457128511e-5
-7.225663103256524	1.4451083603784956e-5
-7.209955139988575	1.4506349012151526e-5
-7.194247176720626	1.4561934145421842e-5
-7.1785392134526775	1.4617841490897727e-5
-7.162831250184729	1.4674073560273987e-5
-7.147123286916779	1.4730632889928886e-5
-7.13141532364883	1.4787522041216798e-5
-7.115707360380881	1.4844743600767025e-5
-7.099999397112932	1.490230018078408e-5
-7.084291433844983	1.4960194419355275e-5
-7.0685834705770345	1.50184289807599e-5
-7.052875507309086	1.5077006555784883e-5
-7.037167544041137	1.5135929862043279e-5
-7.021459580773188	1.5195201644298909e-5
-7.005751617505239	1.5254824674793396e-5
-6.99004365423729	1.5314801753580487e-5
-6.97433569096934	1.5375135708862755e-5
-6.9586277277013915	1.5435829397335195e-5
-6.942919764433443	1.5496885704531712e-5
-6.927211801165494	1.5558307545177993e-5
-6.911503837897545	1.562009786354962e-5
-6.895795874629596	1.5682259633833726e-5
-6.880087911361647	1.57447958604976e-5
-6.864379948093698	1.580770957866185e-5
-6.848671984825749	1.5871003854479125e-5
-6.8329640215578	1.5934681785517914e-5
-6.817256058289851	1.599874650115294e-5
-6.801548095021902	1.6063201162960172e-5
-6.785840131753953	1.6128048965118288e-5
-6.770132168486004	1.6193293134815682e-5
-6.754424205218055	1.6258936932663692e-5
-6.738716241950106	1.6324983653115935e-5
-6.7230082786821574	1.6391436624894002e-5
-6.707300315414209	1.6458299211417918e-5
-6.69159235214626	1.6525574811245773e-5
-6.675884388878311	1.659326685851752e-5
-6.660176425610361	1.6661378823406545e-5
-6.644468462342412	1.6729914212577357e-5
-6.628760499074463	1.6798876569650725e-5
-6.613052535806514	1.686826947567535e-5
-6.5973445725385655	1.6938096549607e-5
-6.581636609270617	1.700836144879409e-5
-6.565928646002668	1.7079067869471758e-5
-6.550220682734719	1.7150219547262657e-5
-6.53451271946677	1.7221820257685176e-5
-6.51880475619882	1.7293873816670214e-5
-6.503096792930871	1.7366384081084838e-5
-6.4873888296629225	1.743935494926486e-5
-6.471680866394974	1.7512790361554803e-5
-6.455972903127025	1.7586694300856964e-5
-6.440264939859076	1.7661070793187497e-5
-6.424556976591127	1.7735923908243428e-5
-6.408849013323178	1.7811257759975805e-5
-6.393141050055229	1.7887076507173342e-5
-6.37743308678728	1.796338435405527e-5
-6.3617251235193315	1.8040185550872068e-5
-6.346017160251382	1.8117484394516844e-5
-6.330309196983433	1.8195285229145662e-5
-6.314601233715484	1.827359244680798e-5
-6.298893270447535	1.835241048808648e-5
-6.283185307179586	1.843174384274732e-5
-6.267477343911637	1.851159705040064e-5
-6.2517693806436885	1.859197470117177e-5
-6.23606141737574	1.867288143638197e-5
-6.220353454107791	1.8754321949241735e-5
-6.204645490839841	1.8836300985553464e-5
-6.188937527571892	1.8918823344426865e-5
-6.173229564303943	1.9001893879004347e-5
-6.157521601035994	1.9085517497199208e-5
-6.1418136377680455	1.9169699162445362e-5
-6.126105674500097	1.9254443894458604e-5
-6.110397711232148	1.9339756770011483e-5
-6.094689747964199	1.9425642923718873e-5
-6.07898178469625	1.9512107548838073e-5
-6.063273821428301	1.9599155898081272e-5
-6.047565858160352	1.968679328444095e-5
-6.031857894892402	1.9775025082029267e-5
-6.0161499316244536	1.9863856726930778e-5
-6.000441968356505	1.995329371806981e-5
-5.984734005088556	2.0043341618091984e-5
-5.969026041820607	2.0134006054259247e-5
-5.953318078552658	2.0225292719361842e-5
-5.937610115284709	2.0317207372643236e-5
-5.92190215201676	2.0409755840741975e-5
-5.906194188748811	2.050294401864851e-5
-5.890486225480862	2.0596777870678844e-5
-5.874778262212913	2.069126343146306e-5
-5.859070298944964	2.0786406806952308e-5
-5.843362335677015	2.0882214175441397e-5
-5.827654372409066	2.097869178860938e-5
-5.811946409141117	2.1075845972577845e-5
-5.796238445873168	2.117368312898617e-5
-5.7805304826052195	2.1272209736087183e-5
-5.764822519337271	2.137143234985908e-5
-5.749114556069322	2.1471357605138706e-5
-5.733406592801373	2.1571992216772202e-5
-5.717698629533423	2.1673342980787357e-5
-5.701990666265474	2.1775416775584883e-5
-5.686282702997525	2.1878220563151232e-5
-5.6705747397295765	2.1981761390292196e-5
-5.654866776461628	2.2086046389886888e-5
-5.639158813193679	2.219108278216584e-5
-5.62345084992573	2.2296877876009762e-5
-5.607742886657781	2.2403439070271334e-5
-5.592034923389832	2.2510773855121262e-5
-5.576326960121882	2.2618889813416603e-5
-5.5606189968539335	2.2727794622094484e-5
-5.544911033585985	2.2837496053590343e-5
-5.529203070318036	2.2948001977281435e-5
-5.513495107050087	2.305932036095439e-5
-5.497787143782138	2.3171459272302855e-5
-5.482079180514189	2.3284426880447656e-5
-5.46637121724624	2.339823145748847e-5
-5.450663253978291	2.3512881380078115e-5
-5.4349552907103424	2.3628385131033162e-5
-5.419247327442394	2.37447513009649e-5
-5.403539364174444	2.3861988589946942e-5
-5.387831400906495	2.3980105809209387e-5
-5.372123437638546	2.409911188286625e-5
-5.356415474370597	2.4219015849671957e-5
-5.340707511102648	2.4339826864813305e-5
-5.324999547834699	2.4461554201732837e-5
-5.3092915845667505	2.4584207253984425e-5
-5.293583621298802	2.47077955371269e-5
-5.277875658030853	2.4832328690650332e-5
-5.262167694762903	2.4957816479937413e-5
-5.246459731494954	2.50842687982661e-5
-5.230751768227005	2.5211695668843718e-5
-5.215043804959056	2.5340107246883613e-5
-5.1993358416911075	2.5469513821720702e-5
-5.183627878423159	2.5599925818965766e-5
-5.16791991515521	2.5731353802699114e-5
-5.152211951887261	2.5863808477711556e-5
-5.136503988619312	2.5997300691782243e-5
-5.120796025351363	2.6131841438002114e-5
-5.105088062083414	2.6267441857145532e-5
-5.0893800988154645	2.6404113240081036e-5
-5.073672135547516	2.6541867030234313e-5
-5.057964172279567	2.6680714826096514e-5
-5.042256209011618	2.68206683837813e-5
-5.026548245743669	2.6961739619632715e-5
-5.01084028247572	2.710394061288216e-5
-4.995132319207771	2.7247283608361288e-5
-4.979424355939822	2.7391781019263968e-5
-4.9637163926718735	2.7537445429965523e-5
-4.948008429403924	2.768428959889663e-5
-4.932300466135975	2.7832326461475333e-5
-4.916592502868026	2.7981569133096186e-5
-4.900884539600077	2.8132030912180524e-5
-4.885176576332128	2.8283725283286503e-5
-4.869468613064179	2.8436665920282987e-5
-4.8537606497962305	2.8590866689586922e-5
-4.838052686528282	2.8746341653465795e-5
-4.822344723260333	2.8903105073408003e-5
-4.806636759992384	2.906117141356173e-5
-4.790928796724435	2.922055534424267e-5
-4.775220833456485	2.93812717455164e-5
-4.759512870188536	2.954333571085214e-5
-4.743804906920587	2.970676255085197e-5
-4.7280969436526386	2.987156779705955e-5
-4.71238898038469	3.0037767205845044e-5
-4.696681017116741	3.0205376762371992e-5
-4.680973053848792	3.037441268464836e-5
-4.665265090580843	3.054489142766122e-5
-4.649557127312894	3.071682968759829e-5
-4.633849164044944	3.089024440615902e-5
-4.6181412007769955	3.106515277495779e-5
-4.602433237509047	3.124157224001864e-5
-4.586725274241098	3.14195205063681e-5
-4.571017310973149	3.15990155427247e-5
-4.5553093477052	3.178007558628865e-5
-4.539601384437251	3.196271914763812e-5
-4.523893421169302	3.214696501572647e-5
-4.508185457901353	3.233283226299065e-5
-4.4924774946334045	3.2520340250571486e-5
-4.476769531365456	3.270950863364488e-5
-4.461061568097506	3.2900357366873134e-5
-4.445353604829557	3.3092906709973956e-5
-4.429645641561608	3.328717723341211e-5
-4.413937678293659	3.3483189824218916e-5
-4.39822971502571	3.3680965691939665e-5
-4.3825217517577615	3.3880526374713044e-5
-4.366813788489813	3.4081893745488094e-5
-4.351105825221864	3.428509001837956e-5
-4.335397861953915	3.4490137755166944e-5
-4.319689898685965	3.469705987193919e-5
-4.303981935418016	3.49058796458928e-5
-4.288273972150067	3.511662072228173e-5
-4.2725660088821185	3.532930712152773e-5
-4.25685804561417	3.554396324649351e-5
-4.241150082346221	3.576061388992356e-5
-4.225442119078272	3.5979284242055344e-5
-4.209734155810323	3.619999989840877e-5
-4.194026192542374	3.6422786867756104e-5
-4.178318229274425	3.6647671580278297e-5
-4.162610266006476	3.687468089591056e-5
-4.146902302738527	3.710384211288918e-5
-4.131194339470578	3.733518297649295e-5
-4.115486376202629	3.7568731687999526e-5
-4.09977841293468	3.780451691384821e-5
-4.084070449666731	3.804256779502636e-5
-4.068362486398782	3.828291395667818e-5
-4.052654523130833	3.8525585517945545e-5
-4.036946559862884	3.8770613102046525e-5
-4.0212385965949355	3.901802784659793e-5
-4.005530633326986	3.9267861414190516e-5
-3.9898226700590373	3.952014600322053e-5
-3.9741147067910885	3.97749143589886e-5
-3.958406743523139	4.003219978507156e-5
-3.9426987802551903	4.0292036154975125e-5
-3.9269908169872414	4.05544579240754e-5
-3.9112828537192925	4.0819500141860405e-5
-3.8955748904513436	4.108719846447465e-5
-3.8798669271833943	4.135758916758075e-5
-3.8641589639154454	4.163070915954543e-5
-3.8484510006474966	4.190659599495893e-5
-3.8327430373795477	4.2185287888498085e-5
-3.817035074111599	4.24668237291442e-5
-3.8013271108436495	4.27512430947643e-5
-3.7856191475757006	4.303858626706914e-5
-3.7699111843077517	4.3328894246956516e-5
-3.754203221039803	4.362220877025313e-5
-3.738495257771854	4.391857232386699e-5
-3.7227872945039047	4.421802816236503e-5
-3.707079331235956	4.452062032497937e-5
-3.691371367968007	4.482639365307113e-5
-3.675663404700058	4.513539380805188e-5
-3.659955441432109	4.5447667289782946e-5
-3.64424747816416	4.576326145546864e-5
-3.628539514896211	4.608222453905408e-5
-3.612831551628262	4.640460567114868e-5
-3.597123588360313	4.673045489948684e-5
-3.5814156250923643	4.705982320994723e-5
-3.565707661824415	4.7392762548146165e-5
-3.549999698556466	4.772932584162318e-5
-3.5342917352885173	4.8069567022637485e-5
-3.5185837720205684	4.841354105159642e-5
-3.5028758087526195	4.876130394113688e-5
-3.48716784548467	4.911291278087868e-5
-3.4714598822167213	4.946842576287024e-5
-3.4557519189487724	4.982790220775667e-5
-3.4400439556808236	5.0191402591684885e-5
-3.4243359924128747	5.055898857397773e-5
-3.4086280291449254	5.09307230255955e-5
-3.3929200658769765	5.130667005841752e-5
-3.3772121026090276	5.1686895055372564e-5
-3.3615041393410787	5.20714647014313e-5
-3.34579617607313	5.246044701551554e-5
-3.3300882128051805	5.285391138333271e-5
-3.3143802495372316	5.3251928591177756e-5
-3.2986722862692828	5.3654570860735004e-5
-3.282964323001334	5.406191188491453e-5
-3.267256359733385	5.4474026864755606e-5
-3.2515483964654357	5.489099254743897e-5
-3.235840433197487	5.531288726544075e-5
-3.220132469929538	5.57397909768795e-5
-3.204424506661589	5.6171785307085556e-5
-3.18871654339364	5.660895359172731e-5
-3.173008580125691	5.705138091952853e-5
-3.157300616857742	5.7499154180689144e-5
-3.141592653589793	5.7952362110932206e-5
-3.1258846903218442	5.8411095341338936e-5
-3.1101767270538954	5.887544644799429e-5
-3.094468763785946	5.934551000348208e-5
-3.078760800517997	5.982138263001126e-5
-3.0630528372500483	6.030316305424441e-5
-3.0473448739820994	6.079095216387411e-5
-3.0316369107141505	6.128485306602815e-5
-3.015928947446201	6.1784971147563e-5
-3.0002209841782523	6.229141413732237e-5
-2.9845130209103035	6.28042921704338e-5
-2.9688050576423546	6.332371785472227e-5
-2.9530970943744057	6.384980633931938e-5
-2.9373891311064564	6.438267538556263e-5
-2.9216811678385075	6.492244544025922e-5
-2.9059732045705586	6.546923971143025e-5
-2.8902652413026098	6.602318424663378e-5
-2.874557278034661	6.658440801496922e-5
-2.8588493147667116	6.715304298545612e-5
-2.8431413514987627	6.772922422332064e-5
-2.827433388230814	6.83130899723032e-5
-2.811725424962865	6.890478174884071e-5
-2.796017461694916	6.950444449118576e-5
-2.7803094984269667	7.011222639625127e-5
-2.764601535159018	7.072827955317574e-5
-2.748893571891069	7.135276028702957e-5
-2.73318560862312	7.198582592918177e-5
-2.7174776453551712	7.262764126675143e-5
-2.701769682087222	7.327837366071448e-5
-2.686061718819273	7.39381943371468e-5
-2.670353755551324	7.46072790073549e-5
-2.6546457922833753	7.528580781602819e-5
-2.6389378290154264	7.597396540672444e-5
-2.623229865747477	7.667194117173352e-5
-2.607521902479528	7.737992928967912e-5
-2.5918139392115793	7.809812893344181e-5
-2.5761059759436304	7.882674441854628e-5
-2.5603980126756816	7.9565985368161e-5
-2.5446900494077322	8.031606688460743e-5
-2.5289820861397834	8.107720972757611e-5
-2.5132741228718345	8.184964049936968e-5
-2.4975661596038856	8.263359183752196e-5
-2.4818581963359367	8.342930261525272e-5
-2.4661502330679874	8.423701815075997e-5
-2.4504422698000385	8.505699047219074e-5
-2.4347343065320897	8.588947869961714e-5
-2.419026343264141	8.673474777933537e-5
-2.403318379996192	8.759307209999287e-5
-2.3876104167282426	8.846473238410535e-5
-2.3719024534602937	8.935001746084788e-5
-2.356194490192345	9.024922440215617e-5
-2.340486526924396	9.116265888607917e-5
-2.324778563656447	9.209063796214114e-5
-2.3090706003884978	9.303349183965882e-5
-2.293362637120549	9.399151783204168e-5
-2.2776546738526	9.49651180290806e-5
-2.261946710584651	9.595593057908025e-5
-2.2462387473167023	9.696031579591587e-5
-2.230530784048753	9.798265497401163e-5
-2.214822820780804	9.902205798674452e-5
-2.199114857512855	0.00010007953679571897
-2.1834068942449063	0.0001011536626930925
-2.1676989309769574	0.0001022462579168113
-2.151990967709008	0.00010335782261004048
-2.1362830044410592	0.00010448842457316495
-2.1205750411731104	0.00010563858973221251
-2.1048670779051615	0.00010680887415927735
-2.0891591146372126	0.00010800214279174998
-2.0734511513692633	0.0001092116139483027
-2.0577431881013144	0.00011044508759886594
-2.0420352248333655	0.00011170070166566995
-2.0263272615654166	0.00011297900577797767
-2.0106192982974678	0.00011428057885688126
-1.9949113350295187	0.00011560602142444167
-1.9792033717615696	0.0001169559382351034
-1.9634954084936207	0.00011833100068536908
-1.9477874452256718	0.0001197327399392935
-1.9320794819577227	0.00012115916616127022
-1.9163715186897738	0.00012261356585705288
-1.9006635554218247	0.00012409593486713657
-1.8849555921538759	0.00012560698615740257
-1.869247628885927	0.0001271497985875931
-1.853539665617978	0.0001287182686208625
-1.837831702350029	0.000130320165102312
-1.82212373908208	0.00013195407824245425
-1.806415775814131	0.00013362088206921616
-1.7907078125461822	0.00013532159026081707
-1.774999849278233	0.00013705763174232268
-1.7592918860102842	0.0001388293641187029
-1.743583922742335	0.0001406368054719945
-1.7278759594743862	0.00014248304522236117
-1.7121679962064373	0.00014436854145603284
-1.6964600329384882	0.0001462944389214112
-1.6807520696705394	0.00014826198979840495
-1.6650441064025903	0.00015027251231518812
-1.6493361431346414	0.00015232739984244348
-1.6336281798666925	0.00015442813793745485
-1.6179202165987434	0.00015657638952995914
-1.6022122533307945	0.00015877419248837903
-1.5865042900628454	0.00016102552456990997
-1.5707963267948966	0.00016335320042088888
-1.5550883635269477	0.00016599152565736718
-1.5393804002589986	0.00016810555074329086
-1.5236724369910497	0.00017074250094660504
-1.5079644737231006	0.00017315615896140856
-1.4922565104551517	0.000175691255313829
-1.4765485471872029	0.0001783771846455731
-1.4608405839192538	0.00018188119643828198
-1.4451326206513049	0.00018442083874163363
-1.4294246573833558	0.00020832194680356044
-1.413716694115407	0.0001909633532325134
-1.398008730847458	0.00019284055342305535
-1.382300767579509	0.00019575846089329047
-1.36659280431156	0.00019887115475958247
-1.350884841043611	0.0002021009180379127
-1.335176877775662	0.0002054348165784538
-1.3194689145077132	0.00020887628828698273
-1.303760951239764	0.00021245155106822095
-1.2880529879718152	0.000216449550238387
-1.2723450247038661	0.00022160953323889564
-1.2566370614359172	0.0002238772280781774
-1.2409290981679684	0.0002282703326331515
-1.2252211349000193	0.00024469452936858895
-1.2095131716320704	0.0002388201784739989
-1.1938052083641213	0.0002457013723993182
-1.1780972450961724	0.0002449885437059855
-1.1623892818282235	0.00025053875811158167
-1.1466813185602744	0.0002541774365576292
-1.1309733552923256	0.00025924819524869
-1.1152653920243765	0.00026510347073972773
-1.0995574287564276	0.0002692376693049179
-1.0838494654884787	0.00027463566193261654
-1.0681415022205296	0.0002803170546643068
-1.0524335389525807	0.00028633937544752575
-1.0367255756846316	0.0002931718239587528
-1.0210176124166828	0.0003121800889792728
-1.0053096491487339	0.0003115848845716177
-0.9896016858807848	0.00039420597090572833
-0.9738937226128359	0.0003197634410552252
-0.9581857593448869	0.0003262023853944773
-0.9424777960769379	0.0003336604791925895
-0.926769832808989	0.00034157657343562316
-0.91106186954104	0.00034990280923085883
-0.8953539062730911	0.00035865317267548725
-0.8796459430051421	0.00036787371992179677
-0.8639379797371931	0.0003775995909482984
-0.8482300164692441	0.00038795948161042917
-0.8325220532012951	0.000399176641442611
-0.8168140899333463	0.00041386416240172397
-0.8011061266653973	0.0004250003184303375
-0.7853981633974483	0.00047417741275298126
-0.7696902001294993	0.0004630720642378937
-0.7539822368615503	0.0005145336803542611
-0.7382742735936014	0.0032386795928347773
-0.7225663103256524	0.0005968933951284506
-0.7068583470577035	0.0005306364906233539
-0.6911503837897545	0.0005525764940934709
-0.6754424205218055	0.00055855837508418
-0.6597344572538566	0.0006039784132828497
-0.6440264939859076	0.0017688662506486709
-0.6283185307179586	0.0006438080301679154
-0.6126105674500096	0.00066293177325955
-0.5969026041820606	0.0006986318754469642
-0.5811946409141118	0.0007442341561513846
-0.5654866776461628	0.000802322286422479
-0.5497787143782138	0.0008811667759351285
-0.5340707511102648	0.000987469484215361
-0.5183627878423158	0.00114625623698988
-0.5026548245743669	0.0014186265499570464
-0.48694686130641796	0.0019658565053105458
-0.47123889803846897	0.003408867370775044
-0.45553093477052	0.010199229089029852
-0.43982297150257105	0.6438917931713971
-0.42411500823462206	0.01603010785492664
-0.4084070449666731	0.004278472147233533
-0.39269908169872414	0.0024194595659506957
-0.37699111843077515	0.0018402281055840413
-0.3612831551628262	0.0016161825322025657
-0.34557519189487723	0.001532773998184851
-0.3298672286269283	0.0015299016945103106
-0.3141592653589793	0.0016246009919346782
-0.2984513020910303	0.021928101221728794
-0.2827433388230814	0.0018656538883966528
-0.2670353755551324	0.001807137627833666
-0.25132741228718347	0.0019280461817445201
-0.23561944901923448	0.0020893879433531923
-0.21991148575128552	0.002291414690258091
-0.20420352248333656	0.0025603719723966975
-0.18849555921538758	0.002856268180624744
-0.17278759594743862	0.0032602328153104685
-0.15707963267948966	0.003775002657521904
-0.1413716694115407	0.004468435426398582
-0.12566370614359174	0.005426959354296091
-0.10995574287564276	0.00681145703561566
-0.09424777960769379	0.008954401252448613
-0.07853981633974483	0.012442969438976506
-0.06283185307179587	0.018722893742662342
-0.047123889803846894	0.032340815120284194
-0.031415926535897934	0.07111159959992386
-0.015707963267948967	0.2794080543193286
0.0	68.84890601435347
0.015707963267948967	0.2796020017588087
0.031415926535897934	0.07149979394727177
0.047123889803846894	0.03293084493170807
0.06283185307179587	0.01952776350791512
0.07853981633974483	0.013546906967860737
0.09424777960769379	0.010265033705532308
0.10995574287564276	0.008332365276690725
0.12566370614359174	0.0072287388555825486
0.1413716694115407	0.0065877187252202435
0.15707963267948966	0.0062559062122487874
0.17278759594743862	0.0061781146323304425
0.18849555921538758	0.006240244746938486
0.20420352248333656	0.006646649299451939
0.21991148575128552	0.0069527022282850895
0.23561944901923448	0.007618627383015472
0.25132741228718347	0.0085804556047398
0.2670353755551324	0.010040535267392505
0.2827433388230814	0.014692063384767888
0.2984513020910303	0.41393031282002185
0.3141592653589793	0.018366766000579904
0.3298672286269283	0.021724156254876642
0.34557519189487723	0.02878855035988279
0.3612831551628262	0.04106112808554496
0.37699111843077515	0.06396343988877533
0.39269908169872414	0.11473778385810811
0.4084070449666731	0.26713148711620693
0.42411500823462206	1.2085327039479945
0.43982297150257105	51.313959657132244
0.45553093477052	0.7497784114001192
0.47123889803846897	0.2108138038975047
0.48694686130641796	0.09838579984482547
0.5026548245743669	0.05721153320266219
0.5183627878423158	0.03790105642696406
0.5340707511102648	0.027822303744214665
0.5497787143782138	0.021545530511295336
0.5654866776461628	0.01702944777667037
0.5811946409141118	0.01458536257713386
0.5969026041820606	0.013445280634359567
0.6126105674500096	0.01411674474524126
0.6283185307179586	0.02218257104112185
0.6440264939859076	0.7594700624219037
0.6597344572538566	0.031169563874401642
0.6754424205218055	0.017871892830796828
0.6911503837897545	0.03577763184036405
0.7068583470577035	0.04003065199798057
0.7225663103256524	0.1711121913400909
0.7382742735936014	4.347418460936509
0.7539822368615503	0.09142840052573395
0.7696902001294993	0.034124454244145896
0.7853981633974483	0.10263109698266325
0.8011061266653973	0.013568337383837498
0.8168140899333463	0.019150384914623057
0.8325220532012951	0.00829570117678393
0.8482300164692441	0.006837875174930952
0.8639379797371931	0.006274056929695862
0.8796459430051421	0.006169465321825143
0.8953539062730911	0.006236265668782477
0.91106186954104	0.006654824334130784
0.926769832808989	0.007512107154055836
0.9424777960769379	0.009258582548655166
0.9581857593448869	0.013515082298366033
0.9738937226128359	0.032115545239437826
0.9896016858807848	1.6339441264273393
1.0053096491487339	0.17766614028343455
1.0210176124166828	0.36224766123540614
1.0367255756846316	0.0380796080239579
1.0524335389525807	0.018572813514107556
1.0681415022205296	0.014521521853731777
1.0838494654884787	0.01467415301839995
1.0995574287564276	0.019737726520040112
1.1152653920243765	0.10429832513913236
1.1309733552923256	0.049711651010483596
1.1466813185602744	0.04644434018524652
1.1623892818282235	0.17224239526092477
1.1780972450961724	0.08742050884164662
1.1938052083641213	0.8750673145017912
1.2095131716320704	0.6159263835726776
1.2252211349000193	2.638603303283489
1.2409290981679684	0.17810542127271406
1.2566370614359172	0.10338244041263968
1.2723450247038661	0.6790045026932454
1.2880529879718152	0.18406033173414635
1.303760951239764	0.05967437827938953
1.3194689145077132	0.04928243669064009
1.335176877775662	0.054691397484629777
1.350884841043611	0.07128000617557674
1.36659280431156	0.1065943565634718
1.382300767579509	0.18889266699227436
1.398008730847458	0.44612401950793507
1.413716694115407	2.2078669673875866
1.4294246573833558	33.958547912057185
1.4451326206513049	1.0151389316261004
1.4608405839192538	1.8482404967362924
1.4765485471872029	0.1597566710842182
1.4922565104551517	0.10379276779411914
1.5079644737231006	0.31418374115242403
1.5236724369910497	0.860628848941253
1.5393804002589986	0.15271904792082366
1.5550883635269477	1.9060984768658302
1.5707963267948966	0.2270414597125866
1.5865042900628454	0.05810852294407075
1.6022122533307945	0.02996500945621856
1.6179202165987434	0.020509235357591162
1.6336281798666925	0.01568278763007577
1.6493361431346414	0.012807097297495351
1.6650441064025903	0.010827052794729577
1.6807520696705394	0.009424257435006182
1.6964600329384882	0.00845027209049044
1.7121679962064373	0.007890376907595816
1.7278759594743862	0.007994722234915734
1.743583922742335	0.011315483550317256
1.7592918860102842	0.04912852236024773
1.774999849278233	0.033851190911446775
1.7907078125461822	0.008235823893241113
1.806415775814131	0.005992963809267832
1.82212373908208	0.006632012453207741
1.837831702350029	0.005439180583708298
1.853539665617978	0.005968267005891758
1.869247628885927	0.30881443456673674
1.8849555921538759	0.006293105969181967
1.9006635554218247	0.006182598248247541
1.9163715186897738	0.008677302401385483
1.9320794819577227	0.027590208366373912
1.9477874452256718	0.2685827767210905
1.9634954084936207	0.013843534450080493
1.9792033717615696	0.008041207024625482
1.9949113350295187	0.010198529794552593
2.0106192982974678	0.007760053794630852
2.0263272615654166	0.007729304146072718
2.0420352248333655	0.009124716885972578
2.0577431881013144	0.012389476441033038
2.0734511513692633	0.02899356452483208
2.0891591146372126	2.896600331266434
2.1048670779051615	0.03318941202118662
2.1205750411731104	0.04011205956215043
2.1362830044410592	0.16113955903789967
2.151990967709008	0.24122773919070772
2.1676989309769574	0.16764888468974432
2.1834068942449063	0.985208995642489
2.199114857512855	2.563260515206917
2.214822820780804	0.21781269083540802
2.230530784048753	0.10529223942515846
2.2462387473167023	0.21954566763714548
2.261946710584651	9.321266008498005
2.2776546738526	0.21664563327739553
2.293362637120549	0.06249695977286799
2.3090706003884978	0.20266479236621818
2.324778563656447	0.058141896416813596
2.340486526924396	0.01696920660278102
2.356194490192345	0.01094983147235699
2.3719024534602937	0.008224253065800238
2.3876104167282426	0.006656201965156311
2.403318379996192	0.00576845228042316
2.419026343264141	0.0069820376712987735
2.4347343065320897	0.019375553621331695
2.4504422698000385	0.006089579397533282
2.4661502330679874	0.0033084655580856628
2.4818581963359367	0.0028633660652579774
2.4975661596038856	0.0025599831250796333
2.5132741228718345	0.0023262512347180723
2.5289820861397834	0.0021384218027219698
2.5446900494077322	0.001985214766222806
2.5603980126756816	0.0018605041728686372
2.5761059759436304	0.0017612214688188601
2.5918139392115793	0.0016869761859081072
2.607521902479528	0.0016411204914419221
2.623229865747477	0.001636088482043416
2.6389378290154264	0.001733987184186368
2.6546457922833753	0.0057434915933842505
2.670353755551324	0.0021515481915395556
2.686061718819273	0.0024419374791747003
2.701769682087222	0.003770601450157344
2.7174776453551712	0.020094721899092408
2.73318560862312	0.2369239903685062
2.748893571891069	0.7006604783701037
2.764601535159018	0.01097039953474126
2.7803094984269667	0.004391885384663416
2.796017461694916	0.07539336560834688
2.811725424962865	0.0021465263652918403
2.827433388230814	0.0014833714224862825
2.8431413514987627	0.0013770212824356176
2.8588493147667116	0.0027394156079552506
2.874557278034661	0.004775260188686609
2.8902652413026098	0.0011303572408855342
2.9059732045705586	0.0008585870328128169
2.9216811678385075	0.0007568146526141594
2.9373891311064564	0.0006960400128989382
2.9530970943744057	0.000652015422986324
2.9688050576423546	0.0006170030738012253
2.9845130209103035	0.0005876928658233303
3.0002209841782523	0.0005623829868815141
3.015928947446201	0.0005400885489715211
3.0316369107141505	0.0005201982348011747
3.0473448739820994	0.0005023256051230027
3.0630528372500483	0.0004862462217651836
3.078760800517997	0.0004718884684075257
3.094468763785946	0.00045938664448608743
3.1101767270538954	0.0004492668857074873
3.1258846903218442	0.0004430418697574772
3.141592653589793	0.00044548332548230207
3.157300616857742	0.00047709516135932914
3.173008580125691	0.000724327870918456
3.18871654339364	0.020901210461792673
3.204424506661589	0.0005978841980805442
3.220132469929538	0.00042397041022517053
3.235840433197487	0.0003814792361238863
3.2515483964654357	0.0003608331127017509
3.267256359733385	0.0003470079406190313
3.282964323001334	0.00033611921297784956
3.2986722862692828	0.00032679022645268227
3.3143802495372316	0.0003184261122571401
3.3300882128051805	0.0003107308863252267
3.34579617607313	0.00030354035068927697
3.3615041393410787	0.0002967549919588485
3.3772121026090276	0.0002903098570004943
3.3929200658769765	0.00028415979433184
3.4086280291449254	0.0002782716923680428
3.4243359924128747	0.0002726201485849955
3.4400439556808236	0.0002671849276804087
3.4557519189487724	0.0002619494024599801
3.4714598822167213	0.00025689955934738855
3.48716784548467	0.00025202334132555515
3.5028758087526195	0.00024731019970592903
3.5185837720205684	0.00024275077926156054
3.5342917352885173	0.0002383366909962836
3.549999698556466	0.00023406034402819495
3.565707661824415	0.00022991481832370752
3.5814156250923643	0.00022589376630225298
3.597123588360313	0.00022199133527711133
3.612831551628262	0.00021820210523157784
3.628539514896211	0.00021452103809130996
3.64424747816416	0.00021094343576447713
3.659955441432109	0.00020746490497758831
3.675663404700058	0.00020408132745846234
3.691371367968007	0.000200788834386031
3.707079331235956	0.00019758378428975161
3.7227872945039047	0.0001944627437718434
3.738495257771854	0.00019142247056546925
3.754203221039803	0.0001884598985459727
3.7699111843077517	0.00018557212439058535
3.7856191475757006	0.00018275639564170682
3.8013271108436495	0.00018001009997473967
3.817035074111599	0.00017733075550727446
3.8327430373795477	0.00017471600201453345
3.8484510006474966	0.00017216359293829967
3.8641589639154454	0.00016967138809449196
3.8798669271833943	0.00016723734699896205
3.8955748904513436	0.00016485952274294705
3.9112828537192925	0.00016253605635925647
3.9269908169872414	0.00016026517162831734
3.9426987802551903	0.00015804517027988857
3.958406743523139	0.00015587442755185903
3.9741147067910885	0.00015375138807230155
3.9898226700590373	0.0001516745620349633
4.005530633326986	0.00014964252164183608
4.0212385965949355	0.00014765389778938245
4.036946559862884	0.00014570737697756645
4.052654523130833	0.0001438016984230361
4.068362486398782	0.00014193565135972095
4.084070449666731	0.00014010807251184146
4.09977841293468	0.0001383178437257209
4.115486376202629	0.00013656388974818255
4.131194339470578	0.0001348451761404127
4.146902302738527	0.0001331607073171934
4.162610266006476	0.00013150952470234684
4.178318229274425	0.00012989070499201544
4.194026192542374	0.00012830335851813613
4.209734155810323	0.0001267466277051195
4.225442119078272	0.00012521968561333405
4.241150082346221	0.0001237217345634935
4.25685804561417	0.00012225200483656466
4.2725660088821185	0.00012080975344420275
4.288273972150067	0.00011939426296513783
4.303981935418016	0.000118004840443268
4.319689898685965	0.0001166408163435534
4.335397861953915	0.00011530154356209188
4.351105825221864	0.00011398639648702387
4.366813788489813	0.00011269477010714707
4.3825217517577615	0.00011142607916537964
4.39822971502571	0.00011017975735436472
4.413937678293659	0.00010895525655174884
4.429645641561608	0.00010775204609279055
4.445353604829557	0.00010656961207815846
4.461061568097506	0.00010540745671489484
4.476769531365456	0.00010426509768865703
4.4924774946334045	0.00010314206756549943
4.508185457901353	0.00010203791322154287
4.523893421169302	0.00010095219529898031
4.539601384437251	9.988448768702602e-5
4.5553093477052	9.883437702641471e-5
4.571017310973149	9.780146223621754e-5
4.586725274241098	9.678535406178701e-5
4.602433237509047	9.578567464271266e-5
4.6181412007769955	9.480205709975031e-5
4.633849164044944	9.38341451397505e-5
4.649557127312894	9.288159267765135e-5
4.665265090580843	9.194406347468273e-5
4.680973053848792	9.102123079195568e-5
4.696681017116741	9.011277705867471e-5
4.71238898038469	8.92183935542471e-5
4.7280969436526386	8.83377801036076e-5
4.743804906920587	8.747064478510846e-5
4.759512870188536	8.661670365037984e-5
4.775220833456485	8.577568045556712e-5
4.790928796724435	8.494730640342864e-5
4.806636759992384	8.413131989575526e-5
4.822344723260333	8.332746629564436e-5
4.838052686528282	8.253549769916341e-5
4.8537606497962305	8.175517271596916e-5
4.869468613064179	8.098625625847531e-5
4.885176576332128	8.022851933917348e-5
4.900884539600077	7.948173887574549e-5
4.916592502868026	7.87456975036109e-5
4.932300466135975	7.80201833955819e-5
4.948008429403924	7.730499008831045e-5
4.9637163926718735	7.659991631523151e-5
4.979424355939822	7.590476584570856e-5
4.995132319207771	7.521934733012655e-5
5.01084028247572	7.454347415066748e-5
5.026548245743669	7.38769642775252e-5
5.042256209011618	7.321964013033113e-5
5.057964172279567	7.25713284445682e-5
5.073672135547516	7.193186014276952e-5
5.0893800988154645	7.130107021029045e-5
5.105088062083414	7.067879757547846e-5
5.120796025351363	7.006488499404997e-5
5.136503988619312	6.945917893750426e-5
5.152211951887261	6.886152948541355e-5
5.16791991515521	6.827179022142737e-5
5.183627878423159	6.76898181328478e-5
5.1993358416911075	6.711547351362551e-5
5.215043804959056	6.654861987065002e-5
5.230751768227005	6.59891238331969e-5
5.246459731494954	6.543685506540855e-5
5.262167694762903	6.48916861816978e-5
5.277875658030853	6.435349266494789e-5
5.293583621298802	6.382215278741732e-5
5.3092915845667505	6.329754753422949e-5
5.324999547834699	6.27795605293601e-5
5.340707511102648	6.226807796402493e-5
5.356415474370597	6.176298852737361e-5
5.372123437638546	6.126418333940749e-5
5.387831400906495	6.077155588603839e-5
5.403539364174444	6.0285001956203005e-5
5.419247327442394	5.980441958097054e-5
5.4349552907103424	5.9329708974552135e-5
5.450663253978291	5.886077247715906e-5
5.46637121724624	5.839751449963378e-5
5.482079180514189	5.793984146979191e-5
5.497787143782138	5.748766178041666e-5
5.513495107050087	5.704088573883818e-5
5.529203070318036	5.659942551805619e-5
5.544911033585985	5.616319510933435e-5
5.5606189968539335	5.573211027622914e-5
5.576326960121882	5.530608850999307e-5
5.592034923389832	5.488504898631061e-5
5.607742886657781	5.446891252331744e-5
5.62345084992573	5.405760154086118e-5
5.639158813193679	5.3651040020955935e-5
5.654866776461628	5.3249153469400306e-5
5.6705747397295765	5.285186887850685e-5
5.686282702997525	5.2459114690914264e-5
5.701990666265474	5.207082076444292e-5
5.717698629533423	5.168691833795939e-5
5.733406592801373	5.130733999821504e-5
5.749114556069322	5.0932019647628264e-5
5.764822519337271	5.056089247298048e-5
5.7805304826052195	5.0193894914988616e-5
5.796238445873168	4.983096463873739e-5
5.811946409141117	4.947204050493307e-5
5.827654372409066	4.911706254195605e-5
5.843362335677015	4.876597191868856e-5
5.859070298944964	4.8418710918087877e-5
5.874778262212913	4.807522291148749e-5
5.890486225480862	4.7735452333597054e-5
5.906194188748811	4.739934465818178e-5
5.92190215201676	4.70668463743999e-5
5.937610115284709	4.673790496378039e-5
5.953318078552658	4.641246887781145e-5
5.969026041820607	4.609048751613654e-5
5.984734005088556	4.5771911205321055e-5
6.000441968356505	4.5456691178187296e-5
6.0161499316244536	4.514477955368937e-5
6.031857894892402	4.4836129317323006e-5
6.047565858160352	4.4530694302039366e-5
6.063273821428301	4.422842916966145e-5
6.07898178469625	4.392928939278006e-5
6.094689747964199	4.363323123711691e-5
6.110397711232148	4.334021174433988e-5
6.126105674500097	4.3050188715321754e-5
6.1418136377680455	4.27631206938225e-5
6.157521601035994	4.247896695058608e-5
6.173229564303943	4.2197687467841595e-5
6.188937527571892	4.191924292419125e-5
6.204645490839841	4.164359467988031e-5
6.220353454107791	4.1370704762435245e-5
6.23606141737574	4.110053585265461e-5
6.2517693806436885	4.0833051270953514e-5
6.267477343911637	4.056821496404064e-5
6.283185307179586	4.030599149192358e-5
6.298893270447535	4.0046346015234906e-5
6.314601233715484	3.9789244282863965e-5
6.330309196983433	3.953465261989082e-5
6.346017160251382	3.928253791581391e-5
6.3617251235193315	3.903286761305748e-5
6.37743308678728	3.8785609695759376e-5
6.393141050055229	3.8540732678824275e-5
6.408849013323178	3.8298205597239454e-5
6.424556976591127	3.8057997995643915e-5
6.440264939859076	3.7820079918141854e-5
6.455972903127025	3.7584421898361975e-5
6.471680866394974	3.735099494974403e-5
6.4873888296629225	3.7119770556055494e-5
6.503096792930871	3.689072066213076e-5
6.51880475619882	3.666381766482173e-5
6.53451271946677	3.643903440416082e-5
6.550220682734719	3.621634415472648e-5
6.565928646002668	3.599572061720661e-5
6.581636609270617	3.5777137910156487e-5
6.5973445725385655	3.5560570561942844e-5
6.613052535806514	3.5345993502872386e-5
6.628760499074463	3.513338205749831e-5
6.644468462342412	3.492271193709954e-5
6.660176425610361	3.471395923233015e-5
6.675884388878311	3.4507100406031715e-5
6.69159235214626	3.4302112286209456e-5
6.707300315414209	3.4098972059160484e-5
6.7230082786821574	3.3897657262756655e-5
6.738716241950106	3.369814577987624e-5
6.754424205218055	3.350041583197877e-5
6.770132168486004	3.330444597282154e-5
6.785840131753953	3.311021508231313e-5
6.801548095021902	3.291770236050221e-5
6.817256058289851	3.272688732169409e-5
6.8329640215578	3.2537749788697205e-5
6.848671984825749	3.235026988719245e-5
6.864379948093698	3.216442804022423e-5
6.880087911361647	3.1980204962807837e-5
6.895795874629596	3.1797581656654205e-5
6.911503837897545	3.161653940500563e-5
6.927211801165494	3.143705976758084e-5
6.942919764433443	3.1259124575628215e-5
6.9586277277013915	3.10827159270805e-5
6.97433569096934	3.090781618181536e-5
6.99004365423729	3.07344079570108e-5
7.005751617505239	3.0562474122601005e-5
7.021459580773188	3.0391997796824437e-5
7.037167544041137	3.0222962341863874e-5
7.052875507309086	3.00553513595801e-5
7.0685834705770345	2.9889148687328547e-5
7.084291433844983	2.972433839386562e-5
7.099999397112932	2.956090477533652e-5
7.115707360380881	2.9398832351345948e-5
7.13141532364883	2.9238105861108708e-5
7.147123286916779	2.9078710259677795e-5
7.162831250184729	2.892063071424914e-5
7.1785392134526775	2.8763852600540725e-5
7.194247176720626	2.8608361499243678e-5
7.209955139988575	2.845414319254595e-5
7.225663103256524	2.8301183660724137e-5
7.241371066524473	2.814946907880241e-5
7.257079029792422	2.7998985813280473e-5
7.272786993060371	2.7849720418922658e-5
7.28849495632832	2.7701659635613243e-5
7.304202919596269	2.7554790385272027e-5
7.319910882864218	2.74090997688303e-5
7.335618846132167	2.7264575063267145e-5
7.351326809400116	2.7121203718701027e-5
7.367034772668065	2.6978973355541405e-5
7.382742735936014	2.683787176169198e-5
7.398450699203963	2.6697886889810024e-5
7.414158662471912	2.6559006854616637e-5
7.4298666257398605	2.6421219930262444e-5
7.445574589007809	2.628451454773739e-5
7.461282552275758	2.6148879292336643e-5
7.476990515543708	2.6014302901169948e-5
7.492698478811657	2.5880774260720075e-5
7.508406442079606	2.5748282404447935e-5
7.524114405347555	2.561681651044043e-5
7.5398223686155035	2.5486365899105658e-5
7.555530331883452	2.5356920030909715e-5
7.571238295151401	2.522846850415476e-5
7.58694625841935	2.5101001052801227e-5
7.602654221687299	2.497450754432644e-5
7.618362184955249	2.484897797762843e-5
7.634070148223198	2.472440248096284e-5
7.6497781114911465	2.460077130992152e-5
7.665486074759095	2.4478074845446405e-5
7.681194038027044	2.4356303591881827e-5
7.696902001294993	2.4235448175059287e-5
7.712609964562942	2.4115499340419848e-5
7.728317927830891	2.3996447951169974e-5
7.74402589109884	2.3878284986469604e-5
7.759733854366789	2.376100153965423e-5
7.7754418176347375	2.3644588816487917e-5
7.791149780902687	2.3529038133449897e-5
7.806857744170636	2.341434091604902e-5
7.822565707438585	2.3300488697169528e-5
7.838273670706534	2.3187473115447064e-5
7.853981633974483	2.3075285913673364e-5
7.869689597242432	2.296391893722668e-5
7.8853975605103805	2.285336413253392e-5
7.901105523778329	2.2743613545557298e-5
7.916813487046278	2.263465932030863e-5
7.932521450314228	2.2526493697387727e-5
7.948229413582177	2.2419109012550167e-5
7.963937376850126	2.2312497695296257e-5
7.979645340118075	2.2206652267486338e-5
7.995353303386024	2.2101565341980174e-5
8.011061266653972	2.1997229621298707e-5
8.026769229921921	2.189363789631061e-5
8.042477193189871	2.179078304494077e-5
8.058185156457819	2.1688658030898813e-5
8.073893119725769	2.1587255902433723e-5
8.089601082993717	2.1486569791105575e-5
8.105309046261667	2.1386592910580592e-5
8.121017009529615	2.1287318555446027e-5
8.136724972797564	2.1188740100044497e-5
8.152432936065512	2.1090850997329584e-5
8.168140899333462	2.0993644777738448e-5
8.183848862601412	2.089711504808594e-5
8.19955682586936	2.080125549047502e-5
8.21526478913731	2.0706059861226847e-5
8.230972752405258	2.0611521989827803e-5
8.246680715673207	2.051763577789563e-5
8.262388678941155	2.0424395198159736e-5
8.278096642209105	2.0331794293461765e-5
8.293804605477053	2.023982717577058e-5
8.309512568745003	2.0148488025213514e-5
8.325220532012953	2.0057771089125386e-5
8.3409284952809	1.9967670681109953e-5
8.35663645854885	1.9878181180120357e-5
8.372344421816798	1.97892970295512e-5
8.388052385084748	1.9701012736347902e-5
8.403760348352696	1.961332287012917e-5
8.419468311620646	1.9526222062324135e-5
8.435176274888594	1.9439705005322945e-5
8.450884238156544	1.935376645164261e-5
8.466592201424492	1.9268401213103186e-5
8.482300164692441	1.918360416002086e-5
8.498008127960391	1.9099370220410983e-5
8.51371609122834	1.9015694379205726e-5
8.529424054496289	1.8932571677482707e-5
8.545132017764237	1.884999721170739e-5
8.560839981032187	1.876796613298578e-5
8.576547944300135	1.8686473646330877e-5
8.592255907568084	1.8605515009938852e-5
8.607963870836032	1.8525085534477585e-5
8.623671834103982	1.8445180582386278e-5
8.63937979737193	1.836579556718641e-5
8.65508776063988	1.8286925952801854e-5
8.67079572390783	1.8208567252892034e-5
8.686503687175778	1.8130715030193143e-5
8.702211650443727	1.8053364895870987e-5
8.717919613711675	1.7976512508883506e-5
8.733627576979625	1.7900153575352693e-5
8.749335540247573	1.782428384794705e-5
8.765043503515523	1.7748899125272547e-5
8.780751466783471	1.7673995251273717e-5
8.79645943005142	1.7599568114643195e-5
8.81216739331937	1.7525613648241253e-5
8.827875356587318	1.7452127828523145e-5
8.843583319855268	1.7379106674975518e-5
8.859291283123216	1.730654624956182e-5
8.874999246391166	1.723444265617545e-5
8.890707209659114	1.716279204010099e-5
8.906415172927064	1.709159058748499e-5
8.922123136195012	1.7020834524812667e-5
8.937831099462962	1.6950520118394072e-5
8.953539062730911	1.688064367385682e-5
8.96924702599886	1.6811201535647348e-5
8.984954989266809	1.674219008653888e-5
9.000662952534757	1.667360574714677e-5
9.016370915802707	1.6605444975451703e-5
9.032078879070655	1.653770426632889e-5
9.047786842338605	1.6470380151085056e-5
9.063494805606553	1.640346919700187e-5
9.079202768874502	1.633696800688623e-5
9.09491073214245	1.627087321862692e-5
9.1106186954104	1.6205181504758016e-5
9.12632665867835	1.613988957202811e-5
9.142034621946298	1.6074994160976943e-5
9.157742585214248	1.6010492045517037e-5
9.173450548482196	1.5946380032521612e-5
9.189158511750145	1.5882654961419462e-5
9.204866475018093	1.5819313703793623e-5
9.220574438286043	1.5756353162988314e-5
9.236282401553991	1.5693770273719703e-5
9.25199036482194	1.56315620016929e-5
9.267698328089889	1.556972534322431e-5
9.283406291357839	1.5508257324869557e-5
9.299114254625788	1.5447155003056685e-5
9.314822217893736	1.538641546372413e-5
9.330530181161686	1.5326035821964588e-5
9.346238144429634	1.5266013221673125e-5
9.361946107697584	1.5206344835200975e-5
9.377654070965532	1.5147027863013716e-5
9.393362034233482	1.5088059533354377e-5
9.40906999750143	1.5029437101911538e-5
9.42477796076938	1.4971157851491262e-5
9.44048592403733	1.491321909169529e-5
9.456193887305277	1.4855618158601466e-5
9.471901850573227	1.4798352414450669e-5
9.487609813841175	1.4741419247336712e-5
9.503317777109125	1.4684816070900936e-5
9.519025740377073	1.4628540324031875e-5
9.534733703645022	1.4572589470567416e-5
9.55044166691297	1.451696099900275e-5
9.56614963018092	1.446165242220091e-5
9.58185759344887	1.440666127710801e-5
9.597565556716818	1.4351985124472796e-5
9.613273519984768	1.4297621548569309e-5
9.628981483252716	1.4243568156923153e-5
9.644689446520665	1.4189822580042216e-5
9.660397409788613	1.413638247115105e-5
9.676105373056563	1.408324550592763e-5
9.691813336324511	1.4030409382245144e-5
9.707521299592461	1.397787181991714e-5
9.723229262860409	1.3925630560444696e-5
9.738937226128359	1.3873683366768191e-5
9.754645189396308	1.3822028023022766e-5
9.770353152664256	1.3770662334295776e-5
9.786061115932206	1.3719584126388528e-5
9.801769079200154	1.3668791245580504e-5
9.817477042468104	1.3618281558397291e-5
9.833185005736052	1.3568052951381704e-5
9.848892969004002	1.3518103330866263e-5
9.86460093227195	1.3468430622751953e-5
9.8803088955399	1.3419032772286085e-5
9.896016858807847	1.3369907743846434e-5
9.911724822075797	1.332105352072541e-5
9.927432785343747	1.327246810491959e-5
9.943140748611695	1.3224149516920142e-5
9.958848711879645	1.3176095795506661e-5
9.974556675147593	1.3128304997543799e-5
9.990264638415542	1.3080775197780789e-5
10.00597260168349	1.3033504488652356e-5
10.02168056495144	1.2986490980084004e-5
10.037388528219388	1.2939732799298426e-5
10.053096491487338	1.2893228090624665e-5
10.068804454755288	1.2846975015310623e-5
10.084512418023236	1.2800971751336692e-5
10.100220381291185	1.2755216493232484e-5
10.115928344559133	1.2709707451896548e-5
10.131636307827083	1.266444285441659e-5
10.147344271095031	1.2619420943893917e-5
10.163052234362981	1.2574639979268787e-5
10.178760197630929	1.2530098235148735e-5
10.194468160898879	1.2485794001638706e-5
10.210176124166829	1.2441725584173865e-5
10.225884087434777	1.239789130335326e-5
10.241592050702726	1.2354289494777472e-5
10.257300013970674	1.2310918508886199e-5
10.273007977238624	1.2267776710799941e-5
10.288715940506572	1.222486248016221e-5
10.304423903774522	1.2182174210984137e-5
10.32013186704247	1.213971031149167e-5
10.33583983031042	1.2097469203973163e-5
10.351547793578368	1.2055449324630861e-5
10.367255756846317	1.201364912343219e-5
10.382963720114267	1.1972067063964828e-5
10.398671683382215	1.1930701623291827e-5
10.414379646650165	1.1889551291809848e-5
10.430087609918113	1.184861457310864e-5
10.445795573186063	1.18078899838315e-5
10.46150353645401	1.1767376053539705e-5
10.47721149972196	1.1727071324575103e-5
10.492919462989908	1.1686974351928455e-5
10.508627426257858	1.1647083703105818e-5
10.524335389525806	1.160739795799851e-5
10.540043352793756	1.1567915708754557e-5
10.555751316061706	1.152863555965087e-5
10.571459279329654	1.1489556126967947e-5
10.587167242597603	1.1450676038865181e-5
10.602875205865551	1.1411993935258399e-5
10.618583169133501	1.1373508467698495e-5
10.634291132401449	1.1335218299251716e-5
10.649999095669399	1.129712210438096e-5
10.665707058937347	1.1259218568829527e-5
10.681415022205297	1.122150638950492e-5
10.697122985473246	1.1183984274365184e-5
10.712830948741194	1.114665094230571e-5
10.728538912009144	1.110950512304796e-5
10.744246875277092	1.107254555702973e-5
10.759954838545042	1.1035770995295826e-5
10.77566280181299	1.0999180199390844e-5
10.79137076508094	1.0962771941252778e-5
10.807078728348888	1.0926545003108236e-5
10.822786691616837	1.0890498177368596e-5
10.838494654884787	1.0854630266527668e-5
10.854202618152735	1.081894008306003e-5
10.869910581420685	1.0783426449321407e-5
10.885618544688633	1.0748088197449247e-5
10.901326507956583	1.0712924169265341e-5
10.91703447122453	1.06779332161789e-5
10.93274243449248	1.0643114199091364e-5
10.948450397760428	1.0608465988301635e-5
10.964158361028378	1.0573987463413135e-5
10.979866324296326	1.0539677513241477e-5
10.995574287564276	1.0505535035722971e-5
11.011282250832226	1.0471558937825286e-5
11.026990214100174	1.0437748135457746e-5
11.042698177368123	1.0404101553383525e-5
11.058406140636071	1.0370618125132865e-5
11.074114103904021	1.0337296792916567e-5
11.08982206717197	1.0304136507541519e-5
11.105530030439919	1.0271136228326392e-5
11.121237993707867	1.0238294923018401e-5
11.136945956975817	1.02056115677115e-5
11.152653920243765	1.017308514676506e-5
11.168361883511714	1.0140714652723461e-5
11.184069846779664	1.0108499086236864e-5
11.199777810047612	1.0076437455982706e-5
11.215485773315562	1.0044528778588218e-5
11.23119373658351	1.0012772078553636e-5
11.24690169985146	9.981166388176254e-6
11.262609663119408	9.949710747475733e-6
11.278317626387357	9.91840420411973e-6
11.294025589655305	9.887245813350727e-6
11.309733552923255	9.856234637913466e-6
11.325441516191205	9.825369747983228e-6
11.341149479459153	9.794650221095292e-6
11.356857442727103	9.764075142074351e-6
11.37256540599505	9.733643602965654e-6
11.388273369263	9.703354702966299e-6
11.403981332530948	9.67320754835736e-6
11.419689295798898	9.643201252437027e-6
11.435397259066846	9.61333493545438e-6
11.451105222334796	9.58360772454359e-6
11.466813185602746	9.55401875365954e-6
11.482521148870694	9.52456716351306e-6
11.498229112138644	9.495252101508243e-6
11.513937075406592	9.466072721679146e-6
11.529645038674541	9.437028184628381e-6
11.54535300194249	9.408117657465063e-6
11.561060965210439	9.379340313744623e-6
11.576768928478387	9.35069533340875e-6
11.592476891746337	9.322181902725962e-6
11.608184855014285	9.293799214232631e-6
11.623892818282235	9.265546466675715e-6
11.639600781550184	9.237422864954187e-6
11.655308744818132	9.209427620063224e-6
11.671016708086082	9.181559949037288e-6
11.68672467135403	9.153819074894959e-6
11.70243263462198	9.126204226583778e-6
11.718140597889928	9.098714638925681e-6
11.733848561157878	9.071349552563545e-6
11.749556524425826	9.044108213907585e-6
11.765264487693775	9.016989875082767e-6
11.780972450961723	8.989993793876762e-6
11.796680414229673	8.963119233688388e-6
11.812388377497623	8.936365463476367e-6
11.82809634076557	8.90973175770917e-6
11.84380430403352	8.883217396314988e-6
11.859512267301469	8.856821664632124e-6
11.875220230569418	8.830543853360289e-6
11.890928193837366	8.804383258512277e-6
11.906636157105316	8.778339181365804e-6
11.922344120373264	8.752410928416674e-6
11.938052083641214	8.726597811331371e-6
11.953760046909164	8.700899146901143e-6
11.969468010177112	8.675314256995788e-6
11.985175973445061	8.649842468518429e-6
12.00088393671301	8.624483113360395e-6
12.01659189998096	8.599235528357273e-6
12.032299863248907	8.574099055244206e-6
12.048007826516857	8.549073040612913e-6
12.063715789784805	8.524156835868374e-6
12.079423753052755	8.499349797186098e-6
12.095131716320704	8.474651285470191e-6
12.110839679588652	8.450060666311491e-6
12.126547642856602	8.425577309946011e-6
12.14225560612455	8.401200591214515e-6
12.1579635693925	8.376929889521425e-6
12.173671532660448	8.35276458879541e-6
12.189379495928398	8.328704077449247e-6
12.205087459196346	8.304747748340751e-6
12.220795422464295	8.280894998733994e-6
12.236503385732243	8.257145230260725e-6
12.252211349000193	8.233497848882237e-6
12.267919312268143	8.209952264852068e-6
12.283627275536091	8.18650789267839e-6
12.29933523880404	8.163164151087144e-6
12.315043202071989	8.139920462985644e-6
12.330751165339938	8.116776255426203e-6
12.346459128607886	8.09373095957051e-6
12.362167091875836	8.070784010654147e-6
12.377875055143784	8.04793484795151e-6
12.393583018411734	8.025182914741117e-6
12.409290981679682	8.00252765827106e-6
12.424998944947632	7.979968529725183e-6
12.440706908215581	7.957504984189374e-6
12.45641487148353	7.935136480618065e-6
12.47212283475148	7.912862481801344e-6
12.487830798019427	7.890682454332001e-6
12.503538761287377	7.868595868573799e-6
12.519246724555325	7.846602198628661e-6
12.534954687823275	7.824700922305263e-6
12.550662651091223	7.802891521087972e-6
12.566370614359172	7.781173480105163e-6
