0.15707963267948966	1.1422913956658556
0.3141592653589793	1.1415250249422686
0.47123889803846897	1.1218501458141728
0.6283185307179586	1.0332466630158144
0.7853981633974483	0.9170721559006084
0.9424777960769379	0.7988013175408791
1.0995574287564276	0.6895494522767268
1.2566370614359172	0.5929574713430089
1.413716694115407	0.5093782719059251
1.5707963267948966	0.43786498163102877
1.727875959474386	0.37703767358574464
1.8849555921538759	0.3254504651291952
2.0420352248333655	0.2817436414672878
2.199114857512855	0.24470161886340158
2.356194490192345	0.21326804042231548
2.5132741228718345	0.18654091365461198
2.670353755551324	0.16375880258935266
2.827433388230814	0.14428370216489175
2.9845130209103035	0.12758353332152186
3.141592653589793	0.11321574157664369
3.2986722862692828	0.10081266184471345
3.455751918948772	0.09006885130194058
3.612831551628262	0.08073034349548716
3.7699111843077517	0.07258565471781729
3.9269908169872414	0.06545832517091302
4.084070449666731	0.05920077003257158
4.241150082346221	0.05368922936185588
4.39822971502571	0.04881962910918866
4.5553093477052	0.04450419167849792
4.71238898038469	0.040668659985085516
4.869468613064179	0.037250022071059784
5.026548245743669	0.03419464344331113
5.183627878423159	0.03145673132229373
5.340707511102648	0.0289970691537432
5.497787143782138	0.026781971380783143
5.654866776461628	0.024782417971584553
5.811946409141117	0.022973335902349436
5.969026041820607	0.021333001023995286
6.126105674500097	0.01984253876623166
6.283185307179586	0.01848550618349063
