0.15707963267948966	6.515433183297126
0.3141592653589793	2.242458272664474
0.47123889803846897	1.187064869524359
0.6283185307179586	0.7760729837855704
0.7853981633974483	0.5571663702748432
0.9424777960769379	0.4184521014670573
1.0995574287564276	0.3226981506987021
1.2566370614359172	0.25359495486972294
1.413716694115407	0.20235512506713454
1.5707963267948966	0.16360970901131977
1.727875959474386	0.1338416844303063
1.8849555921538759	0.1106526816392747
2.0420352248333655	0.09236372758612146
2.199114857512855	0.07777621728250188
2.356194490192345	0.0660205153532936
2.5132741228718345	0.05645664279145039
2.670353755551324	0.0486075347940943
2.827433388230814	0.04211334093711917
2.9845130209103035	0.036699636808795455
3.141592653589793	0.032155000909976465
3.2986722862692828	0.028314994179327695
3.455751918948772	0.025050577379317377
3.612831551628262	0.022259643633764026
3.7699111843077517	0.019860763546844757
3.9269908169872414	0.017788519303805896
4.084070449666731	0.015989991851068655
4.241150082346221	0.014422093095143803
4.39822971502571	0.013049523139269194
4.5553093477052	0.011843193923266772
4.71238898038469	0.010779003801376216
4.869468613064179	0.009836878269113279
5.026548245743669	0.009000014052370043
5.183627878423159	0.008254279692821841
5.340707511102648	0.007587737381407961
5.497787143782138	0.006990259337476246
5.654866776461628	0.006453218365567467
5.811946409141117	0.005969236951352191
5.969026041820607	0.005531982814162672
6.126105674500097	0.005136001524929717
6.283185307179586	0.0047765788483273485
