0.6283185307179586	1.119077672405557
1.2566370614359172	0.5258587179222917
1.8849555921538759	0.2785202068689975
2.5132741228718345	0.15988054777943655
3.141592653589793	0.09800803672515819
3.7699111843077517	0.06350484312433673
4.39822971502571	0.043105874012424536
5.026548245743669	0.030419243927382378
5.654866776461628	0.022178517740793876
6.283185307179586	0.016622433517302512
6.911503837897544	0.012754465489227786
7.5398223686155035	0.009986158254032589
8.168140899333462	0.007956650858483247
8.79645943005142	0.0064371414666446755
9.42477796076938	0.0052782075971701875
10.053096491487338	0.004379669032039337
10.681415022205297	0.0036727666497447186
11.309733552923255	0.0031093051628135015
11.938052083641214	0.002654858066628061
12.566370614359172	0.002284410072560257
13.194689145077131	0.0019795001775036953
13.823007675795088	0.0017263104802992693
14.451326206513048	0.0015143639241005909
15.079644737231007	0.0013356218616670974
15.707963267948966	0.0011838489181620812
16.336281798666924	0.0010541595443555717
16.964600329384883	0.0009426899794259463
17.59291886010284	0.0008463580149567169
18.2212373908208	0.0007626850463474368
18.84955592153876	0.0006896628578036592
19.477874452256717	0.0006256529042410552
20.106192982974676	0.0005693094548919504
20.734511513692635	0.0005195204346163494
21.362830044410593	0.00047536151535713695
21.991148575128552	0.0004360602160677934
22.61946710584651	0.0004009676257940357
23.24778563656447	0.00036953597891504987
23.876104167282428	0.0003413007564800733
24.504422698000386	0.0003158663127434287
25.132741228718345	0.0002928942656856637
