0.3141592653589793	2.0651867353581235
0.6283185307179586	1.212892455484029
0.9424777960769379	0.7773118638986969
1.2566370614359172	0.5336498225083124
1.5707963267948966	0.3815359435952546
1.8849555921538759	0.2802687567721287
2.199114857512855	0.21029369693286745
2.5132741228718345	0.1607144399169384
2.827433388230814	0.12487708304994512
3.141592653589793	0.09851179581183349
3.455751918948772	0.0787980135261013
3.7699111843077517	0.06383384174842027
4.084070449666731	0.052314543625138876
4.39822971502571	0.043330802975436296
4.71238898038469	0.03623935665102904
5.026548245743669	0.03057863631706093
5.340707511102648	0.026012937725171433
5.654866776461628	0.0222949473550895
5.969026041820607	0.01924024642264788
6.283185307179586	0.016709734146721417
6.5973445725385655	0.014597355459587171
6.911503837897544	0.012821426960155258
7.225663103256524	0.01131843390713896
7.5398223686155035	0.010038544447898062
7.853981633974483	0.00894233095959245
8.168140899333462	0.007998349279209168
8.482300164692441	0.007181334066856403
8.79645943005142	0.006470841134862956
9.1106186954104	0.005850217140032808
9.42477796076938	0.005305811237913863
9.738937226128359	0.004826367138513053
10.053096491487338	0.004402550783990564
10.367255756846317	0.004026580791966128
10.681415022205297	0.0036919373559527913
10.995574287564276	0.0033931314755578936
11.309733552923255	0.003125520895811724
11.623892818282235	0.0028851624469640874
11.938052083641214	0.0026686929285782766
12.252211349000193	0.002473232511021134
12.566370614359172	0.002296306001405331
