1.5707963267948966	0.1764682316249809
3.141592653589793	0.04647437935424371
4.71238898038469	0.017138430823460758
6.283185307179586	0.007909158808238472
7.853981633974483	0.004234388358206298
9.42477796076938	0.0025130044207269013
10.995574287564276	0.0016073310694876483
12.566370614359172	0.001087868497444213
14.137166941154069	0.000769480817262957
15.707963267948966	0.000563823384668887
17.27875959474386	0.0004252206163460615
18.84955592153876	0.0003284792047299786
20.420352248333657	0.00025894317635592344
21.991148575128552	0.0002076979250996574
23.561944901923447	0.0001691119662544593
25.132741228718345	0.00013951023929664692
26.703537555513243	0.00011642575015510223
28.274333882308138	9.816096758701635e-5
29.845130209103033	8.352200983021533e-5
31.41592653589793	7.165272129853247e-5
32.98672286269283	6.19283476792013e-5
34.55751918948772	5.388578392208172e-5
36.12831551628262	4.7176838339875015e-5
37.69911184307752	4.1536314217457694e-5
39.269908169872416	3.67598292815118e-5
40.840704496667314	3.2688155896450455e-5
42.411500823462205	2.919600322030494e-5
43.982297150257104	2.618387324709256e-5
45.553093477052	2.3572075072278608e-5
47.12388980384689	2.1296274914961436e-5
48.69468613064179	1.9304152613093455e-5
50.26548245743669	1.7552864557342808e-5
51.83627878423159	1.600710074278435e-5
53.40707511102649	1.4637583937402305e-5
54.97787143782138	1.3419900964072089e-5
56.548667764616276	1.2333585674152588e-5
58.119464091411174	1.13613942541787e-5
59.690260418206066	1.048872865909253e-5
61.261056745000964	9.703174970197934e-6
62.83185307179586	8.994131541410276e-6
