1.5707963267948966	0.3536327761109361
3.141592653589793	0.09291318868691337
4.71238898038469	0.03427593159795748
6.283185307179586	0.015819453689424806
7.853981633974483	0.008469508340509397
9.42477796076938	0.005026406994241411
10.995574287564276	0.0032148805548427224
12.566370614359172	0.002175861632633565
14.137166941154069	0.0015390359305688056
15.707963267948966	0.0011276929085233278
17.27875959474386	0.0008504709563910939
18.84955592153876	0.0006569781876931128
20.420352248333657	0.0005178998930131665
21.991148575128552	0.00041540535520918773
23.561944901923447	0.0003382307543111043
25.132741228718345	0.0002790254719471354
26.703537555513243	0.00023285522006152387
28.274333882308138	0.0001963247501660398
29.845130209103033	0.00016704618041412509
31.41592653589793	0.00014330712261116763
32.98672286269283	0.00012385801693243808
34.55751918948772	0.00010777261858753162
36.12831551628262	9.435452028331236e-5
37.69911184307752	8.307331183148133e-5
39.269908169872416	7.352021676983803e-5
40.840704496667314	6.537677123880473e-5
42.411500823462205	5.839238728577308e-5
43.982297150257104	5.2368064269574936e-5
45.553093477052	4.714441692533125e-5
47.12388980384689	4.2592775085178834e-5
48.69468613064179	3.8608496441106784e-5
50.26548245743669	3.5105892250750914e-5
51.83627878423159	3.2014341324277024e-5
53.40707511102649	2.9275288276694813e-5
54.97787143782138	2.68399060296762e-5
56.548667764616276	2.4667261712700166e-5
58.119464091411174	2.272286724204145e-5
59.690260418206066	2.0977526161327936e-5
61.261056745000964	1.9406410337772374e-5
62.83185307179586	1.798831623964593e-5
