0.15707963267948966	2.207077824050434
0.3141592653589793	2.2665400158027773
0.47123889803846897	1.694623462665488
0.6283185307179586	1.241117968469436
0.7853981633974483	0.9494759089626582
0.9424777960769379	0.757739597671431
1.0995574287564276	0.6225424901413033
1.2566370614359172	0.5208885617842595
1.413716694115407	0.4409211975244164
1.5707963267948966	0.37620286601647546
1.727875959474386	0.32291674198580117
1.8849555921538759	0.2785712756588796
2.0420352248333655	0.2414000699278028
2.199114857512855	0.21007433934504058
2.356194490192345	0.1835561100185001
2.5132741228718345	0.16101625679534298
2.670353755551324	0.1417838340049209
2.827433388230814	0.12531166811887368
2.9845130209103035	0.11115126373100505
3.141592653589793	0.09893362866812254
3.2986722862692828	0.08835421594426673
3.455751918948772	0.07916091987689337
3.612831551628262	0.07114442996736889
3.7699111843077517	0.06413044549713523
3.9269908169872414	0.057973375268030716
4.084070449666731	0.05255122925784336
4.241150082346221	0.04776146939479068
4.39822971502571	0.043517633220495844
4.5553093477052	0.03974658101497975
4.71238898038469	0.03638624637618719
4.869468613064179	0.03338379385458414
5.026548245743669	0.030694106197679302
5.183627878423159	0.02827853896530068
5.340707511102648	0.026103892462812018
5.497787143782138	0.02414156069814229
5.654866776461628	0.02236682488033592
5.811946409141117	0.020758265231415857
5.969026041820607	0.019297269893141684
6.126105674500097	0.017967623727176838
6.283185307179586	0.016755163032235846
