0.0	0.9999999999999991
0.0025	0.9986046211293943
0.005	0.9972133304652465
0.0075	0.9958261149870846
0.01	0.9944429617251043
0.0125	0.9930638577599765
0.015	0.9916887902225913
0.0175	0.9903177462939031
0.02	0.9889507132046687
0.0225	0.9875876782352591
0.025	0.9862286287154651
0.0275	0.9848735520242747
0.03	0.9835224355896462
0.0325	0.9821752668883307
0.035	0.9808320334456773
0.0375	0.9794927228353834
0.04	0.9781573226793246
0.0425	0.976825820647357
0.045	0.975498204457101
0.0475	0.9741744618737397
0.05	0.9728545807098388
0.0525	0.9715385488251249
0.055	0.9702263541262743
0.0575	0.9689179845667927
0.06	0.9676134281467065
0.0625	0.9663126729124829
0.065	0.965015706956747
0.0675	0.9637225184181358
0.07	0.9624330954810831
0.0725	0.9611474263756589
0.075	0.9598654993773256
0.0775	0.9585873028068231
0.08	0.9573128250299079
0.0825	0.9560420544572013
0.085	0.9547749795440044
0.0875	0.9535115887901112
0.09	0.952251870739609
0.0925	0.9509958139807023
0.095	0.9497434071455316
0.0975	0.9484946389099961
0.1	0.9472494979935544
0.1025	0.9460079731590616
0.105	0.9447700532125902
0.1075	0.9435357270032221
0.11	0.9423049834229185
0.1125	0.9410778114062973
0.115	0.9398541999304634
0.1175	0.9386341380148837
0.12	0.9374176147211205
0.1225	0.9362046191527599
0.125	0.9349951404551503
0.1275	0.9337891678152787
0.13	0.9325866904616116
0.1325	0.9313876976638468
0.135	0.9301921787328473
0.1375	0.9290001230203818
0.14	0.927811519919024
0.1425	0.9266263588619406
0.145	0.9254446293227425
0.1475	0.9242663208153117
0.15	0.9230914228936428
0.1525	0.9219199251516637
0.155	0.9207518172230921
0.1575	0.9195870887812576
0.16	0.9184257295389522
0.1625	0.9172677292482566
0.165	0.9161130777003599
0.1675	0.9149617647254581
0.17	0.9138137801925234
0.1725	0.9126691140092014
0.175	0.9115277561216356
0.1775	0.9103896965142813
0.18	0.9092549252097917
0.1825	0.9081234322688378
0.185	0.90699520778997
0.1875	0.9058702419094232
0.19	0.9047485248010264
0.1925	0.9036300466760014
0.195	0.9025147977828025
0.1975	0.9014027684070314
0.2	0.900293948871196
0.2025	0.8991883295346279
0.205	0.8980859007933115
0.2075	0.8969866530797292
0.21	0.8958905768626999
0.2125	0.8947976626472897
0.215	0.893707900974577
0.2175	0.8926212824215927
0.22	0.8915377976011012
0.2225	0.8904574371614963
0.225	0.8893801917866871
0.2275	0.888306052195867
0.23	0.8872350091434423
0.2325	0.8861670534188772
0.235	0.8851021758465185
0.2375	0.8840403672855083
0.24	0.8829816186295953
0.2425	0.8819259208069997
0.245	0.8808732647803307
0.2475	0.8798236415463684
0.25	0.8787770421359817
0.2525	0.8777334576139659
0.255	0.8766928790789166
0.2575	0.875655297663082
0.26	0.8746207045322404
0.2625	0.8735890908855689
0.265	0.8725604479554782
0.2675	0.8715347670075329
0.27	0.8705120393402591
0.2725	0.8694922562850502
0.275	0.8684754092060282
0.2775	0.8674614894999018
0.28	0.8664504885958572
0.2825	0.8654423979554028
0.285	0.8644372090722601
0.2875	0.8634349134722042
0.29	0.8624355027129829
0.2925	0.8614389683841579
0.295	0.8604453021069691
0.2975	0.8594544955342576
0.3	0.8584665403502635
0.3025	0.8574814282705514
0.305	0.8564991510419069
0.3075	0.8555197004421394
0.31	0.8545430682800382
0.3125	0.8535692463951773
0.315	0.8525982266578602
0.3175	0.8516300009689306
0.32	0.8506645612597248
0.3225	0.8497018994918846
0.325	0.8487420076572595
0.3275	0.8477848777778211
0.33	0.8468305019054866
0.3325	0.8458788721220352
0.335	0.8449299805389872
0.3375	0.8439838192974761
0.34	0.8430403805681385
0.3425	0.842099656551006
0.345	0.8411616394753633
0.3475	0.8402263215996494
0.35	0.839293695211362
0.3525	0.8383637526268968
0.355	0.8374364861914791
0.3575	0.8365118882790092
0.36	0.835589951291996
0.3625	0.8346706676614013
0.365	0.8337540298465582
0.3675	0.832840030335033
0.37	0.8319286616425371
0.3725	0.8310199163128161
0.375	0.8301137869175215
0.3775	0.8292102660561096
0.38	0.8283093463557463
0.3825	0.8274110204711689
0.385	0.8265152810846089
0.3875	0.8256221209056785
0.39	0.8247315326712356
0.3925	0.8238435091453219
0.395	0.8229580431190108
0.3975	0.8220751274103488
0.4	0.8211947548641986
0.4025	0.820316918352181
0.405	0.8194416107725501
0.4075	0.8185688250500832
0.41	0.8176985541359958
0.4125	0.8168307910078121
0.415	0.815965528669296
0.4175	0.8151027601503282
0.42	0.8142424785067993
0.4225	0.8133846768205245
0.425	0.8125293481991405
0.4275	0.8116764857759972
0.43	0.8108260827100646
0.4325	0.8099781321858368
0.435	0.809132627413209
0.4375	0.8082895616274327
0.44	0.8074489280889483
0.4425	0.8066107200833369
0.445	0.8057749309212129
0.4475	0.8049415539381357
0.45	0.804110582494471
0.4525	0.8032820099753514
0.455	0.8024558297905472
0.4575	0.8016320353743697
0.46	0.8008106201856195
0.4625	0.7999915777074138
0.465	0.7991749014471837
0.4675	0.7983605849365085
0.47	0.7975486217310613
0.4725	0.7967390054105091
0.475	0.7959317295784005
0.4775	0.7951267878621282
0.48	0.7943241739127648
0.4825	0.793523881405026
0.485	0.7927259040371649
0.4875	0.791930235530872
0.49	0.7911368696311922
0.4925	0.7903458001064576
0.495	0.7895570207481615
0.4975	0.7887705253708845
0.5	0.7879863078122389
0.5025	0.7872043619326999
0.505	0.7864246816156281
0.5075	0.7856472607670802
0.51	0.7848720933157853
0.5125	0.784099173213059
0.515	0.7833284944326614
0.5175	0.7825600509707882
0.52	0.7817938368459176
0.5225	0.7810298460987846
0.525	0.7802680727922463
0.5275	0.7795085110112356
0.53	0.7787511548626463
0.5325	0.7779959984752871
0.535	0.7772430359997721
0.5375	0.776492261608427
0.54	0.7757436694952528
0.5425	0.7749972538758105
0.545	0.774253008987117
0.5475	0.7735109290876433
0.55	0.7727710084571459
0.5525	0.7720332413966402
0.555	0.7712976222282987
0.5575	0.7705641452953932
0.56	0.7698328049621955
0.5625	0.769103595613884
0.565	0.768376511656513
0.5675	0.7676515475169069
0.57	0.7669286976425526
0.5725	0.766207956501602
0.575	0.7654893185826989
0.5775	0.7647727783949798
0.58	0.7640583304679571
0.5825	0.7633459693514495
0.585	0.7626356896155267
0.5875	0.7619274858503894
0.59	0.7612213526663639
0.5925	0.7605172846937389
0.595	0.7598152765827734
0.5975	0.7591153230035748
0.6	0.7584174186460533
0.6025	0.7577215582198171
0.605	0.7570277364541025
0.6075	0.7563359480977584
0.61	0.7556461879191091
0.6125	0.7549584507058757
0.615	0.7542727312651843
0.6175	0.7535890244234102
0.62	0.752907325026144
0.6225	0.7522276279381218
0.625	0.7515499280431395
0.6275	0.7508742202440275
0.63	0.7502004994624845
0.6325	0.7495287606391265
0.635	0.7488589987333307
0.6375	0.748191208723204
0.64	0.7475253856055176
0.6425	0.7468615243956158
0.645	0.7461996201273544
0.6475	0.7455396678530599
0.65	0.7448816626434137
0.6525	0.7442255995874495
0.655	0.7435714737924121
0.6575	0.742919280383756
0.66	0.7422690145050362
0.6625	0.741620671317865
0.665	0.7409742460018264
0.6675	0.7403297337544484
0.67	0.7396871297910884
0.6725	0.7390464293449096
0.675	0.7384076276667901
0.6775	0.7377707200252781
0.68	0.7371357017065082
0.6825	0.736502568014163
0.685	0.7358713142693706
0.6875	0.7352419358106839
0.69	0.7346144279939997
0.6925	0.7339887861924971
0.695	0.7333650057965678
0.6975	0.7327430822137585
0.7	0.7321230108687266
0.7025	0.7315047872031382
0.705	0.7308884066756628
0.7075	0.7302738647618641
0.71	0.7296611569541633
0.7125	0.7290502787617698
0.715	0.7284412257106122
0.7175	0.7278339933433319
0.72	0.7272285772191229
0.7225	0.7266249729137823
0.725	0.7260231760195711
0.7275	0.7254231821452058
0.73	0.7248249869157614
0.7325	0.7242285859726411
0.735	0.7236339749735051
0.7375	0.7230411495922152
0.74	0.7224501055187844
0.7425	0.7218608384592956
0.745	0.7212733441358928
0.7475	0.7206876182866656
0.75	0.7201036566656336
0.7525	0.719521455042684
0.755	0.7189410092034901
0.7575	0.7183623149494947
0.76	0.717785368097815
0.7625	0.7172101644812288
0.765	0.7166366999480853
0.7675	0.7160649703622639
0.77	0.7154949716031206
0.7725	0.7149266995654305
0.775	0.7143601501593351
0.7775	0.7137953193102836
0.78	0.7132322029589887
0.7825	0.7126707970613743
0.785	0.7121110975885115
0.7875	0.7115531005265686
0.79	0.7109968018767645
0.7925	0.7104421976553098
0.795	0.709889283893362
0.7975	0.709338056636956
0.8	0.7087885119469963
0.8025	0.7082406458991327
0.805	0.7076944545837935
0.8075	0.7071499341060596
0.81	0.7066070805856499
0.8125	0.70606589015689
0.815	0.7055263589686218
0.8175	0.7049884831841605
0.82	0.7044522589812836
0.8225	0.7039176825521237
0.825	0.7033847501031631
0.8275	0.7028534578551628
0.83	0.7023238020431258
0.8325	0.7017957789162366
0.835	0.7012693847378197
0.8375	0.7007446157852888
0.84	0.7002214683501071
0.8425	0.699699938737712
0.845	0.699180023267517
0.8475	0.6986617182727972
0.85	0.6981450201007239
0.8525	0.6976299251122225
0.855	0.6971164296820184
0.8575	0.6966045301985206
0.86	0.6960942230638268
0.8625	0.6955855046936135
0.865	0.6950783715171673
0.8675	0.694572819977293
0.87	0.6940688465302574
0.8725	0.6935664476457701
0.875	0.6930656198069461
0.8775	0.6925663595102184
0.88	0.6920686632653376
0.8825	0.6915725275953082
0.885	0.6910779490363358
0.8875	0.6905849241377942
0.89	0.6900934494621829
0.8925	0.6896035215850823
0.895	0.6891151370950992
0.8975	0.6886282925938273
0.9	0.6881429846958311
0.9025	0.6876592100285505
0.905	0.6871769652323003
0.9075	0.6866962469602134
0.91	0.6862170518782011
0.9125	0.6857393766649073
0.915	0.6852632180116467
0.9175	0.6847885726224258
0.92	0.6843154372138217
0.9225	0.6838438085150021
0.925	0.6833736832676315
0.9275	0.6829050582258925
0.93	0.6824379301563692
0.9325	0.6819722958380844
0.935	0.681508152062414
0.9375	0.6810454956330254
0.94	0.6805843233659058
0.9425	0.6801246320892516
0.945	0.6796664186434843
0.9475	0.6792096798811518
0.95	0.6787544126669632
0.9525	0.6783006138776702
0.955	0.6778482804020958
0.9575	0.6773974091410435
0.96	0.6769479970072904
0.9625	0.6765000409255448
0.965	0.6760535378323834
0.9675	0.6756084846762455
0.97	0.6751648784173783
0.9725	0.6747227160277892
0.975	0.6742819944912302
0.9775	0.6738427108031576
0.98	0.6734048619706576
0.9825	0.6729684450124598
0.985	0.6725334569588743
0.9875	0.6720998948517529
0.99	0.6716677557444561
0.9925	0.6712370367018254
0.995	0.6708077348001281
0.9975	0.6703798471270429
1.0	0.6699533707815978
1.0025	0.6695283028741688
1.005	0.6691046405264024
1.0075	0.6686823808712197
1.01	0.6682615210527357
1.0125	0.6678420582262796
1.015	0.6674239895583159
1.0175	0.6670073122264228
1.02	0.6665920234192659
1.0225	0.6661781203365494
1.025	0.6657656001889918
1.0275	0.6653544601982735
1.03	0.6649446975970391
1.0325	0.6645363096288329
1.035	0.6641292935480473
1.0375	0.6637236466199504
1.04	0.6633193661205932
1.0425	0.6629164493368134
1.045	0.6625148935661784
1.0475	0.662114696116957
1.05	0.6617158543080904
1.0525	0.6613183654691792
1.055	0.6609222269404048
1.0575	0.6605274360725357
1.06	0.6601339902268798
1.0625	0.6597418867752489
1.065	0.6593511230999431
1.0675	0.658961696593685
1.07	0.6585736046596442
1.0725	0.6581868447113358
1.075	0.6578014141726424
1.0775	0.657417310477781
1.08	0.6570345310712062
1.0825	0.656653073407675
1.085	0.6562729349521588
1.0875	0.6558941131797965
1.09	0.6555166055759091
1.0925	0.6551404096359567
1.095	0.6547655228654955
1.0975	0.6543919427801428
1.1	0.6540196669055653
1.1025	0.6536486927774359
1.105	0.6532790179414069
1.1075	0.6529106399530927
1.11	0.6525435563780164
1.1125	0.6521777647916008
1.115	0.6518132627791258
1.1175	0.6514500479357039
1.12	0.6510881178662634
1.1225	0.6507274701854926
1.125	0.6503681025178288
1.1275	0.6500100124974382
1.13	0.6496531977681529
1.1325	0.649297655983489
1.135	0.648943384806593
1.1375	0.6485903819101825
1.14	0.648238644976601
1.1425	0.6478881716977024
1.145	0.6475389597748746
1.1475	0.6471910069189956
1.15	0.6468443108504044
1.1525	0.6464988692988863
1.155	0.6461546800036253
1.1575	0.6458117407131988
1.16	0.6454700491855335
1.1625	0.6451296031878864
1.165	0.6447904004968236
1.1675	0.6444524388981758
1.17	0.6441157161870166
1.1725	0.6437802301676636
1.175	0.643445978653615
1.1775	0.643112959467554
1.18	0.642781170441288
1.1825	0.6424506094157413
1.185	0.6421212742409539
1.1875	0.6417931627760186
1.19	0.6414662728890682
1.1925	0.6411406024572596
1.195	0.6408161493667163
1.1975	0.640492911512554
1.2	0.640170886798819
1.2025	0.6398500731384712
1.205	0.6395304684533519
1.2075	0.6392120706741968
1.21	0.6388948777405425
1.2125	0.6385788876007827
1.215	0.6382640982120672
1.2175	0.6379505075403258
1.22	0.6376381135602474
1.2225	0.6373269142552228
1.225	0.6370169076173532
1.2275	0.6367080916473825
1.23	0.6364004643547441
1.2325	0.6360940237574576
1.235	0.635788767882188
1.2375	0.6354846947641147
1.24	0.6351818024470341
1.2425	0.6348800889832419
1.245	0.6345795524335469
1.2475	0.6342801908672514
1.25	0.6339820023621091
1.2525	0.6336849850043216
1.255	0.6333891368885133
1.2575	0.6330944561176742
1.26	0.6328009408032185
1.2625	0.632508589064867
1.265	0.6322173990306884
1.2675	0.631927368837048
1.27	0.6316384966286066
1.2725	0.631350780558284
1.275	0.6310642187872431
1.2775	0.6307788094848514
1.28	0.6304945508286985
1.2825	0.6302114410045272
1.285	0.6299294782062589
1.2875	0.629648660635926
1.29	0.6293689865036944
1.2925	0.6290904540278132
1.295	0.6288130614345994
1.2975	0.6285368069584218
1.3	0.6282616888416916
1.3025	0.6279877053348097
1.305	0.6277148546961785
1.3075	0.6274431351921634
1.31	0.6271725450970973
1.3125	0.6269030826932074
1.315	0.6266347462706607
1.3175	0.6263675341274888
1.32	0.6261014445696168
1.3225	0.6258364759107847
1.325	0.6255726264726005
1.3275	0.6253098945844581
1.33	0.6250482785835408
1.3325	0.6247877768148197
1.335	0.6245283876309953
1.3375	0.6242701093925236
1.34	0.6240129404675449
1.3425	0.6237568792319359
1.345	0.623501924069212
1.3475	0.623248073370554
1.35	0.622995325534799
1.3525	0.6227436789683822
1.355	0.6224931320853515
1.3575	0.6222436833073475
1.36	0.6219953310635451
1.3625	0.6217480737906884
1.365	0.6215019099330511
1.3675	0.6212568379424168
1.37	0.6210128562780484
1.3725	0.6207699634067128
1.375	0.6205281578025876
1.3775	0.6202874379473284
1.38	0.6200478023300213
1.3825	0.6198092494470946
1.385	0.6195717778024415
1.3875	0.6193353859072848
1.39	0.6191000722801958
1.3925	0.6188658354471019
1.395	0.6186326739412433
1.3975	0.6184005863031438
1.4	0.6181695710806402
1.4025	0.6179396268288266
1.405	0.6177107521100391
1.4075	0.617482945493863
1.41	0.6172562055571015
1.4125	0.6170305308837666
1.415	0.6168059200650224
1.4175	0.616582371699251
1.42	0.6163598843919578
1.4225	0.6161384567558048
1.425	0.6159180874105541
1.4275	0.6156987749831041
1.43	0.6154805181074142
1.4325	0.6152633154245482
1.435	0.6150471655826012
1.4375	0.6148320672367316
1.44	0.6146180190491295
1.4425	0.614405019688983
1.445	0.6141930678324892
1.4475	0.6139821621628252
1.45	0.6137723013701458
1.4525	0.6135634841515435
1.455	0.6133557092110634
1.4575	0.6131489752596623
1.46	0.6129432810152282
1.4625	0.6127386252025111
1.465	0.612535006553163
1.4675	0.6123324238057033
1.47	0.6121308757054973
1.4725	0.6119303610047504
1.475	0.611730878462471
1.4775	0.6115324268445046
1.48	0.6113350049234866
1.4825	0.6111386114788141
1.485	0.610943245296668
1.4875	0.6107489051699869
1.49	0.6105555898984251
1.4925	0.6103632982883854
1.495	0.6101720291529767
1.4975	0.6099817813120142
1.5	0.6097925535919682
1.5025	0.6096043448260313
1.505	0.6094171538540074
1.5075	0.609230979522381
1.51	0.6090458206842364
1.5125	0.6088616761993185
1.515	0.6086785449339392
1.5175	0.6084964257610306
1.52	0.6083153175601025
1.5225	0.6081352192172327
1.525	0.6079561296250445
1.5275	0.6077780476827156
1.53	0.60760097229595
1.5325	0.6074249023769795
1.535	0.6072498368445303
1.5375	0.6070757746238381
1.54	0.6069027146465972
1.5425	0.6067306558509971
1.545	0.6065595971816875
1.5475	0.6063895375897431
1.55	0.6062204760326774
1.5525	0.6060524114744448
1.555	0.6058853428854017
1.5575	0.6057192692422912
1.56	0.6055541895282613
1.5625	0.6053901027328394
1.565	0.6052270078518982
1.5675	0.605064903887688
1.57	0.6049037898487879
1.5725	0.6047436647501168
1.575	0.6045845276129059
1.5775	0.6044263774646965
1.58	0.6042692133393506
1.5825	0.6041130342769846
1.585	0.6039578393240193
1.5875	0.6038036275331198
1.59	0.6036503979632364
1.5925	0.6034981496795409
1.595	0.6033468817534422
1.5975	0.6031965932625877
1.6	0.6030472832908298
1.6025	0.6028989509282293
1.605	0.6027515952710275
1.6075	0.602605215421667
1.61	0.6024598104887633
1.6125	0.6023153795870833
1.615	0.6021719218375655
1.6175	0.6020294363672651
1.62	0.6018879223093941
1.6225	0.6017473788032837
1.625	0.6016078049943953
1.6275	0.6014692000342563
1.63	0.6013315630805395
1.6325	0.601194893296965
1.635	0.6010591898533477
1.6375	0.6009244519255791
1.64	0.6007906786955848
1.6425	0.6006578693513644
1.645	0.6005260230869534
1.6475	0.6003951391023995
1.65	0.6002652166037968
1.6525	0.6001362548032462
1.655	0.6000082529188543
1.6575	0.5998812101747261
1.66	0.5997551258009496
1.6625	0.5996299990335953
1.665	0.5995058291146923
1.6675	0.5993826152922647
1.67	0.5992603568202619
1.6725	0.5991390529585903
1.675	0.599018702973075
1.6775	0.5988993061355115
1.68	0.5987808617235799
1.6825	0.598663369020894
1.685	0.5985468273169585
1.6875	0.5984312359071913
1.69	0.5983165940928862
1.6925	0.598202901181218
1.695	0.5980901564852645
1.6975	0.597978359323931
1.7	0.5978675090220086
1.7025	0.5977576049101213
1.705	0.5976486463247553
1.7075	0.5975406326082296
1.71	0.5974335631086878
1.7125	0.597327437180086
1.715	0.5972222541822302
1.7175	0.5971180134806956
1.72	0.5970147144468834
1.7225	0.5969123564579765
1.725	0.5968109388969453
1.7275	0.5967104611525597
1.73	0.5966109226193435
1.7325	0.5965123226975855
1.735	0.5964146607933467
1.7375	0.5963179363184418
1.74	0.596222148690433
1.7425	0.5961272973326147
1.745	0.5960333816740214
1.7475	0.5959404011494195
1.75	0.5958483551992897
1.7525	0.5957572432698375
1.755	0.5956670648129677
1.7575	0.5955778192863035
1.76	0.5954895061531561
1.7625	0.59540212488252
1.765	0.5953156749491039
1.7675	0.5952301558332689
1.77	0.595145567021057
1.7725	0.595061908004194
1.775	0.5949791782800453
1.7775	0.5948973773516543
1.78	0.5948165047277095
1.7825	0.5947365599225468
1.785	0.5946575424561296
1.7875	0.5945794518540882
1.79	0.5945022876476549
1.7925	0.5944260493737019
1.795	0.5943507365747219
1.7975	0.5942763487988191
1.8	0.5942028855997151
1.8025	0.5941303465367225
1.805	0.5940587311747674
1.8075	0.5939880390843846
1.81	0.5939182698416685
1.8125	0.5938494230283213
1.815	0.593781498231617
1.8175	0.5937144950444339
1.82	0.5936484130651853
1.8225	0.5935832518978811
1.825	0.5935190111520736
1.8275	0.5934556904429096
1.83	0.593393289391041
1.8325	0.5933318076227249
1.835	0.5932712447697351
1.8375	0.5932116004693777
1.84	0.5931528743645379
1.8425	0.59309506610361
1.845	0.5930381753405275
1.8475	0.5929822017347404
1.85	0.5929271449512319
1.8525	0.5928730046605127
1.855	0.592819780538607
1.8575	0.5927674722670415
1.86	0.5927160795328666
1.8625	0.592665602028626
1.865	0.5926160394523853
1.8675	0.5925673915076869
1.87	0.5925196579035908
1.8725	0.5924728383546313
1.875	0.5924269325808581
1.8775	0.5923819403077778
1.88	0.5923378612664086
1.8825	0.5922946951932231
1.885	0.5922524418302013
1.8875	0.5922111009247867
1.89	0.5921706722298749
1.8925	0.5921311555038669
1.895	0.5920925505106035
1.8975	0.5920548570194151
1.9	0.5920180748050701
1.9025	0.5919822036477985
1.905	0.5919472433333148
1.9075	0.5919131936527557
1.91	0.5918800544027435
1.9125	0.5918478253853106
1.915	0.5918165064079725
1.9175	0.5917860972836732
1.92	0.5917565978308162
1.9225	0.5917280078732295
1.925	0.5917003272401866
1.9275	0.5916735557664093
1.93	0.5916476932920456
1.9325	0.5916227396626811
1.935	0.5915986947293363
1.9375	0.5915755583484663
1.94	0.5915533303819429
1.9425	0.5915320106970773
1.945	0.5915115991666181
1.9475	0.5914920956687164
1.95	0.5914735000869608
1.9525	0.5914558123103602
1.955	0.5914390322333578
1.9575	0.5914231597557928
1.96	0.5914081947829375
1.9625	0.5913941372254868
1.965	0.5913809869995557
1.9675	0.5913687440266536
1.97	0.5913574082337338
1.9725	0.5913469795531431
1.975	0.5913374579226581
1.9775	0.5913288432854618
1.98	0.5913211355901422
1.9825	0.5913143347907232
1.985	0.5913084408466084
1.9875	0.591303453722644
1.99	0.5912993733890666
1.9925	0.5912961998215305
1.995	0.5912939330010965
1.9975	0.5912925729142556
2.0	0.5912921195528686
2.0025	0.5912925729142561
2.005	0.591293933001096
2.0075	0.5912961998215293
2.01	0.5912993733890681
2.0125	0.591303453722643
2.015	0.5913084408466074
2.0175	0.5913143347907254
2.02	0.5913211355901422
2.0225	0.5913288432854636
2.025	0.591337457922659
2.0275	0.5913469795531439
2.03	0.5913574082337358
2.0325	0.5913687440266524
2.035	0.5913809869995587
2.0375	0.5913941372254877
2.04	0.5914081947829378
2.0425	0.5914231597557909
2.045	0.5914390322333587
2.0475	0.5914558123103596
2.05	0.5914735000869612
2.0525	0.5914920956687129
2.055	0.5915115991666192
2.0575	0.5915320106970787
2.06	0.5915533303819409
2.0625	0.591575558348466
2.065	0.5915986947293346
2.0675	0.5916227396626805
2.07	0.5916476932920454
2.0725	0.5916735557664112
2.075	0.5917003272401844
2.0775	0.5917280078732279
2.08	0.5917565978308142
2.0825	0.5917860972836749
2.085	0.591816506407972
2.0875	0.591847825385311
2.09	0.5918800544027409
2.0925	0.5919131936527561
2.095	0.5919472433333187
2.0975	0.591982203647797
2.1	0.5920180748050673
2.1025	0.5920548570194154
2.105	0.5920925505106036
2.1075	0.5921311555038671
2.11	0.5921706722298774
2.1125	0.5922111009247885
2.115	0.5922524418302034
2.1175	0.5922946951932198
2.12	0.5923378612664034
2.1225	0.5923819403077764
2.125	0.5924269325808569
2.1275	0.5924728383546318
2.13	0.5925196579035914
2.1325	0.5925673915076874
2.135	0.5926160394523868
2.1375	0.5926656020286267
2.14	0.5927160795328661
2.1425	0.5927674722670419
2.145	0.5928197805386041
2.1475	0.5928730046605124
2.15	0.5929271449512328
2.1525	0.5929822017347396
2.155	0.5930381753405277
2.1575	0.5930950661036103
2.16	0.5931528743645396
2.1625	0.5932116004693752
2.165	0.5932712447697351
2.1675	0.5933318076227234
2.17	0.5933932893910417
2.1725	0.5934556904429064
2.175	0.5935190111520725
2.1775	0.5935832518978785
2.18	0.5936484130651852
2.1825	0.5937144950444352
2.185	0.593781498231618
2.1875	0.593849423028322
2.19	0.5939182698416722
2.1925	0.5939880390843867
2.195	0.594058731174769
2.1975	0.5941303465367206
2.2	0.5942028855997155
2.2025	0.5942763487988182
2.205	0.5943507365747206
2.2075	0.5944260493737022
2.21	0.5945022876476533
2.2125	0.5945794518540882
2.215	0.5946575424561306
2.2175	0.594736559922544
2.22	0.5948165047277095
2.2225	0.5948973773516504
2.225	0.5949791782800464
2.2275	0.5950619080041947
2.23	0.5951455670210575
2.2325	0.59523015583327
2.235	0.5953156749491054
2.2375	0.5954021248825192
2.24	0.5954895061531559
2.2425	0.5955778192863053
2.245	0.5956670648129676
2.2475	0.5957572432698386
2.25	0.5958483551992895
2.2525	0.5959404011494163
2.255	0.5960333816740205
2.2575	0.5961272973326129
2.26	0.5962221486904324
2.2625	0.5963179363184418
2.265	0.5964146607933472
2.2675	0.5965123226975868
2.27	0.5966109226193413
2.2725	0.5967104611525618
2.275	0.596810938896947
2.2775	0.5969123564579749
2.28	0.5970147144468849
2.2825	0.5971180134806966
2.285	0.597222254182232
2.2875	0.5973274371800861
2.29	0.5974335631086868
2.2925	0.5975406326082289
2.295	0.5976486463247577
2.2975	0.5977576049101212
2.3	0.5978675090220087
2.3025	0.5979783593239305
2.305	0.5980901564852666
2.3075	0.5982029011812228
2.31	0.5983165940928864
2.3125	0.5984312359071929
2.315	0.5985468273169583
2.3175	0.5986633690208978
2.32	0.5987808617235829
2.3225	0.5988993061355105
2.325	0.5990187029730767
2.3275	0.5991390529585903
2.33	0.5992603568202617
2.3325	0.5993826152922647
2.335	0.5995058291146949
2.3375	0.5996299990335953
2.34	0.5997551258009498
2.3425	0.5998812101747267
2.345	0.600008252918859
2.3475	0.6001362548032514
2.35	0.6002652166037984
2.3525	0.6003951391024019
2.355	0.6005260230869518
2.3575	0.6006578693513668
2.36	0.6007906786955868
2.3625	0.6009244519255795
2.365	0.601059189853347
2.3675	0.6011948932969656
2.37	0.6013315630805424
2.3725	0.6014692000342563
2.375	0.6016078049943948
2.3775	0.6017473788032853
2.38	0.6018879223093907
2.3825	0.6020294363672618
2.385	0.6021719218375609
2.3875	0.602315379587084
2.39	0.6024598104887652
2.3925	0.6026052154216676
2.395	0.6027515952710286
2.3975	0.6028989509282291
2.4	0.6030472832908286
2.4025	0.6031965932625873
2.405	0.6033468817534428
2.4075	0.6034981496795427
2.41	0.6036503979632326
2.4125	0.6038036275331198
2.415	0.603957839324021
2.4175	0.6041130342769859
2.42	0.6042692133393491
2.4225	0.6044263774646993
2.425	0.6045845276129036
2.4275	0.6047436647501166
2.43	0.6049037898487871
2.4325	0.6050649038876915
2.435	0.6052270078518978
2.4375	0.6053901027328389
2.44	0.6055541895282632
2.4425	0.6057192692422927
2.445	0.605885342885402
2.4475	0.6060524114744449
2.45	0.6062204760326803
2.4525	0.6063895375897407
2.455	0.6065595971816892
2.4575	0.6067306558509995
2.46	0.6069027146465932
2.4625	0.6070757746238387
2.465	0.607249836844529
2.4675	0.6074249023769771
2.47	0.6076009722959511
2.4725	0.6077780476827164
2.475	0.6079561296250442
2.4775	0.6081352192172306
2.48	0.6083153175601058
2.4825	0.6084964257610314
2.485	0.608678544933937
2.4875	0.60886167619932
2.49	0.6090458206842366
2.4925	0.6092309795223783
2.495	0.6094171538540062
2.4975	0.6096043448260314
2.5	0.6097925535919676
2.5025	0.6099817813120108
2.505	0.6101720291529747
2.5075	0.6103632982883893
2.51	0.6105555898984223
2.5125	0.6107489051699847
2.515	0.6109432452966689
2.5175	0.6111386114788163
2.52	0.6113350049234877
2.5225	0.6115324268445028
2.525	0.6117308784624695
2.5275	0.6119303610047495
2.53	0.6121308757054964
2.5325	0.6123324238057032
2.535	0.6125350065531628
2.5375	0.6127386252025097
2.54	0.6129432810152236
2.5425	0.6131489752596637
2.545	0.6133557092110616
2.5475	0.6135634841515429
2.55	0.6137723013701429
2.5525	0.6139821621628279
2.555	0.6141930678324897
2.5575	0.6144050196889842
2.56	0.6146180190491282
2.5625	0.6148320672367319
2.565	0.6150471655826022
2.5675	0.6152633154245496
2.57	0.6154805181074159
2.5725	0.6156987749831035
2.575	0.6159180874105552
2.5775	0.6161384567558057
2.58	0.6163598843919575
2.5825	0.6165823716992519
2.585	0.6168059200650227
2.5875	0.6170305308837667
2.59	0.6172562055571023
2.5925	0.617482945493863
2.595	0.6177107521100417
2.5975	0.6179396268288241
2.6	0.61816957108064
2.6025	0.6184005863031443
2.605	0.618632673941245
2.6075	0.618865835447102
2.61	0.6191000722801979
2.6125	0.6193353859072844
2.615	0.6195717778024398
2.6175	0.6198092494470951
2.62	0.6200478023300202
2.6225	0.6202874379473302
2.625	0.6205281578025859
2.6275	0.6207699634067106
2.63	0.6210128562780509
2.6325	0.621256837942415
2.635	0.621501909933054
2.6375	0.6217480737906917
2.64	0.6219953310635459
2.6425	0.6222436833073455
2.645	0.6224931320853513
2.6475	0.6227436789683839
2.65	0.6229953255347995
2.6525	0.6232480733705575
2.655	0.6235019240692121
2.6575	0.6237568792319376
2.66	0.6240129404675472
2.6625	0.6242701093925228
2.665	0.6245283876309964
2.6675	0.624787776814817
2.67	0.6250482785835414
2.6725	0.6253098945844566
2.675	0.6255726264726001
2.6775	0.6258364759107857
2.68	0.6261014445696136
2.6825	0.6263675341274897
2.685	0.6266347462706582
2.6875	0.6269030826932092
2.69	0.6271725450970973
2.6925	0.627443135192163
2.695	0.6277148546961773
2.6975	0.627987705334809
2.7	0.6282616888416912
2.7025	0.6285368069584241
2.705	0.6288130614345975
2.7075	0.6290904540278122
2.71	0.6293689865036959
2.7125	0.6296486606359264
2.715	0.6299294782062591
2.7175	0.6302114410045299
2.72	0.6304945508286983
2.7225	0.6307788094848548
2.725	0.6310642187872432
2.7275	0.6313507805582835
2.73	0.6316384966286094
2.7325	0.6319273688370454
2.735	0.6322173990306897
2.7375	0.6325085890648695
2.74	0.6328009408032188
2.7425	0.6330944561176737
2.745	0.6333891368885131
2.7475	0.6336849850043237
2.75	0.6339820023621083
2.7525	0.6342801908672517
2.755	0.6345795524335494
2.7575	0.6348800889832414
2.76	0.6351818024470351
2.7625	0.6354846947641158
2.765	0.6357887678821874
2.7675	0.6360940237574586
2.77	0.6364004643547437
2.7725	0.6367080916473841
2.775	0.6370169076173529
2.7775	0.6373269142552241
2.78	0.6376381135602459
2.7825	0.6379505075403239
2.785	0.638264098212066
2.7875	0.6385788876007832
2.79	0.6388948777405457
2.7925	0.6392120706741959
2.795	0.6395304684533553
2.7975	0.6398500731384706
2.8	0.6401708867988202
2.8025	0.6404929115125498
2.805	0.6408161493667165
2.8075	0.64114060245726
2.81	0.6414662728890679
2.8125	0.6417931627760175
2.815	0.6421212742409549
2.8175	0.6424506094157428
2.82	0.642781170441287
2.8225	0.6431129594675568
2.825	0.643445978653614
2.8275	0.643780230167664
2.83	0.6441157161870158
2.8325	0.644452438898173
2.835	0.6447904004968236
2.8375	0.6451296031878859
2.84	0.6454700491855344
2.8425	0.6458117407131961
2.845	0.6461546800036264
2.8475	0.6464988692988871
2.85	0.646844310850406
2.8525	0.6471910069189939
2.855	0.6475389597748772
2.8575	0.6478881716976995
2.86	0.6482386449766011
2.8625	0.648590381910181
2.865	0.6489433848065913
2.8675	0.6492976559834893
2.87	0.6496531977681511
2.8725	0.6500100124974374
2.875	0.6503681025178306
2.8775	0.6507274701854917
2.88	0.6510881178662642
2.8825	0.6514500479357033
2.885	0.6518132627791245
2.8875	0.6521777647916
2.89	0.652543556378016
2.8925	0.6529106399530938
2.895	0.6532790179414047
2.8975	0.6536486927774345
2.9	0.6540196669055671
2.9025	0.654391942780142
2.905	0.6547655228654977
2.9075	0.6551404096359579
2.91	0.6555166055759107
2.9125	0.6558941131797961
2.915	0.6562729349521587
2.9175	0.6566530734076762
2.92	0.6570345310712065
2.9225	0.657417310477781
2.925	0.6578014141726415
2.9275	0.6581868447113358
2.93	0.6585736046596451
2.9325	0.6589616965936868
2.935	0.6593511230999416
2.9375	0.6597418867752488
2.94	0.6601339902268811
2.9425	0.6605274360725336
2.945	0.6609222269404059
2.9475	0.6613183654691764
2.95	0.6617158543080911
2.9525	0.6621146961169533
2.955	0.6625148935661783
2.9575	0.6629164493368146
2.96	0.6633193661205936
2.9625	0.6637236466199516
2.965	0.6641292935480455
2.9675	0.6645363096288328
2.97	0.6649446975970409
2.9725	0.6653544601982732
2.975	0.665765600188994
2.9775	0.66617812033655
2.98	0.6665920234192662
2.9825	0.6670073122264243
2.985	0.6674239895583143
2.9875	0.6678420582262818
2.99	0.6682615210527364
2.9925	0.6686823808712176
2.995	0.6691046405264034
2.9975	0.6695283028741692
3.0	0.6699533707815982
3.0025	0.6703798471270449
3.005	0.6708077348001287
3.0075	0.6712370367018259
3.01	0.6716677557444548
3.0125	0.6720998948517536
3.015	0.6725334569588731
3.0175	0.6729684450124576
3.02	0.6734048619706579
3.0225	0.6738427108031574
3.025	0.674281994491233
3.0275	0.6747227160277927
3.03	0.675164878417375
3.0325	0.6756084846762437
3.035	0.6760535378323829
3.0375	0.6765000409255439
3.04	0.6769479970072881
3.0425	0.6773974091410422
3.045	0.6778482804020974
3.0475	0.6783006138776709
3.05	0.678754412666962
3.0525	0.6792096798811511
3.055	0.679666418643485
3.0575	0.6801246320892506
3.06	0.6805843233659059
3.0625	0.6810454956330252
3.065	0.6815081520624132
3.0675	0.6819722958380859
3.07	0.6824379301563699
3.0725	0.6829050582258914
3.075	0.6833736832676327
3.0775	0.6838438085150018
3.08	0.6843154372138239
3.0825	0.6847885726224254
3.085	0.6852632180116467
3.0875	0.6857393766649054
3.09	0.6862170518782007
3.0925	0.6866962469602141
3.095	0.687176965232298
3.0975	0.6876592100285487
3.1	0.6881429846958304
3.1025	0.6886282925938279
3.105	0.6891151370950989
3.1075	0.6896035215850824
3.11	0.690093449462183
3.1125	0.6905849241377942
3.115	0.6910779490363357
3.1175	0.6915725275953097
3.12	0.6920686632653381
3.1225	0.6925663595102196
3.125	0.6930656198069481
3.1275	0.6935664476457701
3.13	0.6940688465302565
3.1325	0.6945728199772926
3.135	0.6950783715171664
3.1375	0.695585504693614
3.14	0.696094223063827
3.1425	0.6966045301985202
3.145	0.6971164296820186
3.1475	0.6976299251122233
3.15	0.6981450201007243
3.1525	0.6986617182727979
3.155	0.6991800232675188
3.1575	0.6996999387377129
3.16	0.7002214683501068
3.1625	0.70074461578529
3.165	0.7012693847378203
3.1675	0.7017957789162381
3.17	0.7023238020431267
3.1725	0.7028534578551644
3.175	0.7033847501031636
3.1775	0.7039176825521235
3.18	0.704452258981285
3.1825	0.7049884831841592
3.185	0.7055263589686221
3.1875	0.706065890156891
3.19	0.7066070805856495
3.1925	0.7071499341060602
3.195	0.7076944545837929
3.1975	0.7082406458991329
3.2	0.7087885119469959
3.2025	0.7093380566369547
3.205	0.7098892838933628
3.2075	0.7104421976553089
3.21	0.7109968018767638
3.2125	0.7115531005265687
3.215	0.712111097588512
3.2175	0.712670797061375
3.22	0.713232202958987
3.2225	0.7137953193102814
3.225	0.714360150159335
3.2275	0.7149266995654305
3.23	0.7154949716031198
3.2325	0.716064970362266
3.235	0.7166366999480857
3.2375	0.7172101644812273
3.24	0.7177853680978153
3.2425	0.7183623149494942
3.245	0.7189410092034922
3.2475	0.7195214550426848
3.25	0.7201036566656365
3.2525	0.7206876182866659
3.255	0.7212733441358922
3.2575	0.7218608384592962
3.26	0.722450105518783
3.2625	0.723041149592215
3.265	0.7236339749735051
3.2675	0.7242285859726408
3.27	0.7248249869157626
3.2725	0.7254231821452051
3.275	0.726023176019572
3.2775	0.7266249729137838
3.28	0.7272285772191215
3.2825	0.7278339933433308
3.285	0.7284412257106128
3.2875	0.7290502787617702
3.29	0.7296611569541634
3.2925	0.7302738647618651
3.295	0.7308884066756635
3.2975	0.7315047872031364
3.3	0.7321230108687273
3.3025	0.7327430822137606
3.305	0.7333650057965659
3.3075	0.733988786192499
3.31	0.7346144279939995
3.3125	0.7352419358106849
3.315	0.7358713142693711
3.3175	0.7365025680141636
3.32	0.7371357017065104
3.3225	0.73777072002528
3.325	0.7384076276667916
3.3275	0.7390464293449128
3.33	0.7396871297910865
3.3325	0.7403297337544479
3.335	0.7409742460018267
3.3375	0.7416206713178621
3.34	0.7422690145050365
3.3425	0.7429192803837558
3.345	0.7435714737924117
3.3475	0.7442255995874516
3.35	0.7448816626434127
3.3525	0.7455396678530604
3.355	0.7461996201273544
3.3575	0.7468615243956155
3.36	0.7475253856055174
3.3625	0.7481912087232033
3.365	0.7488589987333315
3.3675	0.7495287606391294
3.37	0.7502004994624843
3.3725	0.7508742202440263
3.375	0.7515499280431405
3.3775	0.7522276279381213
3.38	0.7529073250261444
3.3825	0.7535890244234108
3.385	0.7542727312651872
3.3875	0.7549584507058748
3.39	0.7556461879191082
3.3925	0.7563359480977595
3.395	0.7570277364541038
3.3975	0.7577215582198167
3.4	0.758417418646054
3.4025	0.759115323003576
3.405	0.7598152765827745
3.4075	0.7605172846937389
3.41	0.7612213526663658
3.4125	0.7619274858503908
3.415	0.7626356896155274
3.4175	0.7633459693514482
3.42	0.7640583304679561
3.4225	0.7647727783949803
3.425	0.7654893185826992
3.4275	0.7662079565016033
3.43	0.7669286976425546
3.4325	0.767651547516907
3.435	0.768376511656514
3.4375	0.7691035956138843
3.44	0.7698328049621959
3.4425	0.7705641452953945
3.445	0.7712976222282992
3.4475	0.7720332413966428
3.45	0.7727710084571457
3.4525	0.7735109290876439
3.455	0.774253008987119
3.4575	0.7749972538758103
3.46	0.7757436694952524
3.4625	0.7764922616084283
3.465	0.7772430359997732
3.4675	0.7779959984752896
3.47	0.778751154862647
3.4725	0.7795085110112362
3.475	0.780268072792247
3.4775	0.7810298460987837
3.48	0.7817938368459195
3.4825	0.7825600509707873
3.485	0.783328494432661
3.4875	0.7840991732130571
3.49	0.7848720933157864
3.4925	0.7856472607670794
3.495	0.7864246816156285
3.4975	0.7872043619326997
3.5	0.7879863078122388
3.5025	0.7887705253708881
3.505	0.7895570207481617
3.5075	0.7903458001064583
3.51	0.7911368696311912
3.5125	0.7919302355308728
3.515	0.7927259040371666
3.5175	0.7935238814050264
3.52	0.7943241739127646
3.5225	0.7951267878621293
3.525	0.7959317295784002
3.5275	0.7967390054105082
3.53	0.7975486217310632
3.5325	0.7983605849365085
3.535	0.7991749014471847
3.5375	0.7999915777074139
3.54	0.8008106201856171
3.5425	0.8016320353743694
3.545	0.8024558297905466
3.5475	0.8032820099753503
3.55	0.8041105824944721
3.5525	0.8049415539381367
3.555	0.805774930921216
3.5575	0.8066107200833377
3.56	0.8074489280889479
3.5625	0.8082895616274317
3.565	0.809132627413211
3.5675	0.8099781321858355
3.57	0.8108260827100627
3.5725	0.8116764857759968
3.575	0.8125293481991412
3.5775	0.813384676820524
3.58	0.8142424785067991
3.5825	0.8151027601503306
3.585	0.8159655286692958
3.5875	0.8168307910078121
3.59	0.8176985541359947
3.5925	0.8185688250500821
3.595	0.8194416107725477
3.5975	0.8203169183521825
3.6	0.8211947548641971
3.6025	0.8220751274103465
3.605	0.8229580431190096
3.6075	0.8238435091453213
3.61	0.8247315326712369
3.6125	0.8256221209056773
3.615	0.8265152810846073
3.6175	0.827411020471169
3.62	0.8283093463557466
3.6225	0.8292102660561101
3.625	0.830113786917522
3.6275	0.831019916312816
3.63	0.8319286616425375
3.6325	0.8328400303350324
3.635	0.8337540298465563
3.6375	0.8346706676614009
3.64	0.835589951291996
3.6425	0.8365118882790098
3.645	0.837436486191477
3.6475	0.8383637526268953
3.65	0.8392936952113622
3.6525	0.8402263215996488
3.655	0.8411616394753642
3.6575	0.8420996565510064
3.66	0.8430403805681395
3.6625	0.8439838192974739
3.665	0.844929980538988
3.6675	0.8458788721220345
3.67	0.8468305019054855
3.6725	0.8477848777778212
3.675	0.8487420076572589
3.6775	0.849701899491884
3.68	0.8506645612597269
3.6825	0.8516300009689308
3.685	0.8525982266578602
3.6875	0.8535692463951785
3.69	0.8545430682800389
3.6925	0.8555197004421392
3.695	0.8564991510419069
3.6975	0.8574814282705531
3.7	0.8584665403502635
3.7025	0.8594544955342585
3.705	0.8604453021069719
3.7075	0.8614389683841592
3.71	0.8624355027129825
3.7125	0.8634349134722031
3.715	0.8644372090722622
3.7175	0.8654423979554027
3.72	0.866450488595858
3.7225	0.8674614894999014
3.725	0.868475409206029
3.7275	0.8694922562850513
3.73	0.8705120393402596
3.7325	0.8715347670075325
3.735	0.8725604479554793
3.7375	0.8735890908855688
3.74	0.8746207045322406
3.7425	0.8756552976630801
3.745	0.8766928790789182
3.7475	0.877733457613966
3.75	0.8787770421359821
3.7525	0.8798236415463689
3.755	0.8808732647803306
3.7575	0.8819259208069988
3.76	0.882981618629597
3.7625	0.8840403672855072
3.765	0.8851021758465194
3.7675	0.8861670534188772
3.77	0.8872350091434427
3.7725	0.8883060521958671
3.775	0.8893801917866858
3.7775	0.8904574371614965
3.78	0.8915377976010993
3.7825	0.8926212824215922
3.785	0.8937079009745779
3.7875	0.8947976626472899
3.79	0.8958905768627016
3.7925	0.8969866530797299
3.795	0.8980859007933117
3.7975	0.8991883295346281
3.8	0.9002939488711972
3.8025	0.9014027684070314
3.805	0.9025147977828023
3.8075	0.9036300466759999
3.81	0.9047485248010266
3.8125	0.9058702419094219
3.815	0.906995207789969
3.8175	0.9081234322688393
3.82	0.909254925209791
3.8225	0.9103896965142811
3.825	0.9115277561216338
3.8275	0.9126691140092021
3.83	0.9138137801925246
3.8325	0.914961764725457
3.835	0.9161130777003605
3.8375	0.9172677292482558
3.84	0.9184257295389534
3.8425	0.919587088781256
3.845	0.9207518172230938
3.8475	0.9219199251516635
3.85	0.9230914228936457
3.8525	0.9242663208153129
3.855	0.9254446293227446
3.8575	0.92662635886194
3.86	0.9278115199190242
3.8625	0.9290001230203815
3.865	0.930192178732847
3.8675	0.9313876976638465
3.87	0.9325866904616127
3.8725	0.9337891678152811
3.875	0.9349951404551506
3.8775	0.9362046191527599
3.88	0.9374176147211197
3.8825	0.9386341380148834
3.885	0.9398541999304633
3.8875	0.9410778114062958
3.89	0.9423049834229207
3.8925	0.9435357270032242
3.895	0.9447700532125912
3.8975	0.946007973159063
3.9	0.9472494979935551
3.9025	0.9484946389099984
3.905	0.9497434071455326
3.9075	0.950995813980705
3.91	0.9522518707396096
3.9125	0.9535115887901147
3.915	0.9547749795440054
3.9175	0.9560420544572009
3.92	0.957312825029909
3.9225	0.9585873028068245
3.925	0.9598654993773283
3.9275	0.9611474263756605
3.93	0.9624330954810848
3.9325	0.9637225184181345
3.935	0.9650157069567464
3.9375	0.9663126729124839
3.94	0.967613428146707
3.9425	0.968917984566792
3.945	0.970226354126276
3.9475	0.9715385488251259
3.95	0.9728545807098388
3.9525	0.9741744618737428
3.955	0.9754982044571028
3.9575	0.9768258206473586
3.96	0.9781573226793271
3.9625	0.9794927228353845
3.965	0.9808320334456786
3.9675	0.9821752668883315
3.97	0.9835224355896484
3.9725	0.9848735520242742
3.975	0.9862286287154671
3.9775	0.9875876782352594
3.98	0.9889507132046677
3.9825	0.990317746293903
3.985	0.9916887902225928
3.9875	0.9930638577599753
3.99	0.9944429617251054
3.9925	0.9958261149870838
3.995	0.997213330465248
3.9975	0.9986046211293945
4.0	0.9999999999999982
