0.0	0.9999999999998056
0.00375	0.9954844374132248
0.0075	0.9909930483163053
0.01125	0.9865256944528621
0.015	0.9820822383997795
0.01875	0.9776625435617075
0.0225	0.9732664741659052
0.02625	0.9688938952571451
0.03	0.9645446726926772
0.03375	0.960218673137065
0.0375	0.9559157640572781
0.04125	0.9516358137176074
0.045	0.9473786911747313
0.04875	0.9431442662728378
0.0525	0.9389324096386568
0.05625	0.9347429926766084
0.06	0.9305758875640467
0.06375	0.9264309672463552
0.0675	0.9223081054322337
0.07125	0.9182071765889459
0.075	0.9141280559375649
0.07875	0.9100706194483427
0.0825	0.9060347438360802
0.08625	0.9020203065554498
0.09	0.8980271857963774
0.09375	0.8940552604795652
0.0975	0.8901044102519274
0.10125	0.8861745154820675
0.105	0.8822654572557763
0.10875	0.8783771173716107
0.1125	0.874509378336565
0.11625	0.8706621233614972
0.12	0.8668352363568875
0.12375	0.8630286019284702
0.1275	0.8592421053730028
0.13125	0.8554756326738137
0.135	0.8517290704967059
0.13875	0.8480023061856606
0.1425	0.8442952277586704
0.14625	0.840607723903525
0.15	0.836939683973652
0.15375	0.8332909979841393
0.1575	0.8296615566074426
0.16125	0.8260512511694623
0.165	0.8224599736454056
0.16875	0.8188876166558707
0.1725	0.81533407346274
0.17625	0.8117992379653278
0.18	0.8082830046963665
0.18375	0.8047852688181271
0.1875	0.8013059261185235
0.19125	0.7978448730072217
0.195	0.7944020065118197
0.19875	0.7909772242740603
0.2025	0.7875704245459809
0.20625	0.7841815061862096
0.21	0.7808103686561315
0.21375	0.7774569120162553
0.2175	0.7741210369225408
0.22125	0.7708026446225446
0.225	0.7675016369520348
0.22875	0.7642179163311491
0.2325	0.7609513857608858
0.23625	0.7577019488195152
0.24	0.7544695096589784
0.24375	0.7512539730014722
0.2475	0.7480552441357724
0.25125	0.7448732289138543
0.255	0.7417078337473555
0.25875	0.7385589656042516
0.2625	0.7354265320052613
0.26625	0.7323104410205706
0.27	0.7292106012664384
0.27375	0.726126921901742
0.2775	0.7230593126247574
0.28125	0.720007683669775
0.285	0.716971945803832
0.28875	0.713952010323398
0.2925	0.7109477890511526
0.29625	0.7079591943327674
0.3	0.7049861390336648
0.30375	0.7020285365358255
0.3075	0.699086300734603
0.31125	0.6961593460356172
0.315	0.6932475873515775
0.31875	0.6903509400992134
0.3225	0.6874693201961181
0.32625	0.684602644057699
0.33	0.6817508285941816
0.33375	0.678913791207475
0.3375	0.6760914497882593
0.34125	0.6732837227129351
0.345	0.6704905288406052
0.34875	0.6677117875101665
0.3525	0.6649474185373973
0.35625	0.6621973422119641
0.36	0.6594614792946131
0.36375	0.6567397510141164
0.3675	0.6540320790646598
0.37125	0.6513383856027306
0.375	0.6486585932444418
0.37875	0.6459926250627563
0.3825	0.6433404045845165
0.38625	0.6407018557878111
0.39	0.6380769030991885
0.39375	0.635465471390897
0.3975	0.6328674859781707
0.40125	0.6302828726164713
0.405	0.6277115574989305
0.40875	0.6251534672534946
0.4125	0.6226085289403869
0.41625	0.6200766700494695
0.42	0.6175578184975913
0.42375	0.6150519026259487
0.4275	0.6125588511975659
0.43125	0.6100785933945979
0.435	0.6076110588160176
0.43875	0.6051561774747521
0.4425	0.6027138797954122
0.44625	0.6002840966116402
0.45	0.5978667591637017
0.45375	0.5954617990959886
0.4575	0.5930691484545542
0.46125	0.5906887396844247
0.465	0.5883205056276816
0.46875	0.5859643795206407
0.4725	0.5836202949915718
0.47625	0.5812881860583156
0.48	0.5789679871258863
0.48375	0.5766596329841656
0.4875	0.5743630588054875
0.49125	0.5720782001424042
0.495	0.569804992925271
0.49875	0.5675433734600455
0.5025	0.5652932784259482
0.50625	0.5630546448731731
0.51	0.560827410220719
0.51375	0.5586115122540565
0.5175	0.5564068891229786
0.52125	0.5542134793393098
0.525	0.5520312217747866
0.52875	0.5498600556588091
0.5325	0.5476999205763282
0.53625	0.5455507564656311
0.54	0.5434125036162378
0.54375	0.5412851026667541
0.5475	0.5391684946027785
0.55125	0.5370626207547252
0.555	0.5349674227958624
0.55875	0.5328828427400872
0.5625	0.5308088229400083
0.56625	0.5287453060847555
0.57	0.5266922351980495
0.57375	0.5246495536361262
0.5775	0.5226172050857137
0.58125	0.5205951335620737
0.585	0.5185832834069882
0.58875	0.5165815992867774
0.5925	0.5145900261903468
0.59625	0.5126085094272425
0.6	0.5106369946257088
0.60375	0.5086754277307686
0.6075	0.5067237550022776
0.61125	0.5047819230130678
0.615	0.5028498786470192
0.61875	0.5009275690972079
0.6225	0.49901494186403855
0.62625	0.4971119447533558
0.63	0.4952185258746582
0.63375	0.4933346336391987
0.6375	0.4914602167582385
0.64125	0.4895952242411693
0.645	0.48773960539374633
0.64875	0.4858933098163409
0.6525	0.4840562874020769
0.65625	0.48222848833513554
0.66	0.48040986308899775
0.66375	0.47860036242468085
0.6675	0.4767999373889737
0.67125	0.47500853931284204
0.675	0.47322611980955515
0.67875	0.4714526307730924
0.6825	0.4696880243764486
0.68625	0.46793225306991487
0.69	0.4661852695794218
0.69375	0.4644470269049233
0.6975	0.462717478318701
0.70125	0.46099657736375227
0.705	0.4592842778521623
0.70875	0.4575805338634755
0.7125	0.4558852997431184
0.71625	0.45419853010075634
0.72	0.4525201798087714
0.72375	0.4508502040006297
0.7275	0.44918855806933833
0.73125	0.44753519766590305
0.735	0.4458900786977432
0.73875	0.44425315732719484
0.7425	0.4426243899699798
0.74625	0.44100373329363735
0.75	0.4393911442160909
0.75375	0.43778657990410036
0.7575	0.4361899977717792
0.76125	0.4346013554791156
0.765	0.4330206109305207
0.76875	0.4314477222733282
0.7725	0.42988264789638875
0.77625	0.4283253464285835
0.78	0.4267757767374133
0.78375	0.4252338979275758
0.7875	0.42369966933952413
0.79125	0.42217305054808757
0.795	0.42065400136105474
0.79875	0.4191424818177754
0.8025	0.41763845218780105
0.80625	0.4161418729695223
0.81	0.41465270488872386
0.81375	0.4131709088973525
0.8175	0.4116964461720568
0.82125	0.4102292781129242
0.825	0.4087693663420923
0.82875	0.4073166727024628
0.8325	0.4058711592563925
0.83625	0.40443278828434975
0.84	0.40300152228365016
0.84375	0.4015773239671621
0.8475	0.4001601562619736
0.85125	0.3987499823082154
0.855	0.39734676545770686
0.85875	0.3959504692727238
0.8625	0.3945610575247887
0.86625	0.39317849419334067
0.87	0.3918027434645991
0.87375	0.39043376973025806
0.8775	0.3890715375863174
0.88125	0.3877160118318344
0.885	0.38636715746774897
0.88875	0.3850249396956446
0.8925	0.3836893239166188
0.89625	0.38236027573005227
0.9	0.38103776093242586
0.90375	0.3797217455161994
0.9075	0.37841219566863576
0.91125	0.3771090777706174
0.915	0.3758123583955166
0.91875	0.3745220043080757
0.9225	0.37323798246324547
0.92625	0.3719602600050723
0.93	0.3706888042656023
0.93375	0.3694235827637212
0.9375	0.3681645632040873
0.94125	0.36691171347602947
0.945	0.36566500165242394
0.94875	0.36442439598868304
0.9525	0.3631898649215808
0.95625	0.3619613770682783
0.96	0.36073890122516666
0.96375	0.3595224063668946
0.9675	0.35831186164526274
0.97125	0.3571072363881862
0.975	0.355908500098701
0.97875	0.35471562245385063
0.9825	0.35352857330375215
0.98625	0.35234732267049557
0.99	0.3511718407471933
0.99375	0.3500020978969377
0.9975	0.3488380646518232
1.00125	0.347679711711929
1.005	0.3465270099443471
1.00875	0.34537993038219406
1.0125	0.34423844422366134
1.01625	0.3431025228309808
1.02	0.3419721377295625
1.02375	0.34084726060690945
1.0275	0.3397278633117859
1.03125	0.3386139178531967
1.035	0.3375053963994806
1.03875	0.33640227127736494
1.0425	0.335304514971027
1.04625	0.3342121001211945
1.05	0.33312499952422864
1.05375	0.3320431861311575
1.0575	0.33096663304685786
1.06125	0.3298953135290856
1.065	0.32882920098763757
1.06875	0.32776826898338673
1.0725	0.32671249122747337
1.07625	0.32566184158038763
1.08	0.3246162940511091
1.08375	0.32357582279622776
1.0875	0.32254040211909446
1.09125	0.3215100064689833
1.095	0.32048461044016574
1.09875	0.31946418877118105
1.1025	0.318448716343867
1.10625	0.3174381681826335
1.11	0.31643251945356216
1.11375	0.3154317454636108
1.1175	0.31443582165979533
1.12125	0.3134447236283404
1.125	0.31245842709392724
1.12875	0.3114769079188361
1.1325	0.31050014210217186
1.13625	0.309528105779039
1.14	0.3085607752198265
1.14375	0.3075981268293084
1.1475	0.3066401371459762
1.15125	0.30568678284117623
1.155	0.304738040718386
1.15875	0.3037938877124353
1.1625	0.3028543008887399
1.16625	0.3019192574425506
1.17	0.30098873469820453
1.17375	0.30006271010837693
1.1775	0.29914116125330864
1.18125	0.29822406584009714
1.185	0.297311401701976
1.18875	0.29640314679757424
1.1925	0.2954992792101026
1.19625	0.2945997771468079
1.2	0.293704618938117
1.20375	0.2928137830369895
1.2075	0.2919272480181719
1.21125	0.29104499257752825
1.215	0.2901669955313148
1.21875	0.289293235815507
1.2225	0.28842369248508753
1.22625	0.28755834471338976
1.23	0.28669717179138043
1.23375	0.2858401531270079
1.2375	0.2849872682445279
1.24125	0.28413849678381237
1.245	0.2832938184997127
1.24875	0.28245321326137257
1.2525	0.2816166610516022
1.25625	0.28078414196618806
1.26	0.27995563621326713
1.26375	0.27913112411269325
1.2675	0.2783105860953525
1.27125	0.2774940027025746
1.275	0.27668135458547977
1.27875	0.2758726225043328
1.2825	0.2750677873279465
1.28625	0.2742668300330463
1.29	0.27346973170364447
1.29375	0.27267647353044655
1.2975	0.27188703681021936
1.30125	0.27110140294520946
1.305	0.27031955344249936
1.30875	0.26954146991346045
1.3125	0.26876713407312647
1.31625	0.26799652773959776
1.32	0.2672296328334689
1.32375	0.2664664313772375
1.3275	0.2657069054947299
1.33125	0.26495103741050485
1.335	0.26419880944930013
1.33875	0.26345020403546004
1.3425	0.26270520369235373
1.34625	0.2619637910418267
1.35	0.26122594880363126
1.35375	0.2604916597948903
1.3575	0.25976090692950127
1.36125	0.2590336732176412
1.365	0.25830994176517325
1.36875	0.2575896957731432
1.3725	0.25687291853720073
1.37625	0.25615959344709704
1.38	0.25544970398612676
1.38375	0.2547432337306241
1.3875	0.25404016634940646
1.39125	0.2533404856032791
1.395	0.2526441753444957
1.39875	0.25195121951624944
1.4025	0.2512616021521575
1.40625	0.2505753073757493
1.41	0.24989231939996706
1.41375	0.2492126225266574
1.4175	0.24853620114605832
1.42125	0.24786303973631824
1.425	0.247193122862995
1.42875	0.24652643517856007
1.4325	0.2458629614219122
1.43625	0.24520268641788595
1.44	0.24454559507679854
1.44375	0.24389167239390747
1.4475	0.24324090344900634
1.45125	0.24259327340589584
1.455	0.24194876751194372
1.45875	0.2413073710975939
1.4625	0.24066906957592046
1.46625	0.24003384844214845
1.47	0.23940169327322317
1.47375	0.2387725897273047
1.4775	0.23814652354336652
1.48125	0.23752348054070074
1.485	0.23690344661850038
1.48875	0.236286407755385
1.4925	0.2356723500090028
1.49625	0.23506125951551882
1.5	0.23445312248926184
1.50375	0.23384792522221545
1.5075	0.23324565408363762
1.51125	0.2326462955195986
1.515	0.23204983605257273
1.51875	0.23145626228099903
1.5225	0.2308655608788736
1.52625	0.23027771859531918
1.53	0.2296927222541842
1.53375	0.2291105587536079
1.5375	0.22853121506561147
1.54125	0.2279546782357167
1.545	0.22738093538250098
1.54875	0.22680997369721365
1.5525	0.22624178044338408
1.55625	0.2256763429563986
1.56	0.2251136486431193
1.56375	0.22455368498148598
1.5675	0.2239964395201219
1.57125	0.22344189987795002
1.575	0.2228900537438062
1.57875	0.22234088887604292
1.5825	0.22179439310216048
1.58625	0.22125055431842666
1.59	0.22070936048948092
1.59375	0.22017079964798877
1.5975	0.21963485989423967
1.60125	0.21910152939579525
1.605	0.21857079638712176
1.60875	0.21804264916920188
1.6125	0.2175170761092031
1.61625	0.21699406564008825
1.62	0.21647360626026715
1.62375	0.21595568653325048
1.6275	0.2154402950872675
1.63125	0.2149274206149406
1.635	0.21441705187292381
1.63875	0.21390917768155912
1.6425	0.21340378692450487
1.64625	0.21290086854843338
1.65	0.21240041156265732
1.65375	0.21190240503880703
1.6575	0.21140683811046962
1.66125	0.21091369997288903
1.665	0.21042297988260164
1.66875	0.20993466715711187
1.6725	0.20944875117458134
1.67625	0.20896522137346443
1.68	0.20848406725222646
1.68375	0.20800527836898655
1.6875	0.20752884434120225
1.69125	0.20705475484536887
1.695	0.20658299961667448
1.69875	0.20611356844871304
1.7025	0.20564645119313896
1.70625	0.20518163775939133
1.71	0.20471911811434765
1.71375	0.20425888228204492
1.7175	0.20380092034335112
1.72125	0.2033452224356891
1.725	0.20289177875270611
1.72875	0.2024405795439787
1.7325	0.20199161511473018
1.73625	0.2015448758255214
1.74	0.20110035209196686
1.74375	0.20065803438441154
1.7475	0.2002179132276804
1.75125	0.1997799792007691
1.755	0.19934422293655613
1.75875	0.1989106351215095
1.7625	0.19847920649543097
1.76625	0.1980499278511266
1.77	0.19762279003417998
1.77375	0.1971977839426464
1.7775	0.19677490052675922
1.78125	0.19635413078868644
1.785	0.19593546578224397
1.78875	0.1955188966126173
1.7925	0.19510441443610174
1.79625	0.19469201045982576
1.8	0.19428167594149043
1.80375	0.19387340218910587
1.8075	0.19346718056071865
1.81125	0.19306300246415276
1.815	0.19266085935675886
1.81875	0.19226074274513869
1.8225	0.19186264418490784
1.82625	0.1914665552804254
1.83	0.19107246768454958
1.83375	0.19068037309836888
1.8375	0.19029026327097923
1.84125	0.18990212999921616
1.845	0.18951596512740404
1.84875	0.18913176054711497
1.8525	0.1887495081969361
1.85625	0.18836920006220953
1.86	0.1879908281748058
1.86375	0.18761438461285956
1.8675	0.18723986150057462
1.87125	0.18686725100793705
1.875	0.1864965453505114
1.87875	0.18612773678920547
1.8825	0.18576081763002877
1.88625	0.18539578022385764
1.89	0.1850326169662147
1.89375	0.18467132029703928
1.8975	0.18431188270046225
1.90125	0.18395429670458596
1.905	0.18359855488123475
1.90875	0.1832446498457703
1.9125	0.1828925742568398
1.91625	0.182542320816171
1.92	0.1821938822683594
1.92375	0.18184725140062055
1.9275	0.18150242104262546
1.93125	0.18115938406625182
1.935	0.18081813338536046
1.93875	0.18047866195562248
1.9425	0.18014096277428648
1.94625	0.17980502887995464
1.95	0.17947085335241347
1.95375	0.17913842931240131
1.9575	0.1788077499214062
1.96125	0.17847880838146993
1.965	0.1781515979349822
1.96875	0.17782611186447853
1.9725	0.17750234349244093
1.97625	0.177180286181102
1.98	0.1768599333322545
1.98375	0.17654127838702677
1.9875	0.17622431482574452
1.99125	0.17590903616767015
1.995	0.17559543597085994
1.99875	0.1752835078319509
2.0025	0.1749732453859925
2.00625	0.17466464230621453
2.01	0.1743576923038976
2.01375	0.1740523891281434
2.0175	0.1737487265657176
2.02125	0.1734466984408312
2.025	0.17314629861501243
2.02875	0.17284752098686737
2.0325	0.17255035949194408
2.03625	0.17225480810253235
2.04	0.1719608608274926
2.04375	0.17166851171207198
2.0475	0.17137775483774395
2.05125	0.17108858432201993
2.055	0.17080099431827803
2.05875	0.1705149790156036
2.0625	0.17023053263861318
2.06625	0.16994764944725876
2.07	0.16966632373671425
2.07375	0.16938654983715162
2.0775	0.1691083221136096
2.08125	0.1688316349658166
2.085	0.16855648282802307
2.08875	0.1682828601688539
2.0925	0.16801076149112368
2.09625	0.1677401813317005
2.1	0.16747111426132416
2.10375	0.16720355488445998
2.1075	0.16693749783914413
2.11125	0.1666729377968151
2.115	0.16640986946216016
2.11875	0.16614828757297112
2.1225	0.1658881868999906
2.12625	0.16562956224674114
2.13	0.16537240844938722
2.13375	0.16511672037659353
2.1375	0.1648624929293564
2.14125	0.16460972104087152
2.145	0.164358399676366
2.14875	0.16410852383298838
2.1525	0.16386008853961767
2.15625	0.16361308885675596
2.16	0.1633675198763588
2.16375	0.1631233767217178
2.1675	0.1628806545472959
2.17125	0.16263934853859133
2.175	0.16239945391202448
2.17875	0.16216096591474757
2.1825	0.16192387982456063
2.18625	0.16168819094974604
2.19	0.1614538946289282
2.19375	0.1612209862309606
2.1975	0.16098946115477464
2.20125	0.16075931482924527
2.205	0.16053054271306927
2.20875	0.16030314029462583
2.2125	0.16007710309187548
2.21625	0.15985242665215318
2.22	0.15962910655214543
2.22375	0.15940713839767284
2.2275	0.15918651782361518
2.23125	0.15896724049377173
2.235	0.15874930210072075
2.23875	0.15853269836572145
2.2425	0.15831742503857368
2.24625	0.1581034778975
2.25	0.15789085274902792
2.25375	0.157679545427857
2.2575	0.15746955179676253
2.26125	0.15726086774644069
2.265	0.15705348919543022
2.26875	0.15684741208997072
2.2725	0.15664263240389242
2.27625	0.15643914613849455
2.28	0.15623694932244656
2.28375	0.1560360380116487
2.2875	0.15583640828915535
2.29125	0.1556380562650231
2.295	0.15544097807623022
2.29875	0.1552451698865437
2.3025	0.15505062788643045
2.30625	0.15485734829292488
2.31	0.15466532734954305
2.31375	0.1544745613261588
2.3175	0.15428504651890865
2.32125	0.15409677925008033
2.325	0.15390975586800124
2.32875	0.15372397274695285
2.3325	0.15353942628704606
2.33625	0.15335611291413012
2.34	0.15317402907968938
2.34375	0.15299317126074347
2.3475	0.15281353595973918
2.35125	0.15263511970445837
2.355	0.15245791904793118
2.35875	0.15228193056829548
2.3625	0.15210715086874468
2.36625	0.15193357657741657
2.37	0.15176120434729415
2.37375	0.15159003085609404
2.3775	0.15142005280621249
2.38125	0.15125126692459825
2.385	0.15108366996266223
2.38875	0.15091725869620987
2.3925	0.1507520299253135
2.39625	0.15058798047425598
2.4	0.1504251071914125
2.40375	0.15026340694918763
2.4075	0.15010287664389213
2.41125	0.14994351319569962
2.415	0.14978531354851754
2.41875	0.14962827466992104
2.4225	0.14947239355107728
2.42625	0.1493176672066276
2.43	0.14916409267464403
2.43375	0.1490116670164999
2.4375	0.1488603873168307
2.44125	0.148710250683428
2.445	0.14856125424715513
2.44875	0.14841339516189125
2.4525	0.14826667060438842
2.45625	0.14812107777427963
2.46	0.14797661389394248
2.46375	0.14783327620843603
2.4675	0.14769106198541518
2.47125	0.1475499685150611
2.475	0.1474099931100071
2.47875	0.14727113310526002
2.4825	0.14713338585811953
2.48625	0.14699674874810958
2.49	0.1468612191769064
2.49375	0.1467267945682589
2.4975	0.14659347236792336
2.50125	0.14646125004358285
2.505	0.14633012508478935
2.50875	0.14620009500287492
2.5125	0.14607115733089576
2.51625	0.14594330962356136
2.52	0.14581654945716166
2.52375	0.14569087442949494
2.5275	0.14556628215981443
2.53125	0.14544277028874883
2.535	0.1453203364782362
2.53875	0.14519897841147061
2.5425	0.14507869379282248
2.54625	0.14495948034778264
2.55	0.14484133582289846
2.55375	0.14472425798570132
2.5575	0.1446082446246606
2.56125	0.1444932935491075
2.565	0.1443794025891761
2.56875	0.14426656959574854
2.5725	0.14415479244039378
2.57625	0.14404406901530195
2.58	0.14393439723322982
2.58375	0.14382577502744312
2.5875	0.1437182003516514
2.59125	0.1436116711799656
2.595	0.14350618550682465
2.59875	0.14340174134695283
2.6025	0.14329833673529588
2.60625	0.1431959697269685
2.61	0.1430946383972003
2.61375	0.1429943408412858
2.6175	0.14289507517452202
2.62125	0.14279683953216502
2.625	0.14269963206937292
2.62875	0.1426034509611541
2.6325	0.14250829440232735
2.63625	0.14241416060745024
2.64	0.14232104781078275
2.64375	0.14222895426624205
2.6475	0.14213787824734855
2.65125	0.1420478180471702
2.655	0.14195877197828857
2.65875	0.14187073837274616
2.6625	0.14178371558199487
2.66625	0.14169770197685638
2.67	0.1416126959474734
2.67375	0.1415286959032719
2.6775	0.14144570027290562
2.68125	0.1413637075042182
2.685	0.14128271606420673
2.68875	0.14120272443896292
2.6925	0.14112373113364896
2.69625	0.14104573467243708
2.7	0.1409687335984906
2.70375	0.14089272647390155
2.7075	0.14081771187966813
2.71125	0.14074368841564786
2.715	0.1406706547005068
2.71875	0.14059860937171112
2.7225	0.14052755108545614
2.72625	0.14045747851665732
2.73	0.14038839035888517
2.73375	0.1403202853243592
2.7375	0.1402531621438889
2.74125	0.14018701956684868
2.745	0.1401218563611354
2.74875	0.1400576713131542
2.7525	0.139994463227755
2.75625	0.13993223092822812
2.76	0.13987097325624825
2.76375	0.1398106890718595
2.7675	0.13975137725343112
2.77125	0.1396930366976412
2.775	0.13963566631942706
2.77875	0.13957926505196872
2.7825	0.1395238318466664
2.78625	0.13946936567308327
2.79	0.13941586551894472
2.79375	0.13936333039009857
2.7975	0.13931175931048795
2.80125	0.1392611513221323
2.805	0.13921150548508435
2.80875	0.1391628208774196
2.8125	0.1391150965952036
2.81625	0.13906833175246724
2.82	0.13902252548118818
2.82375	0.13897767693125543
2.8275	0.1389337852704545
2.83125	0.1388908496844486
2.835	0.13884886937674001
2.83875	0.13880784356866838
2.8425	0.13876777149936584
2.84625	0.13872865242575708
2.85	0.13869048562253466
2.85375	0.13865327038212652
2.8575	0.13861700601468807
2.86125	0.13858169184807886
2.865	0.13854732722784846
2.86875	0.13851391151721104
2.8725	0.13848144409703042
2.87625	0.1384499243658108
2.88	0.1384193517396645
2.88375	0.13838972565231347
2.8875	0.138361045555063
2.89125	0.13833331091678203
2.895	0.1383065212239015
2.89875	0.13828067598039348
2.9025	0.13825577470775666
2.90625	0.13823181694500142
2.91	0.1382088022486424
2.91375	0.13818673019268646
2.9175	0.13816560036861208
2.92125	0.13814541238537037
2.925	0.13812616586935988
2.92875	0.13810786046443596
2.9325	0.1380904958318789
2.93625	0.13807407165040086
2.94	0.13805858761613107
2.94375	0.1380440434426052
2.9475	0.13803043886075955
2.95125	0.13801777361892703
2.955	0.13800604748282594
2.95875	0.13799526023555425
2.9625	0.1379854116775834
2.96625	0.13797650162675731
2.97	0.13796852991827493
2.97375	0.13796149640470634
2.9775	0.1379554009559642
2.98125	0.13795024345932538
2.985	0.13794602381940388
2.98875	0.13794274195816347
2.9925	0.13794039781491546
2.99625	0.13793899134630555
3.0	0.1379385225263248
3.00375	0.13793899134630602
3.0075	0.13794039781491527
3.01125	0.13794274195816386
3.015	0.13794602381940396
3.01875	0.13795024345932558
3.0225	0.13795540095596487
3.02625	0.1379614964047068
3.03	0.13796852991827585
3.03375	0.1379765016267581
3.0375	0.13798541167758424
3.04125	0.13799526023555453
3.045	0.13800604748282644
3.04875	0.138017773618927
3.0525	0.13803043886075972
3.05625	0.13804404344260532
3.06	0.1380585876161313
3.06375	0.13807407165040073
3.0675	0.13809049583187907
3.07125	0.13810786046443643
3.075	0.13812616586936
3.07875	0.13814541238537095
3.0825	0.13816560036861142
3.08625	0.13818673019268674
3.09	0.1382088022486428
3.09375	0.13823181694500117
3.0975	0.13825577470775638
3.10125	0.13828067598039379
3.105	0.13830652122390152
3.10875	0.13833331091678214
3.1125	0.13836104555506326
3.11625	0.138389725652314
3.12	0.13841935173966438
3.12375	0.13844992436581072
3.1275	0.13848144409703042
3.13125	0.13851391151721126
3.135	0.13854732722784843
3.13875	0.13858169184807914
3.1425	0.13861700601468815
3.14625	0.13865327038212663
3.15	0.13869048562253494
3.15375	0.1387286524257574
3.1575	0.13876777149936578
3.16125	0.1388078435686684
3.165	0.1388488693767401
3.16875	0.13889084968444848
3.1725	0.13893378527045497
3.17625	0.13897767693125557
3.18	0.13902252548118837
3.18375	0.13906833175246724
3.1875	0.13911509659520366
3.19125	0.1391628208774192
3.195	0.1392115054850847
3.19875	0.13926115132213238
3.2025	0.13931175931048817
3.20625	0.13936333039009852
3.21	0.1394158655189449
3.21375	0.13946936567308302
3.2175	0.13952383184666628
3.22125	0.13957926505196872
3.225	0.1396356663194276
3.22875	0.13969303669764102
3.2325	0.13975137725343062
3.23625	0.13981068907185948
3.24	0.13987097325624842
3.24375	0.1399322309282277
3.2475	0.13999446322775494
3.25125	0.14005767131315436
3.255	0.14012185636113575
3.25875	0.14018701956684845
3.2625	0.14025316214388922
3.26625	0.14032028532435972
3.27	0.1403883903588856
3.27375	0.14045747851665782
3.2775	0.14052755108545661
3.28125	0.1405986093717113
3.285	0.1406706547005077
3.28875	0.14074368841564844
3.2925	0.14081771187966838
3.29625	0.14089272647390216
3.3	0.14096873359849119
3.30375	0.14104573467243728
3.3075	0.1411237311336488
3.31125	0.14120272443896306
3.315	0.14128271606420673
3.31875	0.1413637075042181
3.3225	0.14144570027290582
3.32625	0.14152869590327216
3.33	0.14161269594747353
3.33375	0.1416977019768564
3.3375	0.14178371558199554
3.34125	0.1418707383727462
3.345	0.14195877197828866
3.34875	0.14204781804717034
3.3525	0.14213787824734855
3.35625	0.14222895426624188
3.36	0.14232104781078309
3.36375	0.14241416060745005
3.3675	0.14250829440232804
3.37125	0.1426034509611545
3.375	0.14269963206937264
3.37875	0.1427968395321655
3.3825	0.14289507517452205
3.38625	0.14299434084128557
3.39	0.14309463839720055
3.39375	0.14319596972696894
3.3975	0.1432983367352959
3.40125	0.14340174134695324
3.405	0.1435061855068249
3.40875	0.14361167117996598
3.4125	0.14371820035165137
3.41625	0.14382577502744318
3.42	0.1439343972332295
3.42375	0.14404406901530176
3.4275	0.14415479244039375
3.43125	0.14426656959574835
3.435	0.14437940258917656
3.43875	0.1444932935491079
3.4425	0.14460824462466076
3.44625	0.14472425798570143
3.45	0.14484133582289846
3.45375	0.14495948034778305
3.4575	0.14507869379282293
3.46125	0.1451989784114715
3.465	0.14532033647823675
3.46875	0.14544277028874908
3.4725	0.1455662821598146
3.47625	0.14569087442949455
3.48	0.14581654945716183
3.48375	0.1459433096235617
3.4875	0.14607115733089607
3.49125	0.14620009500287534
3.495	0.14633012508479026
3.49875	0.14646125004358354
3.5025	0.14659347236792367
3.50625	0.14672679456825952
3.51	0.1468612191769065
3.51375	0.1469967487481105
3.5175	0.14713338585811983
3.52125	0.1472711331052604
3.525	0.14740999311000752
3.52875	0.14754996851506183
3.5325	0.1476910619854157
3.53625	0.14783327620843614
3.54	0.14797661389394276
3.54375	0.14812107777427982
3.5475	0.14826667060438867
3.55125	0.14841339516189186
3.555	0.14856125424715869
3.55875	0.1487102506834314
3.5625	0.1488603873168358
3.56625	0.14901166701650312
3.57	0.1491640926746475
3.57375	0.14931766720663212
3.5775	0.14947239355107925
3.58125	0.14962827466992565
3.585	0.14978531354852223
3.58875	0.14994351319570487
3.5925	0.15010287664389668
3.59625	0.15026340694919282
3.6	0.1504251071914218
3.60375	0.15058798047426195
3.6075	0.15075202992532066
3.61125	0.1509172586962148
3.615	0.15108366996266936
3.61875	0.15125126692460325
3.6225	0.15142005280621756
3.62625	0.15159003085609868
3.63	0.15176120434729534
3.63375	0.15193357657742232
3.6375	0.15210715086874893
3.64125	0.15228193056830136
3.645	0.15245791904793865
3.64875	0.15263511970446506
3.6525	0.15281353595974573
3.65625	0.1529931712607462
3.66	0.15317402907969435
3.66375	0.15335611291413445
3.6675	0.15353942628705336
3.67125	0.15372397274695965
3.675	0.15390975586801045
3.67875	0.1540967792500866
3.6825	0.15428504651891392
3.68625	0.1544745613261659
3.69	0.15466532734954844
3.69375	0.15485734829292977
3.6975	0.15505062788643542
3.70125	0.15524516988654916
3.705	0.15544097807623594
3.70875	0.15563805626502858
3.7125	0.15583640828915973
3.71625	0.1560360380116541
3.72	0.15623694932245072
3.72375	0.15643914613849688
3.7275	0.15664263240389648
3.73125	0.15684741208997735
3.735	0.1570534891954335
3.73875	0.15726086774644527
3.7425	0.1574695517967661
3.74625	0.157679545427859
3.75	0.1578908527490313
3.75375	0.15810347789750462
3.7575	0.15831742503858026
3.76125	0.1585326983657249
3.765	0.15874930210072408
3.76875	0.1589672404937774
3.7725	0.1591865178236196
3.77625	0.15940713839767445
3.78	0.15962910655214743
3.78375	0.15985242665215604
3.7875	0.16007710309187695
3.79125	0.16030314029462658
3.795	0.1605305427130704
3.79875	0.16075931482924619
3.8025	0.16098946115477636
3.80625	0.1612209862309617
3.81	0.16145389462893245
3.81375	0.16168819094974823
3.8175	0.16192387982456294
3.82125	0.16216096591474982
3.825	0.16239945391202587
3.82875	0.16263934853859535
3.8325	0.16288065454729886
3.83625	0.16312337672172067
3.84	0.1633675198763608
3.84375	0.16361308885675746
3.8475	0.1638600885396192
3.85125	0.16410852383299315
3.855	0.16435839967637045
3.85875	0.16460972104087418
3.8625	0.16486249292935967
3.86625	0.1651167203765952
3.87	0.16537240844939133
3.87375	0.16562956224674344
3.8775	0.16588818689999557
3.88125	0.16614828757297448
3.885	0.1664098694621631
3.88875	0.16667293779681758
3.8925	0.16693749783914616
3.89625	0.16720355488446376
3.9	0.167471114261326
3.90375	0.16774018133170385
3.9075	0.16801076149112582
3.91125	0.16828286016885738
3.915	0.1685564828280245
3.91875	0.16883163496581888
3.9225	0.16910832211361285
3.92625	0.1693865498371546
3.93	0.16966632373671767
3.93375	0.1699476494472647
3.9375	0.17023053263861718
3.94125	0.17051497901560944
3.945	0.17080099431828152
3.94875	0.17108858432202226
3.9525	0.17137775483774811
3.95625	0.17166851171207784
3.96	0.17196086082749548
3.96375	0.17225480810253535
3.9675	0.1725503594919454
3.97125	0.17284752098686984
3.975	0.17314629861501218
3.97875	0.173446698440836
3.9825	0.17374872656571905
3.98625	0.17405238912814733
3.99	0.17435769230390075
3.99375	0.1746646423062173
3.9975	0.17497324538599396
4.00125	0.17528350783195498
4.005	0.17559543597086333
4.00875	0.17590903616767395
4.0125	0.17622431482574963
4.01625	0.1765412783870328
4.02	0.17685993333225777
4.02375	0.17718028618110743
4.0275	0.1775023434924465
4.03125	0.17782611186448277
4.035	0.17815159793498764
4.03875	0.17847880838147648
4.0425	0.17880774992141077
4.04625	0.17913842931240787
4.05	0.17947085335241883
4.05375	0.17980502887995845
4.0575	0.18014096277428793
4.06125	0.18047866195562703
4.065	0.18081813338536348
4.06875	0.18115938406625504
4.0725	0.18150242104262915
4.07625	0.1818472514006238
4.08	0.18219388226836264
4.08375	0.1825423208161731
4.0875	0.1828925742568438
4.09125	0.18324464984577457
4.095	0.18359855488123786
4.09875	0.183954296704589
4.1025	0.18431188270046622
4.10625	0.1846713202970418
4.11	0.18503261696621787
4.11375	0.1853957802238596
4.1175	0.18576081763003277
4.12125	0.18612773678920908
4.125	0.1864965453505146
4.12875	0.1868672510079394
4.1325	0.1872398615005772
4.13625	0.18761438461286312
4.14	0.1879908281748095
4.14375	0.18836920006221292
4.1475	0.18874950819693836
4.15125	0.18913176054711894
4.155	0.1895159651274068
4.15875	0.18990212999921854
4.1625	0.19029026327098283
4.16625	0.19068037309837235
4.17	0.19107246768455083
4.17375	0.19146655528042664
4.1775	0.19186264418491036
4.18125	0.19226074274514143
4.185	0.19266085935676153
4.18875	0.19306300246415606
4.1925	0.19346718056072149
4.19625	0.193873402189111
4.2	0.19428167594149506
4.20375	0.1946920104598303
4.2075	0.19510441443610388
4.21125	0.19551889661262045
4.215	0.19593546578224688
4.21875	0.19635413078868838
4.2225	0.1967749005267632
4.22625	0.19719778394264875
4.23	0.19762279003418473
4.23375	0.19804992785112793
4.2375	0.19847920649543271
4.24125	0.19891063512151277
4.245	0.1993442229365586
4.24875	0.19977997920077195
4.2525	0.20021791322768315
4.25625	0.2006580343844141
4.26	0.20110035209196886
4.26375	0.20154487582552452
4.2675	0.2019916151147336
4.27125	0.20244057954398192
4.275	0.20289177875270872
4.27875	0.20334522243569284
4.2825	0.2038009203433538
4.28625	0.2042588822820475
4.29	0.20471911811435037
4.29375	0.20518163775939297
4.2975	0.20564645119314134
4.30125	0.20611356844871573
4.305	0.20658299961667673
4.30875	0.20705475484536962
4.3125	0.20752884434120417
4.31625	0.20800527836898727
4.32	0.20848406725222757
4.32375	0.20896522137346601
4.3275	0.20944875117458364
4.33125	0.209934667157114
4.335	0.21042297988260436
4.33875	0.21091369997289106
4.3425	0.21140683811047198
4.34625	0.2119024050388078
4.35	0.21240041156266035
4.35375	0.21290086854843582
4.3575	0.21340378692450906
4.36125	0.2139091776815608
4.365	0.21441705187292634
4.36875	0.21492742061494277
4.3725	0.2154402950872702
4.37625	0.2159556865332529
4.38	0.21647360626026937
4.38375	0.21699406564009033
4.3875	0.21751707610920706
4.39125	0.21804264916920593
4.395	0.21857079638712518
4.39875	0.21910152939579944
4.4025	0.2196348598942419
4.40625	0.22017079964799324
4.41	0.22070936048948375
4.41375	0.2212505543184297
4.4175	0.22179439310216312
4.42125	0.22234088887604467
4.425	0.22289005374380835
4.42875	0.22344189987795232
4.4325	0.2239964395201249
4.43625	0.2245536849814892
4.44	0.22511364864312328
4.44375	0.22567634295640107
4.4475	0.22624178044338633
4.45125	0.22680997369721642
4.455	0.22738093538250226
4.45875	0.22795467823572055
4.4625	0.22853121506561352
4.46625	0.22911055875360983
4.47	0.22969272225418513
4.47375	0.2302777185953218
4.4775	0.23086556087887639
4.48125	0.23145626228100277
4.485	0.23204983605257565
4.48875	0.2326462955196008
4.4925	0.2332456540836412
4.49625	0.2338479252222174
4.5	0.23445312248926364
4.50375	0.23506125951552065
4.5075	0.23567235000900388
4.51125	0.23628640775538637
4.515	0.23690344661850196
4.51875	0.23752348054070285
4.5225	0.23814652354336935
4.52625	0.2387725897273079
4.53	0.23940169327322502
4.53375	0.24003384844215056
4.5375	0.24066906957592207
4.54125	0.24130737109759534
4.545	0.24194876751194638
4.54875	0.24259327340589912
4.5525	0.24324090344900823
4.55625	0.2438916723939111
4.56	0.2445455950768025
4.56375	0.24520268641788945
4.5675	0.24586296142191402
4.57125	0.2465264351785616
4.575	0.24719312286299577
4.57875	0.24786303973631993
4.5825	0.24853620114606104
4.58625	0.24921262252666013
4.59	0.24989231939996998
4.59375	0.2505753073757502
4.5975	0.2512616021521597
4.60125	0.25195121951625127
4.605	0.252644175344498
4.60875	0.25334048560328154
4.6125	0.2540401663494088
4.61625	0.2547432337306267
4.62	0.25544970398612926
4.62375	0.25615959344709854
4.6275	0.2568729185372035
4.63125	0.25758969577314533
4.635	0.25830994176517463
4.63875	0.25903367321764226
4.6425	0.25976090692950377
4.64625	0.2604916597948913
4.65	0.26122594880363226
4.65375	0.26196379104182804
4.6575	0.2627052036923567
4.66125	0.2634502040354601
4.665	0.26419880944930213
4.66875	0.26495103741050635
4.6725	0.2657069054947314
4.67625	0.26646643137723913
4.68	0.26722963283347073
4.68375	0.2679965277395982
4.6875	0.26876713407312736
4.69125	0.269541469913462
4.695	0.27031955344250197
4.69875	0.27110140294521123
4.7025	0.27188703681022136
4.70625	0.27267647353044794
4.71	0.2734697317036469
4.71375	0.2742668300330482
4.7175	0.2750677873279481
4.72125	0.27587262250433503
4.725	0.276681354585481
4.72875	0.27749400270257624
4.7325	0.27831058609535403
4.73625	0.2791311241126935
4.74	0.27995563621326885
4.74375	0.28078414196618934
4.7475	0.28161666105160377
4.75125	0.2824532132613745
4.755	0.2832938184997122
4.75875	0.2841384967838134
4.7625	0.28498726824452925
4.76625	0.2858401531270095
4.77	0.286697171791382
4.77375	0.2875583447133905
4.7775	0.2884236924850884
4.78125	0.2892932358155092
4.785	0.2901669955313174
4.78875	0.2910449925775298
4.7925	0.29192724801817466
4.79625	0.29281378303699185
4.8	0.2937046189381191
4.80375	0.2945997771468094
4.8075	0.295499279210105
4.81125	0.29640314679757573
4.815	0.29731140170199355
4.81875	0.2982240658401194
4.8225	0.29914116125333085
4.82625	0.3000627101084047
4.83	0.30098873469823234
4.83375	0.30191925744257153
4.8375	0.3028543008887548
4.84125	0.30379388771245724
4.845	0.30473804071840327
4.84875	0.30568678284119505
4.8525	0.30664013714599425
4.85625	0.30759812682932847
4.86	0.3085607752198504
4.86375	0.3095281057790632
4.8675	0.31050014210219024
4.87125	0.3114769079188568
4.875	0.3124584270939518
4.87875	0.31344472362836373
4.8825	0.3144358216598161
4.88625	0.3154317454636273
4.89	0.3164325194535795
4.89375	0.3174381681826504
4.8975	0.3184487163438851
4.90125	0.3194641887711992
4.905	0.32048461044018245
4.90875	0.3215100064689995
4.9125	0.3225404021191077
4.91625	0.32357582279624025
4.92	0.3246162940511255
4.92375	0.3256618415804068
4.9275	0.32671249122749274
4.93125	0.32776826898340145
4.935	0.32882920098765495
4.93875	0.3298953135291005
4.9425	0.33096663304687024
4.94625	0.33204318613117656
4.95	0.3331249995242432
4.95375	0.33421210012121155
4.9575	0.3353045149710449
4.96125	0.3364022712773768
4.965	0.33750539639949423
4.96875	0.3386139178532108
4.9725	0.3397278633118019
4.97625	0.3408472606069234
4.98	0.34197213772957513
4.98375	0.3431025228309958
4.9875	0.34423844422367456
4.99125	0.3453799303822123
4.995	0.3465270099443629
4.99875	0.3476797117119455
5.0025	0.3488380646518378
5.00625	0.35000209789695036
5.01	0.35117184074720686
5.01375	0.35234732267050795
5.0175	0.35352857330376736
5.02125	0.3547156224538706
5.025	0.3559085000987172
5.02875	0.35710723638820085
5.0325	0.35831186164527346
5.03625	0.3595224063669041
5.04	0.3607389012251759
5.04375	0.3619613770682912
5.0475	0.36318986492159644
5.05125	0.3644243959886972
5.055	0.3656650016524423
5.05875	0.36691171347604346
5.0625	0.36816456320410096
5.06625	0.3694235827637365
5.07	0.37068880426561496
5.07375	0.37196026000508736
5.0775	0.37323798246325723
5.08125	0.37452200430808713
5.085	0.37581235839552896
5.08875	0.3771090777706303
5.0925	0.3784121956686507
5.09625	0.3797217455162116
5.1	0.381037760932439
5.10375	0.38236027573006154
5.1075	0.3836893239166285
5.11125	0.3850249396956554
5.115	0.38636715746775985
5.11875	0.3877160118318427
5.1225	0.3890715375863289
5.12625	0.3904337697302655
5.13	0.391802743464608
5.13375	0.3931784941933496
5.1375	0.3945610575247963
5.14125	0.3959504692727334
5.145	0.3973467654577155
5.14875	0.3987499823082265
5.1525	0.4001601562619885
5.15625	0.4015773239671718
5.16	0.4030015222836608
5.16375	0.40443278828436047
5.1675	0.40587115925640194
5.17125	0.40731667270247296
5.175	0.4087693663421021
5.17875	0.41022927811293464
5.1825	0.4116964461720653
5.18625	0.41317090889736335
5.19	0.41465270488873396
5.19375	0.4161418729695329
5.1975	0.41763845218780987
5.20125	0.4191424818177822
5.205	0.42065400136106357
5.20875	0.42217305054809684
5.2125	0.4236996693395345
5.21625	0.42523389792758426
5.22	0.42677577673742667
5.22375	0.42832534642859504
5.2275	0.42988264789640135
5.23125	0.4314477222733394
5.235	0.4330206109305296
5.23875	0.43460135547912515
5.2425	0.4361899977717869
5.24625	0.43778657990410974
5.25	0.43939114421609904
5.25375	0.44100373329364667
5.2575	0.4426243899699861
5.26125	0.4442531573272031
5.265	0.4458900786977527
5.26875	0.4475351976659092
5.2725	0.44918855806934765
5.27625	0.45085020400064263
5.28	0.45252017980878356
5.28375	0.45419853010076533
5.2875	0.4558852997431257
5.29125	0.4575805338634883
5.295	0.45928427785217285
5.29875	0.46099657736376404
5.3025	0.46271747831871285
5.30625	0.4644470269049346
5.31	0.46618526957943335
5.31375	0.4679322530699232
5.3175	0.46968802437645724
5.32125	0.47145263077310284
5.325	0.473226119809562
5.32875	0.47500853931285736
5.3325	0.47679993738898474
5.33625	0.47860036242469317
5.34	0.48040986308900857
5.34375	0.482228488335146
5.3475	0.48405628740208667
5.35125	0.48589330981635287
5.355	0.48773960539375777
5.35875	0.489595224241181
5.3625	0.49146021675825113
5.36625	0.4933346336392077
5.37	0.4952185258746678
5.37375	0.49711194475336934
5.3775	0.49901494186404904
5.38125	0.500927569097214
5.385	0.5028498786470265
5.38875	0.5047819230130755
5.3925	0.5067237550022876
5.39625	0.5086754277307781
5.4	0.5106369946257181
5.40375	0.5126085094272497
5.4075	0.5145900261903584
5.41125	0.5165815992867883
5.415	0.5185832834069983
5.41875	0.5205951335620848
5.4225	0.522617205085722
5.42625	0.5246495536361351
5.43	0.5266922351980563
5.43375	0.5287453060847629
5.4375	0.5308088229400165
5.44125	0.5328828427400952
5.445	0.5349674227958716
5.44875	0.5370626207547365
5.4525	0.5391684946027888
5.45625	0.5412851026667654
5.46	0.5434125036162457
5.46375	0.5455507564656403
5.4675	0.5476999205763385
5.47125	0.5498600556588191
5.475	0.5520312217747961
5.47875	0.5542134793393195
5.4825	0.5564068891229879
5.48625	0.5586115122540662
5.49	0.5608274102207312
5.49375	0.5630546448731824
5.4975	0.5652932784259568
5.50125	0.5675433734600547
5.505	0.5698049929252814
5.50875	0.5720782001424115
5.5125	0.574363058805497
5.51625	0.5766596329841732
5.52	0.5789679871258947
5.52375	0.5812881860583233
5.5275	0.583620294991581
5.53125	0.5859643795206495
5.535	0.5883205056276913
5.53875	0.5906887396844356
5.5425	0.5930691484545623
5.54625	0.5954617990960467
5.55	0.597866759163774
5.55375	0.6002840966116908
5.5575	0.6027138797954722
5.56125	0.6051561774748132
5.565	0.6076110588160785
5.56875	0.6100785933946612
5.5725	0.6125588511976134
5.57625	0.6150519026259981
5.58	0.6175578184976428
5.58375	0.620076670049518
5.5875	0.62260852894044
5.59125	0.6251534672535437
5.595	0.6277115574989747
5.59875	0.6302828726165257
5.6025	0.6328674859782154
5.60625	0.6354654713909526
5.61	0.6380769030992424
5.61375	0.6407018557878543
5.6175	0.6433404045845615
5.62125	0.645992625062803
5.625	0.6486585932444842
5.62875	0.6513383856027786
5.6325	0.6540320790647018
5.63625	0.6567397510141683
5.64	0.659461479294656
5.64375	0.6621973422120029
5.6475	0.6649474185374419
5.65125	0.667711787510201
5.655	0.6704905288406477
5.65875	0.6732837227129737
5.6625	0.6760914497883028
5.66625	0.6789137912075116
5.67	0.6817508285942225
5.67375	0.684602644057738
5.6775	0.6874693201961493
5.68125	0.690350940099251
5.685	0.6932475873516191
5.68875	0.6961593460356531
5.6925	0.6990863007346354
5.69625	0.7020285365358554
5.7	0.7049861390336979
5.70375	0.7079591943327991
5.7075	0.7109477890511793
5.71125	0.7139520103234333
5.715	0.7169719458038621
5.71875	0.7200076836698069
5.7225	0.7230593126247925
5.72625	0.7261269219017772
5.73	0.7292106012664741
5.73375	0.7323104410206053
5.7375	0.7354265320052942
5.74125	0.7385589656042884
5.745	0.7417078337473902
5.74875	0.744873228913895
5.7525	0.7480552441358107
5.75625	0.7512539730015015
5.76	0.7544695096590068
5.76375	0.7577019488195355
5.7675	0.7609513857609174
5.77125	0.7642179163311773
5.775	0.7675016369520622
5.77875	0.7708026446225726
5.7825	0.7741210369225668
5.78625	0.7774569120162885
5.79	0.7808103686561585
5.79375	0.7841815061862374
5.7975	0.7875704245460172
5.80125	0.7909772242740913
5.805	0.7944020065118517
5.80875	0.7978448730072519
5.8125	0.8013059261185613
5.81625	0.8047852688181701
5.82	0.8082830046963992
5.82375	0.8117992379653598
5.8275	0.8153340734627743
5.83125	0.8188876166559055
5.835	0.8224599736454381
5.83875	0.8260512511694975
5.8425	0.8296615566074809
5.84625	0.8332909979841759
5.85	0.8369396839736839
5.85375	0.8406077239035511
5.8575	0.8442952277586936
5.86125	0.8480023061856913
5.865	0.8517290704967428
5.86875	0.8554756326738419
5.8725	0.8592421053730265
5.87625	0.8630286019284968
5.88	0.8668352363569175
5.88375	0.8706621233615266
5.8875	0.8745093783365998
5.89125	0.8783771173716441
5.895	0.8822654572558029
5.89875	0.8861745154820914
5.9025	0.890104410251959
5.90625	0.894055260479593
5.91	0.8980271857964061
5.91375	0.9020203065554724
5.9175	0.9060347438360961
5.92125	0.9100706194483608
5.925	0.9141280559375821
5.92875	0.9182071765889681
5.9325	0.9223081054322526
5.93625	0.9264309672463824
5.94	0.9305758875640692
5.94375	0.9347429926766264
5.9475	0.9389324096386754
5.95125	0.9431442662728581
5.955	0.9473786911747543
5.95875	0.9516358137176322
5.9625	0.9559157640573013
5.96625	0.9602186731370892
5.97	0.9645446726927004
5.97375	0.968893895257168
5.9775	0.9732664741659238
5.98125	0.9776625435617314
5.985	0.9820822383998022
5.98875	0.9865256944528916
5.9925	0.9909930483163215
5.99625	0.99548443741325
6.0	0.9999999999998294
