0.0	0.9999999999999853
0.0025	0.9972102166850316
0.005	0.9944305502192258
0.0075	0.9916609622811534
0.01	0.9889014147049418
0.0125	0.9861518694795957
0.015	0.9834122887484087
0.0175	0.9806826348082577
0.02	0.977962870109
0.0225	0.9752529572528554
0.025	0.9725528589937376
0.0275	0.9698625382366683
0.03	0.9671819580370747
0.0325	0.9645110816002815
0.035	0.9618498722807917
0.0375	0.9591982935817067
0.04	0.9565563091541136
0.0425	0.9539238827964737
0.045	0.9513009784540031
0.0475	0.9486875602180646
0.05	0.9460835923255648
0.0525	0.9434890391583713
0.055	0.9409038652426839
0.0575	0.9383280352484428
0.06	0.9357615139887636
0.0625	0.9332042664193011
0.065	0.9306562576376958
0.0675	0.9281174528829682
0.07	0.9255878175349438
0.0725	0.9230673171136548
0.075	0.9205559172787877
0.0775	0.9180535838290909
0.08	0.9155602827017908
0.0825	0.9130759799720385
0.085	0.9106006418523258
0.0875	0.9081342346919314
0.09	0.9056767249763465
0.0925	0.9032280793267109
0.095	0.9007882644992736
0.0975	0.8983572473847886
0.1	0.895934995008022
0.1025	0.8935214745271576
0.105	0.8911166532332466
0.1075	0.8887204985496776
0.11	0.8863329780316309
0.1125	0.8839540593655124
0.115	0.881583710368446
0.1175	0.8792218989876932
0.12	0.876868593300171
0.1225	0.8745237615118575
0.125	0.872187371957307
0.1275	0.8698593930990938
0.13	0.8675397935273192
0.1325	0.8652285419590184
0.135	0.862925607237716
0.1375	0.8606309583328634
0.14	0.8583445643393309
0.1425	0.8560663944768678
0.145	0.8537964180896312
0.1475	0.8515346046456463
0.15	0.8492809237363118
0.1525	0.8470353450758543
0.155	0.8447978385008897
0.1575	0.8425683739698663
0.16	0.8403469215625683
0.1625	0.8381334514796667
0.165	0.8359279340421398
0.1675	0.8337303396908647
0.17	0.8315406389860582
0.1725	0.8293588026068277
0.175	0.8271848013506589
0.1775	0.8250186061329543
0.18	0.8228601879865232
0.1825	0.8207095180611175
0.185	0.8185665676229378
0.1875	0.816431308054169
0.19	0.8143037108525055
0.1925	0.8121837476306482
0.195	0.8100713901158935
0.1975	0.8079666101495917
0.2	0.8058693796867211
0.2025	0.8037796707954264
0.205	0.8016974556565429
0.2075	0.7996227065631145
0.21	0.7975553959199759
0.2125	0.7954954962432768
0.215	0.7934429801599939
0.2175	0.7913978204075333
0.22	0.7893599898332434
0.2225	0.787329461393973
0.225	0.7853062081556152
0.2275	0.7832902032926926
0.23	0.781281420087852
0.2325	0.7792798319314989
0.235	0.777285412321288
0.2375	0.775298134861723
0.24	0.7733179732637238
0.2425	0.7713449013441604
0.245	0.7693788930254568
0.2475	0.7674199223351201
0.25	0.7654679634053508
0.2525	0.7635229904725912
0.255	0.7615849778771016
0.2575	0.7596539000625385
0.26	0.7577297315755569
0.2625	0.7558124470653332
0.265	0.7539020212832054
0.2675	0.7519984290822239
0.27	0.750101645416748
0.2725	0.7482116453420334
0.275	0.7463284040138046
0.2775	0.7444518966878738
0.28	0.742582098719704
0.2825	0.7407189855640234
0.285	0.7388625327744115
0.2875	0.7370127160029013
0.29	0.735169510999574
0.2925	0.7333328936121548
0.295	0.7315028397856402
0.2975	0.7296793255618665
0.3	0.7278623270791466
0.3025	0.7260518205718504
0.305	0.7242477823700396
0.3075	0.722450188899068
0.31	0.7206590166791734
0.3125	0.7188742423251441
0.315	0.7170958425458726
0.3175	0.7153237941440234
0.32	0.7135580740156117
0.3225	0.7117986591496606
0.325	0.7100455266278018
0.3275	0.7082986536239061
0.33	0.7065580174036917
0.3325	0.7048235953243885
0.335	0.7030953648343432
0.3375	0.7013733034726376
0.34	0.6996573888687532
0.3425	0.6979475987421571
0.345	0.6962439109020047
0.3475	0.6945463032467082
0.35	0.6928547537636208
0.3525	0.6911692405286433
0.355	0.6894897417059045
0.3575	0.6878162355473664
0.36	0.6861487003924969
0.3625	0.6844871146678803
0.365	0.6828314568869045
0.3675	0.6811817056493945
0.37	0.6795378396412475
0.3725	0.6778998376341046
0.375	0.6762676784849961
0.3775	0.6746413411360064
0.38	0.6730208046139051
0.3825	0.6714060480298295
0.385	0.6697970505789387
0.3875	0.6681937915400613
0.39	0.66659625027538
0.3925	0.6650044062300589
0.395	0.6634182389319774
0.3975	0.6618377279912923
0.4	0.6602628531002045
0.4025	0.6586935940325815
0.405	0.6571299306436255
0.4075	0.655571842869554
0.41	0.6540193107272873
0.4125	0.6524723143140922
0.415	0.6509308338072975
0.4175	0.6493948494639196
0.42	0.6478643416204004
0.4225	0.6463392906922575
0.425	0.6448196771737371
0.4275	0.6433054816375727
0.43	0.6417966847345848
0.4325	0.6402932671934305
0.435	0.638795209820249
0.4375	0.6373024934983904
0.44	0.635815099188065
0.4425	0.6343330079260517
0.445	0.6328562008254016
0.4475	0.6313846590751118
0.45	0.6299183639398299
0.4525	0.6284572967595627
0.455	0.6270014389493435
0.4575	0.6255507719989563
0.46	0.62410527747264
0.4625	0.6226649370087555
0.465	0.6212297323195254
0.4675	0.6197996451907309
0.47	0.6183746574813942
0.4725	0.6169547511235144
0.475	0.6155399081217451
0.4775	0.614130110553146
0.48	0.6127253405668438
0.4825	0.611325580383784
0.485	0.6099308122964062
0.4875	0.6085410186684101
0.49	0.6071561819344179
0.4925	0.605776284599721
0.495	0.6044013092399795
0.4975	0.6030312385009642
0.5	0.6016660550982476
0.5025	0.6003057418169632
0.505	0.5989502815114914
0.5075	0.59759965710519
0.51	0.5962538515901434
0.5125	0.5949128480268667
0.515	0.5935766295440261
0.5175	0.5922451793381983
0.52	0.590918480673553
0.5225	0.5895965168816476
0.525	0.5882792713610976
0.5275	0.5869667275773384
0.53	0.5856588690623531
0.5325	0.5843556794144271
0.535	0.5830571422978457
0.5375	0.5817632414426633
0.54	0.5804739606444308
0.5425	0.5791892837639453
0.545	0.577909194726966
0.5475	0.5766336775239788
0.55	0.5753627162099465
0.5525	0.5740962949040177
0.555	0.5728343977892981
0.5575	0.5715770091126172
0.56	0.5703241131842139
0.5625	0.5690756943775457
0.565	0.5678317371290078
0.5675	0.5665922259376909
0.57	0.5653571453651314
0.5725	0.5641264800350749
0.575	0.5629002146332057
0.5775	0.5616783339069217
0.58	0.56046082266508
0.5825	0.55924766577778
0.585	0.5580388481760722
0.5875	0.5568343548517662
0.59	0.5556341708571545
0.5925	0.5544382813048074
0.595	0.5532466713672963
0.5975	0.5520593262769857
0.6	0.5508762313257966
0.6025	0.5496973718649528
0.605	0.5485227333047638
0.6075	0.5473523011143813
0.61	0.5461860608215863
0.6125	0.5450239980125222
0.615	0.5438660983315088
0.6175	0.5427123474807719
0.62	0.5415627312202591
0.6225	0.5404172353673705
0.625	0.5392758457967511
0.6275	0.5381385484400788
0.63	0.5370053292858196
0.6325	0.5358761743790121
0.635	0.5347510698210496
0.6375	0.5336300017694527
0.64	0.5325129564376516
0.6425	0.5313999200947656
0.645	0.5302908790653966
0.6475	0.5291858197293967
0.65	0.5280847285216371
0.6525	0.526987591931839
0.655	0.5258943965043205
0.6575	0.5248051288377893
0.66	0.523719775585152
0.6625	0.5226383234532658
0.665	0.5215607592027597
0.6675	0.5204870696478091
0.67	0.5194172416559191
0.6725	0.5183512621477463
0.675	0.5172891180968547
0.6775	0.5162307965295319
0.68	0.5151762845245912
0.6825	0.5141255692131279
0.685	0.5130786377783644
0.6875	0.5120354774554119
0.69	0.5109960755310886
0.6925	0.5099604193437031
0.695	0.5089284962828667
0.6975	0.5079002937892897
0.7	0.5068757993545763
0.7025	0.5058550005210409
0.705	0.5048378848814942
0.7075	0.5038244400790699
0.71	0.502814653806998
0.7125	0.5018085138084393
0.715	0.5008060078762825
0.7175	0.4998071238529437
0.72	0.4988118496301807
0.7225	0.4978201731489032
0.725	0.4968320823989853
0.7275	0.4958475654190668
0.73	0.4948666102963738
0.7325	0.4938892051665223
0.735	0.49291533821334393
0.7375	0.491944997668682
0.74	0.4909781718122302
0.7425	0.4900148489713168
0.745	0.48905501752075325
0.7475	0.4880986658826236
0.75	0.4871457825261257
0.7525	0.48619635596737587
0.755	0.4852503747692274
0.7575	0.4843078275410972
0.76	0.483368702938788
0.7625	0.4824329896643029
0.765	0.4815006764656737
0.7675	0.4805717521367767
0.77	0.4796462055171671
0.7725	0.4787240254919045
0.775	0.47780520099135704
0.7775	0.47688972099106114
0.78	0.4759775745115174
0.7825	0.47506875061803355
0.785	0.47416323842056424
0.7875	0.47326102707351453
0.79	0.4723621057755818
0.7925	0.47146646376960005
0.795	0.47057409034234726
0.7975	0.46968497482439486
0.8	0.46879910658993496
0.8025	0.4679164750566108
0.805	0.46703706968536135
0.8075	0.46616087998024724
0.81	0.46528789548828414
0.8125	0.46441810579928827
0.815	0.4635515005457159
0.8175	0.4626880694024845
0.82	0.461827802086828
0.8225	0.46097068835813204
0.825	0.46011671801776904
0.8275	0.45926588090894216
0.83	0.4584181669165305
0.8325	0.45757356596692084
0.835	0.4567320680278681
0.8375	0.45589366310832163
0.84	0.4550583412582731
0.8425	0.454226092568608
0.845	0.45339690717094805
0.8475	0.4525707752374989
0.85	0.451747686980888
0.8525	0.4509276326540264
0.855	0.450110602549946
0.8575	0.4492965870016515
0.86	0.4484855763819716
0.8625	0.4476775611034155
0.865	0.4468725316180025
0.8675	0.4460704784171406
0.87	0.4452713920314596
0.8725	0.4444752630306658
0.875	0.4436820820234111
0.8775	0.44289183965712914
0.88	0.4421045266178956
0.8825	0.441320133630284
0.885	0.4405386514572259
0.8875	0.4397600708998644
0.89	0.4389843827974067
0.8925	0.4382115780269891
0.895	0.43744164750353265
0.8975	0.4366745821796045
0.9	0.43591037304527136
0.9025	0.4351490111279631
0.905	0.43439048749233744
0.9075	0.4336347932401416
0.91	0.4328819195100693
0.9125	0.4321318574776215
0.915	0.43138459835498133
0.9175	0.43064013339086704
0.92	0.42989845387040054
0.9225	0.429159551114974
0.925	0.4284234164821107
0.9275	0.4276900413653461
0.93	0.42695941719406993
0.9325	0.42623153543341313
0.935	0.4255063875841142
0.9375	0.4247839651823799
0.94	0.42406425979975493
0.9425	0.4233472630430084
0.945	0.4226329665539837
0.9475	0.42192136200947433
0.95	0.4212124411210998
0.9525	0.4205061956351849
0.955	0.41980261733261665
0.9575	0.4191016980287245
0.96	0.41840342957316107
0.9625	0.4177078038497625
0.965	0.41701481277644115
0.9675	0.41632444830503973
0.97	0.415636702421232
0.9725	0.4149515671443723
0.975	0.41426903452739744
0.9775	0.4135890966566913
0.98	0.41291174565196315
0.9825	0.41223697366612644
0.985	0.4115647728851948
0.9875	0.4108951355281302
0.99	0.4102280538467467
0.9925	0.4095635201255904
0.995	0.4089015266818151
0.9975	0.4082420658650605
1.0	0.4075851300573472
1.0025	0.4069307116729413
1.005	0.40627880315826037
1.0075	0.4056293969917419
1.01	0.40498248568372847
1.0125	0.4043380617763614
1.015	0.40369611784345844
1.0175	0.403056646490408
1.02	0.4024196403540453
1.0225	0.401785092102551
1.025	0.4011529944353283
1.0275	0.4005233400828962
1.03	0.3998961218067801
1.0325	0.39927133239939944
1.035	0.3986489646839548
1.0375	0.39802901151432385
1.04	0.3974114657749452
1.0425	0.39679632038070967
1.045	0.3961835682768644
1.0475	0.39557320243889127
1.05	0.3949652158723996
1.0525	0.39435960161302747
1.055	0.3937563527263314
1.0575	0.3931554623076841
1.06	0.39255692348216076
1.0625	0.3919607294044402
1.065	0.3913668732587031
1.0675	0.39077534825851534
1.07	0.3901861476467447
1.0725	0.38959926469543454
1.075	0.3890146927057262
1.0775	0.3884324250077328
1.08	0.38785245496045273
1.0825	0.3872747759516667
1.085	0.3866993813978299
1.0875	0.38612626474398076
1.09	0.38555541946363686
1.0925	0.38498683905868947
1.095	0.38442051705932
1.0975	0.38385644702388394
1.1	0.38329462253882807
1.1025	0.38273503721858504
1.105	0.3821776847054748
1.1075	0.38162255866961176
1.11	0.3810696528088073
1.1125	0.3805189608484744
1.115	0.37997047654153476
1.1175	0.37942419366831737
1.12	0.37888010603647204
1.1225	0.3783382074808641
1.125	0.37779849186349795
1.1275	0.3772609530734068
1.13	0.3767255850265721
1.1325	0.3761923816658196
1.135	0.37566133696074205
1.1375	0.37513244490759734
1.14	0.37460569952922224
1.1425	0.3740810948749294
1.145	0.3735586250204446
1.1475	0.3730382840677865
1.15	0.37252006614519784
1.1525	0.37200396540704506
1.155	0.3714899760337391
1.1575	0.37097809223163986
1.16	0.37046830823297117
1.1625	0.3699606182957325
1.165	0.36945501670361885
1.1675	0.36895149776592545
1.17	0.3684500558174589
1.1725	0.3679506852184697
1.175	0.36745338035454783
1.1775	0.36695813563654434
1.18	0.36646494550048725
1.1825	0.365973804407507
1.185	0.36548470684373263
1.1875	0.36499764732022566
1.19	0.3645126203728898
1.1925	0.36402962056239424
1.195	0.36354864247408136
1.1975	0.36306968071789475
1.2	0.3625927299282906
1.2025	0.36211778476416834
1.205	0.3616448399087727
1.2075	0.3611738900696338
1.21	0.3607049299784695
1.2125	0.3602379543911134
1.215	0.35977295808744253
1.2175	0.359309935871286
1.22	0.35884888257035435
1.2225	0.35838979303615953
1.225	0.35793266214394476
1.2275	0.35747748479259245
1.23	0.3570242559045608
1.2325	0.3565729704258044
1.235	0.3561236233256917
1.2375	0.3556762095969325
1.24	0.35523072425551494
1.2425	0.35478716234061236
1.245	0.3543455189145128
1.2475	0.35390578906256076
1.25	0.3534679678930619
1.2525	0.3530320505372189
1.255	0.35259803214906443
1.2575	0.3521659079053791
1.26	0.3517356730056181
1.2625	0.35130732267184844
1.265	0.35088085214868303
1.2675	0.3504562567031744
1.27	0.3500335316247877
1.2725	0.3496126722253057
1.275	0.3491936738387568
1.2775	0.34877653182136165
1.28	0.3483612415514548
1.2825	0.3479477984294014
1.285	0.34753619787754947
1.2875	0.34712643534015597
1.29	0.3467185062833099
1.2925	0.3463124061948808
1.295	0.34590813058442454
1.2975	0.34550567498314605
1.3	0.34510503494381606
1.3025	0.3447062060407017
1.305	0.3443091838695154
1.3075	0.34391396404733227
1.31	0.3435205422125363
1.3125	0.3431289140247519
1.315	0.3427390751647727
1.3175	0.34235102133451134
1.32	0.34196474825691475
1.3225	0.3415802516759273
1.325	0.34119752735639897
1.3275	0.34081657108404306
1.33	0.3404373786653605
1.3325	0.3400599459275873
1.335	0.33968426871862334
1.3375	0.3393103429069763
1.34	0.3389381643816977
1.3425	0.3385677290523298
1.345	0.33819903284882147
1.3475	0.33783207172149793
1.35	0.33746684164097746
1.3525	0.33710333859811736
1.355	0.33674155860397104
1.3575	0.3363814976896963
1.36	0.3360231519065269
1.3625	0.3356665173256957
1.365	0.33531159003837663
1.3675	0.33495836615564084
1.37	0.33460684180838657
1.3725	0.33425701314728107
1.375	0.33390887634270633
1.3775	0.33356242758471155
1.38	0.33321766308293344
1.3825	0.33287457906656814
1.385	0.3325331717842913
1.3875	0.33219343750421254
1.39	0.33185537251382435
1.3925	0.331518973119946
1.395	0.33118423564865324
1.3975	0.33085115644524293
1.4	0.3305197318741681
1.4025	0.3301899583189897
1.405	0.32986183218231885
1.4075	0.3295353498857704
1.41	0.32921050786989087
1.4125	0.32888730259413684
1.415	0.3285657305367938
1.4175	0.32824578819493616
1.42	0.32792747208437784
1.4225	0.32761077873961186
1.425	0.3272957047137751
1.4275	0.3269822465785734
1.43	0.3266704009242464
1.4325	0.3263601643595219
1.435	0.326051533511554
1.4375	0.32574450502587105
1.44	0.32543907556634627
1.4425	0.32513524181512204
1.445	0.32483300047257596
1.4475	0.3245323482572739
1.45	0.32423328190590694
1.4525	0.32393579817326507
1.455	0.3236398938321723
1.4575	0.32334556567344386
1.46	0.3230528105058313
1.4625	0.3227616251559948
1.465	0.32247200646843305
1.4675	0.3221839513054618
1.47	0.32189745654714147
1.4725	0.3216125190912443
1.475	0.321329135853211
1.4775	0.32104730376610197
1.48	0.32076701978054856
1.4825	0.3204882808647141
1.485	0.32021108400424103
1.4875	0.31993542620222054
1.49	0.3196613044791295
1.4925	0.3193887158728
1.495	0.31911765743837767
1.4975	0.318848126248265
1.5	0.31858011939208913
1.5025	0.3183136339766554
1.505	0.3180486671259083
1.5075	0.31778521598087184
1.51	0.31752327769964284
1.5125	0.3172628494573107
1.515	0.31700392844594255
1.5175	0.3167465118745231
1.52	0.3164905969689305
1.5225	0.31623618097188466
1.525	0.3159832611429034
1.5275	0.31573183475827993
1.53	0.3154818991110205
1.5325	0.31523345151082677
1.535	0.31498648928402406
1.5375	0.31474100977356634
1.54	0.3144970103389578
1.5425	0.31425448835623976
1.545	0.3140134412179286
1.5475	0.31377386633299953
1.55	0.3135357611268475
1.5525	0.3132991230412215
1.555	0.3130639495342183
1.5575	0.312830238080239
1.56	0.3125979861699384
1.5625	0.31236719131020135
1.565	0.31213785102409525
1.5675	0.3119099628508462
1.57	0.31168352434579033
1.5725	0.3114585330803521
1.575	0.311234986641989
1.5775	0.31101288263417715
1.58	0.3107922186763669
1.5825	0.31057299240393466
1.585	0.3103552014681829
1.5875	0.31013884353626264
1.59	0.3099239162911699
1.5925	0.30971041743170485
1.595	0.3094983446724327
1.5975	0.30928769574364795
1.6	0.3090784683913579
1.6025	0.30887066037722777
1.605	0.30866426947855996
1.6075	0.3084592934882611
1.61	0.3082557302148137
1.6125	0.3080535774822259
1.615	0.30785283313002243
1.6175	0.3076534950131963
1.62	0.3074555610021929
1.6225	0.3072590289828579
1.625	0.3070638968564302
1.6275	0.30687016253948823
1.63	0.3066778239639383
1.6325	0.3064868790769685
1.635	0.3062973258410363
1.6375	0.30610916223382534
1.64	0.3059223862482118
1.6425	0.3057369958922525
1.645	0.3055529891891468
1.6475	0.305370364177197
1.65	0.30518911890979605
1.6525	0.3050092514553964
1.655	0.30483075989746855
1.6575	0.304653642334491
1.66	0.3044778968799073
1.6625	0.3043035216621088
1.665	0.3041305148244028
1.6675	0.30395887452498443
1.67	0.3037885989369152
1.6725	0.3036196862480927
1.675	0.30345213466121823
1.6775	0.3032859423937778
1.68	0.3031211076780237
1.6825	0.302957628760925
1.685	0.3027955039041719
1.6875	0.30263473138412006
1.69	0.3024753094917919
1.6925	0.30231723653283565
1.695	0.30216051082750317
1.6975	0.3020051307106312
1.7	0.30185109453161185
1.7025	0.30169840065437054
1.705	0.3015470474573394
1.7075	0.30139703333343676
1.71	0.3012483566900423
1.7125	0.3011010159489779
1.715	0.3009550095464748
1.7175	0.30081033593315987
1.72	0.3006669935740321
1.7225	0.30052498094843566
1.725	0.30038429655003557
1.7275	0.3002449388868139
1.73	0.3001069064810213
1.7325	0.29997019786917606
1.735	0.29983481160203046
1.7375	0.2997007462445574
1.74	0.2995680003759289
1.7425	0.29943657258948925
1.745	0.29930646149273704
1.7475	0.2991776657073145
1.75	0.2990501838689679
1.7525	0.29892401462755036
1.755	0.29879915664698126
1.7575	0.29867560860524295
1.76	0.29855336919435094
1.7625	0.2984324371203435
1.765	0.29831281110324986
1.7675	0.2981944898770933
1.77	0.29807747218984026
1.7725	0.2979617568034208
1.775	0.2978473424936778
1.7775	0.2977342280503657
1.78	0.29762241227713143
1.7825	0.2975118939914929
1.785	0.2974026720248293
1.7875	0.2972947452223481
1.79	0.2971881124430878
1.7925	0.29708277255988785
1.795	0.2969787244593792
1.7975	0.2968759670419709
1.8	0.2967744992218114
1.8025	0.29667431992680837
1.805	0.29657542809859144
1.8075	0.2964778226924899
1.81	0.2963815026775437
1.8125	0.29628646703645867
1.815	0.2961927147656139
1.8175	0.29610024487503483
1.82	0.2960090563883883
1.8225	0.29591914834295796
1.825	0.295830519789641
1.8275	0.29574316979291926
1.83	0.29565709743086477
1.8325	0.29557230179511434
1.835	0.29548878199085454
1.8375	0.2954065371368174
1.84	0.2953255663652637
1.8425	0.2952458688219669
1.845	0.29516744366620584
1.8475	0.2950902900707458
1.85	0.29501440722183747
1.8525	0.294939794319195
1.855	0.29486645057598704
1.8575	0.29479437521883317
1.86	0.2947235674877746
1.8625	0.2946540266362851
1.865	0.2945857519312426
1.8675	0.29451874265292655
1.87	0.29445299809501296
1.8725	0.2943885175645432
1.875	0.2943253003819443
1.8775	0.29426334588099257
1.88	0.29420265340881746
1.8825	0.2941432223258893
1.885	0.29408505200600643
1.8875	0.294028141836298
1.89	0.2939724912171955
1.8925	0.29391809956244164
1.895	0.29386496629907555
1.8975	0.2938130908674197
1.9	0.29376247272107786
1.9025	0.2937131113269319
1.905	0.29366500616511704
1.9075	0.2936181567290317
1.91	0.2935725625253225
1.9125	0.2935282230738754
1.915	0.29348513790781383
1.9175	0.29344330657349005
1.92	0.29340272863047384
1.9225	0.2933634036515568
1.925	0.2933253312227285
1.9275	0.2932885109431945
1.93	0.2932529424253519
1.9325	0.29321862529478626
1.935	0.29318555919027306
1.9375	0.29315374376376874
1.94	0.29312317868040483
1.9425	0.2930938636184804
1.945	0.29306579826946416
1.9475	0.29303898233799
1.95	0.2930134155418419
1.9525	0.29298909761196307
1.955	0.2929660282924461
1.9575	0.29294420734052484
1.96	0.2929236345265804
1.9625	0.29290430963412684
1.965	0.2928862324598219
1.9675	0.2928694028134509
1.97	0.2928538205179335
1.9725	0.29283948540930893
1.975	0.2928263973367498
1.9775	0.29281455616255053
1.98	0.2928039617621219
1.9825	0.2927946140239952
1.985	0.2927865128498273
1.9875	0.2927796581543788
1.99	0.29277404986553374
1.9925	0.2927696879242865
1.995	0.2927665722847458
1.9975	0.2927647029141334
2.0	0.2927640797927818
2.0025	0.29276470291413337
2.005	0.29276657228474695
2.0075	0.29276968792428576
2.01	0.2927740498655328
2.0125	0.2927796581543789
2.015	0.2927865128498258
2.0175	0.29279461402399454
2.02	0.2928039617621197
2.0225	0.2928145561625496
2.025	0.29282639733674976
2.0275	0.2928394854093081
2.03	0.2928538205179331
2.0325	0.29286940281344986
2.035	0.2928862324598209
2.0375	0.2929043096341265
2.04	0.29292363452657944
2.0425	0.2929442073405247
2.045	0.29296602829244606
2.0475	0.2929890976119643
2.05	0.2930134155418421
2.0525	0.29303898233798975
2.055	0.2930657982694635
2.0575	0.2930938636184799
2.06	0.2931231786804029
2.0625	0.29315374376377057
2.065	0.2931855591902733
2.0675	0.2932186252947871
2.07	0.29325294242535227
2.0725	0.2932885109431937
2.075	0.29332533122272686
2.0775	0.29336340365155544
2.08	0.29340272863047345
2.0825	0.2934433065734904
2.085	0.29348513790781483
2.0875	0.293528223073874
2.09	0.29357256252532127
2.0925	0.29361815672903147
2.095	0.29366500616511665
2.0975	0.2937131113269317
2.1	0.2937624727210791
2.1025	0.2938130908674202
2.105	0.29386496629907416
2.1075	0.29391809956243925
2.11	0.29397249121719604
2.1125	0.294028141836297
2.115	0.29408505200600715
2.1175	0.2941432223258893
2.12	0.29420265340881585
2.1225	0.29426334588099196
2.125	0.2943253003819445
2.1275	0.29438851756454254
2.13	0.29445299809501235
2.1325	0.2945187426529266
2.135	0.2945857519312423
2.1375	0.29465402663628304
2.14	0.2947235674877742
2.1425	0.2947943752188334
2.145	0.2948664505759874
2.1475	0.2949397943191932
2.15	0.2950144072218376
2.1525	0.295090290070745
2.155	0.29516744366620373
2.1575	0.2952458688219669
2.16	0.2953255663652629
2.1625	0.2954065371368172
2.165	0.2954887819908535
2.1675	0.29557230179511196
2.17	0.2956570974308638
2.1725	0.2957431697929196
2.175	0.2958305197896387
2.1775	0.2959191483429579
2.18	0.29600905638838865
2.1825	0.29610024487503434
2.185	0.29619271476561276
2.1875	0.29628646703645656
2.19	0.29638150267754254
2.1925	0.29647782269248785
2.195	0.2965754280985904
2.1975	0.2966743199268084
2.2	0.2967744992218096
2.2025	0.2968759670419698
2.205	0.2969787244593784
2.2075	0.29708277255988624
2.21	0.2971881124430875
2.2125	0.2972947452223482
2.215	0.29740267202482823
2.2175	0.2975118939914932
2.22	0.2976224122771304
2.2225	0.2977342280503645
2.225	0.29784734249367845
2.2275	0.29796175680341985
2.23	0.29807747218984015
2.2325	0.29819448987709074
2.235	0.29831281110324986
2.2375	0.2984324371203425
2.24	0.2985533691943505
2.2425	0.2986756086052411
2.245	0.2987991566469798
2.2475	0.29892401462754853
2.25	0.2990501838689685
2.2525	0.2991776657073144
2.255	0.2993064614927379
2.2575	0.29943657258949014
2.26	0.2995680003759289
2.2625	0.29970074624455756
2.265	0.2998348116020303
2.2675	0.2999701978691759
2.27	0.3001069064810236
2.2725	0.30024493888681536
2.275	0.30038429655003607
2.2775	0.300524980948435
2.28	0.3006669935740319
2.2825	0.30081033593316053
2.285	0.3009550095464756
2.2875	0.3011010159489766
2.29	0.30124835669004374
2.2925	0.3013970333334371
2.295	0.3015470474573398
2.2975	0.30169840065437137
2.3	0.3018510945316109
2.3025	0.30200513071063234
2.305	0.30216051082750306
2.3075	0.3023172365328353
2.31	0.30247530949179097
2.3125	0.30263473138411995
2.315	0.30279550390417104
2.3175	0.30295762876092647
2.32	0.30312110767802214
2.3225	0.30328594239377793
2.325	0.30345213466121773
2.3275	0.30361968624809227
2.33	0.3037885989369151
2.3325	0.3039588745249845
2.335	0.3041305148244031
2.3375	0.3043035216621079
2.34	0.30447789687990745
2.3425	0.30465364233449116
2.345	0.30483075989746944
2.3475	0.30500925145539687
2.35	0.3051891189097979
2.3525	0.30537036417719643
2.355	0.30555298918914603
2.3575	0.3057369958922534
2.36	0.3059223862482118
2.3625	0.30610916223382284
2.365	0.306297325841037
2.3675	0.30648687907696853
2.37	0.3066778239639384
2.3725	0.3068701625394881
2.375	0.30706389685642965
2.3775	0.3072590289828575
2.38	0.307455561002192
2.3825	0.3076534950131977
2.385	0.30785283313002143
2.3875	0.3080535774822269
2.39	0.30825573021481284
2.3925	0.3084592934882636
2.395	0.30866426947856046
2.3975	0.3088706603772293
2.4	0.3090784683913573
2.4025	0.30928769574364984
2.405	0.30949834467243265
2.4075	0.30971041743170646
2.41	0.30992391629117205
2.4125	0.3101388435362629
2.415	0.3103552014681841
2.4175	0.3105729924039363
2.42	0.31079221867636697
2.4225	0.3110128826341796
2.425	0.31123498664199006
2.4275	0.31145853308035165
2.43	0.31168352434579
2.4325	0.3119099628508471
2.435	0.3121378510240951
2.4375	0.3123671913102024
2.44	0.3125979861699401
2.4425	0.31283023808023946
2.445	0.31306394953421873
2.4475	0.31329912304122143
2.45	0.31353576112684667
2.4525	0.3137738663329993
2.455	0.3140134412179281
2.4575	0.31425448835623954
2.46	0.3144970103389581
2.4625	0.31474100977356567
2.465	0.3149864892840239
2.4675	0.31523345151082466
2.47	0.3154818991110206
2.4725	0.31573183475827993
2.475	0.31598326114290376
2.4775	0.316236180971886
2.48	0.31649059696892945
2.4825	0.31674651187452274
2.485	0.3170039284459422
2.4875	0.3172628494573109
2.49	0.31752327769964417
2.4925	0.3177852159808728
2.495	0.3180486671259077
2.4975	0.3183136339766556
2.5	0.31858011939209013
2.5025	0.31884812624826514
2.505	0.3191176574383774
2.5075	0.31938871587280104
2.51	0.31966130447912827
2.5125	0.31993542620221976
2.515	0.3202110840042399
2.5175	0.3204882808647127
2.52	0.32076701978054917
2.5225	0.3210473037661027
2.525	0.3213291358532114
2.5275	0.3216125190912433
2.53	0.32189745654714164
2.5325	0.32218395130546185
2.535	0.3224720064684335
2.5375	0.3227616251559941
2.54	0.32305281050583035
2.5425	0.3233455656734435
2.545	0.32363989383217234
2.5475	0.3239357981732646
2.55	0.3242332819059078
2.5525	0.32453234825727156
2.555	0.32483300047257535
2.5575	0.32513524181512155
2.56	0.32543907556634727
2.5625	0.3257445050258713
2.565	0.3260515335115532
2.5675	0.3263601643595215
2.57	0.3266704009242441
2.5725	0.326982246578573
2.575	0.3272957047137761
2.5775	0.32761077873961214
2.58	0.3279274720843763
2.5825	0.3282457881949352
2.585	0.3285657305367922
2.5875	0.3288873025941357
2.59	0.329210507869891
2.5925	0.3295353498857677
2.595	0.3298618321823194
2.5975	0.33018995831898973
2.6	0.33051973187416733
2.6025	0.3308511564452413
2.605	0.33118423564865285
2.6075	0.33151897311994694
2.61	0.3318553725138251
2.6125	0.33219343750421226
2.615	0.33253317178429137
2.6175	0.33287457906656737
2.62	0.3332176630829327
2.6225	0.33356242758471055
2.625	0.33390887634270605
2.6275	0.3342570131472812
2.63	0.3346068418083863
2.6325	0.33495836615564056
2.635	0.33531159003837596
2.6375	0.33566651732569414
2.64	0.33602315190652693
2.6425	0.3363814976896968
2.645	0.3367415586039709
2.6475	0.3371033385981184
2.65	0.3374668416409767
2.6525	0.3378320717214968
2.655	0.33819903284882014
2.6575	0.3385677290523294
2.66	0.3389381643816975
2.6625	0.33931034290697604
2.665	0.3396842687186227
2.6675	0.34005994592758687
2.67	0.3404373786653601
2.6725	0.34081657108404184
2.675	0.3411975273563974
2.6775	0.3415802516759269
2.68	0.34196474825691514
2.6825	0.3423510213345106
2.685	0.34273907516477214
2.6875	0.34312891402475154
2.69	0.34352054221253636
2.6925	0.3439139640473317
2.695	0.34430918386951564
2.6975	0.34470620604070196
2.7	0.34510503494381456
2.7025	0.34550567498314577
2.705	0.34590813058442454
2.7075	0.34631240619488174
2.71	0.3467185062833114
2.7125	0.3471264353401561
2.715	0.34753619787754847
2.7175	0.34794779842940105
2.72	0.3483612415514547
2.7225	0.3487765318213633
2.725	0.34919367383875705
2.7275	0.34961267222530357
2.73	0.35003353162478873
2.7325	0.3504562567031743
2.735	0.3508808521486827
2.7375	0.35130732267184983
2.74	0.35173567300561825
2.7425	0.35216590790537855
2.745	0.35259803214906504
2.7475	0.3530320505372203
2.75	0.35346796789306273
2.7525	0.35390578906256215
2.755	0.35434551891451344
2.7575	0.3547871623406122
2.76	0.35523072425551516
2.7625	0.3556762095969334
2.765	0.3561236233256928
2.7675	0.3565729704258059
2.77	0.3570242559045622
2.7725	0.357477484792592
2.775	0.3579326621439455
2.7775	0.35838979303615986
2.78	0.35884888257035363
2.7825	0.3593099358712868
2.785	0.3597729580874428
2.7875	0.36023795439111556
2.79	0.36070492997847087
2.7925	0.36117389006963335
2.795	0.3616448399087733
2.7975	0.36211778476416895
2.8	0.3625927299282909
2.8025	0.36306968071789514
2.805	0.3635486424740814
2.8075	0.3640296205623944
2.81	0.3645126203728902
2.8125	0.36499764732022405
2.815	0.3654847068437311
2.8175	0.3659738044075065
2.82	0.36646494550048847
2.8225	0.3669581356365437
2.825	0.3674533803545469
2.8275	0.3679506852184704
2.83	0.36845005581745816
2.8325	0.368951497765925
2.835	0.3694550167036183
2.8375	0.3699606182957333
2.84	0.3704683082329702
2.8425	0.3709780922316399
2.845	0.371489976033739
2.8475	0.37200396540704495
2.85	0.3725200661451963
2.8525	0.37303828406778605
2.855	0.373558625020444
2.8575	0.3740810948749297
2.86	0.37460569952922174
2.8625	0.37513244490759684
2.865	0.37566133696074183
2.8675	0.3761923816658195
2.87	0.3767255850265727
2.8725	0.37726095307340646
2.875	0.37779849186349745
2.8775	0.37833820748086494
2.88	0.37888010603647204
2.8825	0.3794241936683173
2.885	0.37997047654153554
2.8875	0.38051896084847514
2.89	0.3810696528088086
2.8925	0.3816225586696111
2.895	0.3821776847054759
2.8975	0.38273503721858615
2.9	0.3832946225388297
2.9025	0.38385644702388455
2.905	0.3844205170593201
2.9075	0.38498683905869
2.91	0.3855554194636376
2.9125	0.38612626474398226
2.915	0.38669938139783
2.9175	0.3872747759516679
2.92	0.38785245496045473
2.9225	0.38843242500773395
2.925	0.3890146927057284
2.9275	0.38959926469543626
2.93	0.39018614764674625
2.9325	0.3907753482585158
2.935	0.39136687325870356
2.9375	0.3919607294044423
2.94	0.3925569234821607
2.9425	0.39315546230768533
2.945	0.3937563527263314
2.9475	0.3943596016130276
2.95	0.39496521587239913
2.9525	0.3955732024388909
2.955	0.39618356827686624
2.9575	0.39679632038070956
2.96	0.3974114657749447
2.9625	0.3980290115143247
2.965	0.39864896468395494
2.9675	0.3992713323993999
2.97	0.39989612180678125
2.9725	0.4005233400828957
2.975	0.4011529944353266
2.9775	0.40178509210255126
2.98	0.40241964035404565
2.9825	0.40305664649040834
2.985	0.40369611784345893
2.9875	0.404338061776362
2.99	0.40498248568372874
2.9925	0.4056293969917433
2.995	0.40627880315826026
2.9975	0.406930711672942
3.0	0.40758513005734687
3.0025	0.4082420658650601
3.005	0.4089015266818167
3.0075	0.40956352012559116
3.01	0.41022805384674726
3.0125	0.4108951355281296
3.015	0.4115647728851948
3.0175	0.41223697366612677
3.02	0.4129117456519625
3.0225	0.4135890966566913
3.025	0.41426903452739644
3.0275	0.414951567144372
3.03	0.41563670242123185
3.0325	0.41632444830504006
3.035	0.4170148127764418
3.0375	0.41770780384976264
3.04	0.41840342957316157
3.0425	0.41910169802872516
3.045	0.4198026173326155
3.0475	0.4205061956351836
3.05	0.421212441121101
3.0525	0.42192136200947516
3.055	0.42263296655398475
3.0575	0.4233472630430087
3.06	0.4240642597997555
3.0625	0.4247839651823791
3.065	0.42550638758411347
3.0675	0.4262315354334147
3.07	0.42695941719407
3.0725	0.42769004136534666
3.075	0.4284234164821112
3.0775	0.4291595511149743
3.08	0.42989845387040065
3.0825	0.43064013339086665
3.085	0.4313845983549824
3.0875	0.4321318574776226
3.09	0.4328819195100708
3.0925	0.43363479324014226
3.095	0.43439048749233883
3.0975	0.43514901112796256
3.1	0.43591037304527147
3.1025	0.4366745821796057
3.105	0.43744164750353337
3.1075	0.4382115780269895
3.11	0.4389843827974064
3.1125	0.43976007089986524
3.115	0.4405386514572267
3.1175	0.4413201336302856
3.12	0.44210452661789695
3.1225	0.4428918396571313
3.125	0.4436820820234119
3.1275	0.4444752630306672
3.13	0.4452713920314604
3.1325	0.44607047841714065
3.135	0.4468725316180037
3.1375	0.4476775611034167
3.14	0.4484855763819725
3.1425	0.44929658700165265
3.145	0.4501106025499471
3.1475	0.45092763265402636
3.15	0.4517476869808884
3.1525	0.4525707752374994
3.155	0.45339690717094827
3.1575	0.4542260925686084
3.16	0.45505834125827244
3.1625	0.4558936631083216
3.165	0.45673206802786814
3.1675	0.4575735659669235
3.17	0.45841816691653053
3.1725	0.4592658809089427
3.175	0.46011671801776916
3.1775	0.460970688358132
3.18	0.46182780208682994
3.1825	0.4626880694024841
3.185	0.4635515005457161
3.1875	0.46441810579928877
3.19	0.4652878954882823
3.1925	0.46616087998024797
3.195	0.467037069685362
3.1975	0.4679164750566115
3.2	0.4687991065899351
3.2025	0.46968497482439475
3.205	0.4705740903423475
3.2075	0.47146646376960083
3.21	0.47236210577558313
3.2125	0.4732610270735151
3.215	0.47416323842056557
3.2175	0.47506875061803444
3.22	0.47597757451151684
3.2225	0.47688972099106147
3.225	0.47780520099135865
3.2275	0.4787240254919046
3.23	0.47964620551716747
3.2325	0.48057175213677766
3.235	0.4815006764656747
3.2375	0.4824329896643038
3.24	0.48336870293878803
3.2425	0.48430782754109863
3.245	0.48525037476922916
3.2475	0.4861963559673768
3.25	0.48714578252612584
3.2525	0.4880986658826233
3.255	0.4890550175207541
3.2575	0.4900148489713172
3.26	0.4909781718122307
3.2625	0.49194499766868427
3.265	0.49291533821334377
3.2675	0.4938892051665231
3.27	0.4948666102963747
3.2725	0.49584756541906855
3.275	0.49683208239898685
3.2775	0.4978201731489043
3.28	0.49881184963018016
3.2825	0.4998071238529438
3.285	0.5008060078762824
3.2875	0.5018085138084398
3.29	0.5028146538069991
3.2925	0.5038244400790688
3.295	0.5048378848814946
3.2975	0.5058550005210408
3.3	0.5068757993545773
3.3025	0.5079002937892902
3.305	0.5089284962828676
3.3075	0.5099604193437046
3.31	0.5109960755310906
3.3125	0.512035477455416
3.315	0.5130786377783635
3.3175	0.5141255692131319
3.32	0.515176284524592
3.3225	0.5162307965295383
3.325	0.5172891180968541
3.3275	0.518351262147748
3.33	0.519417241655921
3.3325	0.5204870696478084
3.335	0.5215607592027618
3.3375	0.5226383234532702
3.34	0.5237197755851574
3.3425	0.5248051288377961
3.345	0.5258943965043238
3.3475	0.5269875919318419
3.35	0.5280847285216391
3.3525	0.5291858197293974
3.355	0.5302908790653991
3.3575	0.5313999200947684
3.36	0.5325129564376517
3.3625	0.5336300017694547
3.365	0.5347510698210494
3.3675	0.5358761743790125
3.37	0.5370053292858185
3.3725	0.5381385484400808
3.375	0.5392758457967525
3.3775	0.5404172353673706
3.38	0.5415627312202611
3.3825	0.5427123474807752
3.385	0.5438660983315114
3.3875	0.5450239980125242
3.39	0.5461860608215876
3.3925	0.5473523011143873
3.395	0.5485227333047646
3.3975	0.5496973718649547
3.4	0.550876231325802
3.4025	0.5520593262769896
3.405	0.5532466713672974
3.4075	0.5544382813048093
3.41	0.5556341708571617
3.4125	0.556834354851768
3.415	0.5580388481760774
3.4175	0.5592476657777827
3.42	0.5604608226650866
3.4225	0.5616783339069229
3.425	0.5629002146332057
3.4275	0.5641264800350768
3.43	0.5653571453651366
3.4325	0.566592225937697
3.435	0.5678317371290096
3.4375	0.5690756943775448
3.44	0.5703241131842143
3.4425	0.571577009112619
3.445	0.5728343977893041
3.4475	0.5740962949040176
3.45	0.575362716209949
3.4525	0.5766336775239832
3.455	0.5779091947269696
3.4575	0.579189283763947
3.46	0.5804739606444366
3.4625	0.5817632414426663
3.465	0.5830571422978496
3.4675	0.5843556794144308
3.47	0.5856588690623614
3.4725	0.5869667275773445
3.475	0.5882792713611031
3.4775	0.5895965168816575
3.48	0.5909184806735602
3.4825	0.5922451793382014
3.485	0.5935766295440306
3.4875	0.5949128480268705
3.49	0.5962538515901487
3.4925	0.5975996571051929
3.495	0.598950281511495
3.4975	0.6003057418169675
3.5	0.6016660550982519
3.5025	0.6030312385009658
3.505	0.6044013092399836
3.5075	0.6057762845997241
3.51	0.6071561819344219
3.5125	0.6085410186684144
3.515	0.6099308122964118
3.5175	0.611325580383787
3.52	0.6127253405668462
3.5225	0.6141301105531521
3.525	0.6155399081217512
3.5275	0.6169547511235203
3.53	0.6183746574813986
3.5325	0.6197996451907387
3.535	0.6212297323195353
3.5375	0.62266493700876
3.54	0.6241052774726469
3.5425	0.6255507719989638
3.545	0.6270014389493488
3.5475	0.6284572967595695
3.55	0.6299183639398337
3.5525	0.6313846590751149
3.555	0.6328562008254047
3.5575	0.6343330079260558
3.56	0.6358150991880698
3.5625	0.6373024934983975
3.565	0.6387952098202555
3.5675	0.6402932671934342
3.57	0.6417966847345893
3.5725	0.6433054816375793
3.575	0.6448196771737456
3.5775	0.6463392906922651
3.58	0.6478643416204065
3.5825	0.6493948494639247
3.585	0.6509308338073014
3.5875	0.6524723143141008
3.59	0.6540193107272936
3.5925	0.6555718428695597
3.595	0.6571299306436285
3.5975	0.6586935940325886
3.6	0.6602628531002133
3.6025	0.661837727991299
3.605	0.6634182389319818
3.6075	0.6650044062300674
3.61	0.666596250275382
3.6125	0.6681937915400626
3.615	0.6697970505789438
3.6175	0.6714060480298333
3.62	0.6730208046139092
3.6225	0.6746413411360093
3.625	0.6762676784850014
3.6275	0.6778998376341095
3.63	0.6795378396412515
3.6325	0.6811817056494008
3.635	0.6828314568869093
3.6375	0.6844871146678854
3.64	0.686148700392499
3.6425	0.6878162355473728
3.645	0.6894897417059102
3.6475	0.6911692405286493
3.65	0.6928547537636209
3.6525	0.6945463032467126
3.655	0.6962439109020108
3.6575	0.6979475987421626
3.66	0.6996573888687573
3.6625	0.7013733034726466
3.665	0.7030953648343515
3.6675	0.7048235953243982
3.67	0.7065580174036981
3.6725	0.7082986536239109
3.675	0.7100455266278102
3.6775	0.7117986591496658
3.68	0.7135580740156163
3.6825	0.7153237941440265
3.685	0.7170958425458783
3.6875	0.71887424232515
3.69	0.7206590166791788
3.6925	0.7224501888990695
3.695	0.7242477823700461
3.6975	0.7260518205718566
3.7	0.7278623270791543
3.7025	0.7296793255618724
3.705	0.7315028397856488
3.7075	0.7333328936121606
3.71	0.7351695109995753
3.7125	0.7370127160029033
3.715	0.738862532774415
3.7175	0.7407189855640244
3.72	0.7425820987197093
3.7225	0.7444518966878791
3.725	0.746328404013809
3.7275	0.7482116453420399
3.73	0.7501016454167522
3.7325	0.7519984290822275
3.735	0.7539020212832103
3.7375	0.7558124470653376
3.74	0.7577297315755638
3.7425	0.759653900062544
3.745	0.7615849778771072
3.7475	0.763522990472598
3.75	0.7654679634053553
3.7525	0.767419922335127
3.755	0.7693788930254627
3.7575	0.7713449013441661
3.76	0.7733179732637295
3.7625	0.7752981348617293
3.765	0.7772854123212903
3.7675	0.7792798319314994
3.77	0.7812814200878568
3.7725	0.7832902032926966
3.775	0.7853062081556205
3.7775	0.7873294613939755
3.78	0.7893599898332455
3.7825	0.7913978204075353
3.785	0.7934429801599937
3.7875	0.7954954962432811
3.79	0.7975553959199804
3.7925	0.7996227065631176
3.795	0.8016974556565462
3.7975	0.8037796707954311
3.8	0.8058693796867233
3.8025	0.8079666101495943
3.805	0.8100713901158982
3.8075	0.8121837476306528
3.81	0.8143037108525085
3.8125	0.8164313080541707
3.815	0.8185665676229397
3.8175	0.8207095180611225
3.82	0.8228601879865253
3.8225	0.82501860613296
3.825	0.827184801350661
3.8275	0.8293588026068303
3.83	0.8315406389860587
3.8325	0.8337303396908651
3.835	0.8359279340421436
3.8375	0.8381334514796697
3.84	0.8403469215625698
3.8425	0.8425683739698691
3.845	0.8447978385008907
3.8475	0.8470353450758578
3.85	0.8492809237363146
3.8525	0.8515346046456526
3.855	0.8537964180896345
3.8575	0.8560663944768706
3.86	0.8583445643393337
3.8625	0.8606309583328657
3.865	0.8629256072377166
3.8675	0.8652285419590218
3.87	0.8675397935273199
3.8725	0.8698593930990972
3.875	0.8721873719573077
3.8775	0.8745237615118568
3.88	0.8768685933001715
3.8825	0.8792218989876961
3.885	0.881583710368448
3.8875	0.8839540593655147
3.89	0.8863329780316295
3.8925	0.8887204985496785
3.895	0.8911166532332483
3.8975	0.89352147452716
3.9	0.8959349950080255
3.9025	0.8983572473847925
3.905	0.9007882644992761
3.9075	0.9032280793267157
3.91	0.9056767249763497
3.9125	0.9081342346919331
3.915	0.910600641852329
3.9175	0.9130759799720374
3.92	0.9155602827017928
3.9225	0.9180535838290923
3.925	0.92055591727879
3.9275	0.9230673171136559
3.93	0.9255878175349458
3.9325	0.9281174528829699
3.935	0.9306562576376963
3.9375	0.9332042664193053
3.94	0.9357615139887668
3.9425	0.9383280352484435
3.945	0.9409038652426835
3.9475	0.9434890391583715
3.95	0.9460835923255653
3.9525	0.9486875602180652
3.955	0.9513009784540047
3.9575	0.9539238827964751
3.96	0.9565563091541147
3.9625	0.9591982935817062
3.965	0.9618498722807928
3.9675	0.9645110816002836
3.97	0.9671819580370772
3.9725	0.9698625382366689
3.975	0.9725528589937423
3.9775	0.9752529572528585
3.98	0.9779628701090013
3.9825	0.9806826348082603
3.985	0.9834122887484095
3.9875	0.9861518694795983
3.99	0.9889014147049436
3.9925	0.9916609622811552
3.995	0.9944305502192275
3.9975	0.9972102166850323
4.0	0.9999999999999875
