0.0	0.9999999999999913
0.00375	0.995680476644672
0.0075	0.9913861883505077
0.01125	0.9871169707145029
0.015	0.9828726604995208
0.01875	0.9786530956254413
0.0225	0.9744581151605143
0.02625	0.9702875593126491
0.03	0.9661412694208803
0.03375	0.9620190879467925
0.0375	0.957920858466116
0.04125	0.9538464256603421
0.045	0.9497956353083981
0.04875	0.9457683342783738
0.0525	0.9417643705193947
0.05625	0.937783593053453
0.06	0.933825851967371
0.06375	0.9298909984048347
0.0675	0.9259788845583887
0.07125	0.9220893636616715
0.075	0.9182222899815501
0.07875	0.9143775188103739
0.0825	0.9105549064583227
0.08625	0.906754310245799
0.09	0.9029755884957851
0.09375	0.8992186005264751
0.0975	0.8954832066436924
0.10125	0.8917692681336354
0.105	0.88807664725545
0.10875	0.8844052072340189
0.1125	0.8807548122527527
0.11625	0.8771253274464021
0.12	0.873516618894006
0.12375	0.8699285536117862
0.1275	0.8663609995462529
0.13125	0.8628138255672111
0.135	0.8592869014608633
0.13875	0.855780097923066
0.1425	0.8522932865524974
0.14625	0.8488263398439652
0.15	0.8453791311817399
0.15375	0.8419515348329331
0.1575	0.8385434259409736
0.16125	0.8351546805190652
0.165	0.8317851754437351
0.16875	0.8284347884484644
0.1725	0.8251033981172555
0.17625	0.8217908838784177
0.18	0.8184971259982503
0.18375	0.8152220055748512
0.1875	0.8119654045319599
0.19125	0.8087272056128506
0.195	0.8055072923742602
0.19875	0.8023055491803784
0.2025	0.7991218611968697
0.20625	0.7959561143849665
0.21	0.792808195495586
0.21375	0.7896779920634883
0.2175	0.7865653924015105
0.22125	0.7834702855948225
0.225	0.780392561495213
0.22875	0.77733211071547
0.2325	0.7742888246237506
0.23625	0.7712625953380203
0.24	0.7682533157205612
0.24375	0.7652608793724306
0.2475	0.7622851806281168
0.25125	0.7593261145500719
0.255	0.7563835769233902
0.25875	0.7534574642505042
0.2625	0.7505476737459085
0.26625	0.7476541033309387
0.27	0.7447766516285864
0.27375	0.7419152179583411
0.2775	0.739069702331102
0.28125	0.7362400054440892
0.285	0.7334260286758644
0.28875	0.7306276740812693
0.2925	0.7278448443865368
0.29625	0.7250774429843658
0.3	0.7223253739290237
0.30375	0.7195885419315481
0.3075	0.7168668523549169
0.31125	0.7141602112093
0.315	0.7114685251473429
0.31875	0.7087917014594675
0.3225	0.7061296480692276
0.32625	0.7034822735286763
0.33	0.7008494870138232
0.33375	0.6982311983200529
0.3375	0.695627317857625
0.34125	0.6930377566472148
0.345	0.6904624263154542
0.34875	0.6879012390905279
0.3525	0.6853541077978161
0.35625	0.6828209458555403
0.36	0.6803016672704608
0.36375	0.677796186633611
0.3675	0.675304419116059
0.37125	0.6728262804646747
0.375	0.6703616869980021
0.37875	0.6679105556020769
0.3825	0.6654728037263318
0.38625	0.6630483493795175
0.39	0.6606371111256586
0.39375	0.6582390080800145
0.3975	0.6558539599051333
0.40125	0.6534818868068482
0.405	0.6511227095304101
0.40875	0.6487763493565258
0.4125	0.6464427280975534
0.41625	0.6441217680936229
0.42	0.6418133922088662
0.42375	0.6395175238275956
0.4275	0.6372340868505934
0.43125	0.6349630056913913
0.435	0.6327042052725558
0.43875	0.6304576110220272
0.4425	0.6282231488695136
0.44625	0.6260007452428504
0.45	0.623790327064438
0.45375	0.6215918217476801
0.4575	0.6194051571934729
0.46125	0.617230261786685
0.465	0.6150670643927011
0.46875	0.6129154943539726
0.4725	0.6107754814866052
0.47625	0.6086469560769359
0.48	0.6065298488782065
0.48375	0.6044240911071909
0.4875	0.6023296144409099
0.49125	0.6002463510132889
0.495	0.5981742334119413
0.49875	0.596113194674899
0.5025	0.5940631682874215
0.50625	0.592024088178761
0.51	0.5899958887190384
0.51375	0.5879785047160656
0.5175	0.5859718714122427
0.52125	0.5839759244814627
0.525	0.581990600026026
0.52875	0.5800158345735933
0.5325	0.5780515650741703
0.53625	0.5760977288970764
0.54	0.5741542638280076
0.54375	0.5722211080660267
0.5475	0.5702982002206559
0.55125	0.568385479308974
0.555	0.56648288475268
0.55875	0.5645903563752647
0.5625	0.5627078343991423
0.56625	0.5608352594428319
0.57	0.5589725725181335
0.57375	0.5571197150273677
0.5775	0.5552766287605883
0.58125	0.5534432558928577
0.585	0.5516195389815125
0.58875	0.5498054209634647
0.5925	0.5480008451525142
0.59625	0.5462057552367
0.6	0.544420095275662
0.60375	0.542643809697969
0.6075	0.5408768432986081
0.61125	0.5391191412363058
0.615	0.5373706490310268
0.61875	0.535631312561415
0.6225	0.533901078062258
0.62625	0.5321798921219835
0.63	0.5304677016801903
0.63375	0.5287644540251519
0.6375	0.5270700967913834
0.64125	0.5253845779572199
0.645	0.5237078458423642
0.64875	0.5220398491055345
0.6525	0.5203805367420621
0.65625	0.5187298580815423
0.66	0.5170877627854812
0.66375	0.5154542008449737
0.6675	0.5138291225784113
0.67125	0.512212478629172
0.675	0.51060421996336
0.67875	0.5090042978675204
0.6825	0.5074126639464672
0.68625	0.5058292701209901
0.69	0.5042540686256654
0.69375	0.5026870120067018
0.6975	0.5011280531197208
0.70125	0.4995771451276322
0.705	0.4980342414984728
0.70875	0.4964992960032958
0.7125	0.49497226271403727
0.71625	0.4934530960014685
0.72	0.49194175053305816
0.72375	0.49043818127095873
0.7275	0.48894234346993104
0.73125	0.48745419267532036
0.735	0.4859736847210405
0.73875	0.48450077572757094
0.7425	0.483035422099967
0.74625	0.48157758052588695
0.75	0.4801272079736378
0.75375	0.4786842616902301
0.7575	0.4772486991994405
0.76125	0.4758204782999072
0.765	0.4743995570632225
0.76875	0.47298589383205514
0.7725	0.4715794472182608
0.77625	0.4701801761010369
0.78	0.4687880396250818
0.78375	0.46740299719873574
0.7875	0.4660250084922001
0.79125	0.4646540334356945
0.795	0.46329003221769693
0.79875	0.46193296528315225
0.8025	0.46058279333169744
0.80625	0.4592394773159272
0.81	0.45790297843964217
0.81375	0.45657325815612665
0.8175	0.455250278166436
0.82125	0.45393400041769555
0.825	0.4526243871013993
0.82875	0.451321400651749
0.8325	0.45002500374399806
0.83625	0.4487351592927571
0.84	0.447451830450413
0.84375	0.44617498060546246
0.8475	0.44490457338088746
0.85125	0.4436405726325942
0.855	0.44238294244777915
0.85875	0.44113164714337355
0.8625	0.43988665126445736
0.86625	0.43864791958271965
0.87	0.4374154170948965
0.87375	0.43618910902124064
0.8775	0.4349689608040018
0.88125	0.43375493810592175
0.885	0.4325470068086978
0.88875	0.4313451330115531
0.8925	0.4301492830296845
0.89625	0.4289594233928506
0.9	0.42777552084389675
0.90375	0.42659754233729275
0.9075	0.42542545503771406
0.91125	0.42425922631860336
0.915	0.4230988237607675
0.91875	0.42194421515096336
0.9225	0.4207953684804908
0.92625	0.41965225194383127
0.93	0.4185148339372634
0.93375	0.4173830830574794
0.9375	0.4162569681002557
0.94125	0.41513645805909966
0.945	0.41402152212389753
0.94875	0.41291212967961605
0.9525	0.411808250304961
0.95625	0.41070985377108465
0.96	0.4096169100402853
0.96375	0.4085293892647134
0.9675	0.40744726178510227
0.97125	0.40637049812949
0.975	0.4052990690119606
0.97875	0.40423294533140536
0.9825	0.4031720981702571
0.98625	0.40211649879328115
0.99	0.4010661186463323
0.99375	0.40002092935515055
0.9975	0.3989809027241475
1.00125	0.39794601073522123
1.005	0.3969162255465477
1.00875	0.3958915194914117
1.0125	0.3948718650770361
1.01625	0.39385723498341735
1.02	0.3928476020621615
1.02375	0.3918429393353426
1.0275	0.3908432199943751
1.03125	0.38984841739885834
1.035	0.388858505075482
1.03875	0.38787345671688905
1.0425	0.3868932461805801
1.04625	0.38591784748781893
1.05	0.384947234822533
1.05375	0.38398138253022984
1.0575	0.3830202651169339
1.06125	0.3820638572481064
1.065	0.38111213374759634
1.06875	0.38016506959657653
1.0725	0.37922263993251
1.07625	0.3782848200481144
1.08	0.37735158539031904
1.08375	0.37642291155925445
1.0875	0.37549877430723083
1.09125	0.374579149537741
1.095	0.3736640133044449
1.09875	0.3727533418101887
1.1025	0.3718471114060143
1.10625	0.3709452985901761
1.11	0.3700478800071821
1.11375	0.3691548324468046
1.1175	0.3682661328431499
1.12125	0.3673817582736928
1.125	0.36650168595832994
1.12875	0.36562589325844136
1.1325	0.36475435767597203
1.13625	0.3638870568524909
1.14	0.3630239685682869
1.14375	0.36216507074144233
1.1475	0.3613103414269463
1.15125	0.36045975881578096
1.155	0.35961330123403656
1.15875	0.3587709471420216
1.1625	0.357932675133386
1.16625	0.3570984639342525
1.17	0.3562682924023407
1.17375	0.3554421395261086
1.1775	0.3546199844239036
1.18125	0.35380180634310765
1.185	0.3529875846592981
1.18875	0.35217729887539956
1.1925	0.35137092862087904
1.19625	0.3505684536508988
1.2	0.34976985384549203
1.20375	0.3489751092087773
1.2075	0.34818419986812826
1.21125	0.34739710607337576
1.215	0.34661380819601717
1.21875	0.34583428672842514
1.2225	0.34505852228305345
1.22625	0.3442864955916688
1.23	0.34351818750457896
1.23375	0.34275357898984876
1.2375	0.3419926511325496
1.24125	0.3412353851339993
1.245	0.34048176231101573
1.24875	0.3397317640951543
1.2525	0.3389853720319759
1.25625	0.33824256778031947
1.26	0.33750333311155234
1.26375	0.3367676499088611
1.2675	0.3360355001665091
1.27125	0.33530686598915316
1.275	0.3345817295910994
1.27875	0.3338600732956116
1.2825	0.3331418795342236
1.28625	0.3324271308460164
1.29	0.33171580987694543
1.29375	0.33100789937915304
1.2975	0.3303033822102743
1.30125	0.329602241332782
1.305	0.3289044598132897
1.30875	0.32821002082190687
1.3125	0.3275189076315601
1.31625	0.3268311036173481
1.32	0.3261465922558794
1.32375	0.32546535712461877
1.3275	0.3247873819012659
1.33125	0.32411265036309145
1.335	0.3234411463863114
1.33875	0.32277285394545274
1.3425	0.32210775711274026
1.34625	0.3214458400574521
1.35	0.3207870870453306
1.35375	0.32013148243793843
1.3575	0.31947901069207424
1.36125	0.3188296563591515
1.365	0.31818340408460777
1.36875	0.3175402386073102
1.3725	0.3169001447589468
1.37625	0.3162631074634641
1.38	0.31562911173645963
1.38375	0.3149981426846161
1.3875	0.31437018550511503
1.39125	0.31374522548508216
1.395	0.3131232480009971
1.39875	0.31250423851815207
1.4025	0.31188818259007167
1.40625	0.31127506585797127
1.41	0.31066487405019677
1.41375	0.3100575929816845
1.4175	0.3094532085534083
1.42125	0.3088517067518385
1.425	0.30825307364841537
1.42875	0.3076572953990016
1.4325	0.3070643582433709
1.43625	0.30647424850465815
1.44	0.3058869525888587
1.44375	0.30530245698430114
1.4475	0.3047207482611295
1.45125	0.30414181307080457
1.455	0.30356563814557075
1.45875	0.3029922102979789
1.4625	0.3024215164203773
1.46625	0.30185354348439847
1.47	0.3012882785404904
1.47375	0.3007257087174025
1.4775	0.3001658212217213
1.48125	0.29960860333736866
1.485	0.29905404242512523
1.48875	0.2985021259221656
1.4925	0.2979528413415629
1.49625	0.29740617627184046
1.5	0.296862118376489
1.50375	0.29632065539350877
1.5075	0.2957817751349515
1.51125	0.2952454654864546
1.515	0.2947117144067957
1.51875	0.29418050992743683
1.5225	0.29365184015207657
1.52625	0.29312569325619825
1.53	0.2926020574866446
1.53375	0.29208092116116724
1.5375	0.2915622726679864
1.54125	0.2910461004653706
1.545	0.290532393081198
1.54875	0.2900211391125291
1.5525	0.2895123272251889
1.55625	0.28900594615334085
1.56	0.28850198469906657
1.56375	0.28800043173196377
1.5675	0.2875012761887144
1.57125	0.28700450707268615
1.575	0.28651011345352323
1.57875	0.28601808446674837
1.5825	0.2855284093133532
1.58625	0.28504107725940697
1.59	0.28455607763564994
1.59375	0.284073399837106
1.5975	0.28359303332270797
1.60125	0.28311496761487975
1.605	0.28263919229917794
1.60875	0.2821656970238932
1.6125	0.28169447149967697
1.61625	0.2812255054991696
1.62	0.2807587888566137
1.62375	0.2802943114674934
1.6275	0.279832063288151
1.63125	0.27937203433544777
1.635	0.2789142146863637
1.63875	0.2784585944776622
1.6425	0.2780051639055219
1.64625	0.2775539132251746
1.65	0.277104832750563
1.65375	0.276657912853982
1.6575	0.2762131439657252
1.66125	0.27577051657374446
1.665	0.27533002122329975
1.66875	0.27489164851662395
1.6725	0.2744553891125769
1.67625	0.2740212337263081
1.68	0.27358917312892633
1.68375	0.2731591981471587
1.6875	0.27273129966302817
1.69125	0.2723054686135158
1.695	0.2718816959902457
1.69875	0.2714599728391491
1.7025	0.27104029026015414
1.70625	0.2706226394068558
1.71	0.27020701148620874
1.71375	0.26979339775819755
1.7175	0.2693817895355462
1.72125	0.26897217818338276
1.725	0.2685645551189428
1.72875	0.26815891181126433
1.7325	0.267755239780883
1.73625	0.2673535305995239
1.74	0.2669537758897976
1.74375	0.2665559673249245
1.7475	0.2661600966284085
1.75125	0.2657661555737638
1.755	0.2653741359842115
1.75875	0.2649840297323988
1.7625	0.26459582874010185
1.76625	0.26420952497794115
1.77	0.2638251104651079
1.77375	0.26344257726906156
1.7775	0.2630619175052683
1.78125	0.26268312333691446
1.785	0.26230618697462704
1.78875	0.2619311006762067
1.7925	0.2615578567463487
1.79625	0.26118644753637404
1.8	0.2608168654439601
1.80375	0.26044910291287615
1.8075	0.26008315243271335
1.81125	0.25971900653862406
1.815	0.25935665781105727
1.81875	0.25899609887550384
1.8225	0.25863732240223625
1.82625	0.25828032110604554
1.83	0.25792508774599565
1.83375	0.2575716151251717
1.8375	0.25721989609041607
1.84125	0.25686992353208943
1.845	0.2565216903838287
1.84875	0.25617518962227837
1.8525	0.2558304142668749
1.85625	0.25548735737958345
1.86	0.2551460120646602
1.86375	0.2548063714684286
1.8675	0.2544684287790144
1.87125	0.25413217722613385
1.875	0.25379761008084895
1.87875	0.25346472065533143
1.8825	0.2531335023026432
1.88625	0.25280394841649356
1.89	0.2524760524310162
1.89375	0.2521498078205495
1.8975	0.25182520809940007
1.90125	0.2515022468216275
1.905	0.2511809175808228
1.90875	0.2508612140098791
1.9125	0.25054312978078197
1.91625	0.250226658604391
1.92	0.24991179423022106
1.92375	0.24959853044623212
1.9275	0.24928686107860626
1.93125	0.24897677999155088
1.935	0.24866828108708083
1.93875	0.24836135830481204
1.9425	0.24805600562174857
1.94625	0.2477522170520811
1.95	0.24744998664699347
1.95375	0.2471493084944428
1.9575	0.24685017671896756
1.96125	0.24655258548148412
1.965	0.24625652897909558
1.96875	0.24596200144487945
1.9725	0.24566899714770865
1.97625	0.24537751039204794
1.98	0.2450875355177669
1.98375	0.24479906689993414
1.9875	0.24451209894864737
1.99125	0.24422662610882756
1.995	0.24394264286004122
1.99875	0.24366014371630967
2.0025	0.24337912322592076
2.00625	0.2430995759712539
2.01	0.24282149656859148
2.01375	0.24254487966793503
2.0175	0.24226971995283414
2.02125	0.24199601214019703
2.025	0.24172375098011895
2.02875	0.24145293125571424
2.0325	0.24118354778292012
2.03625	0.2409155954103402
2.04	0.24064906901906719
2.04375	0.24038396352251395
2.0475	0.24012027386623574
2.05125	0.23985799502776534
2.055	0.23959712201645322
2.05875	0.23933764987328368
2.0625	0.2390795736707309
2.06625	0.23882288851256875
2.07	0.23856758953373955
2.07375	0.23831367190016145
2.0775	0.238061130808585
2.08125	0.23780996148642738
2.085	0.2375601591916241
2.08875	0.237311719212447
2.0925	0.2370646368673797
2.09625	0.23681890750494602
2.1	0.2365745265035442
2.10375	0.2363314892713187
2.1075	0.23608979124598775
2.11125	0.23584942789471142
2.115	0.23561039471391895
2.11875	0.23537268722917828
2.1225	0.2351363009950464
2.12625	0.23490123159491405
2.13	0.23466747464086346
2.13375	0.23443502577352923
2.1375	0.234203880661947
2.14125	0.23397403500342023
2.145	0.23374548452337338
2.14875	0.23351822497520686
2.1525	0.23329225214016794
2.15625	0.2330675618272036
2.16	0.23284414987282437
2.16375	0.23262201214097772
2.1675	0.2324011445229005
2.17125	0.23218154293698856
2.175	0.23196320332867068
2.17875	0.23174612167025513
2.1825	0.23153029396083033
2.18625	0.2313157162261017
2.19	0.231102384518287
2.19375	0.23089029491597146
2.1975	0.23067944352398748
2.20125	0.23046982647328995
2.205	0.23026143992082174
2.20875	0.23005428004939477
2.2125	0.22984834306757007
2.21625	0.22964362520952739
2.22	0.22944012273494596
2.22375	0.2292378319288782
2.2275	0.22903674910164176
2.23125	0.22883687058868718
2.235	0.22863819275048325
2.23875	0.22844071197240473
2.2425	0.22824442466461076
2.24625	0.22804932726192542
2.25	0.22785541622373304
2.25375	0.22766268803384634
2.2575	0.22747113920041853
2.26125	0.22728076625580537
2.265	0.22709156575647133
2.26875	0.22690353428286525
2.2725	0.22671666843932528
2.27625	0.2265309648539525
2.28	0.22634642017852488
2.28375	0.22616303108836144
2.2875	0.22598079428223855
2.29125	0.22579970648227296
2.295	0.2256197644338267
2.29875	0.22544096490538737
2.3025	0.22526330468847686
2.30625	0.22508678059755005
2.31	0.22491138946987937
2.31375	0.22473712816546695
2.3175	0.22456399356694348
2.32125	0.224391982579449
2.325	0.2242210921305723
2.32875	0.2240513191702185
2.3325	0.22388266067052243
2.33625	0.22371511362575697
2.34	0.22354867505223608
2.34375	0.22338334198821366
2.3475	0.22321911149379883
2.35125	0.2230559806508504
2.355	0.22289394656289732
2.35875	0.2227330063550386
2.3625	0.22257315717384946
2.36625	0.22241439618730255
2.37	0.22225672058466697
2.37375	0.2221001275764227
2.3775	0.22194461439417162
2.38125	0.22179017829055664
2.385	0.22163681653916234
2.38875	0.22148452643443897
2.3925	0.2213333052916133
2.39625	0.2211831504466012
2.4	0.22103405925593514
2.40375	0.2208860290966582
2.4075	0.2207390573662632
2.41125	0.22059314148260434
2.415	0.22044827888380947
2.41875	0.2203044670282106
2.4225	0.22016170339425045
2.42625	0.22001998548040624
2.43	0.21987931080512646
2.43375	0.21973967690673826
2.4375	0.21960108134336526
2.44125	0.21946352169286606
2.445	0.21932699555274582
2.44875	0.21919150054009115
2.4525	0.21905703429148687
2.45625	0.218923594462949
2.46	0.21879117872983886
2.46375	0.21865978478680753
2.4675	0.2185294103477114
2.47125	0.21840005314554814
2.475	0.2182717109323731
2.47875	0.21814438147925183
2.4825	0.21801806257616166
2.48625	0.21789275203194958
2.49	0.21776844767424505
2.49375	0.21764514734940368
2.4975	0.21752284892243182
2.50125	0.21740155027692334
2.505	0.21728124931499637
2.50875	0.21716194395722851
2.5125	0.2170436321425819
2.51625	0.21692631182835556
2.52	0.21680998099010165
2.52375	0.21669463762158023
2.5275	0.21658027973469707
2.53125	0.2164669053594178
2.535	0.21635451254373944
2.53875	0.21624309935360783
2.5425	0.21613266387286498
2.54625	0.2160232042031891
2.55	0.21591471846403756
2.55375	0.21580720479258222
2.5575	0.2157006613436605
2.56125	0.21559508628970891
2.565	0.2154904778207161
2.56875	0.21538683414416007
2.5725	0.2152841534849564
2.57625	0.21518243408540133
2.58	0.215081674205113
2.58375	0.21498187212099296
2.5875	0.2148830261271488
2.59125	0.21478513453486728
2.595	0.21468819567254604
2.59875	0.21459220788564518
2.6025	0.21449716953663636
2.60625	0.2144030790049577
2.61	0.21430993468695497
2.61375	0.21421773499583663
2.6175	0.21412647836162954
2.62125	0.2140361632311186
2.625	0.21394678806781414
2.62875	0.21385835135189293
2.6325	0.21377085158015352
2.63625	0.21368428726597377
2.64	0.21359865693926805
2.64375	0.2135139591464286
2.6475	0.21343019245029687
2.65125	0.2133473554301052
2.655	0.21326544668144592
2.65875	0.21318446481622366
2.6625	0.21310440846260148
2.66625	0.21302527626498488
2.67	0.2129470668839476
2.67375	0.21286977899621753
2.6775	0.21279341129462642
2.68125	0.21271796248805935
2.685	0.21264343130143648
2.68875	0.21256981647565867
2.6925	0.21249711676757221
2.69625	0.21242533094992835
2.7	0.2123544578113562
2.70375	0.21228449615630957
2.7075	0.21221544480505153
2.71125	0.2121473025935932
2.715	0.21208006837368254
2.71875	0.2120137410127454
2.7225	0.21194831939387537
2.72625	0.21188380241577873
2.73	0.2118201889927556
2.73375	0.21175747805466016
2.7375	0.21169566854686495
2.74125	0.21163475943023874
2.745	0.21157474968110146
2.74875	0.2115156382912081
2.7525	0.21145742426770534
2.75625	0.2114001066331055
2.76	0.21134368442525947
2.76375	0.21128815669732529
2.7675	0.21123352251774039
2.77125	0.2111797809701881
2.775	0.21112693115357736
2.77875	0.21107497218201185
2.7825	0.2110239031847624
2.78625	0.21097372330623695
2.79	0.21092443170596697
2.79375	0.2108760275585662
2.7975	0.21082851005371725
2.80125	0.21078187839613932
2.805	0.2107361318055714
2.80875	0.21069126951674313
2.8125	0.2106472907793503
2.81625	0.21060419485803802
2.82	0.21056198103237067
2.82375	0.2105206485968242
2.8275	0.21048019686074454
2.83125	0.21044062514834022
2.835	0.21040193279866168
2.83875	0.21036411916557343
2.8425	0.21032718361774602
2.84625	0.21029112553862297
2.85	0.21025594432641223
2.85375	0.2102216393940702
2.8575	0.2101882101692669
2.86125	0.21015565609439402
2.865	0.2101239766265203
2.86875	0.2100931712374014
2.8725	0.21006323941344432
2.87625	0.21003418065570814
2.88	0.21000599447986298
2.88375	0.20997868041621032
2.8875	0.2099522380096392
2.89125	0.2099266668196337
2.895	0.20990196642024012
2.89875	0.20987813640006647
2.9025	0.2098551763622743
2.90625	0.20983308592455166
2.91	0.2098118647191109
2.91375	0.20979151239268176
2.9175	0.20977202860648692
2.92125	0.20975341303624703
2.925	0.20973566537216334
2.92875	0.2097187853189045
2.9325	0.20970277259560618
2.93625	0.20968762693585277
2.94	0.20967334808768343
2.94375	0.20965993581357106
2.9475	0.20964738989041976
2.95125	0.2096357101095593
2.955	0.2096248962767391
2.95875	0.20961494821211926
2.9625	0.20960586575026544
2.96625	0.2095976487401522
2.97	0.20959029704514023
2.97375	0.20958381054299643
2.9775	0.20957818912587275
2.98125	0.20957343270030068
2.985	0.2095695411872064
2.98875	0.2095665145218894
2.9925	0.2095643526540312
2.99625	0.20956305554769553
3.0	0.20956262318131164
3.00375	0.20956305554769503
3.0075	0.20956435265403153
3.01125	0.20956651452189037
3.015	0.2095695411872058
3.01875	0.20957343270030132
3.0225	0.20957818912587256
3.02625	0.20958381054299702
3.03	0.20959029704514032
3.03375	0.20959764874015085
3.0375	0.20960586575026643
3.04125	0.20961494821211943
3.045	0.20962489627673916
3.04875	0.2096357101095599
3.0525	0.20964738989042003
3.05625	0.20965993581357062
3.06	0.2096733480876842
3.06375	0.20968762693585236
3.0675	0.20970277259560507
3.07125	0.20971878531890462
3.075	0.2097356653721638
3.07875	0.2097534130362481
3.0825	0.209772028606486
3.08625	0.2097915123926814
3.09	0.20981186471911112
3.09375	0.20983308592455222
3.0975	0.20985517636227424
3.10125	0.20987813640006625
3.105	0.2099019664202403
3.10875	0.2099266668196335
3.1125	0.2099522380096394
3.11625	0.20997868041620932
3.12	0.21000599447986315
3.12375	0.21003418065570786
3.1275	0.21006323941344418
3.13125	0.21009317123740173
3.135	0.21012397662652052
3.13875	0.21015565609439418
3.1425	0.21018821016926778
3.14625	0.2102216393940701
3.15	0.21025594432641226
3.15375	0.21029112553862297
3.1575	0.21032718361774644
3.16125	0.2103641191655737
3.165	0.21040193279866087
3.16875	0.21044062514834044
3.1725	0.21048019686074435
3.17625	0.2105206485968244
3.18	0.21056198103237142
3.18375	0.21060419485803836
3.1875	0.21064729077934968
3.19125	0.21069126951674327
3.195	0.2107361318055709
3.19875	0.2107818783961396
3.2025	0.21082851005371747
3.20625	0.2108760275585666
3.21	0.21092443170596709
3.21375	0.21097372330623673
3.2175	0.21102390318476183
3.22125	0.21107497218201232
3.225	0.2111269311535774
3.22875	0.21117978097018802
3.2325	0.21123352251774022
3.23625	0.2112881566973246
3.24	0.21134368442526005
3.24375	0.21140010663310474
3.2475	0.21145742426770506
3.25125	0.2115156382912089
3.255	0.21157474968110165
3.25875	0.21163475943023913
3.2625	0.21169566854686564
3.26625	0.21175747805466016
3.27	0.21182018899275637
3.27375	0.21188380241577914
3.2775	0.21194831939387518
3.28125	0.21201374101274512
3.285	0.21208006837368162
3.28875	0.21214730259359443
3.2925	0.21221544480505128
3.29625	0.21228449615630976
3.3	0.21235445781135565
3.30375	0.21242533094992874
3.3075	0.2124971167675713
3.31125	0.21256981647565862
3.315	0.21264343130143715
3.31875	0.2127179624880581
3.3225	0.2127934112946257
3.32625	0.21286977899621726
3.33	0.21294706688394768
3.33375	0.21302527626498519
3.3375	0.21310440846260204
3.34125	0.2131844648162243
3.345	0.21326544668144568
3.34875	0.21334735543010422
3.3525	0.21343019245029615
3.35625	0.21351395914642848
3.36	0.21359865693926874
3.36375	0.21368428726597358
3.3675	0.21377085158015302
3.37125	0.21385835135189232
3.375	0.2139467880678136
3.37875	0.21403616323111768
3.3825	0.21412647836162968
3.38625	0.2142177349958367
3.39	0.21430993468695422
3.39375	0.21440307900495786
3.3975	0.21449716953663622
3.40125	0.21459220788564592
3.405	0.21468819567254568
3.40875	0.2147851345348687
3.4125	0.2148830261271472
3.41625	0.21498187212099287
3.42	0.21508167420511357
3.42375	0.21518243408540133
3.4275	0.2152841534849557
3.43125	0.2153868341441604
3.435	0.21549047782071523
3.43875	0.21559508628970891
3.4425	0.21570066134365998
3.44625	0.215807204792582
3.45	0.215914718464037
3.45375	0.2160232042031897
3.4575	0.21613266387286423
3.46125	0.2162430993536079
3.465	0.21635451254374033
3.46875	0.21646690535941737
3.4725	0.21658027973469643
3.47625	0.21669463762158137
3.48	0.216809980990101
3.48375	0.21692631182835542
3.4875	0.21704363214258285
3.49125	0.21716194395722746
3.495	0.2172812493149953
3.49875	0.21740155027692293
3.5025	0.21752284892243154
3.50625	0.21764514734940232
3.51	0.21776844767424441
3.51375	0.21789275203194886
3.5175	0.21801806257616238
3.52125	0.21814438147925092
3.525	0.21827171093237402
3.52875	0.21840005314554753
3.5325	0.21852941034771126
3.53625	0.21865978478680714
3.54	0.2187911787298394
3.54375	0.21892359446294832
3.5475	0.21905703429148707
3.55125	0.21919150054009032
3.555	0.2193269955527456
3.55875	0.21946352169286504
3.5625	0.2196010813433646
3.56625	0.2197396769067379
3.57	0.2198793108051259
3.57375	0.22001998548040624
3.5775	0.22016170339424956
3.58125	0.22030446702820972
3.585	0.22044827888381016
3.58875	0.22059314148260406
3.5925	0.22073905736626231
3.59625	0.22088602909665842
3.6	0.22103405925593492
3.60375	0.22118315044660028
3.6075	0.22133330529161352
3.61125	0.22148452643443822
3.615	0.22163681653916226
3.61875	0.22179017829055572
3.6225	0.2219446143941719
3.62625	0.2221001275764229
3.63	0.22225672058466692
3.63375	0.22241439618730274
3.6375	0.22257315717384982
3.64125	0.22273300635503868
3.645	0.22289394656289677
3.64875	0.22305598065084964
3.6525	0.22321911149379847
3.65625	0.2233833419882138
3.66	0.22354867505223502
3.66375	0.22371511362575605
3.6675	0.22388266067052237
3.67125	0.2240513191702181
3.675	0.22422109213057229
3.67875	0.22439198257944878
3.6825	0.22456399356694268
3.68625	0.22473712816546618
3.69	0.22491138946987882
3.69375	0.22508678059754983
3.6975	0.22526330468847755
3.70125	0.22544096490538718
3.705	0.22561976443382634
3.70875	0.22579970648227204
3.7125	0.22598079428223775
3.71625	0.22616303108836158
3.72	0.22634642017852447
3.72375	0.2265309648539524
3.7275	0.22671666843932597
3.73125	0.2269035342828646
3.735	0.22709156575647105
3.73875	0.2272807662558049
3.7425	0.22747113920041856
3.74625	0.22766268803384682
3.75	0.22785541622373304
3.75375	0.22804932726192617
3.7575	0.22824442466461095
3.76125	0.22844071197240481
3.765	0.2286381927504837
3.76875	0.22883687058868718
3.7725	0.22903674910164062
3.77625	0.22923783192887848
3.78	0.22944012273494532
3.78375	0.22964362520952744
3.7875	0.22984834306757043
3.79125	0.23005428004939477
3.795	0.23026143992082118
3.79875	0.23046982647328962
3.8025	0.23067944352398762
3.80625	0.23089029491597193
3.81	0.23110238451828735
3.81375	0.23131571622610192
3.8175	0.23153029396083033
3.82125	0.23174612167025485
3.825	0.2319632033286706
3.82875	0.23218154293698925
3.8325	0.23240114452290028
3.83625	0.23262201214097702
3.84	0.23284414987282395
3.84375	0.23306756182720265
3.8475	0.2332922521401678
3.85125	0.23351822497520677
3.855	0.23374548452337351
3.85875	0.23397403500342037
3.8625	0.234203880661947
3.86625	0.2344350257735291
3.87	0.23466747464086404
3.87375	0.23490123159491316
3.8775	0.23513630099504687
3.88125	0.2353726872291776
3.885	0.23561039471391826
3.88875	0.2358494278947115
3.8925	0.23608979124598803
3.89625	0.23633148927131906
3.9	0.23657452650354366
3.90375	0.23681890750494577
3.9075	0.23706463686737986
3.91125	0.23731171921244687
3.915	0.23756015919162402
3.91875	0.2378099614864279
3.9225	0.23806113080858526
3.92625	0.23831367190016123
3.93	0.2385675895337398
3.93375	0.23882288851256916
3.9375	0.23907957367073077
3.94125	0.23933764987328313
3.945	0.2395971220164534
3.94875	0.2398579950277656
3.9525	0.24012027386623566
3.95625	0.24038396352251415
3.96	0.24064906901906677
3.96375	0.24091559541034016
3.9675	0.24118354778292006
3.97125	0.24145293125571426
3.975	0.24172375098011886
3.97875	0.24199601214019717
3.9825	0.2422697199528342
3.98625	0.24254487966793517
3.99	0.24282149656859112
3.99375	0.24309957597125398
3.9975	0.24337912322592065
4.00125	0.24366014371630967
4.005	0.24394264286004136
4.00875	0.24422662610882778
4.0125	0.24451209894864773
4.01625	0.24479906689993483
4.02	0.24508753551776682
4.02375	0.24537751039204814
4.0275	0.24566899714770846
4.03125	0.2459620014448795
4.035	0.24625652897909503
4.03875	0.24655258548148434
4.0425	0.2468501767189676
4.04625	0.24714930849444244
4.05	0.24744998664699347
4.05375	0.2477522170520809
4.0575	0.2480560056217485
4.06125	0.2483613583048119
4.065	0.24866828108708064
4.06875	0.24897677999155052
4.0725	0.2492868610786062
4.07625	0.24959853044623193
4.08	0.24991179423022084
4.08375	0.25022665860439086
4.0875	0.25054312978078175
4.09125	0.25086121400987893
4.095	0.25118091758082217
4.09875	0.25150224682162764
4.1025	0.2518252080993997
4.10625	0.2521498078205487
4.11	0.25247605243101573
4.11375	0.25280394841649306
4.1175	0.25313350230264275
4.12125	0.2534647206553314
4.125	0.2537976100808488
4.12875	0.25413217722613407
4.1325	0.25446842877901454
4.13625	0.25480637146842844
4.14	0.25514601206466087
4.14375	0.25548735737958306
4.1475	0.2558304142668751
4.15125	0.2561751896222782
4.155	0.25652169038382877
4.15875	0.2568699235320895
4.1625	0.2572198960904157
4.16625	0.2575716151251716
4.17	0.2579250877459954
4.17375	0.2582803211060456
4.1775	0.2586373224022367
4.18125	0.25899609887550396
4.185	0.2593566578110571
4.18875	0.2597190065386237
4.1925	0.2600831524327136
4.19625	0.2604491029128761
4.2	0.26081686544396
4.20375	0.2611864475363734
4.2075	0.26155785674634896
4.21125	0.26193110067620656
4.215	0.26230618697462676
4.21875	0.26268312333691457
4.2225	0.26306191750526803
4.22625	0.26344257726906134
4.23	0.2638251104651073
4.23375	0.2642095249779413
4.2375	0.26459582874010223
4.24125	0.2649840297323983
4.245	0.2653741359842115
4.24875	0.2657661555737639
4.2525	0.2661600966284085
4.25625	0.2665559673249242
4.26	0.2669537758897981
4.26375	0.2673535305995239
4.2675	0.2677552397808827
4.27125	0.2681589118112643
4.275	0.2685645551189425
4.27875	0.2689721781833827
4.2825	0.26938178953554665
4.28625	0.2697933977581979
4.29	0.2702070114862089
4.29375	0.2706226394068564
4.2975	0.27104029026015425
4.30125	0.27145997283914897
4.305	0.2718816959902453
4.30875	0.2723054686135155
4.3125	0.2727312996630281
4.31625	0.2731591981471589
4.32	0.27358917312892683
4.32375	0.2740212337263079
4.3275	0.2744553891125769
4.33125	0.2748916485166239
4.335	0.275330021223299
4.33875	0.2757705165737437
4.3425	0.27621314396572555
4.34625	0.2766579128539826
4.35	0.27710483275056325
4.35375	0.2775539132251744
4.3575	0.27800516390552205
4.36125	0.27845859447766264
4.365	0.27891421468636335
4.36875	0.2793720343354479
4.3725	0.2798320632881505
4.37625	0.2802943114674927
4.38	0.28075878885661354
4.38375	0.28122550549916936
4.3875	0.2816944714996774
4.39125	0.28216569702389366
4.395	0.28263919229917794
4.39875	0.2831149676148798
4.4025	0.28359303332270774
4.40625	0.2840733998371057
4.41	0.2845560776356499
4.41375	0.2850410772594069
4.4175	0.2855284093133535
4.42125	0.28601808446674776
4.425	0.286510113453523
4.42875	0.287004507072686
4.4325	0.287501276188714
4.43625	0.2880004317319636
4.44	0.2885019846990671
4.44375	0.28900594615334124
4.4475	0.2895123272251891
4.45125	0.2900211391125289
4.455	0.2905323930811985
4.45875	0.2910461004653706
4.4625	0.291562272667987
4.46625	0.29208092116116713
4.47	0.2926020574866444
4.47375	0.29312569325619836
4.4775	0.2936518401520769
4.48125	0.29418050992743694
4.485	0.2947117144067961
4.48875	0.29524546548645403
4.4925	0.2957817751349515
4.49625	0.2963206553935087
4.5	0.29686211837648907
4.50375	0.29740617627184057
4.5075	0.2979528413415627
4.51125	0.2985021259221655
4.515	0.29905404242512545
4.51875	0.29960860333736855
4.5225	0.3001658212217213
4.52625	0.30072570871740273
4.53	0.3012882785404905
4.53375	0.3018535434843989
4.5375	0.3024215164203776
4.54125	0.3029922102979791
4.545	0.30356563814557086
4.54875	0.3041418130708046
4.5525	0.30472074826113
4.55625	0.30530245698430075
4.56	0.3058869525888588
4.56375	0.30647424850465793
4.5675	0.3070643582433706
4.57125	0.307657295399001
4.575	0.30825307364841537
4.57875	0.3088517067518381
4.5825	0.3094532085534078
4.58625	0.3100575929816848
4.59	0.31066487405019677
4.59375	0.311275065857971
4.5975	0.3118881825900716
4.60125	0.31250423851815223
4.605	0.31312324800099706
4.60875	0.3137452254850829
4.6125	0.31437018550511553
4.61625	0.3149981426846161
4.62	0.315629111736459
4.62375	0.316263107463464
4.6275	0.3169001447589466
4.63125	0.31754023860731
4.635	0.31818340408460755
4.63875	0.31882965635915156
4.6425	0.3194790106920743
4.64625	0.3201314824379387
4.65	0.32078708704533104
4.65375	0.3214458400574531
4.6575	0.3221077571127402
4.66125	0.32277285394545246
4.665	0.323441146386311
4.66875	0.3241126503630919
4.6725	0.32478738190126605
4.67625	0.32546535712461866
4.68	0.3261465922558793
4.68375	0.3268311036173481
4.6875	0.32751890763155955
4.69125	0.3282100208219071
4.695	0.3289044598132899
4.69875	0.3296022413327819
4.7025	0.3303033822102746
4.70625	0.3310078993791533
4.71	0.33171580987694504
4.71375	0.33242713084601605
4.7175	0.33314187953422364
4.72125	0.3338600732956118
4.725	0.3345817295910992
4.72875	0.33530686598915344
4.7325	0.3360355001665088
4.73625	0.33676764990886093
4.74	0.3375033331115528
4.74375	0.3382425677803199
4.7475	0.33898537203197615
4.75125	0.33973176409515393
4.755	0.34048176231101523
4.75875	0.34123538513399904
4.7625	0.34199265113254923
4.76625	0.34275357898984876
4.77	0.34351818750457924
4.77375	0.34428649559166874
4.7775	0.34505852228305334
4.78125	0.345834286728425
4.785	0.3466138081960173
4.78875	0.3473971060733758
4.7925	0.34818419986812815
4.79625	0.34897510920877733
4.8	0.34976985384549214
4.80375	0.3505684536508982
4.8075	0.3513709286208792
4.81125	0.3521772988753998
4.815	0.3529875846592976
4.81875	0.3538018063431073
4.8225	0.3546199844239036
4.82625	0.3554421395261089
4.83	0.35626829240234087
4.83375	0.35709846393425243
4.8375	0.3579326751333856
4.84125	0.3587709471420214
4.845	0.3596133012340365
4.84875	0.360459758815781
4.8525	0.3613103414269458
4.85625	0.3621650707414432
4.86	0.36302396856828667
4.86375	0.3638870568524909
4.8675	0.3647543576759726
4.87125	0.3656258932584419
4.875	0.3665016859583297
4.87875	0.3673817582736933
4.8825	0.36826613284315013
4.88625	0.36915483244680497
4.89	0.37004788000718114
4.89375	0.3709452985901761
4.8975	0.37184711140601445
4.90125	0.37275334181018854
4.905	0.3736640133044445
4.90875	0.3745791495377411
4.9125	0.3754987743072306
4.91625	0.3764229115592546
4.92	0.37735158539031893
4.92375	0.37828482004811437
4.9275	0.3792226399325103
4.93125	0.3801650695965768
4.935	0.381112133747596
4.93875	0.38206385724810665
4.9425	0.38302026511693393
4.94625	0.38398138253022984
4.95	0.38494723482253285
4.95375	0.38591784748781927
4.9575	0.38689324618058013
4.96125	0.3878734567168887
4.965	0.3888585050754822
4.96875	0.3898484173988585
4.9725	0.39084321999437516
4.97625	0.3918429393353425
4.98	0.39284760206216157
4.98375	0.39385723498341707
4.9875	0.3948718650770365
4.99125	0.395891519491412
4.995	0.3969162255465478
4.99875	0.39794601073522146
5.0025	0.3989809027241475
5.00625	0.40002092935515055
5.01	0.40106611864633257
5.01375	0.4021164987932816
5.0175	0.4031720981702569
5.02125	0.4042329453314055
5.025	0.4052990690119608
5.02875	0.4063704981294899
5.0325	0.40744726178510177
5.03625	0.4085293892647134
5.04	0.4096169100402851
5.04375	0.410709853771085
5.0475	0.41180825030496104
5.05125	0.4129121296796151
5.055	0.4140215221238972
5.05875	0.4151364580590995
5.0625	0.41625696810025853
5.06625	0.41738308305747907
5.07	0.41851483393726197
5.07375	0.4196522519438354
5.0775	0.42079536848049226
5.08125	0.42194421515096314
5.085	0.4230988237607652
5.08875	0.42425922631860163
5.0925	0.4254254550377107
5.09625	0.426597542337294
5.1	0.427775520843895
5.10375	0.42895942339284976
5.1075	0.4301492830296843
5.11125	0.4313451330115496
5.115	0.43254700680870156
5.11875	0.4337549381059201
5.1225	0.43496896080400266
5.12625	0.4361891090212405
5.13	0.4374154170948947
5.13375	0.4386479195827181
5.1375	0.43988665126445614
5.14125	0.44113164714337366
5.145	0.44238294244777876
5.14875	0.44364057263259327
5.1525	0.44490457338088396
5.15625	0.44617498060545985
5.16	0.4474518304504124
5.16375	0.44873515929275753
5.1675	0.4500250037439978
5.17125	0.4513214006517511
5.175	0.4526243871013998
5.17875	0.45393400041769666
5.1825	0.45525027816643826
5.18625	0.4565732581561281
5.19	0.4579029784396431
5.19375	0.459239477315925
5.1975	0.4605827933316963
5.20125	0.4619329652831521
5.205	0.46329003221769915
5.20875	0.46465403343569495
5.2125	0.4660250084922
5.21625	0.4674029971987381
5.22	0.4687880396250836
5.22375	0.47018017610103807
5.2275	0.471579447218262
5.23125	0.47298589383205525
5.235	0.4743995570632214
5.23875	0.4758204782999071
5.2425	0.47724869919944174
5.24625	0.4786842616902297
5.25	0.4801272079736391
5.25375	0.48157758052588745
5.2575	0.483035422099967
5.26125	0.4845007757275714
5.265	0.48597368472104063
5.26875	0.4874541926753201
5.2725	0.48894234346993093
5.27625	0.4904381812709599
5.28	0.4919417505330586
5.28375	0.4934530960014701
5.2875	0.49497226271403955
5.29125	0.49649929600329684
5.295	0.49803424149847375
5.29875	0.4995771451276315
5.3025	0.5011280531197205
5.30625	0.5026870120067037
5.31	0.504254068625667
5.31375	0.5058292701209907
5.3175	0.5074126639464678
5.32125	0.5090042978675212
5.325	0.5106042199633599
5.32875	0.512212478629172
5.3325	0.5138291225784122
5.33625	0.5154542008449751
5.34	0.5170877627854799
5.34375	0.5187298580815443
5.3475	0.5203805367420618
5.35125	0.5220398491055345
5.355	0.5237078458423664
5.35875	0.525384577957219
5.3625	0.5270700967913864
5.36625	0.5287644540251529
5.37	0.5304677016801909
5.37375	0.5321798921219856
5.3775	0.5339010780622587
5.38125	0.535631312561416
5.385	0.5373706490310277
5.38875	0.5391191412363069
5.3925	0.5408768432986086
5.39625	0.5426438096979708
5.4	0.5444200952756629
5.40375	0.5462057552367022
5.4075	0.5480008451525156
5.41125	0.5498054209634649
5.415	0.5516195389815136
5.41875	0.5534432558928591
5.4225	0.5552766287605894
5.42625	0.5571197150273675
5.43	0.5589725725181325
5.43375	0.5608352594428322
5.4375	0.5627078343991417
5.44125	0.564590356375264
5.445	0.566482884752681
5.44875	0.5683854793089745
5.4525	0.5702982002206558
5.45625	0.572221108066026
5.46	0.5741542638280078
5.46375	0.5760977288970766
5.4675	0.5780515650741685
5.47125	0.5800158345735938
5.475	0.5819906000260258
5.47875	0.5839759244814634
5.4825	0.5859718714122437
5.48625	0.5879785047160662
5.49	0.5899958887190392
5.49375	0.5920240881787604
5.4975	0.5940631682874222
5.50125	0.5961131946748998
5.505	0.5981742334119408
5.50875	0.6002463510132893
5.5125	0.6023296144409105
5.51625	0.6044240911071916
5.52	0.6065298488782078
5.52375	0.6086469560769356
5.5275	0.6107754814866047
5.53125	0.612915494353972
5.535	0.6150670643927014
5.53875	0.6172302617866857
5.5425	0.6194051571934727
5.54625	0.6215918217476807
5.55	0.623790327064439
5.55375	0.6260007452428505
5.5575	0.6282231488695141
5.56125	0.6304576110220282
5.565	0.6327042052725552
5.56875	0.6349630056913917
5.5725	0.6372340868505927
5.57625	0.6395175238275949
5.58	0.6418133922088654
5.58375	0.644121768093625
5.5875	0.6464427280975547
5.59125	0.6487763493565271
5.595	0.6511227095304115
5.59875	0.6534818868068506
5.6025	0.6558539599051327
5.60625	0.6582390080800163
5.61	0.6606371111256574
5.61375	0.6630483493795198
5.6175	0.6654728037263316
5.62125	0.6679105556020765
5.625	0.6703616869980017
5.62875	0.6728262804646762
5.6325	0.6753044191160589
5.63625	0.6777961866336135
5.64	0.680301667270462
5.64375	0.6828209458555403
5.6475	0.6853541077978186
5.65125	0.6879012390905288
5.655	0.6904624263154565
5.65875	0.6930377566472165
5.6625	0.6956273178576258
5.66625	0.6982311983200534
5.67	0.7008494870138243
5.67375	0.7034822735286762
5.6775	0.7061296480692261
5.68125	0.708791701459467
5.685	0.7114685251473435
5.68875	0.7141602112093002
5.6925	0.7168668523549155
5.69625	0.7195885419315494
5.7	0.7223253739290243
5.70375	0.7250774429843662
5.7075	0.7278448443865363
5.71125	0.7306276740812698
5.715	0.7334260286758622
5.71875	0.7362400054440912
5.7225	0.7390697023311031
5.72625	0.7419152179583425
5.73	0.7447766516285883
5.73375	0.7476541033309385
5.7375	0.7505476737459102
5.74125	0.7534574642505025
5.745	0.7563835769233909
5.74875	0.7593261145500735
5.7525	0.7622851806281171
5.75625	0.7652608793724318
5.76	0.768253315720561
5.76375	0.771262595338022
5.7675	0.7742888246237499
5.77125	0.7773321107154709
5.775	0.7803925614952116
5.77875	0.7834702855948221
5.7825	0.7865653924015105
5.78625	0.7896779920634878
5.79	0.7928081954955868
5.79375	0.795956114384967
5.7975	0.7991218611968703
5.80125	0.8023055491803789
5.805	0.80550729237426
5.80875	0.8087272056128498
5.8125	0.8119654045319608
5.81625	0.8152220055748526
5.82	0.8184971259982525
5.82375	0.8217908838784194
5.8275	0.8251033981172557
5.83125	0.8284347884484645
5.835	0.8317851754437429
5.83875	0.835154680519067
5.8425	0.838543425940972
5.84625	0.8419515348329341
5.85	0.8453791311817361
5.85375	0.8488263398439667
5.8575	0.8522932865525013
5.86125	0.8557800979230651
5.865	0.8592869014608637
5.86875	0.8628138255672058
5.8725	0.866360999546256
5.87625	0.8699285536117839
5.88	0.8735166188940015
5.88375	0.8771253274464001
5.8875	0.8807548122527574
5.89125	0.8844052072340249
5.895	0.88807664725545
5.89875	0.891769268133636
5.9025	0.8954832066436968
5.90625	0.8992186005264743
5.91	0.9029755884957861
5.91375	0.9067543102457987
5.9175	0.9105549064583259
5.92125	0.9143775188103798
5.925	0.9182222899815538
5.92875	0.9220893636616722
5.9325	0.9259788845583903
5.93625	0.9298909984048315
5.94	0.9338258519673741
5.94375	0.9377835930534487
5.9475	0.9417643705193944
5.95125	0.9457683342783794
5.955	0.9497956353084042
5.95875	0.9538464256603442
5.9625	0.9579208584661171
5.96625	0.9620190879467897
5.97	0.9661412694208827
5.97375	0.9702875593126464
5.9775	0.9744581151605147
5.98125	0.9786530956254385
5.985	0.9828726604995226
5.98875	0.9871169707145052
5.9925	0.9913861883505161
5.99625	0.9956804766446705
6.0	0.9999999999999921
