0.0	0.9999999999999402
0.0125	0.9854098257273511
0.025	0.9710994585993005
0.0375	0.9570628223974159
0.05	0.9432939844708969
0.0625	0.9297871521123908
0.075	0.9165366690308981
0.0875	0.9035370119182327
0.1	0.8907827871070167
0.1125	0.8782687273172824
0.125	0.8659896884895086
0.1375	0.8539406467014241
0.15	0.8421166951664818
0.1625	0.8305130413115264
0.175	0.8191250039317309
0.1875	0.8079480104203384
0.2	0.7969775940714764
0.2125	0.7862093914537279
0.225	0.7756391398527603
0.2375	0.7652626747809025
0.25	0.7550759275520385
0.2625	0.745074922919791
0.275	0.7352557767774672
0.2875	0.7256146939179579
0.3	0.7161479658519379
0.3125	0.7068519686829033
0.325	0.6977231610373075
0.3375	0.6887580820484677
0.35	0.6799533493926347
0.3625	0.6713056573759192
0.375	0.6628117750705912
0.3875	0.6544685444995592
0.4	0.6462728788674763
0.4125	0.6382217608375311
0.425	0.6303122408523671
0.4375	0.622541435498228
0.45	0.6149065259108635
0.4625	0.6074047562224134
0.475	0.6000334320477885
0.4875	0.5927899190098809
0.5	0.5856716413021741
0.5125	0.5786760802880567
0.525	0.5718007731356902
0.5375	0.565043311487523
0.55	0.5584013401635542
0.5625	0.5518725558973617
0.575	0.5454547061041456
0.5875	0.5391455876797816
0.6	0.5329430458302491
0.6125	0.5268449729304379
0.625	0.5208493074116419
0.6375	0.5149540326769997
0.65	0.5091571760441581
0.6625	0.5034568077142944
0.675	0.4978510397669707
0.6875	0.49233802518011427
0.7	0.4869159568743005
0.7125	0.48158306678094
0.725	0.476337624933568
0.7375	0.4711779385816771
0.75	0.46610235132650324
0.7625	0.46110924227826083
0.775	0.45619702523411965
0.7875	0.4513641478765219
0.8	0.44660909099120943
0.8125	0.44193036770452976
0.825	0.4373265227394521
0.8375	0.4327961316898404
0.85	0.42833780031252516
0.8625	0.42395016383666095
0.875	0.4196318862899744
0.8875	0.4153816598414556
0.9	0.4111982041600223
0.9125	0.4070802657888235
0.925	0.40302661753471825
0.9375	0.39903605787256397
0.95	0.3951074103639078
0.9625	0.3912395230898007
0.975	0.3874312680972174
0.9875	0.38368154085888745
1.0	0.3799892597461219
1.0125	0.376353365514278
1.025	0.37277282080062357
1.0375	0.36924660963419875
1.05	0.36577373695743576
1.0625	0.36235322815919485
1.075	0.35898412861895385
1.0875	0.35566550326185925
1.1	0.35239643612436
1.1125	0.34917602993016805
1.125	0.3460034056762764
1.1375	0.34287770222878405
1.15	0.3397980759282936
1.1625	0.3367637002046096
1.175	0.33377376520053553
1.1875	0.33082747740454893
1.2	0.3279240592920763
1.2125	0.3250627489752322
1.225	0.32224279986075216
1.2375	0.31946348031592764
1.25	0.3167240733423674
1.2625	0.3140238762573695
1.275	0.3113622003827221
1.2875	0.3087383707407451
1.3	0.3061517257573969
1.3125	0.303601616972277
1.325	0.30108740875534873
1.3375	0.2986084780301998
1.35	0.29616421400373727
1.3625	0.2937540179020696
1.375	0.29137730271251927
1.3875	0.2890334929315361
1.4	0.286722024318414
1.4125	0.28444234365468013
1.425	0.2821939085089438
1.4375	0.2799761870071714
1.45	0.27778865760819155
1.4625	0.27563080888430175
1.475	0.27350213930689926
1.4875	0.2714021570369664
1.5	0.2693303797203307
1.5125	0.2672863342875334
1.525	0.26526955675827485
1.5375	0.26327959205023627
1.55	0.2613159937922391
1.5625	0.25937832414163037
1.575	0.2574661536057306
1.5875	0.25557906086734394
1.6	0.2537166326141552
1.6125	0.2518784633719519
1.625	0.2500641553415908
1.6375	0.24827331823960003
1.65	0.24650556914232552
1.6625	0.2447605323335671
1.675	0.2430378391555977
1.6875	0.24133712786348271
1.7	0.2396580434826411
1.7125	0.2380002376695581
1.725	0.23636336857558704
1.7375	0.23474710071371302
1.75	0.23315110482833773
1.7625	0.23157505776785778
1.775	0.2300186423600765
1.7875	0.22848154729034204
1.8	0.22696346698236206
1.8125	0.22546410148163115
1.825	0.22398315634139176
1.8375	0.2225203425110986
1.85	0.22107537622730974
1.8625	0.21964797890694712
1.875	0.21823787704288425
1.8875	0.2168448021018003
1.9	0.21546849042423707
1.9125	0.21410868312682943
1.925	0.2127651260066461
1.9375	0.21143756944758874
1.95	0.21012576832881766
1.9625	0.20882948193513792
1.975	0.20754847386931635
1.9875	0.20628251196628095
2.0	0.2050313682091489
2.0125	0.2037948186470673
2.025	0.20257264331478755
2.0375	0.20136462615397918
2.05	0.2001705549362017
2.0625	0.19899022118751744
2.075	0.19782342011471776
2.0875	0.19666995053309494
2.1	0.1955296147957646
2.1125	0.194402218724459
2.125	0.19328757154181164
2.1375	0.19218548580503894
2.15	0.19109577734104194
2.1625	0.1900182651828574
2.175	0.1889527715074554
2.1875	0.18789912157483554
2.2	0.18685714366838901
2.2125	0.18582666903653342
2.225	0.1848075318355378
2.2375	0.18379956907355366
2.25	0.18280262055581853
2.2625	0.18181652883097596
2.275	0.18084113913853941
2.2875	0.17987629935741914
2.3	0.17892185995553445
2.3125	0.17797767394045122
2.325	0.1770435968110548
2.3375	0.17611948651020234
2.35	0.17520520337836773
2.3625	0.17430061010822276
2.375	0.17340557170016607
2.3875	0.17251995541875062
2.4	0.17164363075001254
2.4125	0.17077646935966295
2.425	0.1699183450521509
2.4375	0.1690691337305334
2.45	0.16822871335719225
2.4625	0.16739696391532824
2.475	0.16657376737124205
2.4875	0.1657590076373916
2.5	0.16495257053617865
2.5125	0.16415434376447763
2.525	0.1633642168588878
2.5375	0.16258208116166245
2.55	0.16180782978736039
2.5625	0.16104135759012217
2.575	0.16028256113165104
2.5875	0.1595313386497937
2.6	0.15878759002778067
2.6125	0.15805121676406825
2.625	0.15732212194278142
2.6375	0.15660021020474535
2.65	0.1558853877191099
2.6625	0.15517756215550627
2.675	0.15447664265679806
2.6875	0.1537825398123296
2.7	0.15309516563173803
2.7125	0.152414433519261
2.725	0.15174025824856546
2.7375	0.15107255593806532
2.75	0.15041124402672784
2.7625	0.14975624125035394
2.775	0.14910746761832705
2.7875	0.14846484439081048
2.8	0.14782829405640277
2.8125	0.1471977403102205
2.825	0.14657310803241644
2.8375	0.14595432326710622
2.85	0.14534131320171523
2.8625	0.14473400614672335
2.875	0.14413233151579938
2.8875	0.14353621980632866
2.9	0.14294560258031289
2.9125	0.14236041244563422
2.925	0.1417805830376904
2.9375	0.1412060490013826
2.95	0.14063674597343923
2.9625	0.14007261056509668
2.975	0.13951358034509406
2.9875	0.13895959382301337
3.0	0.1384105904329233
3.0125	0.13786651051733814
3.025	0.13732729531149704
3.0375	0.13679288692791503
3.05	0.13626322834126187
3.0625	0.13573826337350142
3.075	0.1352179366793259
3.0875	0.13470219373186088
3.1	0.1341909808086523
3.1125	0.13368424497789685
3.125	0.13318193408495632
3.1375	0.13268399673911166
3.15	0.13219038230056038
3.1625	0.13170104086768508
3.175	0.13121592326452913
3.1875	0.13073498102852585
3.2	0.13025816639845547
3.2125	0.12978543230262124
3.225	0.12931673234725155
3.2375	0.12885202080511782
3.25	0.12839125260435977
3.2625	0.12793438331751936
3.275	0.12748136915078814
3.2875	0.12703216693343497
3.3	0.1265867341074514
3.3125	0.12614502871737024
3.325	0.12570700940027948
3.3375	0.1252726353760235
3.35	0.12484186643757574
3.3625	0.12441466294159882
3.375	0.12399098579916545
3.3875	0.1235707964666637
3.4	0.12315405693685678
3.4125	0.12274072973010729
3.425	0.12233077788577233
3.4375	0.12192416495374316
3.45	0.12152085498614221
3.4625	0.12112081252917312
3.475	0.12072400261511859
3.4875	0.12033039075447946
3.5	0.11993994292826175
3.5125	0.11955262558039186
3.525	0.11916840561028594
3.5375	0.11878725036553778
3.55	0.11840912763474323
3.5625	0.11803400564044912
3.575	0.11766185303224508
3.5875	0.11729263887995785
3.6	0.11692633266697733
3.6125	0.11656290428370072
3.625	0.11620232402109625
3.6375	0.11584456256437374
3.65	0.11548959098677557
3.6625	0.11513738074347424
3.675	0.11478790366557529
3.6875	0.11444113195423054
3.7	0.1140970381748584
3.7125	0.1137555952514522
3.725	0.11341677646100591
3.7375	0.1130805554280242
3.75	0.1127469061191405
3.7625	0.11241580283781485
3.775	0.11208722021914277
3.7875	0.1117611332247353
3.8	0.1114375171377053
3.8125	0.11111634755772894
3.825	0.11079760039620139
3.8375	0.11048125187146875
3.85	0.1101672785041506
3.8625	0.10985565711253663
3.875	0.10954636480806881
3.8875	0.10923937899089603
3.9	0.1089346773455088
3.9125	0.10863223783644751
3.925	0.1083320387040857
3.9375	0.1080340584604842
3.95	0.10773827588531605
3.9625	0.10744467002186163
3.975	0.10715322017307542
3.9875	0.1068639058977106
4.0	0.10657670700652187
4.0125	0.1062916035585215
4.025	0.10600857585730537
4.0375	0.10572760444744073
4.05	0.10544867011091218
4.0625	0.10517175386362954
4.075	0.10489683695199371
4.0875	0.10462390084952154
4.1	0.10435292725352568
4.1125	0.10408389808185332
4.125	0.10381679546967204
4.1375	0.1035516017663188
4.15	0.10328829953219591
4.1625	0.10302687153572058
4.175	0.10276730075032105
4.1875	0.10250957035149035
4.2	0.10225366371388031
4.2125	0.10199956440845162
4.225	0.10174725619966596
4.2375	0.10149672304272186
4.25	0.10124794908084668
4.2625	0.10100091864261831
4.275	0.10075561623934462
4.2875	0.10051202656247725
4.3	0.10027013448107039
4.3125	0.10002992503928249
4.325	0.0997913834539129
4.3375	0.09955449511198765
4.35	0.09931924556837647
4.3625	0.09908562054345216
4.375	0.09885360592078798
4.3875	0.09862318774488771
4.4	0.09839435221896264
4.4125	0.09816708570273117
4.425	0.09794137471026354
4.4375	0.0977172059078561
4.45	0.09749456611194372
4.4625	0.09727344228704099
4.475	0.09705382154372014
4.4875	0.09683569113661661
4.5	0.09661903846247345
4.5125	0.09640385105820874
4.525	0.09619011659901988
4.5375	0.09597782289651233
4.55	0.09576695789686736
4.5625	0.09555750967902249
4.575	0.09534946645290013
4.5875	0.09514281655764709
4.6	0.09493754845991358
4.6125	0.09473365075215166
4.625	0.0945311121509427
4.6375	0.09432992149535419
4.65	0.09413006774531647
4.6625	0.09393153998002712
4.675	0.09373432739638211
4.6875	0.09353841930742968
4.7	0.09334380514084495
4.7125	0.09315047443743371
4.725	0.09295841684965754
4.7375	0.09276762214017384
4.75	0.09257808018041454
4.7625	0.09238978094917134
4.775	0.09220271453120785
4.7875	0.09201687111589507
4.8	0.09183224099586602
4.8125	0.09164881456568891
4.825	0.09146658232056501
4.8375	0.09128553485503976
4.85	0.09110566286174136
4.8625	0.09092695713013087
4.875	0.09074940854527255
4.8875	0.09057300808663077
4.9	0.09039774682687109
4.9125	0.09022361593069486
4.925	0.09005060665367473
4.9375	0.08987871034112198
4.95	0.08970791842696364
4.9625	0.08953822243263454
4.975	0.08936961396599247
4.9875	0.08920208472024212
5.0	0.08903562647288236
5.0125	0.08887023108465919
5.025	0.08870589049854789
5.0375	0.08854259673873364
5.05	0.08838034190962239
5.0625	0.08821911819485391
5.075	0.08805891785634198
5.0875	0.08789973323331272
5.1	0.08774155674137318
5.1125	0.08758438087157912
5.125	0.08742819818953028
5.1375	0.08727300133446608
5.15	0.08711878301838007
5.1625	0.08696553602514932
5.175	0.08681325320967455
5.1875	0.08666192749702555
5.2	0.08651155188161395
5.2125	0.08636211942636352
5.225	0.0862136232618985
5.2375	0.08606605658574462
5.25	0.08591941266153727
5.2625	0.08577368481824739
5.275	0.08562886644940987
5.2875	0.08548495101236818
5.3	0.08534193202753139
5.3125	0.08519980307763651
5.325	0.08505855780702487
5.3375	0.08491818992092613
5.35	0.0847786931847557
5.3625	0.08464006142341753
5.375	0.08450228852062099
5.3875	0.08436536841820519
5.4	0.08422929511547066
5.4125	0.08409406266852441
5.425	0.08395966518963124
5.4375	0.0838260968465749
5.45	0.08369335186202906
5.4625	0.08356142451293432
5.475	0.083430309129883
5.4875	0.08330000009652173
5.5	0.08317049184894908
5.5125	0.08304177887512719
5.525	0.08291385571430533
5.5375	0.08278671695644492
5.55	0.08266035724165659
5.5625	0.08253477125964176
5.575	0.08240995374914456
5.5875	0.08228589949740922
5.6	0.08216260333964474
5.6125	0.082040060158499
5.625	0.08191826488353832
5.6375	0.08179721249073232
5.65	0.08167689800194854
5.6625	0.08155731648445058
5.675	0.08143846305040923
5.6875	0.08132033285641323
5.7	0.08120292110298584
5.7125	0.08108622303411608
5.725	0.08097023393679056
5.7375	0.08085494914052738
5.75	0.08074036401692752
5.7625	0.08062647397921872
5.775	0.08051327448181625
5.7875	0.08040076101988362
5.8	0.08028892912890193
5.8125	0.08017777438424052
5.825	0.08006729240073952
5.8375	0.07995747883229175
5.85	0.07984832937143167
5.8625	0.07973983974893745
5.875	0.0796320057334216
5.8875	0.07952482313094617
5.9	0.07941828778462316
5.9125	0.07931239557423968
5.925	0.07920714241587404
5.9375	0.07910252426151936
5.95	0.07899853709871797
5.9625	0.07889517695019341
5.975	0.07879243987349027
5.9875	0.0786903219606181
6.0	0.0785888193377034
6.0125	0.07848792816463536
6.025	0.07838764463472997
6.0375	0.07828796497438967
6.05	0.0781888854427667
6.0625	0.07809040233143619
6.075	0.07799251196407019
6.0875	0.07789521069611278
6.1	0.07779849491446668
6.1125	0.07770236103717572
6.125	0.07760680551311923
6.1375	0.07751182482169874
6.15	0.07741741547254372
6.1625	0.07732357400520902
6.175	0.07723029698887941
6.1875	0.07713758102207945
6.2	0.07704542273238583
6.2125	0.07695381877614413
6.225	0.07686276583818369
6.2375	0.07677226063154628
6.25	0.07668229989720955
6.2625	0.07659288040381411
6.275	0.07650399894740077
6.2875	0.07641565235114162
6.3	0.07632783746508424
6.3125	0.07624055116588864
6.325	0.07615379035657727
6.3375	0.0760675519662808
6.35	0.07598183294998918
6.3625	0.07589663028830697
6.375	0.07581194098721189
6.3875	0.07572776207781406
6.4	0.07564409061611764
6.4125	0.07556092368278755
6.425	0.07547825838291994
6.4375	0.07539609184581036
6.45	0.07531442122473202
6.4625	0.07523324369670707
6.475	0.07515255646229262
6.4875	0.07507235674535673
6.5	0.07499264179286638
6.5125	0.07491340887467365
6.525	0.07483465528330463
6.5375	0.0747563783337533
6.55	0.07467857536327326
6.5625	0.0746012437311774
6.575	0.07452438081863601
6.5875	0.07444798402847554
6.6	0.07437205078498908
6.6125	0.0742965785337353
6.625	0.07422156474135029
6.6375	0.0741470068953578
6.65	0.07407290250398398
6.6625	0.07399924909596672
6.675	0.07392604422037823
6.6875	0.07385328544644201
6.7	0.07378097036335225
6.7125	0.07370909658010126
6.725	0.07363766172529941
6.7375	0.07356666344700792
6.75	0.07349609941256323
6.7625	0.07342596730841099
6.775	0.07335626483993775
6.7875	0.07328698973130791
6.8	0.07321813972529581
6.8125	0.07314971258313113
6.825	0.07308170608433287
6.8375	0.07301411802655546
6.85	0.07294694622543202
6.8625	0.07288018851441926
6.875	0.0728138427446452
6.8875	0.07274790678476035
6.9	0.07268237852078403
6.9125	0.07261725585596243
6.925	0.0725525367106178
6.9375	0.07248821902200864
6.95	0.07242430074418375
6.9625	0.07236077984784198
6.975	0.0722976543201946
6.9875	0.0722349221648251
7.0	0.07217258140155434
7.0125	0.07211063006630299
7.025	0.07204906621096359
7.0375	0.07198788790326291
7.05	0.07192709322663385
7.0625	0.07186668028008605
7.075	0.07180664717807933
7.0875	0.07174699205039659
7.1	0.0716877130420185
7.1125	0.07162880831299921
7.125	0.07157027603834851
7.1375	0.07151211440790468
7.15	0.07145432162622069
7.1625	0.07139689591244196
7.175	0.07133983550019204
7.1875	0.07128313863745557
7.2	0.07122680358646336
7.2125	0.07117082862358316
7.225	0.07111521203919945
7.2375	0.07105995213761383
7.25	0.07100504723692558
7.2625	0.07095049566893
7.275	0.07089629577900579
7.2875	0.07084244592601414
7.3	0.0707889444821915
7.3125	0.07073578983304474
7.325	0.07068298037725024
7.3375	0.07063051452655256
7.35	0.07057839070566159
7.3625	0.07052660735215634
7.375	0.07047516291638348
7.3875	0.07042405586136401
7.4	0.07037328466269287
7.4125	0.0703228478084458
7.425	0.07027274379908653
7.4375	0.07022297114737047
7.45	0.07017352837825494
7.4625	0.07012441402880645
7.475	0.07007562664811166
7.4875	0.07002716479718969
7.5	0.06997902704889813
7.5125	0.06993121198785297
7.525	0.06988371821033453
7.5375	0.06983654432421087
7.55	0.0697896889488441
7.5625	0.06974315071501351
7.575	0.06969692826482862
7.5875	0.06965102025164967
7.6	0.06960542534000451
7.6125	0.06956014220551085
7.625	0.06951516953479486
7.6375	0.0694705060254129
7.65	0.06942615038577377
7.6625	0.06938210133506423
7.675	0.06933835760317043
7.6875	0.06929491793060123
7.7	0.06925178106841824
7.7125	0.0692089457781583
7.725	0.06916641083176217
7.7375	0.06912417501150313
7.75	0.06908223710991292
7.7625	0.06904059592971529
7.775	0.06899925028375185
7.7875	0.06895819899491672
7.8	0.06891744089608373
7.8125	0.06887697483004417
7.825	0.06883679964943552
7.8375	0.06879691421667718
7.85	0.06875731740390573
7.8625	0.06871800809290636
7.875	0.06867898517505391
7.8875	0.06864024755124616
7.9	0.0686017941318406
7.9125	0.06856362383659467
7.925	0.06852573559460276
7.9375	0.06848812834423512
7.95	0.0684508010330799
7.9625	0.06841375261788071
7.975	0.06837698206447923
7.9875	0.06834048834775776
8.0	0.06830427045157947
8.0125	0.06826832736873242
8.025	0.06823265810087673
8.0375	0.06819726165847967
8.05	0.06816213706077073
8.0625	0.06812728333568202
8.075	0.06809269951979244
8.0875	0.06805838465827814
8.1	0.06802433780485692
8.1125	0.06799055802173995
8.125	0.06795704437957319
8.1375	0.06792379595739283
8.15	0.06789081184257104
8.1625	0.0678580911307665
8.175	0.06782563292587689
8.1875	0.0677934363399871
8.2	0.06776150049332183
8.2125	0.06772982451419736
8.225	0.06769840753897581
8.2375	0.06766724871201743
8.25	0.06763634718563147
8.2625	0.06760570212003499
8.275	0.06757531268330323
8.2875	0.0675451780513291
8.3	0.0675152974077744
8.3125	0.06748566994402916
8.325	0.0674562948591666
8.3375	0.0674271713599014
8.35	0.0673982986605458
8.3625	0.0673696759829674
8.375	0.06734130255655248
8.3875	0.0673131776181575
8.4	0.06728530041207446
8.4125	0.06725767018998777
8.425	0.06723028621093516
8.4375	0.0672031477412702
8.45	0.06717625405462058
8.4625	0.06714960443185292
8.475	0.06712319816103238
8.4875	0.0670970345373875
8.5	0.0670711128632703
8.5125	0.06704543244812305
8.525	0.06701999260843867
8.5375	0.066994792667729
8.55	0.06696983195648538
8.5625	0.06694510981214769
8.575	0.0669206255790652
8.5875	0.0668963786084683
8.6	0.06687236825842928
8.6125	0.06684859389383219
8.625	0.06682505488633997
8.6375	0.06680175061436065
8.65	0.06677868046301524
8.6625	0.06675584382410875
8.675	0.06673324009609503
8.6875	0.06671086868404748
8.7	0.066688728999631
8.7125	0.06666682046106732
8.725	0.06664514249310678
8.7375	0.06662369452700215
8.75	0.06660247600047377
8.7625	0.0665814863576875
8.775	0.06656072504922035
8.7875	0.0665401915320358
8.8	0.06651988526945579
8.8125	0.06649980573113279
8.825	0.06647995239302325
8.8375	0.0664603247373613
8.85	0.066440922252632
8.8625	0.06642174443354643
8.875	0.06640279078101492
8.8875	0.06638406080212213
8.9	0.06636555401010386
8.9125	0.06634726992432029
8.925	0.06632920807023346
8.9375	0.0663113679793824
8.95	0.06629374918935983
8.9625	0.06627635124378965
8.975	0.06625917369230419
8.9875	0.0662422160905196
9.0	0.06622547800001563
9.0125	0.06620895898831504
9.025	0.06619265862885848
9.0375	0.06617657650098467
9.05	0.0661607121899119
9.0625	0.06614506528671327
9.075	0.06612963538830044
9.0875	0.06611442209739994
9.1	0.06609942502253646
9.1125	0.06608464377801179
9.125	0.06607007798388556
9.1375	0.06605572726595771
9.15	0.06604159125574827
9.1625	0.06602766959048269
9.175	0.06601396191306952
9.1875	0.06600046787208474
9.2	0.06598718712175464
9.2125	0.06597411932193924
9.225	0.0659612641381148
9.2375	0.06594862124135738
9.25	0.06593619030832738
9.2625	0.06592397102125214
9.275	0.0659119630679129
9.2875	0.06590016614162685
9.3	0.06588857994123276
9.3125	0.0658772041710793
9.325	0.06586603854100491
9.3375	0.06585508276632927
9.35	0.06584433656783603
9.3625	0.06583379967175967
9.375	0.06582347180977295
9.3875	0.06581335271897401
9.4	0.06580344214187084
9.4125	0.06579373982637436
9.425	0.06578424552578012
9.4375	0.06577495899876015
9.45	0.06576588000934963
9.4625	0.06575700832693493
9.475	0.06574834372624555
9.4875	0.06573988598733796
9.5	0.06573163489559052
9.5125	0.06572359024168994
9.525	0.06571575182161982
9.5375	0.06570811943665553
9.55	0.06570069289335033
9.5625	0.06569347200352642
9.575	0.06568645658426887
9.5875	0.06567964645791322
9.6	0.06567304145203925
9.6125	0.06566664139946073
9.625	0.06566044613821992
9.6375	0.0656544555115782
9.65	0.06564866936800708
9.6625	0.06564308756118374
9.675	0.06563770994998311
9.6875	0.06563253639846901
9.7	0.06562756677589103
9.7125	0.06562280095667475
9.725	0.06561823882041806
9.7375	0.06561388025188643
9.75	0.06560972514100274
9.7625	0.0656057733828468
9.775	0.0656020248776476
9.7875	0.06559847953077977
9.8	0.0655951372527577
9.8125	0.06559199795923412
9.825	0.06558906157099167
9.8375	0.06558632801394257
9.85	0.06558379721912423
9.8625	0.06558146912269588
9.875	0.06557934366593418
9.8875	0.06557742079523211
9.9	0.06557570046209685
9.9125	0.06557418262314402
9.925	0.06557286724010045
9.9375	0.06557175427979846
9.95	0.06557084371417686
9.9625	0.06557013552027743
9.975	0.06556962968024437
9.9875	0.06556932618132537
10.0	0.06556922501587
10.0125	0.06556932618132526
10.025	0.06556962968024409
10.0375	0.0655701355202774
10.05	0.06557084371417664
10.0625	0.0655717542797983
10.075	0.06557286724010032
10.0875	0.06557418262314392
10.1	0.06557570046209654
10.1125	0.06557742079523222
10.125	0.06557934366593424
10.1375	0.06558146912269575
10.15	0.06558379721912422
10.1625	0.0655863280139427
10.175	0.06558906157099169
10.1875	0.06559199795923404
10.2	0.06559513725275767
10.2125	0.06559847953077963
10.225	0.06560202487764771
10.2375	0.06560577338284698
10.25	0.06560972514100287
10.2625	0.06561388025188648
10.275	0.06561823882041802
10.2875	0.06562280095667483
10.3	0.06562756677589107
10.3125	0.06563253639846918
10.325	0.06563770994998318
10.3375	0.06564308756118395
10.35	0.06564866936800733
10.3625	0.06565445551157804
10.375	0.06566044613821988
10.3875	0.06566664139946073
10.4	0.06567304145203932
10.4125	0.06567964645791334
10.425	0.06568645658426918
10.4375	0.06569347200352636
10.45	0.06570069289335047
10.4625	0.06570811943665567
10.475	0.06571575182161969
10.4875	0.06572359024168999
10.5	0.06573163489559057
10.5125	0.06573988598733813
10.525	0.06574834372624574
10.5375	0.065757008326935
10.55	0.06576588000934978
10.5625	0.06577495899876032
10.575	0.0657842455257801
10.5875	0.06579373982637435
10.6	0.06580344214187077
10.6125	0.06581335271897394
10.625	0.06582347180977288
10.6375	0.06583379967175948
10.65	0.06584433656783602
10.6625	0.06585508276632941
10.675	0.06586603854100469
10.6875	0.06587720417107923
10.7	0.06588857994123264
10.7125	0.065900166141627
10.725	0.06591196306791298
10.7375	0.06592397102125211
10.75	0.06593619030832729
10.7625	0.06594862124135738
10.775	0.06596126413811473
10.7875	0.06597411932193924
10.8	0.06598718712175441
10.8125	0.06600046787208458
10.825	0.06601396191306938
10.8375	0.06602766959048281
10.85	0.06604159125574839
10.8625	0.06605572726595782
10.875	0.06607007798388582
10.8875	0.06608464377801192
10.9	0.06609942502253661
10.9125	0.06611442209740022
10.925	0.06612963538830065
10.9375	0.06614506528671335
10.95	0.06616071218991215
10.9625	0.06617657650098487
10.975	0.06619265862885837
10.9875	0.06620895898831505
11.0	0.06622547800001548
11.0125	0.06624221609051938
11.025	0.06625917369230419
11.0375	0.06627635124378982
11.05	0.06629374918935978
11.0625	0.06631136797938254
11.075	0.06632920807023351
11.0875	0.06634726992432044
11.1	0.06636555401010387
11.1125	0.0663840608021222
11.125	0.06640279078101499
11.1375	0.06642174443354652
11.15	0.06644092225263232
11.1625	0.06646032473736146
11.175	0.06647995239302332
11.1875	0.06649980573113277
11.2	0.06651988526945586
11.2125	0.06654019153203583
11.225	0.06656072504922048
11.2375	0.06658148635768753
11.25	0.06660247600047371
11.2625	0.06662369452700201
11.275	0.06664514249310671
11.2875	0.06666682046106732
11.3	0.06668872899963116
11.3125	0.06671086868404762
11.325	0.06673324009609523
11.3375	0.06675584382410873
11.35	0.06677868046301516
11.3625	0.06680175061436067
11.375	0.06682505488633994
11.3875	0.066848593893832
11.4	0.06687236825842946
11.4125	0.06689637860846838
11.425	0.06692062557906545
11.4375	0.06694510981214771
11.45	0.06696983195648534
11.4625	0.06699479266772901
11.475	0.06701999260843872
11.4875	0.06704543244812312
11.5	0.06707111286327028
11.5125	0.0670970345373874
11.525	0.06712319816103238
11.5375	0.06714960443185278
11.55	0.0671762540546204
11.5625	0.06720314774127016
11.575	0.06723028621093506
11.5875	0.0672576701899877
11.6	0.06728530041207459
11.6125	0.06731317761815758
11.625	0.06734130255655253
11.6375	0.06736967598296743
11.65	0.0673982986605457
11.6625	0.0674271713599013
11.675	0.06745629485916663
11.6875	0.06748566994402933
11.7	0.06751529740777434
11.7125	0.06754517805132915
11.725	0.06757531268330337
11.7375	0.06760570212003485
11.75	0.06763634718563159
11.7625	0.06766724871201742
11.775	0.0676984075389759
11.7875	0.06772982451419761
11.8	0.06776150049332196
11.8125	0.06779343633998719
11.825	0.06782563292587697
11.8375	0.06785809113076655
11.85	0.06789081184257119
11.8625	0.06792379595739297
11.875	0.0679570443795734
11.8875	0.06799055802174023
11.9	0.06802433780485719
11.9125	0.06805838465827838
11.925	0.06809269951979253
11.9375	0.06812728333568203
11.95	0.06816213706077087
11.9625	0.06819726165847974
11.975	0.06823265810087652
11.9875	0.0682683273687326
12.0	0.0683042704515793
12.0125	0.06834048834775765
12.025	0.06837698206447919
12.0375	0.06841375261788085
12.05	0.06845080103308004
12.0625	0.06848812834423514
12.075	0.06852573559460273
12.0875	0.06856362383659466
12.1	0.06860179413184068
12.1125	0.06864024755124622
12.125	0.06867898517505402
12.1375	0.06871800809290646
12.15	0.06875731740390575
12.1625	0.06879691421667736
12.175	0.0688367996494356
12.1875	0.06887697483004417
12.2	0.06891744089608369
12.2125	0.06895819899491662
12.225	0.06899925028375192
12.2375	0.0690405959297152
12.25	0.06908223710991303
12.2625	0.06912417501150314
12.275	0.06916641083176214
12.2875	0.06920894577815832
12.3	0.06925178106841831
12.3125	0.06929491793060123
12.325	0.06933835760317039
12.3375	0.06938210133506434
12.35	0.06942615038577378
12.3625	0.06947050602541294
12.375	0.06951516953479493
12.3875	0.06956014220551095
12.4	0.06960542534000458
12.4125	0.0696510202516497
12.425	0.06969692826482866
12.4375	0.06974315071501352
12.45	0.06978968894884421
12.4625	0.06983654432421103
12.475	0.06988371821033451
12.4875	0.06993121198785301
12.5	0.06997902704889819
12.5125	0.07002716479718987
12.525	0.07007562664811165
12.5375	0.0701244140288065
12.55	0.07017352837825491
12.5625	0.07022297114737056
12.575	0.0702727437990867
12.5875	0.07032284780844605
12.6	0.07037328466269299
12.6125	0.0704240558613642
12.625	0.07047516291638371
12.6375	0.07052660735215639
12.65	0.07057839070566164
12.6625	0.07063051452655253
12.675	0.07068298037725043
12.6875	0.07073578983304472
12.7	0.07078894448219163
12.7125	0.07084244592601427
12.725	0.07089629577900582
12.7375	0.07095049566893011
12.75	0.07100504723692555
12.7625	0.07105995213761374
12.775	0.07111521203919931
12.7875	0.07117082862358307
12.8	0.07122680358646342
12.8125	0.07128313863745556
12.825	0.0713398355001921
12.8375	0.07139689591244208
12.85	0.07145432162622083
12.8625	0.07151211440790477
12.875	0.07157027603834851
12.8875	0.0716288083129993
12.9	0.07168771304201856
12.9125	0.0717469920503966
12.925	0.07180664717807952
12.9375	0.0718666802800861
12.95	0.07192709322663388
12.9625	0.07198788790326283
12.975	0.07204906621096376
12.9875	0.07211063006630315
13.0	0.07217258140155443
13.0125	0.07223492216482537
13.025	0.07229765432019475
13.0375	0.07236077984784203
13.05	0.07242430074418393
13.0625	0.07248821902200878
13.075	0.07255253671061787
13.0875	0.07261725585596254
13.1	0.07268237852078419
13.1125	0.07274790678476048
13.125	0.0728138427446453
13.1375	0.07288018851441928
13.15	0.07294694622543188
13.1625	0.07301411802655541
13.175	0.07308170608433279
13.1875	0.07314971258313102
13.2	0.07321813972529594
13.2125	0.07328698973130779
13.225	0.0733562648399378
13.2375	0.07342596730841094
13.25	0.07349609941256308
13.2625	0.07356666344700778
13.275	0.07363766172529942
13.2875	0.0737090965801011
13.3	0.07378097036335234
13.3125	0.07385328544644203
13.325	0.07392604422037824
13.3375	0.07399924909596667
13.35	0.07407290250398404
13.3625	0.07414700689535801
13.375	0.07422156474135032
13.3875	0.07429657853373516
13.4	0.07437205078498912
13.4125	0.07444798402847572
13.425	0.07452438081863597
13.4375	0.07460124373117742
13.45	0.07467857536327331
13.4625	0.07475637833375322
13.475	0.07483465528330452
13.4875	0.07491340887467375
13.5	0.07499264179286644
13.5125	0.07507235674535662
13.525	0.07515255646229277
13.5375	0.07523324369670704
13.55	0.07531442122473203
13.5625	0.0753960918458105
13.575	0.07547825838291986
13.5875	0.07556092368278756
13.6	0.07564409061611749
13.6125	0.07572776207781406
13.625	0.075811940987212
13.6375	0.07589663028830702
13.65	0.07598183294998906
13.6625	0.07606755196628084
13.675	0.07615379035657735
13.6875	0.07624055116588861
13.7	0.07632783746508422
13.7125	0.07641565235114169
13.725	0.0765039989474007
13.7375	0.07659288040381415
13.75	0.07668229989720957
13.7625	0.07677226063154646
13.775	0.07686276583818379
13.7875	0.0769538187761443
13.8	0.07704542273238595
13.8125	0.07713758102207945
13.825	0.07723029698887941
13.8375	0.07732357400520902
13.85	0.07741741547254369
13.8625	0.0775118248216988
13.875	0.07760680551311916
13.8875	0.07770236103717587
13.9	0.07779849491446669
13.9125	0.07789521069611274
13.925	0.0779925119640703
13.9375	0.07809040233143627
13.95	0.07818888544276666
13.9625	0.07828796497438967
13.975	0.07838764463473002
13.9875	0.07848792816463532
14.0	0.07858881933770334
14.0125	0.0786903219606182
14.025	0.07879243987349034
14.0375	0.07889517695019348
14.05	0.07899853709871796
14.0625	0.07910252426151941
14.075	0.07920714241587408
14.0875	0.07931239557423964
14.1	0.07941828778462319
14.1125	0.07952482313094597
14.125	0.07963200573342159
14.1375	0.07973983974893739
14.15	0.07984832937143152
14.1625	0.07995747883229166
14.175	0.0800672924007395
14.1875	0.08017777438424055
14.2	0.08028892912890198
14.2125	0.08040076101988358
14.225	0.0805132744818161
14.2375	0.0806264739792187
14.25	0.08074036401692754
14.2625	0.08085494914052735
14.275	0.08097023393679041
14.2875	0.08108622303411601
14.3	0.08120292110298578
14.3125	0.08132033285641321
14.325	0.08143846305040932
14.3375	0.08155731648445046
14.35	0.08167689800194859
14.3625	0.0817972124907325
14.375	0.08191826488353829
14.3875	0.08204006015849903
14.4	0.08216260333964479
14.4125	0.08228589949740915
14.425	0.08240995374914445
14.4375	0.08253477125964176
14.45	0.08266035724165667
14.4625	0.08278671695644493
14.475	0.08291385571430553
14.4875	0.08304177887512736
14.5	0.08317049184894915
14.5125	0.08330000009652183
14.525	0.08343030912988295
14.5375	0.08356142451293433
14.55	0.0836933518620292
14.5625	0.08382609684657488
14.575	0.08395966518963124
14.5875	0.08409406266852432
14.6	0.08422929511547089
14.6125	0.08436536841820529
14.625	0.08450228852062114
14.6375	0.08464006142341753
14.65	0.08477869318475577
14.6625	0.08491818992092619
14.675	0.08505855780702497
14.6875	0.08519980307763671
14.7	0.08534193202753153
14.7125	0.08548495101236811
14.725	0.08562886644940994
14.7375	0.08577368481824758
14.75	0.0859194126615375
14.7625	0.08606605658574473
14.775	0.08621362326189859
14.7875	0.08636211942636339
14.8	0.08651155188161412
14.8125	0.0866619274970255
14.825	0.08681325320967441
14.8375	0.08696553602514925
14.85	0.08711878301838007
14.8625	0.08727300133446615
14.875	0.08742819818953028
14.8875	0.08758438087157919
14.9	0.0877415567413732
14.9125	0.08789973323331281
14.925	0.08805891785634193
14.9375	0.08821911819485398
14.95	0.08838034190962216
14.9625	0.08854259673873366
14.975	0.08870589049854789
14.9875	0.08887023108465916
15.0	0.08903562647288232
15.0125	0.08920208472024205
15.025	0.0893696139659924
15.0375	0.08953822243263447
15.05	0.08970791842696373
15.0625	0.08987871034112202
15.075	0.09005060665367481
15.0875	0.09022361593069499
15.1	0.0903977468268711
15.1125	0.09057300808663077
15.125	0.09074940854527255
15.1375	0.09092695713013092
15.15	0.09110566286174143
15.1625	0.09128553485503979
15.175	0.09146658232056495
15.1875	0.09164881456568887
15.2	0.09183224099586611
15.2125	0.09201687111589497
15.225	0.09220271453120783
15.2375	0.0923897809491714
15.25	0.09257808018041457
15.2625	0.09276762214017385
15.275	0.09295841684965751
15.2875	0.09315047443743385
15.3	0.09334380514084516
15.3125	0.09353841930742973
15.325	0.09373432739638217
15.3375	0.09393153998002722
15.35	0.09413006774531653
15.3625	0.09432992149535431
15.375	0.09453111215094272
15.3875	0.09473365075215176
15.4	0.09493754845991363
15.4125	0.09514281655764721
15.425	0.09534946645290021
15.4375	0.09555750967902239
15.45	0.09576695789686725
15.4625	0.09597782289651233
15.475	0.09619011659901977
15.4875	0.09640385105820877
15.5	0.09661903846247345
15.5125	0.09683569113661647
15.525	0.09705382154372011
15.5375	0.09727344228704098
15.55	0.09749456611194378
15.5625	0.09771720590785617
15.575	0.09794137471026354
15.5875	0.09816708570273106
15.6	0.09839435221896278
15.6125	0.09862318774488778
15.625	0.09885360592078803
15.6375	0.09908562054345216
15.65	0.09931924556837651
15.6625	0.09955449511198744
15.675	0.09979138345391292
15.6875	0.10002992503928243
15.7	0.1002701344810704
15.7125	0.10051202656247712
15.725	0.10075561623934469
15.7375	0.10100091864261834
15.75	0.10124794908084665
15.7625	0.10149672304272198
15.775	0.10174725619966594
15.7875	0.10199956440845163
15.8	0.10225366371388041
15.8125	0.10250957035149028
15.825	0.10276730075032096
15.8375	0.10302687153572068
15.85	0.10328829953219588
15.8625	0.10355160176631871
15.875	0.10381679546967204
15.8875	0.1040838980818533
15.9	0.10435292725352567
15.9125	0.10462390084952149
15.925	0.10489683695199364
15.9375	0.10517175386362958
15.95	0.10544867011091229
15.9625	0.10572760444744077
15.975	0.10600857585730528
15.9875	0.10629160355852153
16.0	0.10657670700652175
16.0125	0.10686390589771061
16.025	0.10715322017307542
16.0375	0.10744467002186174
16.05	0.10773827588531615
16.0625	0.10803405846048433
16.075	0.10833203870408568
16.0875	0.10863223783644751
16.1	0.10893467734550895
16.1125	0.10923937899089618
16.125	0.10954636480806879
16.1375	0.10985565711253671
16.15	0.11016727850415058
16.1625	0.11048125187146891
16.175	0.11079760039620132
16.1875	0.11111634755772899
16.2	0.1114375171377052
16.2125	0.11176113322473522
16.225	0.11208722021914266
16.2375	0.11241580283781484
16.25	0.1127469061191405
16.2625	0.1130805554280242
16.275	0.11341677646100588
16.2875	0.11375559525145232
16.3	0.1140970381748585
16.3125	0.11444113195423068
16.325	0.11478790366557527
16.3375	0.11513738074347421
16.35	0.11548959098677572
16.3625	0.11584456256437377
16.375	0.11620232402109627
16.3875	0.11656290428370086
16.4	0.11692633266697734
16.4125	0.11729263887995788
16.425	0.1176618530322452
16.4375	0.11803400564044905
16.45	0.11840912763474312
16.4625	0.11878725036553782
16.475	0.1191684056102869
16.4875	0.11955262558039233
16.5	0.11993994292826154
16.5125	0.12033039075447967
16.525	0.1207240026151188
16.5375	0.12112081252917353
16.55	0.12152085498614291
16.5625	0.12192416495374413
16.575	0.12233077788577301
16.5875	0.12274072973010725
16.6	0.12315405693685684
16.6125	0.12357079646666394
16.625	0.12399098579916545
16.6375	0.12441466294159825
16.65	0.12484186643757512
16.6625	0.12527263537602368
16.675	0.12570700940027993
16.6875	0.1261450287173704
16.7	0.1265867341074516
16.7125	0.1270321669334351
16.725	0.12748136915078823
16.7375	0.12793438331751936
16.75	0.12839125260435957
16.7625	0.1288520208051183
16.775	0.12931673234725172
16.7875	0.12978543230262105
16.8	0.1302581663984558
16.8125	0.1307349810285262
16.825	0.1312159232645292
16.8375	0.1317010408676851
16.85	0.13219038230056088
16.8625	0.13268399673911233
16.875	0.13318193408495643
16.8875	0.13368424497789763
16.9	0.13419098080865208
16.9125	0.13470219373186143
16.925	0.1352179366793265
16.9375	0.1357382633735017
16.95	0.1362632283412619
16.9625	0.13679288692791525
16.975	0.13732729531149732
16.9875	0.13786651051733825
17.0	0.13841059043292295
17.0125	0.1389595938230134
17.025	0.1395135803450942
17.0375	0.1400726105650969
17.05	0.14063674597343914
17.0625	0.14120604900138264
17.075	0.1417805830376903
17.0875	0.14236041244563444
17.1	0.1429456025803131
17.1125	0.14353621980632872
17.125	0.1441323315157991
17.1375	0.14473400614672333
17.15	0.14534131320171517
17.1625	0.14595432326710653
17.175	0.1465731080324166
17.1875	0.1471977403102204
17.2	0.14782829405640296
17.2125	0.14846484439081065
17.225	0.1491074676183271
17.2375	0.14975624125035417
17.25	0.15041124402672798
17.2625	0.15107255593806534
17.275	0.15174025824856546
17.2875	0.15241443351926112
17.3	0.15309516563173828
17.3125	0.15378253981232973
17.325	0.1544766426567983
17.3375	0.15517756215550646
17.35	0.15588538771910987
17.3625	0.1566002102047454
17.375	0.15732212194278147
17.3875	0.15805121676406844
17.4	0.15878759002778087
17.4125	0.15953133864979402
17.425	0.16028256113165132
17.4375	0.16104135759012217
17.45	0.16180782978736072
17.4625	0.16258208116166228
17.475	0.163364216858888
17.4875	0.1641543437644777
17.5	0.16495257053617843
17.5125	0.16575900763739163
17.525	0.16657376737124194
17.5375	0.1673969639153283
17.55	0.16822871335719264
17.5625	0.16906913373053345
17.575	0.16991834505215084
17.5875	0.17077646935966304
17.6	0.17164363075001238
17.6125	0.1725199554187508
17.625	0.17340557170016618
17.6375	0.17430061010822256
17.65	0.17520520337836798
17.6625	0.17611948651020237
17.675	0.1770435968110548
17.6875	0.1779776739404516
17.7	0.17892185995553456
17.7125	0.1798762993574191
17.725	0.18084113913853975
17.7375	0.1818165288309763
17.75	0.18280262055581858
17.7625	0.18379956907355374
17.775	0.18480753183553775
17.7875	0.18582666903653378
17.8	0.18685714366838932
17.8125	0.18789912157483554
17.825	0.18895277150745524
17.8375	0.19001826518285736
17.85	0.19109577734104202
17.8625	0.192185485805039
17.875	0.1932875715418114
17.8875	0.1944022187244589
17.9	0.1955296147957645
17.9125	0.19666995053309516
17.925	0.1978234201147178
17.9375	0.1989902211875174
17.95	0.20017055493620176
17.9625	0.20136462615397907
17.975	0.20257264331478772
17.9875	0.20379481864706758
18.0	0.20503136820914927
18.0125	0.2062825119662811
18.025	0.20754847386931616
18.0375	0.20882948193513828
18.05	0.2101257683288179
18.0625	0.2114375694475888
18.075	0.21276512600664593
18.0875	0.21410868312682912
18.1	0.21546849042423705
18.1125	0.21684480210180032
18.125	0.21823787704288425
18.1375	0.21964797890694723
18.15	0.22107537622730958
18.1625	0.22252034251109898
18.175	0.22398315634139168
18.1875	0.22546410148163104
18.2	0.22696346698236206
18.2125	0.2284815472903422
18.225	0.23001864236007666
18.2375	0.231575057767858
18.25	0.23315110482833754
18.2625	0.23474710071371302
18.275	0.23636336857558696
18.2875	0.2380002376695627
18.3	0.2396580434826428
18.3125	0.2413371278634845
18.325	0.24303783915559946
18.3375	0.2447605323335692
18.35	0.24650556914232863
18.3625	0.2482733182396012
18.375	0.2500641553415931
18.3875	0.251878463371954
18.4	0.25371663261415683
18.4125	0.2555790608673464
18.425	0.25746615360573377
18.4375	0.2593783241416328
18.45	0.26131599379224035
18.4625	0.2632795920502365
18.475	0.26526955675827657
18.4875	0.26728633428753545
18.5	0.26933037972033247
18.5125	0.27140215703696746
18.525	0.2735021393068997
18.5375	0.2756308088843034
18.55	0.27778865760819366
18.5625	0.279976187007173
18.575	0.28219390850894566
18.5875	0.28444234365468124
18.6	0.2867220243184155
18.6125	0.28903349293153646
18.625	0.29137730271251955
18.6375	0.29375401790207
18.65	0.29616421400373794
18.6625	0.2986084780302018
18.675	0.3010874087553502
18.6875	0.30360161697227817
18.7	0.306151725757397
18.7125	0.3087383707407448
18.725	0.31136220038272316
18.7375	0.31402387625736994
18.75	0.31672407334236796
18.7625	0.3194634803159278
18.775	0.32224279986075266
18.7875	0.3250627489752332
18.8	0.32792405929207624
18.8125	0.33082747740454954
18.825	0.3337737652005358
18.8375	0.3367637002046096
18.85	0.33979807592829436
18.8625	0.34287770222878405
18.875	0.34600340567627635
18.8875	0.34917602993016894
18.9	0.35239643612436095
18.9125	0.3556655032618596
18.925	0.35898412861895485
18.9375	0.362353228159196
18.95	0.365773736957436
18.9625	0.3692466096341986
18.975	0.37277282080062407
18.9875	0.37635336551427884
19.0	0.3799892597461228
19.0125	0.3836815408588881
19.025	0.38743126809721773
19.0375	0.3912395230898017
19.05	0.39510741036390845
19.0625	0.3990360578725646
19.075	0.40302661753471913
19.0875	0.40708026578882417
19.1	0.4111982041600231
19.1125	0.4153816598414566
19.125	0.4196318862899753
19.1375	0.42395016383666273
19.15	0.4283378003125265
19.1625	0.4327961316898416
19.175	0.4373265227394533
19.1875	0.4419303677045312
19.2	0.44660909099121004
19.2125	0.4513641478765227
19.225	0.4561970252341205
19.2375	0.4611092422782612
19.25	0.4661023513265037
19.2625	0.47117793858167767
19.275	0.47633762493357484
19.2875	0.4815830667809467
19.3	0.4869159568743093
19.3125	0.49233802518011693
19.325	0.49785103976697304
19.3375	0.5034568077142942
19.35	0.5091571760441621
19.3625	0.5149540326770022
19.375	0.5208493074116441
19.3875	0.5268449729304411
19.4	0.5329430458302535
19.4125	0.5391455876797856
19.425	0.5454547061041487
19.4375	0.5518725558973654
19.45	0.5584013401635585
19.4625	0.5650433114875265
19.475	0.5718007731356936
19.4875	0.5786760802880594
19.5	0.5856716413021767
19.5125	0.5927899190098848
19.525	0.6000334320477909
19.5375	0.607404756222415
19.55	0.6149065259108677
19.5625	0.6225414354982318
19.575	0.6303122408523707
19.5875	0.6382217608375346
19.6	0.6462728788674791
19.6125	0.6544685444995628
19.625	0.6628117750705975
19.6375	0.6713056573759214
19.65	0.6799533493926371
19.6625	0.6887580820484703
19.675	0.69772316103731
19.6875	0.706851968682906
19.7	0.7161479658519398
19.7125	0.7256146939179582
19.725	0.7352557767774718
19.7375	0.7450749229197924
19.75	0.7550759275520403
19.7625	0.7652626747809034
19.775	0.7756391398527631
19.7875	0.7862093914537318
19.8	0.7969775940714799
19.8125	0.8079480104203416
19.825	0.8191250039317309
19.8375	0.830513041311527
19.85	0.8421166951664845
19.8625	0.853940646701428
19.875	0.8659896884895101
19.8875	0.8782687273172868
19.9	0.8907827871070163
19.9125	0.9035370119182381
19.925	0.9165366690309018
19.9375	0.9297871521123936
19.95	0.9432939844708992
19.9625	0.9570628223974266
19.975	0.9710994585993141
19.9875	0.9854098257273685
20.0	0.9999999999999528
