0.0	0.9999999999997965
0.00625	0.9927072674395362
0.0125	0.9854850402978159
0.01875	0.9783325480712532
0.025	0.9712490294569239
0.03125	0.9642337322346292
0.0375	0.9572859131505586
0.04375	0.9504048378026679
0.05	0.9435897805276514
0.05625	0.9368400242891801
0.0625	0.9301548605680721
0.06875	0.9235335892535403
0.075	0.9169755185362771
0.08125	0.9104799648025536
0.0875	0.9040462525302257
0.09375	0.8976737141858199
0.1	0.8913616901230486
0.10625	0.88510952848286
0.1125	0.8789165850946092
0.11875	0.872782223378749
0.125	0.8667058142508557
0.13125	0.8606867360263245
0.1375	0.8547243743276093
0.14375	0.8488181219914809
0.15	0.8429673789780728
0.15625	0.837171552281175
0.1625	0.831430055839545
0.16875	0.8257423104495478
0.175	0.8201077436789043
0.18125	0.8145257897815411
0.1875	0.8089958896137185
0.19375	0.8035174905511279
0.2	0.7980900464072203
0.20625	0.7927130173525004
0.2125	0.787385869835024
0.21875	0.7821080765018001
0.225	0.7768791161214107
0.23125	0.771698473507555
0.2375	0.7665656394435664
0.24375	0.7614801106080943
0.25	0.7564413895015536
0.25625	0.751448984373773
0.2625	0.7465024091524158
0.26875	0.7416011833724664
0.275	0.7367448321065612
0.28125	0.7319328858963547
0.2875	0.7271648806846331
0.29375	0.7224403577485246
0.3	0.7177588636333414
0.30625	0.7131199500875408
0.3125	0.7085231739984078
0.31875	0.7039680973285403
0.325	0.6994542870533343
0.33125	0.6949813150991232
0.3375	0.6905487582822021
0.34375	0.6861561982486954
0.35	0.6818032214150967
0.35625	0.6774894189097267
0.3625	0.6732143865148096
0.36875	0.668977724609439
0.375	0.6647790381131885
0.38125	0.6606179364305733
0.3875	0.6564940333960726
0.39375	0.6524069472200319
0.4	0.6483563004351691
0.40625	0.6443417198438298
0.4125	0.6403628364658357
0.41875	0.6364192854872077
0.425	0.6325107062093308
0.43125	0.628636741998893
0.4375	0.6247970402385021
0.44375	0.6209912522777935
0.45	0.6172190333854483
0.45625	0.6134800427015089
0.4625	0.6097739431905133
0.46875	0.6061004015951601
0.475	0.6024590883907116
0.48125	0.5988496777396768
0.4875	0.5952718474474177
0.49375	0.5917252789181567
0.5	0.5882096571115144
0.50625	0.5847246704997413
0.5125	0.5812700110253899
0.51875	0.5778453740595342
0.525	0.5744504583606338
0.53125	0.57108496603377
0.5375	0.5677486024905604
0.54375	0.5644410764094356
0.55	0.5611620996965424
0.55625	0.5579113874470931
0.5625	0.5546886579072132
0.56875	0.5514936324363048
0.575	0.548326035469826
0.58125	0.545185594482635
0.5875	0.5420720399526977
0.59375	0.5389851053253758
0.6	0.5359245269780291
0.60625	0.5328900441852319
0.6125	0.5298813990842598
0.61875	0.5268983366411628
0.625	0.5239406046171481
0.63125	0.5210079535355165
0.6375	0.5181001366488691
0.64375	0.5152169099068418
0.65	0.51235803192423
0.65625	0.5095232639494576
0.6625	0.5067123698335396
0.66875	0.5039251159993048
0.675	0.5011612714111515
0.68125	0.4984206075450949
0.6875	0.4957028983591801
0.69375	0.49300792026434903
0.7	0.4903354520956036
0.70625	0.48768527508353954
0.7125	0.48505717282624095
0.71875	0.48245093126159616
0.725	0.479866338639828
0.73125	0.47730318549648554
0.7375	0.474761264625701
0.74375	0.47224037105382616
0.75	0.4697403020133845
0.75625	0.46726085691731156
0.7625	0.4648018373335946
0.76875	0.46236304696014885
0.775	0.459944291600058
0.78125	0.4575453791371062
0.7875	0.4551661195116085
0.79375	0.4528063246965341
0.8	0.45046580867398966
0.80625	0.4481443874118418
0.8125	0.4458418788408692
0.81875	0.4435581028319658
0.825	0.4412928811737181
0.83125	0.43904603755032495
0.8375	0.43681739751968945
0.84375	0.43460678849182416
0.85	0.4324140397074038
0.85625	0.4302389822169698
0.8625	0.42808144885989124
0.86875	0.42594127424386546
0.875	0.4238182947246616
0.88125	0.4217123483860129
0.8875	0.41962327501985125
0.89375	0.41755091610673084
0.9	0.4154951147965064
0.90625	0.4134557158892485
0.9125	0.4114325658163859
0.91875	0.40942551262211724
0.925	0.40743440594496977
0.93125	0.40545909699966964
0.9375	0.403499438559175
0.94375	0.401555284936978
0.95	0.39962649196953914
0.95625	0.397712916999048
0.9625	0.3958144188563043
0.96875	0.39393085784384924
0.975	0.3920620957192913
0.98125	0.3902079956788192
0.9875	0.3883684223409668
0.99375	0.3865432417304951
1.0	0.38473232126253765
1.00625	0.3829355297269278
1.0125	0.38115273727266546
1.01875	0.3793838153926257
1.025	0.3776286369084457
1.03125	0.37588707595556925
1.0375	0.3741590079684748
1.04375	0.372444309666116
1.05	0.37074285903747756
1.05625	0.369054535327406
1.0625	0.3673792190224626
1.06875	0.36571679183707556
1.075	0.36406713669982665
1.08125	0.362430137739843
1.0875	0.36080568027344156
1.09375	0.3591936507908402
1.1	0.35759393694313746
1.10625	0.3560064275293168
1.1125	0.35443101248354186
1.11875	0.3528675828625061
1.125	0.3513160308329532
1.13125	0.34977624965938764
1.1375	0.3482481336918811
1.14375	0.34673157835406004
1.15	0.3452264801312004
1.15625	0.34373273655852016
1.1625	0.342250246209547
1.16875	0.34077890868465216
1.175	0.33931862459973516
1.18125	0.3378692955750367
1.1875	0.3364308242240426
1.19375	0.3350031141425852
1.2	0.3335860698980263
1.20625	0.33217959701857863
1.2125	0.3307836019827763
1.21875	0.3293979922090158
1.225	0.3280226760453011
1.23125	0.32665756275901736
1.2375	0.32530256252690826
1.24375	0.32395758642511285
1.25	0.3226225464193414
1.25625	0.3212973553551724
1.2625	0.3199819269484527
1.26875	0.31867617577582236
1.275	0.31738001726534104
1.28125	0.3160933676872035
1.2875	0.3148161441446148
1.29375	0.3135482645647465
1.3	0.31228964768975204
1.30625	0.31104021306798796
1.3125	0.30979988104521433
1.31875	0.3085685727560456
1.325	0.30734621011534374
1.33125	0.3061327158098229
1.3375	0.30492801328971475
1.34375	0.3037320267605066
1.35	0.30254468117483696
1.35625	0.3013659022244296
1.3625	0.3001956163321129
1.36875	0.29903375064401866
1.375	0.29788023302176486
1.38125	0.29673499203477
1.3875	0.2955979569527119
1.39375	0.294469057737951
1.4	0.29334822503818814
1.40625	0.2922353901790689
1.4125	0.29113048515697876
1.41875	0.29003344263185943
1.425	0.2889441959201159
1.43125	0.2878626789876431
1.4375	0.2867888264429014
1.44375	0.2857225735300507
1.45	0.2846638561222102
1.45625	0.283612610714761
1.4625	0.28256877441877687
1.46875	0.2815322849544177
1.475	0.28050308064453777
1.48125	0.27948110040828084
1.4875	0.2784662837547618
1.49375	0.2774585707768343
1.5	0.27645790214491245
1.50625	0.2754642191008817
1.5125	0.2744774634520957
1.51875	0.2734975775653638
1.525	0.27252450436109704
1.53125	0.27155818730747416
1.5375	0.2705985704146775
1.54375	0.26964559822920736
1.55	0.268699215828241
1.55625	0.2677593688140946
1.5625	0.266826003308673
1.56875	0.2658990659480842
1.575	0.26497850387722277
1.58125	0.26406426474445693
1.5875	0.2631562966963906
1.59375	0.2622545483726479
1.6	0.2613589689007259
1.60625	0.2604695078909323
1.6125	0.259586115431361
1.61875	0.25870874208288286
1.625	0.25783733887430604
1.63125	0.2569718572974178
1.6375	0.25611224930229093
1.64375	0.255258467292472
1.65	0.25441046412027385
1.65625	0.2535681930821583
1.6625	0.2527316079141581
1.66875	0.2519006627873042
1.675	0.25107531230314956
1.68125	0.2502555114893261
1.6875	0.24944121579517153
1.69375	0.24863238108734756
1.7	0.24782896364559914
1.70625	0.24703092015847652
1.7125	0.24623820771913696
1.71875	0.245450783821196
1.725	0.2446686063546311
1.73125	0.24389163360172597
1.7375	0.24311982423303038
1.74375	0.2423531373034284
1.75	0.24159153224814964
1.75625	0.24083496887896588
1.7625	0.24008340738027797
1.76875	0.23933680830537465
1.775	0.2385951325726381
1.78125	0.23785834146184667
1.7875	0.23712639661049031
1.79375	0.23639926001016434
1.8	0.2356768940029249
1.80625	0.2349592612778016
1.8125	0.23424632486721392
1.81875	0.23353804814355716
1.825	0.23283439481572363
1.83125	0.2321353289257143
1.8375	0.23144081484526577
1.84375	0.23075081727254468
1.85	0.23006530122885405
1.85625	0.22938423205535594
1.8625	0.2287075754098825
1.86875	0.22803529726372299
1.875	0.22736736389850365
1.88125	0.22670374190305984
1.8875	0.22604439817033634
1.89375	0.22538929989438258
1.9	0.22473841456730895
1.90625	0.22409170997631586
1.9125	0.2234491542007185
1.91875	0.22281071560907764
1.925	0.22217636285628256
1.93125	0.2215460648806998
1.9375	0.22091979090135513
1.94375	0.220297510415143
1.95	0.21967919319405535
1.95625	0.21906480928245495
1.9625	0.21845432899436976
1.96875	0.2178477229108566
1.975	0.21724496187721992
1.98125	0.21664601700059286
1.9875	0.216050859647219
1.99375	0.2154594614399225
2.0	0.21487179425556555
2.00625	0.2142878302225663
2.0125	0.21370754171839698
2.01875	0.2131309013671422
2.025	0.2125578820370664
2.03125	0.21198845683822357
2.0375	0.21142259912006345
2.04375	0.2108602824691102
2.05	0.21030148070660443
2.05625	0.20974616788623518
2.0625	0.20919431829184518
2.06875	0.20864590643518657
2.075	0.20810090705369275
2.08125	0.20755929510828
2.0875	0.20702104578116007
2.09375	0.20648613447368416
2.1	0.20595453680422235
2.10625	0.205426228606029
2.1125	0.2049011859251772
2.11875	0.2043793850184853
2.125	0.2038608023514626
2.13125	0.2033454145962965
2.1375	0.20283319862984975
2.14375	0.2023241315316729
2.15	0.20181819058205977
2.15625	0.20131535326008584
2.1625	0.20081559724171777
2.16875	0.20031890039788322
2.175	0.19982524079262462
2.18125	0.19933459668121312
2.1875	0.19884694650833531
2.19375	0.1983622689062519
2.2	0.19788054269300134
2.20625	0.19740174687063064
2.2125	0.19692586062342146
2.21875	0.19645286331614667
2.225	0.19598273449234693
2.23125	0.1955154538726182
2.2375	0.19505100135292694
2.24375	0.19458935700293425
2.25	0.19413050106433913
2.25625	0.19367441394923937
2.2625	0.1932210762385206
2.26875	0.19277046868024464
2.275	0.19232257218804838
2.28125	0.19187736783960432
2.2875	0.1914348368750449
2.29375	0.1909949606954132
2.3	0.19055772086117495
2.30625	0.19012309909067798
2.3125	0.18969107725868214
2.31875	0.18926163739487686
2.325	0.1888347616824089
2.33125	0.1884104324564694
2.3375	0.1879886322028242
2.34375	0.18756934355642588
2.35	0.1871525493000018
2.35625	0.18673823236266443
2.3625	0.1863263758185597
2.36875	0.18591696288547577
2.375	0.185509976923526
2.38125	0.18510540143381024
2.3875	0.1847032200570883
2.39375	0.18430341657250052
2.4	0.18390597489624916
2.40625	0.1835108790803432
2.4125	0.18311811331132793
2.41875	0.18272766190903067
2.425	0.18233950932533002
2.43125	0.18195364014292667
2.4375	0.18157003907413177
2.44375	0.1811886909596603
2.45	0.18080958076746217
2.45625	0.1804326935915216
2.4625	0.18005801465071497
2.46875	0.17968552928764414
2.475	0.17931522296750002
2.48125	0.17894708127694303
2.4875	0.178581089922968
2.49375	0.17821723473181483
2.5	0.17785550164786343
2.50625	0.17749587673256434
2.5125	0.17713834616334587
2.51875	0.17678289623256996
2.525	0.17642951334646204
2.53125	0.17607818402410064
2.5375	0.17572889489636023
2.54375	0.17538163270489363
2.55	0.17503638430115012
2.55625	0.1746931366453368
2.5625	0.17435187680546818
2.56875	0.1740125919563557
2.575	0.1736752693786604
2.58125	0.1733398964579204
2.5875	0.17300646068361364
2.59375	0.17267494964820326
2.6	0.1723453510462113
2.60625	0.17201765267331448
2.6125	0.17169184242540672
2.61875	0.17136790829771315
2.625	0.17104583838388368
2.63125	0.17072562087511903
2.6375	0.17040724405929525
2.64375	0.17009069632008447
2.65	0.16977596613610618
2.65625	0.16946304208007715
2.6625	0.16915191281796482
2.66875	0.1688425671081527
2.675	0.16853499380062803
2.68125	0.16822918183614677
2.6875	0.1679251202454394
2.69375	0.16762279814840544
2.7	0.16732220475331444
2.70625	0.16702332935604214
2.7125	0.16672616133926102
2.71875	0.16643069017170356
2.725	0.16613690540737283
2.73125	0.16584479668482002
2.7375	0.1655543537263565
2.74375	0.16526556633735331
2.75	0.16497842440548743
2.75625	0.1646929179000282
2.7625	0.1644090368711127
2.76875	0.16412677144903232
2.775	0.16384611184353728
2.78125	0.16356704834314037
2.7875	0.16328957131441935
2.79375	0.1630136712013428
2.8	0.16273933852458725
2.80625	0.1624665638808692
2.8125	0.1621953379422904
2.81875	0.1619256514556639
2.825	0.16165749524188394
2.83125	0.16139086019526722
2.8375	0.16112573728291932
2.84375	0.16086211754411764
2.85	0.1605999920896578
2.85625	0.16033935210126837
2.8625	0.16008018883096775
2.86875	0.15982249360047934
2.875	0.15956625780062342
2.88125	0.15931147289071257
2.8875	0.15905813039797734
2.89375	0.15880622191697996
2.9	0.158555739109026
2.90625	0.15830667370160606
2.9125	0.1580590174878187
2.91875	0.15781276232581923
2.925	0.15756790013824606
2.93125	0.15732442291170184
2.9375	0.15708232269617833
2.94375	0.1568415916045256
2.95	0.15660222181192596
2.95625	0.1563642055553644
2.9625	0.15612753513308875
2.96875	0.15589220290411007
2.975	0.15565820128767294
2.98125	0.1554255227627618
2.9875	0.15519415986758933
2.99375	0.15496410519908788
3.0	0.15473535141243172
3.00625	0.15450789122053835
3.0125	0.15428171739358784
3.01875	0.15405682275853474
3.025	0.15383320019864566
3.03125	0.15361084265301464
3.0375	0.15338974311610265
3.04375	0.15316989463728273
3.05	0.15295129032036744
3.05625	0.15273392332316663
3.0625	0.15251778685704007
3.06875	0.15230287418644725
3.075	0.15208917862850385
3.08125	0.15187669355256325
3.0875	0.15166541237975478
3.09375	0.15145532858258712
3.1	0.1512464356845098
3.10625	0.151038727259487
3.1125	0.1508321969315989
3.11875	0.1506268383746195
3.125	0.15042264531161348
3.13125	0.15021961151452332
3.1375	0.15001773080378758
3.14375	0.14981699704792129
3.15	0.14961740416314362
3.15625	0.1494189461129826
3.1625	0.14922161690788371
3.16875	0.14902541060484242
3.175	0.14883032130701615
3.18125	0.14863634316334645
3.1875	0.14844347036821118
3.19375	0.14825169716102135
3.2	0.14806101782590436
3.20625	0.14787142669129733
3.2125	0.14768291812961198
3.21875	0.1474954865568961
3.225	0.1473091264324552
3.23125	0.1471238322585291
3.2375	0.14693959857993477
3.24375	0.14675641998372874
3.25	0.14657429109888415
3.25625	0.1463932065959333
3.2625	0.14621316118665523
3.26875	0.14603414962374262
3.275	0.14585616670048493
3.28125	0.14567920725043587
3.2875	0.1455032661470957
3.29375	0.1453283383036111
3.3	0.1451544186724534
3.30625	0.1449815022450957
3.3125	0.1448095840517365
3.31875	0.1446386591609758
3.325	0.14446872267951077
3.33125	0.14429976975186173
3.3375	0.14413179556005132
3.34375	0.1439647953233265
3.35	0.14379876429786984
3.35625	0.14363369777651216
3.3625	0.14346959108844243
3.36875	0.14330643959892322
3.375	0.143144238709037
3.38125	0.14298298385537553
3.3875	0.1428226705098037
3.39375	0.14266329417915002
3.4	0.14250485040496746
3.40625	0.14234733476326342
3.4125	0.14219074286422312
3.41875	0.14203507035195678
3.425	0.1418803129042509
3.43125	0.14172646623229482
3.4375	0.14157352608044463
3.44375	0.14142148822596098
3.45	0.1412703484787528
3.45625	0.1411201026811625
3.4625	0.14097074670768345
3.46875	0.14082227646474743
3.475	0.14067468789046209
3.48125	0.1405279769543964
3.4875	0.1403821396573366
3.49375	0.14023717203104172
3.5	0.14009307013802946
3.50625	0.1399498300713414
3.5125	0.1398074479543172
3.51875	0.13966591994037275
3.525	0.1395252422127693
3.53125	0.13938541098440185
3.5375	0.13924642249759073
3.54375	0.1391082730238352
3.55	0.1389709588636373
3.55625	0.13883447634625942
3.5625	0.1386988218295361
3.56875	0.13856399169965003
3.575	0.13842998237094065
3.58125	0.13829679028568162
3.5875	0.13816441191391246
3.59375	0.1380328437531896
3.6	0.13790208232842666
3.60625	0.13777212419169318
3.6125	0.1376429659220003
3.61875	0.1375146041251336
3.625	0.13738703543343683
3.63125	0.13726025650564633
3.6375	0.13713426402669238
3.64375	0.1370090547075008
3.65	0.13688462528484116
3.65625	0.13676097252111613
3.6625	0.1366380932041909
3.66875	0.13651598414721933
3.675	0.1363946421884605
3.68125	0.13627406419110538
3.6875	0.13615424704310083
3.69375	0.1360351876569831
3.7	0.13591688296970555
3.70625	0.1357993299424647
3.7125	0.13568252556054586
3.71875	0.135566466833139
3.725	0.13545115079318634
3.73125	0.13533657449722183
3.7375	0.13522273502520493
3.74375	0.13510962948036023
3.75	0.1349972549890291
3.75625	0.13488560870049746
3.7625	0.1347746877868526
3.76875	0.13466448944283227
3.775	0.1345550108856592
3.78125	0.13444624935490093
3.7875	0.1343382021123204
3.79375	0.13423086644172214
3.8	0.13412423964881914
3.80625	0.13401831906106573
3.8125	0.13391310202753628
3.81875	0.1338085859187707
3.825	0.1337047681266382
3.83125	0.13360164606419014
3.8375	0.13349921716553692
3.84375	0.13339747888569645
3.85	0.1332964287004695
3.85625	0.13319606410629792
3.8625	0.13309638262012835
3.86875	0.13299738177929743
3.875	0.13289905914138622
3.88125	0.13280141228409492
3.8875	0.13270443880511568
3.89375	0.13260813632200158
3.9	0.13251250247205906
3.90625	0.1324175349121976
3.9125	0.1323232313188174
3.91875	0.1322295893877043
3.925	0.13213660683387637
3.93125	0.1320442813915011
3.9375	0.13195261081374265
3.94375	0.13186159287267318
3.95	0.13177122535913252
3.95625	0.13168150608263257
3.9625	0.1315924328712368
3.96875	0.13150400357144446
3.975	0.13141621604807768
3.98125	0.13132906818418427
3.9875	0.13124255788091602
3.99375	0.13115668305741324
4.0	0.1310714416507228
4.00625	0.13098683161567132
4.0125	0.1309028509247644
4.01875	0.1308194975680826
4.025	0.13073676955318078
4.03125	0.1306546649049975
4.0375	0.13057318166571816
4.04375	0.13049231789471918
4.05	0.13041207166844176
4.05625	0.13033244108030065
4.0625	0.1302534242405888
4.06875	0.13017501927637432
4.075	0.1300972243314199
4.08125	0.13002003756607963
4.0875	0.12994345715719507
4.09375	0.1298674812980297
4.1	0.1297921081981491
4.10625	0.12971733608335734
4.1125	0.12964316319558378
4.11875	0.12956958779281044
4.125	0.12949660814897895
4.13125	0.12942422255389666
4.1375	0.12935242931317584
4.14375	0.12928122674811482
4.15	0.1292106131956404
4.15625	0.1291405870082161
4.1625	0.12907114655374768
4.16875	0.12900229021552684
4.175	0.1289340163921323
4.18125	0.12886632349735463
4.1875	0.12879920996011893
4.19375	0.12873267422440388
4.2	0.12866671474917055
4.20625	0.1286013300082844
4.2125	0.12853651849043127
4.21875	0.12847227869904948
4.225	0.128408609152269
4.23125	0.1283455083828049
4.2375	0.1282829749379256
4.24375	0.12822100737934763
4.25	0.12815960428318462
4.25625	0.12809876423987132
4.2625	0.12803848585409325
4.26875	0.1279787677447263
4.275	0.12791960854475537
4.28125	0.12786100690121724
4.2875	0.12780296147513315
4.29375	0.1277454709414452
4.3	0.12768853398894794
4.30625	0.12763214932022493
4.3125	0.12757631565158653
4.31875	0.1275210317130089
4.325	0.12746629624807734
4.33125	0.12741210801390815
4.3375	0.1273584657811044
4.34375	0.12730536833369943
4.35	0.12725281446907433
4.35625	0.12720080299793826
4.3625	0.12714933274422657
4.36875	0.12709840254508065
4.375	0.12704801125077034
4.38125	0.1269981577246486
4.3875	0.1269488408431022
4.39375	0.1269000594954743
4.4	0.1268518125840372
4.40625	0.1268040990239267
4.4125	0.12675691774309186
4.41875	0.12671026768224739
4.425	0.12666414779481744
4.43125	0.1266185570468883
4.4375	0.12657349441716187
4.44375	0.1265289588968968
4.45	0.12648494948987773
4.45625	0.12644146521235408
4.4625	0.12639850509299475
4.46875	0.12635606817284212
4.475	0.12631415350527708
4.48125	0.12627276015595876
4.4875	0.12623188720278697
4.49375	0.1261915337358642
4.5	0.12615169885744207
4.50625	0.12611238168188602
4.5125	0.12607358133562785
4.51875	0.1260352969571325
4.525	0.1259975276968509
4.53125	0.1259602727171786
4.5375	0.12592353119241806
4.54375	0.12588730230875517
4.55	0.12585158526418952
4.55625	0.12581637926852302
4.5625	0.12578168354330874
4.56875	0.12574749732182555
4.575	0.1257138198490225
4.58125	0.12568065038151707
4.5875	0.12564798818752396
4.59375	0.1256158325468411
4.6	0.12558418275081126
4.60625	0.12555303810229726
4.6125	0.12552239791562014
4.61875	0.1254922615165753
4.625	0.12546262824235307
4.63125	0.12543349744153762
4.6375	0.12540486847406912
4.64375	0.125376740711206
4.65	0.12534911353550582
4.65625	0.12532198634078603
4.6625	0.1252953585321171
4.66875	0.12526922952576908
4.675	0.12524359874919322
4.68125	0.12521846564100372
4.6875	0.12519382965094467
4.69375	0.12516969023986455
4.7	0.12514604687968442
4.70625	0.12512289905339644
4.7125	0.1251002462550091
4.71875	0.12507808798954775
4.725	0.12505642377302217
4.73125	0.12503525313239805
4.7375	0.125014575605592
4.74375	0.12499439074143162
4.75	0.12497469809965127
4.75625	0.12495549725085317
4.7625	0.12493678777650415
4.76875	0.1249185692689129
4.775	0.12490084133120177
4.78125	0.12488360357729757
4.7875	0.12486685563191183
4.79375	0.12485059713052349
4.8	0.12483482771935947
4.80625	0.12481954705537893
4.8125	0.12480475480626063
4.81875	0.12479045065038953
4.825	0.12477663427682925
4.83125	0.1247633053853202
4.8375	0.12475046368627163
4.84375	0.12473810890072297
4.85	0.12472624076035965
4.85625	0.12471485900747813
4.8625	0.12470396339499558
4.86875	0.12469355368641322
4.875	0.12468362965582927
4.88125	0.12467419108791522
4.8875	0.12466523777790428
4.89375	0.12465676953159661
4.9	0.1246487861653348
4.90625	0.12464128750599743
4.9125	0.12463427339100208
4.91875	0.12462774366828394
4.925	0.12462169819630442
4.93125	0.12461613684402863
4.9375	0.12461105949091958
4.94375	0.12460646602695997
4.95	0.12460235635261063
4.95625	0.12459873037882231
4.9625	0.12459558802704088
4.96875	0.12459292922918365
4.975	0.1245907539276522
4.98125	0.124589062075327
4.9875	0.12458785363555695
4.99375	0.12458712858216611
5.0	0.12458688689944612
5.00625	0.12458712858216585
5.0125	0.12458785363555662
5.01875	0.1245890620753273
5.025	0.12459075392765286
5.03125	0.12459292922918373
5.0375	0.1245955880270406
5.04375	0.1245987303788222
5.05	0.12460235635261076
5.05625	0.12460646602695995
5.0625	0.12461105949091955
5.06875	0.12461613684402839
5.075	0.12462169819630449
5.08125	0.12462774366828394
5.0875	0.12463427339100228
5.09375	0.12464128750599694
5.1	0.12464878616533485
5.10625	0.12465676953159664
5.1125	0.12466523777790457
5.11875	0.12467419108791548
5.125	0.12468362965582912
5.13125	0.12469355368641351
5.1375	0.1247039633949958
5.14375	0.12471485900747795
5.15	0.12472624076036014
5.15625	0.12473810890072326
5.1625	0.12475046368627231
5.16875	0.12476330538532088
5.175	0.12477663427682915
5.18125	0.12479045065038992
5.1875	0.12480475480626077
5.19375	0.12481954705537864
5.2	0.12483482771935964
5.20625	0.1248505971305238
5.2125	0.12486685563191188
5.21875	0.12488360357729761
5.225	0.12490084133120137
5.23125	0.12491856926891327
5.2375	0.1249367877765042
5.24375	0.12495549725085273
5.25	0.12497469809965146
5.25625	0.12499439074143175
5.2625	0.12501457560559132
5.26875	0.12503525313239863
5.275	0.12505642377302234
5.28125	0.1250780879895482
5.2875	0.12510024625500923
5.29375	0.12512289905339607
5.3	0.12514604687968472
5.30625	0.12516969023986493
5.3125	0.12519382965094467
5.31875	0.1252184656410036
5.325	0.12524359874919305
5.33125	0.12526922952576905
5.3375	0.12529535853211674
5.34375	0.12532198634078623
5.35	0.12534911353550532
5.35625	0.12537674071120597
5.3625	0.125404868474069
5.36875	0.12543349744153795
5.375	0.12546262824235332
5.38125	0.12549226151657522
5.3875	0.1255223979156206
5.39375	0.1255530381022973
5.4	0.12558418275081082
5.40625	0.12561583254684094
5.4125	0.125647988187524
5.41875	0.12568065038151635
5.425	0.12571381984902277
5.43125	0.12574749732182605
5.4375	0.12578168354330874
5.44375	0.12581637926852327
5.45	0.1258515852641895
5.45625	0.1258873023087553
5.4625	0.12592353119241856
5.46875	0.12596027271717847
5.475	0.1259975276968509
5.48125	0.12603529695713295
5.4875	0.12607358133562807
5.49375	0.12611238168188627
5.5	0.12615169885744287
5.50625	0.12619153373586411
5.5125	0.12623188720278766
5.51875	0.12627276015595879
5.525	0.1263141535052777
5.53125	0.12635606817284234
5.5375	0.12639850509299488
5.54375	0.12644146521235466
5.55	0.12648494948987812
5.55625	0.12652895889689694
5.5625	0.12657349441716192
5.56875	0.1266185570468884
5.575	0.12666414779481822
5.58125	0.12671026768224747
5.5875	0.12675691774309195
5.59375	0.12680409902392734
5.6	0.126851812584037
5.60625	0.12690005949547434
5.6125	0.1269488408431028
5.61875	0.12699815772464923
5.625	0.12704801125077037
5.63125	0.1270984025450804
5.6375	0.12714933274422743
5.64375	0.12720080299793776
5.65	0.12725281446907438
5.65625	0.1273053683336996
5.6625	0.12735846578110463
5.66875	0.1274121080139082
5.675	0.12746629624807737
5.68125	0.12752103171300946
5.6875	0.12757631565158584
5.69375	0.12763214932022485
5.7	0.12768853398894775
5.70625	0.12774547094144528
5.7125	0.12780296147513295
5.71875	0.1278610069012168
5.725	0.12791960854475512
5.73125	0.12797876774472575
5.7375	0.12803848585409322
5.74375	0.12809876423987238
5.75	0.12815960428318482
5.75625	0.12822100737934797
5.7625	0.12828297493792584
5.76875	0.12834550838280506
5.775	0.12840860915226882
5.78125	0.12847227869904948
5.7875	0.12853651849043168
5.79375	0.1286013300082843
5.8	0.12866671474917096
5.80625	0.128732674224404
5.8125	0.12879920996011884
5.81875	0.12886632349735452
5.825	0.12893401639213212
5.83125	0.12900229021552684
5.8375	0.12907114655374805
5.84375	0.12914058700821623
5.85	0.12921061319564103
5.85625	0.1292812267481149
5.8625	0.12935242931317617
5.86875	0.1294242225538969
5.875	0.12949660814897937
5.88125	0.129569587792811
5.8875	0.1296431631955838
5.89375	0.129717336083357
5.9	0.12979210819814913
5.90625	0.12986748129803005
5.9125	0.12994345715719563
5.91875	0.13002003756608024
5.925	0.1300972243314199
5.93125	0.13017501927637437
5.9375	0.13025342424058856
5.94375	0.1303324410803013
5.95	0.1304120716684414
5.95625	0.13049231789471902
5.9625	0.13057318166571835
5.96875	0.1306546649049973
5.975	0.130736769553181
5.98125	0.13081949756808306
5.9875	0.13090285092476472
5.99375	0.13098683161567087
6.0	0.13107144165072324
6.00625	0.13115668305741354
6.0125	0.1312425578809164
6.01875	0.13132906818418397
6.025	0.13141621604807827
6.03125	0.13150400357144404
6.0375	0.1315924328712371
6.04375	0.1316815060826324
6.05	0.13177122535913272
6.05625	0.13186159287267307
6.0625	0.13195261081374277
6.06875	0.1320442813915013
6.075	0.1321366068338763
6.08125	0.13222958938770463
6.0875	0.13232323131881737
6.09375	0.13241753491219765
6.1	0.1325125024720595
6.10625	0.13260813632200147
6.1125	0.13270443880511573
6.11875	0.13280141228409478
6.125	0.13289905914138686
6.13125	0.13299738177929737
6.1375	0.13309638262012885
6.14375	0.13319606410629828
6.15	0.1332964287004702
6.15625	0.13339747888569684
6.1625	0.13349921716553725
6.16875	0.13360164606419012
6.175	0.13370476812663817
6.18125	0.13380858591877073
6.1875	0.13391310202753598
6.19375	0.1340183190610656
6.2	0.13412423964881848
6.20625	0.13423086644172202
6.2125	0.13433820211232064
6.21875	0.1344462493549009
6.225	0.13455501088565958
6.23125	0.13466448944283219
6.2375	0.13477468778685284
6.24375	0.13488560870049768
6.25	0.13499725498902934
6.25625	0.13510962948036
6.2625	0.13522273502520493
6.26875	0.1353365744972219
6.275	0.13545115079318654
6.28125	0.13556646683313878
6.2875	0.13568252556054589
6.29375	0.13579932994246507
6.3	0.13591688296970553
6.30625	0.1360351876569831
6.3125	0.13615424704310086
6.31875	0.13627406419110502
6.325	0.13639464218846062
6.33125	0.13651598414721938
6.3375	0.1366380932041908
6.34375	0.13676097252111616
6.35	0.136884625284841
6.35625	0.1370090547075006
6.3625	0.13713426402669313
6.36875	0.13726025650564633
6.375	0.13738703543343672
6.38125	0.13751460412513367
6.3875	0.13764296592199976
6.39375	0.13777212419169296
6.4	0.1379020823284266
6.40625	0.13803284375318997
6.4125	0.1381644119139127
6.41875	0.1382967902856823
6.425	0.13842998237094056
6.43125	0.1385639916996501
6.4375	0.138698821829537
6.44375	0.13883447634625973
6.45	0.13897095886363742
6.45625	0.13910827302383552
6.4625	0.13924642249759073
6.46875	0.13938541098440196
6.475	0.13952524221276943
6.48125	0.13966591994037247
6.4875	0.13980744795431763
6.49375	0.13994983007134132
6.5	0.14009307013802935
6.50625	0.1402371720310415
6.5125	0.14038213965733648
6.51875	0.14052797695439642
6.525	0.14067468789046186
6.53125	0.14082227646474751
6.5375	0.14097074670768345
6.54375	0.14112010268116257
6.55	0.14127034847875264
6.55625	0.1414214882259608
6.5625	0.14157352608044463
6.56875	0.14172646623229493
6.575	0.1418803129042512
6.58125	0.14203507035195687
6.5875	0.14219074286422323
6.59375	0.14234733476326322
6.6	0.1425048504049675
6.60625	0.14266329417915025
6.6125	0.14282267050980363
6.61875	0.14298298385537625
6.625	0.14314423870903728
6.63125	0.14330643959892359
6.6375	0.14346959108844287
6.64375	0.1436336977765129
6.65	0.1437987642978702
6.65625	0.14396479532332696
6.6625	0.14413179556005173
6.66875	0.14429976975186126
6.675	0.14446872267951122
6.68125	0.1446386591609759
6.6875	0.1448095840517368
6.69375	0.1449815022450957
6.7	0.14515441867245368
6.70625	0.14532833830361072
6.7125	0.1455032661470961
6.71875	0.1456792072504363
6.725	0.14585616670048426
6.73125	0.14603414962374264
6.7375	0.14621316118665542
6.74375	0.14639320659593358
6.75	0.14657429109888442
6.75625	0.14675641998372863
6.7625	0.1469395985799347
6.76875	0.14712383225852935
6.775	0.14730912643245533
6.78125	0.1474954865568964
6.7875	0.14768291812961204
6.79375	0.14787142669129769
6.8	0.14806101782590433
6.80625	0.14825169716102132
6.8125	0.14844347036821148
6.81875	0.14863634316334648
6.825	0.14883032130701648
6.83125	0.1490254106048427
6.8375	0.1492216169078836
6.84375	0.1494189461129829
6.85	0.14961740416314356
6.85625	0.14981699704792126
6.8625	0.15001773080378758
6.86875	0.150219611514523
6.875	0.1504226453116134
6.88125	0.15062683837461988
6.8875	0.150832196931599
6.89375	0.1510387272594872
6.9	0.15124643568450968
6.90625	0.1514553285825869
6.9125	0.15166541237975506
6.91875	0.1518766935525631
6.925	0.15208917862850443
6.93125	0.1523028741864476
6.9375	0.15251778685704032
6.94375	0.1527339233231662
6.95	0.15295129032036756
6.95625	0.15316989463728242
6.9625	0.1533897431161026
6.96875	0.15361084265301456
6.975	0.15383320019864583
6.98125	0.1540568227585352
6.9875	0.15428171739358784
6.99375	0.15450789122053823
7.0	0.1547353514124319
7.00625	0.15496410519908804
7.0125	0.15519415986758922
7.01875	0.15542552276276186
7.025	0.15565820128767333
7.03125	0.15589220290411016
7.0375	0.15612753513308877
7.04375	0.15636420555536482
7.05	0.1566022218119258
7.05625	0.15684159160452574
7.0625	0.15708232269617872
7.06875	0.1573244229117018
7.075	0.15756790013824598
7.08125	0.15781276232581942
7.0875	0.158059017487819
7.09375	0.1583066737016062
7.1	0.1585557391090264
7.10625	0.15880622191697988
7.1125	0.1590581303979776
7.11875	0.15931147289071262
7.125	0.15956625780062392
7.13125	0.15982249360047956
7.1375	0.16008018883096797
7.14375	0.16033935210126865
7.15	0.1605999920896582
7.15625	0.1608621175441177
7.1625	0.16112573728291985
7.16875	0.16139086019526738
7.175	0.16165749524188444
7.18125	0.16192565145566415
7.1875	0.16219533794229046
7.19375	0.1624665638808688
7.2	0.16273933852458725
7.20625	0.16301367120134325
7.2125	0.16328957131441982
7.21875	0.16356704834314073
7.225	0.163846111843537
7.23125	0.1641267714490319
7.2375	0.16440903687111277
7.24375	0.16469291790002843
7.25	0.164978424405488
7.25625	0.16526556633735362
7.2625	0.16555435372635632
7.26875	0.16584479668482008
7.275	0.16613690540737341
7.28125	0.16643069017170342
7.2875	0.1667261613392615
7.29375	0.16702332935604214
7.3	0.16732220475331464
7.30625	0.16762279814840575
7.3125	0.16792512024543957
7.31875	0.1682291818361468
7.325	0.16853499380062803
7.33125	0.16884256710815237
7.3375	0.1691519128179652
7.34375	0.1694630420800776
7.35	0.16977596613610638
7.35625	0.17009069632008458
7.3625	0.17040724405929536
7.36875	0.17072562087511917
7.375	0.17104583838388418
7.38125	0.17136790829771378
7.3875	0.17169184242540664
7.39375	0.172017652673314
7.4	0.17234535104621143
7.40625	0.17267494964820324
7.4125	0.1730064606836135
7.41875	0.1733398964579206
7.425	0.1736752693786607
7.43125	0.17401259195635577
7.4375	0.17435187680546793
7.44375	0.17469313664533673
7.45	0.17503638430114976
7.45625	0.17538163270489343
7.4625	0.17572889489635982
7.46875	0.17607818402410066
7.475	0.17642951334646156
7.48125	0.17678289623256951
7.4875	0.17713834616334628
7.49375	0.17749587673256442
7.5	0.1778555016478632
7.50625	0.1782172347318148
7.5125	0.17858108992296773
7.51875	0.1789470812769427
7.525	0.17931522296750044
7.53125	0.17968552928764414
7.5375	0.1800580146507151
7.54375	0.180432693591522
7.55	0.18080958076746226
7.55625	0.18118869095966067
7.5625	0.18157003907413158
7.56875	0.18195364014292664
7.575	0.18233950932533025
7.58125	0.18272766190903092
7.5875	0.18311811331132838
7.59375	0.18351087908034347
7.6	0.18390597489624938
7.60625	0.18430341657250054
7.6125	0.1847032200570886
7.61875	0.18510540143381068
7.625	0.1855099769235264
7.63125	0.18591696288547596
7.6375	0.1863263758185602
7.64375	0.18673823236266532
7.65	0.18715254930000175
7.65625	0.187569343556426
7.6625	0.18798863220282436
7.66875	0.18841043245646924
7.675	0.18883476168240895
7.68125	0.18926163739487695
7.6875	0.1896910772586827
7.69375	0.1901230990906781
7.7	0.19055772086117495
7.70625	0.19099496069541327
7.7125	0.19143483687504562
7.71875	0.19187736783960438
7.725	0.19232257218804893
7.73125	0.1927704686802447
7.7375	0.19322107623852072
7.74375	0.19367441394923998
7.75	0.19413050106433918
7.75625	0.19458935700293417
7.7625	0.19505100135292705
7.76875	0.19551545387261854
7.775	0.1959827344923471
7.78125	0.1964528633161471
7.7875	0.19692586062342127
7.79375	0.19740174687063056
7.8	0.1978805426930016
7.80625	0.1983622689062513
7.8125	0.19884694650833504
7.81875	0.1993345966812128
7.825	0.19982524079262423
7.83125	0.20031890039788317
7.8375	0.2008155972417175
7.84375	0.20131535326008548
7.85	0.20181819058205905
7.85625	0.20232413153167272
7.8625	0.20283319862985003
7.86875	0.20334541459629663
7.875	0.20386080235146223
7.88125	0.2043793850184853
7.8875	0.2049011859251771
7.89375	0.20542622860602922
7.9	0.2059545368042223
7.90625	0.20648613447368416
7.9125	0.20702104578116007
7.91875	0.2075592951082803
7.925	0.208100907053693
7.93125	0.20864590643518652
7.9375	0.20919431829184537
7.94375	0.20974616788623518
7.95	0.21030148070660448
7.95625	0.2108602824691103
7.9625	0.21142259912006348
7.96875	0.211988456838224
7.975	0.2125578820370661
7.98125	0.21313090136714208
7.9875	0.21370754171839706
7.99375	0.21428783022256634
8.0	0.2148717942555655
8.00625	0.21545946143992256
8.0125	0.21605085964721912
8.01875	0.21664601700059316
8.025	0.21724496187722
8.03125	0.21784772291085708
8.0375	0.21845432899437658
8.04375	0.21906480928246114
8.05	0.21967919319405937
8.05625	0.22029751041514814
8.0625	0.2209197909013595
8.06875	0.2215460648807043
8.075	0.22217636285628453
8.08125	0.22281071560908136
8.0875	0.22344915420072198
8.09375	0.2240917099763174
8.1	0.2247384145673122
8.10625	0.22538929989438766
8.1125	0.22604439817033975
8.11875	0.22670374190306067
8.125	0.22736736389850773
8.13125	0.22803529726372831
8.1375	0.22870757540988487
8.14375	0.22938423205535843
8.15	0.23006530122885696
8.15625	0.23075081727254618
8.1625	0.2314408148452695
8.16875	0.23213532892571687
8.175	0.23283439481572688
8.18125	0.23353804814356177
8.1875	0.23424632486721797
8.19375	0.23495926127780348
8.2	0.2356768940029273
8.20625	0.23639926001016595
8.2125	0.23712639661049312
8.21875	0.23785834146184812
8.225	0.23859513257263912
8.23125	0.23933680830537588
8.2375	0.2400834073802796
8.24375	0.24083496887896622
8.25	0.24159153224815236
8.25625	0.24235313730342734
8.2625	0.24311982423303266
8.26875	0.24389163360172852
8.275	0.24466860635463183
8.28125	0.24545078382119762
8.2875	0.2462382077191371
8.29375	0.24703092015847739
8.3	0.24782896364560025
8.30625	0.24863238108734834
8.3125	0.24944121579517156
8.31875	0.2502555114893289
8.325	0.25107531230314983
8.33125	0.2519006627873051
8.3375	0.2527316079141588
8.34375	0.2535681930821593
8.35	0.2544104641202756
8.35625	0.2552584672924718
8.3625	0.2561122493022929
8.36875	0.2569718572974177
8.375	0.25783733887430443
8.38125	0.2587087420828845
8.3875	0.25958611543136195
8.39375	0.2604695078909333
8.4	0.26135896890072746
8.40625	0.2622545483726478
8.4125	0.2631562966963912
8.41875	0.26406426474445815
8.425	0.26497850387722294
8.43125	0.2658990659480848
8.4375	0.2668260033086737
8.44375	0.26775936881409584
8.45	0.2686992158282425
8.45625	0.26964559822920814
8.4625	0.27059857041467833
8.46875	0.27155818730747516
8.475	0.2725245043610985
8.48125	0.2734975775653637
8.4875	0.2744774634520957
8.49375	0.2754642191008821
8.5	0.2764579021449128
8.50625	0.2774585707768353
8.5125	0.27846628375476135
8.51875	0.2794811004082815
8.525	0.2805030806445387
8.53125	0.2815322849544165
8.5375	0.28256877441877687
8.54375	0.28361261071476246
8.55	0.28466385612221085
8.55625	0.28572257353005104
8.5625	0.2867888264429027
8.56875	0.28786267898764417
8.575	0.2889441959201165
8.58125	0.29003344263186104
8.5875	0.29113048515698037
8.59375	0.29223539017906913
8.6	0.2933482250381898
8.60625	0.29446905773795157
8.6125	0.29559795695271274
8.61875	0.29673499203477016
8.625	0.2978802330217648
8.63125	0.29903375064401866
8.6375	0.300195616332113
8.64375	0.3013659022244295
8.65	0.30254468117483796
8.65625	0.30373202676050604
8.6625	0.3049280132897156
8.66875	0.30613271580982376
8.675	0.3073462101153437
8.68125	0.3085685727560465
8.6875	0.309799881045215
8.69375	0.31104021306798824
8.7	0.3122896476897522
8.70625	0.3135482645647479
8.7125	0.3148161441446153
8.71875	0.31609336768720453
8.725	0.31738001726534065
8.73125	0.3186761757758226
8.7375	0.31998192694845456
8.74375	0.3212973553551727
8.75	0.3226225464193419
8.75625	0.3239575864251137
8.7625	0.325302562526908
8.76875	0.3266575627590184
8.775	0.3280226760453024
8.78125	0.32939799220901705
8.7875	0.33078360198277695
8.79375	0.33217959701857874
8.8	0.3335860698980262
8.80625	0.3350031141425861
8.8125	0.3364308242240427
8.81875	0.33786929557503814
8.825	0.3393186245997365
8.83125	0.34077890868465255
8.8375	0.34225024620954814
8.84375	0.3437327365585229
8.85	0.34522648013120133
8.85625	0.34673157835406154
8.8625	0.34824813369188246
8.86875	0.3497762496593901
8.875	0.35131603083295376
8.88125	0.3528675828625069
8.8875	0.35443101248354164
8.89375	0.35600642752931677
8.9	0.3575939369431378
8.90625	0.3591936507908409
8.9125	0.3608056802734415
8.91875	0.36243013773984306
8.925	0.3640671366998287
8.93125	0.3657167918370766
8.9375	0.3673792190224626
8.94375	0.369054535327406
8.95	0.37074285903747767
8.95625	0.37244430966611775
8.9625	0.37415900796847584
8.96875	0.3758870759555697
8.975	0.3776286369084467
8.98125	0.3793838153926258
8.9875	0.38115273727266646
8.99375	0.38293552972692796
9.0	0.38473232126253853
9.00625	0.38654324173049504
9.0125	0.388368422340967
9.01875	0.39020799567881953
9.025	0.3920620957192923
9.03125	0.3939308578438507
9.0375	0.39581441885630503
9.04375	0.39771291699904887
9.05	0.39962649196954064
9.05625	0.4015552849369782
9.0625	0.4034994385591745
9.06875	0.4054590969996693
9.075	0.40743440594496944
9.08125	0.4094255126221172
9.0875	0.4114325658163873
9.09375	0.4134557158892483
9.1	0.41549511479650675
9.10625	0.4175509161067316
9.1125	0.419623275019851
9.11875	0.42171234838601285
9.125	0.4238182947246616
9.13125	0.4259412742438655
9.1375	0.42808144885989147
9.14375	0.4302389822169706
9.15	0.43241403970740383
9.15625	0.4346067884918252
9.1625	0.4368173975197001
9.16875	0.43904603755034116
9.175	0.44129288117373583
9.18125	0.44355810283197844
9.1875	0.4458418788408805
9.19375	0.44814438741184703
9.2	0.45046580867399655
9.20625	0.45280632469653875
9.2125	0.4551661195116214
9.21875	0.45754537913711113
9.225	0.4599442916000675
9.23125	0.46236304696016
9.2375	0.46480183733360436
9.24375	0.46726085691731434
9.25	0.46974030201339256
9.25625	0.47224037105383393
9.2625	0.4747612646257064
9.26875	0.47730318549649353
9.275	0.479866338639834
9.28125	0.4824509312616038
9.2875	0.4850571728262489
9.29375	0.48768527508354514
9.3	0.490335452095611
9.30625	0.4930079202643575
9.3125	0.49570289835918513
9.31875	0.49842060754509876
9.325	0.5011612714111614
9.33125	0.5039251159993144
9.3375	0.5067123698335415
9.34375	0.5095232639494663
9.35	0.5123580319242366
9.35625	0.5152169099068451
9.3625	0.5181001366488762
9.36875	0.5210079535355223
9.375	0.523940604617156
9.38125	0.5268983366411686
9.3875	0.529881399084266
9.39375	0.5328900441852411
9.4	0.535924526978037
9.40625	0.538985105325381
9.4125	0.5420720399527061
9.41875	0.5451855944826345
9.425	0.5483260354698332
9.43125	0.5514936324363053
9.4375	0.5546886579072161
9.44375	0.5579113874470971
9.45	0.5611620996965432
9.45625	0.5644410764094393
9.4625	0.5677486024905646
9.46875	0.5710849660337736
9.475	0.5744504583606352
9.48125	0.5778453740595361
9.4875	0.5812700110253911
9.49375	0.584724670499748
9.5	0.5882096571115146
9.50625	0.5917252789181598
9.5125	0.5952718474474213
9.51875	0.5988496777396802
9.525	0.602459088390714
9.53125	0.6061004015951625
9.5375	0.6097739431905128
9.54375	0.6134800427015132
9.55	0.6172190333854534
9.55625	0.6209912522777986
9.5625	0.6247970402385054
9.56875	0.6286367419989021
9.575	0.6325107062093376
9.58125	0.6364192854872168
9.5875	0.640362836465841
9.59375	0.6443417198438312
9.6	0.6483563004351746
9.60625	0.6524069472200366
9.6125	0.6564940333960834
9.61875	0.6606179364305804
9.625	0.664779038113193
9.63125	0.6689777246094455
9.6375	0.6732143865148154
9.64375	0.6774894189097287
9.65	0.6818032214151063
9.65625	0.686156198248702
9.6625	0.6905487582822121
9.66875	0.6949813150991296
9.675	0.6994542870533407
9.68125	0.7039680973285463
9.6875	0.7085231739984168
9.69375	0.7131199500875489
9.7	0.717758863633346
9.70625	0.7224403577485323
9.7125	0.7271648806846431
9.71875	0.7319328858963625
9.725	0.7367448321065657
9.73125	0.7416011833724712
9.7375	0.7465024091524259
9.74375	0.75144898437378
9.75	0.7564413895015595
9.75625	0.7614801106080991
9.7625	0.7665656394435703
9.76875	0.7716984735075622
9.775	0.7768791161214142
9.78125	0.7821080765018039
9.7875	0.7873858698350273
9.79375	0.7927130173525042
9.8	0.7980900464072234
9.80625	0.803517490551132
9.8125	0.8089958896137209
9.81875	0.8145257897815446
9.825	0.8201077436789062
9.83125	0.825742310449552
9.8375	0.831430055839549
9.84375	0.8371715522811762
9.85	0.8429673789780756
9.85625	0.8488181219914821
9.8625	0.8547243743276134
9.86875	0.8606867360263277
9.875	0.8667058142508576
9.88125	0.8727822233788067
9.8875	0.878916585094629
9.89375	0.885109528482894
9.9	0.8913616901230905
9.90625	0.8976737141858577
9.9125	0.9040462525302609
9.91875	0.9104799648025909
9.925	0.9169755185363139
9.93125	0.9235335892535712
9.9375	0.9301548605680869
9.94375	0.9368400242891919
9.95	0.9435897805276704
9.95625	0.9504048378026817
9.9625	0.9572859131505699
9.96875	0.9642337322346468
9.975	0.9712490294569448
9.98125	0.9783325480712702
9.9875	0.9854850402978401
9.99375	0.9927072674395493
10.0	0.9999999999998129
