-12.566370614359172	-6.108696695934306e-6
-12.550662651091223	-6.1347890092087245e-6
-12.534954687823275	-6.161036706379537e-6
-12.519246724555325	-6.18744100651582e-6
-12.503538761287377	-6.214003140913064e-6
-12.487830798019427	-6.240724353247752e-6
-12.47212283475148	-6.267605899734332e-6
-12.45641487148353	-6.2946490492847515e-6
-12.440706908215581	-6.321855083670465e-6
-12.424998944947632	-6.349225297687173e-6
-12.409290981679682	-6.376760999322085e-6
-12.393583018411734	-6.404463509923986e-6
-12.377875055143784	-6.4323341643759955e-6
-12.362167091875836	-6.460374311271215e-6
-12.346459128607886	-6.488585313091208e-6
-12.330751165339938	-6.5169685463874876e-6
-12.315043202071989	-6.545525401965896e-6
-12.29933523880404	-6.574257285074188e-6
-12.283627275536091	-6.603165615592604e-6
-12.267919312268143	-6.632251828227768e-6
-12.252211349000193	-6.661517372709756e-6
-12.236503385732243	-6.690963713992573e-6
-12.220795422464295	-6.72059233245799e-6
-12.205087459196346	-6.750404724122858e-6
-12.189379495928398	-6.780402400850048e-6
-12.173671532660448	-6.8105868905629476e-6
-12.1579635693925	-6.840959737463708e-6
-12.14225560612455	-6.8715225022553574e-6
-12.126547642856602	-6.902276762367647e-6
-12.110839679588652	-6.933224112187054e-6
-12.095131716320704	-6.964366163290685e-6
-12.079423753052755	-6.995704544684501e-6
-12.063715789784805	-7.027240903045604e-6
-12.048007826516857	-7.058976902969084e-6
-12.032299863248907	-7.0909142272191115e-6
-12.01659189998096	-7.123054576984821e-6
-12.00088393671301	-7.1553996721406005e-6
-11.985175973445061	-7.1879512515114045e-6
-11.969468010177112	-7.220711073142802e-6
-11.953760046909164	-7.253680914576087e-6
-11.938052083641214	-7.286862573128535e-6
-11.922344120373264	-7.3202578661788284e-6
-11.906636157105316	-7.353868631458094e-6
-11.890928193837366	-7.3876967273462045e-6
-11.875220230569418	-7.421744033173869e-6
-11.859512267301469	-7.456012449530558e-6
-11.84380430403352	-7.490503898578302e-6
-11.82809634076557	-7.5252203243716586e-6
-11.812388377497623	-7.56016369318391e-6
-11.796680414229673	-7.595335993839754e-6
-11.780972450961723	-7.630739238054452e-6
-11.765264487693775	-7.666375460779918e-6
-11.749556524425826	-7.702246720557663e-6
-11.733848561157878	-7.73835509987892e-6
-11.718140597889928	-7.774702705552088e-6
-11.70243263462198	-7.81129166907775e-6
-11.68672467135403	-7.848124147031417e-6
-11.671016708086082	-7.88520232145417e-6
-11.655308744818132	-7.922528400251735e-6
-11.639600781550184	-7.960104617601686e-6
-11.623892818282235	-7.997933234369458e-6
-11.608184855014285	-8.036016538533405e-6
-11.592476891746337	-8.074356845618824e-6
-11.576768928478387	-8.112956499141564e-6
-11.561060965210439	-8.1518178710614e-6
-11.54535300194249	-8.190943362245369e-6
-11.529645038674541	-8.230335402941581e-6
-11.513937075406592	-8.269996453263467e-6
-11.498229112138644	-8.309929003685392e-6
-11.482521148870694	-8.35013557554927e-6
-11.466813185602746	-8.39061872158313e-6
-11.451105222334796	-8.431381026431756e-6
-11.435397259066846	-8.472425107199696e-6
-11.419689295798898	-8.513753614007325e-6
-11.403981332530948	-8.555369230560303e-6
-11.388273369263	-8.597274674732645e-6
-11.37256540599505	-8.639472699164282e-6
-11.356857442727103	-8.681966091873298e-6
-11.341149479459153	-8.724757676883605e-6
-11.325441516191205	-8.767850314868228e-6
-11.309733552923255	-8.811246903809375e-6
-11.294025589655305	-8.854950379675338e-6
-11.278317626387357	-8.898963717115135e-6
-11.262609663119408	-8.943289930171533e-6
-11.24690169985146	-8.987932073013247e-6
-11.23119373658351	-9.032893240686716e-6
-11.215485773315562	-9.078176569888824e-6
-11.199777810047612	-9.123785239760839e-6
-11.184069846779664	-9.169722472704812e-6
-11.168361883511714	-9.2159915352232e-6
-11.152653920243765	-9.262595738782761e-6
-11.136945956975817	-9.309538440703799e-6
-11.121237993707867	-9.356823045075835e-6
-11.105530030439919	-9.404453003700839e-6
-11.08982206717197	-9.452431817065504e-6
-11.074114103904021	-9.500763035343488e-6
-11.058406140636071	-9.549450259429555e-6
-11.042698177368123	-9.598497142006854e-6
-11.026990214100174	-9.647907388648839e-6
-11.011282250832226	-9.697684758958089e-6
-10.995574287564276	-9.747833067743332e-6
-10.979866324296326	-9.798356186237065e-6
-10.964158361028378	-9.849258043355748e-6
-10.948450397760428	-9.900542627005107e-6
-10.93274243449248	-9.952213985432844e-6
-10.91703447122453	-1.0004276228631598e-5
-10.901326507956583	-1.0056733529795134e-5
-10.885618544688633	-1.0109590126830939e-5
-10.869910581420685	-1.0162850323932576e-5
-10.854202618152735	-1.0216518493215803e-5
-10.838494654884787	-1.027059907642251e-5
-10.822786691616837	-1.0325096586696784e-5
-10.807078728348888	-1.038001561043845e-5
-10.79137076508094	-1.0435360809239144e-5
-10.77566280181299	-1.049113692190721e-5
-10.759954838545042	-1.0547348766587775e-5
-10.744246875277092	-1.0604001242985587e-5
-10.728538912009144	-1.0661099334698485e-5
-10.712830948741194	-1.0718648111670705e-5
-10.697122985473246	-1.0776652732776263e-5
-10.681415022205297	-1.0835118448543182e-5
-10.665707058937347	-1.089405060403217e-5
-10.649999095669399	-1.0953454641883257e-5
-10.634291132401449	-1.1013336105547261e-5
-10.618583169133501	-1.1073700642720108e-5
-10.602875205865551	-1.113455400900171e-5
-10.587167242597603	-1.1195902071802879e-5
-10.571459279329654	-1.1257750814528774e-5
-10.555751316061706	-1.1320106341070745e-5
-10.540043352793756	-1.1382974880644519e-5
-10.524335389525806	-1.1446362793017918e-5
-10.508627426257858	-1.1510276574180552e-5
-10.492919462989908	-1.15747228625159e-5
-10.47721149972196	-1.1639708445548629e-5
-10.46150353645401	-1.170524026735418e-5
-10.445795573186063	-1.177132543673565e-5
-10.430087609918113	-1.1837971236295375e-5
-10.414379646650165	-1.1905185132557415e-5
-10.398671683382215	-1.1972974787334329e-5
-10.382963720114267	-1.2041348070577632e-5
-10.367255756846317	-1.211031307501442e-5
-10.351547793578368	-1.2179878132953268e-5
-10.33583983031042	-1.2250051835750388e-5
-10.32013186704247	-1.2320843056573253e-5
-10.304423903774522	-1.2392260977296864e-5
-10.288715940506572	-1.246431512064218e-5
-10.273007977238624	-1.2537015389048768e-5
-10.257300013970674	-1.2610372112320123e-5
-10.241592050702726	-1.2684396106864203e-5
-10.225884087434777	-1.2759098750507033e-5
-10.210176124166829	-1.2834492078582305e-5
-10.194468160898879	-1.2910588909630756e-5
-10.178760197630929	-1.2987403013146504e-5
-10.163052234362981	-1.3064949338353533e-5
-10.147344271095031	-1.3143244333720966e-5
-10.131636307827083	-1.3222306405010666e-5
-10.115928344559133	-1.3302156591129021e-5
-10.100220381291185	-1.3382819593859035e-5
-10.084512418023236	-1.3464325404278266e-5
-10.068804454755288	-1.3546711978692642e-5
-10.053096491487338	-1.3630029852810533e-5
-10.037388528219388	-1.371435054569279e-5
-10.02168056495144	-1.3799782894886909e-5
-10.00597260168349	-1.3886507420580496e-5
-9.990264638415542	-1.3974856134650178e-5
-9.974556675147593	-1.4065523306168711e-5
-9.958848711879645	-1.4160229055113769e-5
-9.943140748611695	-1.4264430320714286e-5
-9.927432785343747	-1.4404593114944179e-5
-9.911724822075797	-1.4952468280528896e-5
-9.896016858807847	-1.5988240580610413e-5
-9.8803088955399	-1.4717722543624431e-5
-9.86460093227195	-1.4740919984231243e-5
-9.848892969004002	-1.4823591606164421e-5
-9.833185005736052	-1.4925156919157608e-5
-9.817477042468104	-1.5050500301643736e-5
-9.801769079200154	-1.527139170665532e-5
-9.786061115932206	-1.8001104828541287e-5
-9.770353152664256	-1.6020598901446688e-5
-9.754645189396308	-1.551714015481159e-5
-9.738937226128359	-1.555598369053381e-5
-9.723229262860409	-1.5649358434518037e-5
-9.707521299592461	-1.5761959389332254e-5
-9.691813336324511	-1.5891016800297763e-5
-9.676105373056563	-1.6045188150770862e-5
-9.660397409788613	-1.6227987951508392e-5
-9.644689446520665	-1.6517417593767696e-5
-9.628981483252716	-1.716158122264043e-5
-9.613273519984768	-2.0446279473867185e-5
-9.597565556716818	-0.0002969028929124068
-9.58185759344887	-1.9440024801204663e-5
-9.56614963018092	-1.747834235245514e-5
-9.55044166691297	-1.7179408726144326e-5
-9.534733703645022	-1.715471379960491e-5
-9.519025740377073	-1.7219356897972278e-5
-9.503317777109125	-1.7425888971114322e-5
-9.487609813841175	-1.7467368764743297e-5
-9.471901850573227	-1.755898010664237e-5
-9.456193887305277	-1.7699627236995017e-5
-9.44048592403733	-1.7859696296183966e-5
-9.42477796076938	-1.8045375718681055e-5
-9.40906999750143	-1.8280969029833614e-5
-9.393362034233482	-1.8661846063130803e-5
-9.377654070965532	-2.036171815951479e-5
-9.361946107697584	-0.00016195020772466178
-9.346238144429634	-2.0878834702917956e-5
-9.330530181161686	-1.9627276819503413e-5
-9.314822217893736	-1.9695829517392225e-5
-9.299114254625788	-2.0021378102780124e-5
-9.283406291357839	-2.0542010566270468e-5
-9.267698328089889	-2.1354603793398606e-5
-9.25199036482194	-2.274937696062168e-5
-9.236282401553991	-2.5592598877337534e-5
-9.220574438286043	-3.337935372692349e-5
-9.204866475018093	-7.391990275716103e-5
-9.189158511750145	-0.013166866338289928
-9.173450548482196	-7.750090529048834e-5
-9.157742585214248	-3.48137698514791e-5
-9.142034621946298	-2.7465240740120773e-5
-9.12632665867835	-2.572279652372058e-5
-9.1106186954104	-2.7228190626828952e-5
-9.09491073214245	-4.4648585589336634e-5
-9.079202768874502	-0.0003498677763633393
-9.063494805606553	-3.1925071455886445e-5
-9.047786842338605	-2.4911791691850202e-5
-9.032078879070655	-2.339793790566891e-5
-9.016370915802707	-2.2902958198685512e-5
-9.000662952534757	-2.2744204160922002e-5
-8.984954989266809	-2.2737278219570804e-5
-8.96924702599886	-2.3303267900662307e-5
-8.953539062730911	-2.2937185932233752e-5
-8.937831099462962	-2.3102511928679305e-5
-8.922123136195012	-2.3312759034847328e-5
-8.906415172927064	-2.3577291330090953e-5
-8.890707209659114	-2.3933028826165717e-5
-8.874999246391166	-2.449567926193504e-5
-8.859291283123216	-2.5742906218279384e-5
-8.843583319855268	-3.1604291552962854e-5
-8.827875356587318	-0.0017423226096367924
-8.81216739331937	-3.168842510821537e-5
-8.79645943005142	-2.6678579280212002e-5
-8.780751466783471	-2.596388800892341e-5
-8.765043503515523	-2.5910199022724642e-5
-8.749335540247573	-2.6064480547885003e-5
-8.733627576979625	-2.6329595887543507e-5
-8.717919613711675	-2.727915499037563e-5
-8.702211650443727	-2.7042018879391607e-5
-8.686503687175778	-2.733510594836247e-5
-8.67079572390783	-2.774554864215259e-5
-8.65508776063988	-2.820899543166322e-5
-8.63937979737193	-2.8728189202023592e-5
-8.623671834103982	-2.9322879019977187e-5
-8.607963870836032	-3.413380448750559e-5
-8.592255907568084	-3.0738387026063016e-5
-8.576547944300135	-3.1604299282632454e-5
-8.560839981032187	-3.265849803548149e-5
-8.545132017764237	-3.3956685808451686e-5
-8.529424054496289	-3.560696970470968e-5
-8.51371609122834	-3.779440800538832e-5
-8.498008127960391	-4.085520989168817e-5
-8.482300164692441	-4.5457598319996164e-5
-8.466592201424492	-5.310865746043319e-5
-8.450884238156544	-6.82632353459809e-5
-8.435176274888594	-0.00010329469808493475
-8.419468311620646	-0.00023894674329516524
-8.403760348352696	-0.0027736680138113626
-8.388052385084748	-0.000967557903255025
-8.372344421816798	-0.00018987235570837687
-8.35663645854885	-0.00011418103439085157
-8.3409284952809	-0.00011398045738901432
-8.325220532012953	-0.00020314799421286136
-8.309512568745003	-0.0025998667366151536
-8.293804605477053	-0.0005609205410473149
-8.278096642209105	-0.00014421692627328931
-8.262388678941155	-9.795717628020317e-5
-8.246680715673207	-9.144821533440041e-5
-8.230972752405258	-0.00010076167980889721
-8.21526478913731	-0.0001273921319787416
-8.19955682586936	-0.00019063916554616978
-8.183848862601412	-0.00037513602500232143
-8.168140899333462	-0.0013469122975527529
-8.152432936065512	-0.3020780085379967
-8.136724972797564	-0.001466421151494615
-8.121017009529615	-0.0003880126107177249
-8.105309046261667	-0.00019249278419906636
-8.089601082993717	-0.00012518366052605728
-8.073893119725769	-0.00010049216181504347
-8.058185156457819	-8.257458468819876e-5
-8.042477193189871	-6.884700790021911e-5
-8.026769229921921	-0.00010347177770019881
-8.011061266653972	-6.014738785245475e-5
-7.995353303386024	-5.533951889505225e-5
-7.979645340118075	-5.396448550544152e-5
-7.963937376850126	-5.429774196143697e-5
-7.948229413582177	-5.7269422574810095e-5
-7.932521450314228	-8.497215669720157e-5
-7.916813487046278	-0.0001155250314570596
-7.901105523778329	-0.0032096863706770544
-7.8853975605103805	-0.00017628504410041476
-7.869689597242432	-7.432601312856436e-5
-7.853981633974483	-5.9452210251535975e-5
-7.838273670706534	-5.621658058922326e-5
-7.822565707438585	-5.926438147303724e-5
-7.806857744170636	-8.599169995104786e-5
-7.791149780902687	-0.009256671432730845
-7.7754418176347375	-8.601854027065413e-5
-7.759733854366789	-5.7919518209288196e-5
-7.74402589109884	-5.292690548106449e-5
-7.728317927830891	-5.1429342858328024e-5
-7.712609964562942	-5.099480973889622e-5
-7.696902001294993	-5.102213972507974e-5
-7.681194038027044	-5.172650138781648e-5
-7.665486074759095	-5.1711008401325784e-5
-7.6497781114911465	-5.2201916426147476e-5
-7.634070148223198	-5.2800810633826343e-5
-7.618362184955249	-5.3475452894381705e-5
-7.602654221687299	-5.4216614738214066e-5
-7.58694625841935	-5.5020638780378593e-5
-7.571238295151401	-5.588654181015236e-5
-7.555530331883452	-5.681519119689261e-5
-7.5398223686155035	-5.780978052914995e-5
-7.524114405347555	-5.887154307367418e-5
-7.508406442079606	-6.00081655270396e-5
-7.492698478811657	-6.122568540500735e-5
-7.476990515543708	-6.253322946084089e-5
-7.461282552275758	-6.394346619329452e-5
-7.445574589007809	-6.547590397998991e-5
-7.4298666257398605	-6.716754877144597e-5
-7.414158662471912	-6.912105711798671e-5
-7.398450699203963	-7.189797190850957e-5
-7.382742735936014	-9.861237055295559e-5
-7.367034772668065	-7.891273096335853e-5
-7.351326809400116	-7.82259700793081e-5
-7.335618846132167	-8.065136222845097e-5
-7.319910882864218	-8.373531861083811e-5
-7.304202919596269	-8.735775527413463e-5
-7.28849495632832	-9.16036784955162e-5
-7.272786993060371	-9.664755291075776e-5
-7.257079029792422	-0.00010276674011776475
-7.241371066524473	-0.00011040213391802517
-7.225663103256524	-0.00012028650511889164
-7.209955139988575	-0.00013372036256411107
-7.194247176720626	-0.00015322141021620894
-7.1785392134526775	-0.0001842656511726486
-7.162831250184729	-0.00024088394892902198
-7.147123286916779	-0.00036928586691503234
-7.13141532364883	-0.0008081961199947002
-7.115707360380881	-0.005748704937922904
-7.099999397112932	-0.007074565352534437
-7.084291433844983	-0.0009197859991536128
-7.0685834705770345	-0.0005021825268011516
-7.052875507309086	-0.000479077274195248
-7.037167544041137	-0.0007412372412044884
-7.021459580773188	-0.0031498135538074313
-7.005751617505239	-0.01521586889868192
-6.99004365423729	-0.001112213916551078
-6.97433569096934	-0.0005813775585463302
-6.9586277277013915	-0.0005075244157211403
-6.942919764433443	-0.0005599897678772948
-6.927211801165494	-0.0007227739931471852
-6.911503837897545	-0.0010905443681661503
-6.895795874629596	-0.0020569431725496754
-6.880087911361647	-0.005966018739712228
-6.864379948093698	-0.08991494806592493
-6.848671984825749	-0.02323752791029299
-6.8329640215578	-0.0038792329759430835
-6.817256058289851	-0.0016276461678497525
-6.801548095021902	-0.0009419689750944996
-6.785840131753953	-0.0006574955192301909
-6.770132168486004	-0.0005182018604704218
-6.754424205218055	-0.00045339926021161273
-6.738716241950106	-0.0006781489601527396
-6.7230082786821574	-0.00044076508295440775
-6.707300315414209	-0.0003841907929902332
-6.69159235214626	-0.0003897446297964186
-6.675884388878311	-0.0004171461583227175
-6.660176425610361	-0.00047798146982483294
-6.644468462342412	-0.0006284750051831823
-6.628760499074463	-0.001428794912014676
-6.613052535806514	-0.0028946692327004825
-6.5973445725385655	-0.0022097270048668533
-6.581636609270617	-0.2109887071172954
-6.565928646002668	-0.0020671114236760083
-6.550220682734719	-0.0014114430662361022
-6.53451271946677	-0.002015559802468687
-6.51880475619882	-0.006395611502099376
-6.503096792930871	-0.0028365948147448298
-6.4873888296629225	-0.004428050673784897
-6.471680866394974	-0.009057273503202167
-6.455972903127025	-0.030344678712005746
-6.440264939859076	-1.2622599466438664
-6.424556976591127	-0.05970714346920686
-6.408849013323178	-0.013183658914567827
-6.393141050055229	-0.006978024714276707
-6.37743308678728	-0.009937964858046476
-6.3617251235193315	-0.02894826071854434
-6.346017160251382	-0.0944612046475835
-6.330309196983433	-0.006204973483052022
-6.314601233715484	-0.0024876904730504255
-6.298893270447535	-0.0014786581195435388
-6.283185307179586	-0.0010355870386171311
-6.267477343911637	-0.0007927090698627338
-6.2517693806436885	-0.0006511680477828124
-6.23606141737574	-0.0005570589420123
-6.220353454107791	-0.0004914271595053666
-6.204645490839841	-0.00041120657806988553
-6.188937527571892	-0.00036850099433409755
-6.173229564303943	-0.0003322984900569092
-6.157521601035994	-0.0003065278721796742
-6.1418136377680455	-0.0002879705782080104
-6.126105674500097	-0.0002673051762267722
-6.110397711232148	-0.0002530640828288196
-6.094689747964199	-0.00024158697314331784
-6.07898178469625	-0.00023255414235122355
-6.063273821428301	-0.0002263519765660022
-6.047565858160352	-0.00022662992158470693
-6.031857894892402	-0.0002964148424948403
-6.0161499316244536	-0.00034655848342314734
-6.000441968356505	-0.00021452378297791326
-5.984734005088556	-0.00020284661461957552
-5.969026041820607	-0.00019844477990644895
-5.953318078552658	-0.00019660423714460497
-5.937610115284709	-0.000198309194564667
-5.92190215201676	-0.00023414241670055577
-5.906194188748811	-0.00026476488726214886
-5.890486225480862	-0.00019959008369289512
-5.874778262212913	-0.000748069349370275
-5.859070298944964	-0.00019453650037734672
-5.843362335677015	-0.00019326033655760728
-5.827654372409066	-0.00019396753196382832
-5.811946409141117	-0.00019535771173246876
-5.796238445873168	-0.00019723138148810944
-5.7805304826052195	-0.00019942066169111714
-5.764822519337271	-0.00020209395603002943
-5.749114556069322	-0.00020522534594330787
-5.733406592801373	-0.0002088758980332996
-5.717698629533423	-0.00021315454074577597
-5.701990666265474	-0.00021824997303645927
-5.686282702997525	-0.00022450490829058724
-5.6705747397295765	-0.00023259533209145331
-5.654866776461628	-0.00024402188268706423
-5.639158813193679	-0.0002627328517516779
-5.62345084992573	-0.0003022471159917894
-5.607742886657781	-0.0004376642417586967
-5.592034923389832	-0.0024352903211596424
-5.576326960121882	-0.0014484803456753818
-5.5606189968539335	-0.00042276116602926766
-5.544911033585985	-0.0003305547223915502
-5.529203070318036	-0.00031123003005276004
-5.513495107050087	-0.0003104553554805725
-5.497787143782138	-0.00032042447980722984
-5.482079180514189	-0.0003271176472847552
-5.46637121724624	-0.00034286949606030957
-5.450663253978291	-0.00038862952959638935
-5.4349552907103424	-0.0003843525951846404
-5.419247327442394	-0.0004150471860175386
-5.403539364174444	-0.00045802767232849703
-5.387831400906495	-0.0005222447737775996
-5.372123437638546	-0.0006310616816602152
-5.356415474370597	-0.0008512670478492361
-5.340707511102648	-0.001493078936245178
-5.324999547834699	-0.006003402350072718
-5.3092915845667505	-0.0494973430744354
-5.293583621298802	-0.0027196140698468128
-5.277875658030853	-0.0015197508417323696
-5.262167694762903	-0.0017031611610477447
-5.246459731494954	-0.005114718213565193
-5.230751768227005	-0.012007272363738417
-5.215043804959056	-0.03734504586378239
-5.1993358416911075	-0.003036444305455444
-5.183627878423159	-0.001824787734101268
-5.16791991515521	-0.0018085198389241604
-5.152211951887261	-0.002708643852932442
-5.136503988619312	-0.09138109059507789
-5.120796025351363	-0.00424502898301009
-5.105088062083414	-0.007029647400520726
-5.0893800988154645	-0.021856553645502434
-5.073672135547516	-0.7766961428504097
-5.057964172279567	-0.04494940034159959
-5.042256209011618	-0.009938137301713586
-5.026548245743669	-0.005014665131155454
-5.01084028247572	-0.004162661287787173
-4.995132319207771	-0.008427908679455094
-4.979424355939822	-0.2566874887520066
-4.9637163926718735	-0.005461883793662122
-4.948008429403924	-0.0035552447767838004
-4.932300466135975	-0.0021294045247437507
-4.916592502868026	-0.0017737714643087125
-4.900884539600077	-0.0017296759014153048
-4.885176576332128	-0.0018017748381704227
-4.869468613064179	-0.002010319953686311
-4.8537606497962305	-0.002636981042683391
-4.838052686528282	-0.002929557181125655
-4.822344723260333	-0.004930518782719988
-4.806636759992384	-0.04069682547033335
-4.790928796724435	-0.014416813974378821
-4.775220833456485	-0.005619212698417471
-4.759512870188536	-0.005792377595136315
-4.743804906920587	-0.00696572760522531
-4.7280969436526386	-0.010010365018308421
-4.71238898038469	-0.046594367533261793
-4.696681017116741	-0.027460758596639816
-4.680973053848792	-0.06542031645920085
-4.665265090580843	-0.40730580751688567
-4.649557127312894	-1.3643261679289416
-4.633849164044944	-0.09855252316091495
-4.6181412007769955	-0.037644427030881875
-4.602433237509047	-0.027493917602894276
-4.586725274241098	-0.042655937988854094
-4.571017310973149	-0.39696845698244126
-4.5553093477052	-0.3407636583415633
-4.539601384437251	-0.03511262816176402
-4.523893421169302	-0.014677821977162348
-4.508185457901353	-0.009264748436750408
-4.4924774946334045	-0.008634947517183097
-4.476769531365456	-0.04277691100610241
-4.461061568097506	-0.01738929259867536
-4.445353604829557	-0.005101934934658761
-4.429645641561608	-0.003552052960480875
-4.413937678293659	-0.0028567264763730013
-4.39822971502571	-0.0025557451701504665
-4.3825217517577615	-0.0024188294825822623
-4.366813788489813	-0.002411119297529385
-4.351105825221864	-0.0025686300095513416
-4.335397861953915	-0.003046749989437433
-4.319689898685965	-0.004397677638593896
-4.303981935418016	-0.010429648310879489
-4.288273972150067	-0.209056210545215
-4.2725660088821185	-0.025818364892469914
-4.25685804561417	-0.0061541911375810904
-4.241150082346221	-0.0035372460520672897
-4.225442119078272	-0.0027674321123900393
-4.209734155810323	-0.0031897711885936564
-4.194026192542374	-0.002392663840195883
-4.178318229274425	-0.0023480313634296054
-4.162610266006476	-0.0025247536423022242
-4.146902302738527	-0.0034812397939085475
-4.131194339470578	-0.0026266884786788035
-4.115486376202629	-0.0027624631921555638
-4.09977841293468	-0.0029727138206197966
-4.084070449666731	-0.0032491956804056735
-4.068362486398782	-0.00383927433779761
-4.052654523130833	-0.004036384730776702
-4.036946559862884	-0.004521834183836893
-4.0212385965949355	-0.005195838118211837
-4.005530633326986	-0.00608817148993869
-3.9898226700590373	-0.007299967913873192
-3.9741147067910885	-0.009010685743207894
-3.958406743523139	-0.011557089407649712
-3.9426987802551903	-0.01564562505715625
-3.9269908169872414	-0.023587798018413885
-3.9112828537192925	-0.03826715136892599
-3.8955748904513436	-0.07719347415717692
-3.8798669271833943	-0.269116314047957
-3.8641589639154454	-25.548370778449456
-3.8484510006474966	-0.3884208647655246
-3.8327430373795477	-0.10346731668118508
-3.817035074111599	-0.06816736311193344
-3.8013271108436495	-0.09897923595472323
-3.7856191475757006	-0.6754341467622312
-3.7699111843077517	-0.6309532330830245
-3.754203221039803	-0.08942754608802587
-3.738495257771854	-0.046970194281895604
-3.7227872945039047	-0.040048863948635396
-3.707079331235956	-0.04585192669659807
-3.691371367968007	-0.06643566792230661
-3.675663404700058	-0.12495630810518435
-3.659955441432109	-0.3670834342070959
-3.64424747816416	-5.526995726226174
-3.628539514896211	-1.4639407924788908
-3.612831551628262	-0.23705448339061297
-3.597123588360313	-0.09401249096386731
-3.5814156250923643	-0.0506694959373128
-3.565707661824415	-0.03196262973183976
-3.549999698556466	-0.02223230641944947
-3.5342917352885173	-0.016569219423658774
-3.5185837720205684	-0.013456610465735819
-3.5028758087526195	-0.1958596404302246
-3.48716784548467	-0.009311005005677575
-3.4714598822167213	-0.007607067487805269
-3.4557519189487724	-0.007394717976659985
-3.4400439556808236	-0.046234806127631645
-3.4243359924128747	-0.008197844897195982
-3.4086280291449254	-0.005366864682133831
-3.3929200658769765	-0.0042380887452437375
-3.3772121026090276	-0.003973365490242097
-3.3615041393410787	-0.004487345339203244
-3.34579617607313	-0.030399895422035476
-3.3300882128051805	-0.006285504172995195
-3.3143802495372316	-0.0036911932258137407
-3.2986722862692828	-0.0037995982082938214
-3.282964323001334	-0.0066580167199000225
-3.267256359733385	-0.6801934664032628
-3.2515483964654357	-0.00656107032901746
-3.235840433197487	-0.005010901961284564
-3.220132469929538	-0.007690517697273294
-3.204424506661589	-0.02870971237889877
-3.18871654339364	-0.4689459716283777
-3.173008580125691	-0.04034999878287261
-3.157300616857742	-0.006127978176762419
-3.141592653589793	-0.0035572161918389503
-3.1258846903218442	-0.00267024835875469
-3.1101767270538954	-0.002259810283020452
-3.094468763785946	-0.0020508986698568703
-3.078760800517997	-0.0019999962875438533
-3.0630528372500483	-0.005637215981166234
-3.0473448739820994	-0.0019838169235393906
-3.0316369107141505	-0.0018677737258531463
-3.015928947446201	-0.0019188079191727683
-3.0002209841782523	-0.002025654558728509
-2.9845130209103035	-0.002218754049029006
-2.9688050576423546	-0.0029767496295890483
-2.9530970943744057	-0.0033451705038273103
-2.9373891311064564	-0.007096080900243069
-2.9216811678385075	-0.7472469920454109
-2.9059732045705586	-0.007154156336811684
-2.8902652413026098	-0.004889965905989666
-2.874557278034661	-0.005303715548580925
-2.8588493147667116	-0.006679061168707439
-2.8431413514987627	-0.009363653966083518
-2.827433388230814	-0.014924137320558176
-2.811725424962865	-0.029127239082854334
-2.796017461694916	-0.0864879531960008
-2.7803094984269667	-1.3463482351916165
-2.764601535159018	-0.33178287840447385
-2.748893571891069	-0.05743043875785376
-2.73318560862312	-0.02574178089879321
-2.7174776453551712	-0.02040327441467045
-2.701769682087222	-0.03937487828566144
-2.686061718819273	-4.75363451007742
-2.670353755551324	-0.0442116618011338
-2.6546457922833753	-0.01289761956026299
-2.6389378290154264	-0.007047720943634302
-2.623229865747477	-0.0048600926335899035
-2.607521902479528	-0.0037685828156069382
-2.5918139392115793	-0.0031363224925642285
-2.5761059759436304	-0.002740952731533302
-2.5603980126756816	-0.0025349976280854797
-2.5446900494077322	-0.0023293847698419743
-2.5289820861397834	-0.0022101047233662988
-2.5132741228718345	-0.0021675044278708006
-2.4975661596038856	-0.002190930032917278
-2.4818581963359367	-0.0023051517976497844
-2.4661502330679874	-0.0025880274549851833
-2.4504422698000385	-0.003300371508493986
-2.4347343065320897	-0.005709881841171854
-2.419026343264141	-0.026743277353006144
-2.403318379996192	-0.08921941826785383
-2.3876104167282426	-0.007810530112359753
-2.3719024534602937	-0.003879846207897333
-2.356194490192345	-0.0029528880154291405
-2.340486526924396	-0.002644585779869219
-2.324778563656447	-0.0025526565370744395
-2.3090706003884978	-0.002569924015134373
-2.293362637120549	-0.0027026155754853345
-2.2776546738526	-0.01732791872987025
-2.261946710584651	-0.002958379378812516
-2.2462387473167023	-0.0030998865867590468
-2.230530784048753	-0.003332620135923004
-2.214822820780804	-0.0036297995792775057
-2.199114857512855	-0.0040316396348563524
-2.1834068942449063	-0.00470212503083085
-2.1676989309769574	-0.004996608510190324
-2.151990967709008	-0.005690558821526463
-2.1362830044410592	-0.006600149142828982
-2.1205750411731104	-0.007813594779115909
-2.1048670779051615	-0.009488867779720182
-2.0891591146372126	-0.011911806031822772
-2.0734511513692633	-0.015645136864563612
-2.0577431881013144	-0.021960521860853146
-2.0420352248333655	-0.041156539195783964
-2.0263272615654166	-0.061987668792961616
-2.0106192982974678	-0.1610577242238883
-1.9949113350295187	-1.3317947584471046
-1.9792033717615696	-1.4590815671871784
-1.9634954084936207	-0.1755093380235125
-1.9477874452256718	-0.08407619718088784
-1.9320794819577227	-0.08358533357153916
-1.9163715186897738	-0.2123833515232428
-1.9006635554218247	-44.78181954414372
-1.8849555921538759	-0.220329966651856
-1.869247628885927	-0.07270122953543265
-1.853539665617978	-0.05013074670385042
-1.837831702350029	-0.04979261290856277
-1.82212373908208	-0.06328823990210643
-1.806415775814131	-0.1002709530839981
-1.7907078125461822	-0.21095631337239476
-1.774999849278233	-0.7958816885929519
-1.7592918860102842	-167.53347645323058
-1.743583922742335	-0.8992876092401414
-1.7278759594743862	-0.22092794228773452
-1.7121679962064373	-0.09878874520621796
-1.6964600329384882	-0.05638975499612776
-1.6807520696705394	-0.03683334491705515
-1.6650441064025903	-0.026285689538794614
-1.6493361431346414	-0.02019551652599334
-1.6336281798666925	-0.018863919941663015
-1.6179202165987434	-0.02401105697488832
-1.6022122533307945	-0.013431843438942532
-1.5865042900628454	-0.009844945105147147
-1.5707963267948966	-0.00867771166270873
-1.5550883635269477	-0.008187937803887437
-1.5393804002589986	-0.016186498008299282
-1.5236724369910497	-0.009378646365021715
-1.5079644737231006	-0.013157459348998476
-1.4922565104551517	-0.03035118526370345
-1.4765485471872029	-0.42560224775496003
-1.4608405839192538	-0.10248531864521264
-1.4451326206513049	-0.020347427178849475
-1.4294246573833558	-0.01120281745393735
-1.413716694115407	-0.010820648098470774
-1.398008730847458	-0.028999798462976525
-1.382300767579509	-0.30376458134720435
-1.36659280431156	-0.013521567653935382
-1.350884841043611	-0.006045358755005756
-1.335176877775662	-0.00417428285020625
-1.3194689145077132	-0.0033695844180191667
-1.303760951239764	-0.0029241630353742053
-1.2880529879718152	-0.0026411661885697535
-1.2723450247038661	-0.002447831692116766
-1.2566370614359172	-0.0023518447054038344
-1.2409290981679684	-0.002214889031315184
-1.2252211349000193	-0.0021211704573887036
-1.2095131716320704	-0.00206162520397338
-1.1938052083641213	-0.0020205498064299944
-1.1780972450961724	-0.0019933174095850877
-1.1623892818282235	-0.0019794950772333863
-1.1466813185602744	-0.0019776612706714726
-1.1309733552923256	-0.001987353041652014
-1.1152653920243765	-0.002008562233211372
-1.0995574287564276	-0.002041737687243878
-1.0838494654884787	-0.0020879266007465566
-1.0681415022205296	-0.0021491023859937586
-1.0524335389525807	-0.0022289664860946834
-1.0367255756846316	-0.0023352302670557115
-1.0210176124166828	-0.002487177971707488
-1.0053096491487339	-0.002749577692960554
-0.9896016858807848	-0.003492603552139207
-0.9738937226128359	-0.01568723582914154
-0.9581857593448869	-0.0069730152740479735
-0.9424777960769379	-0.0037218993692182166
-0.926769832808989	-0.003574272052734084
-0.91106186954104	-0.0037426205381230937
-0.8953539062730911	-0.004032928713692018
-0.8796459430051421	-0.004418103330128871
-0.8639379797371931	-0.004906429322823082
-0.8482300164692441	-0.005523855796394063
-0.8325220532012951	-0.006314782495494706
-0.8168140899333463	-0.007351334104919048
-0.8011061266653973	-0.008754047706404972
-0.7853981633974483	-0.01073638667010609
-0.7696902001294993	-0.013708549468392235
-0.7539822368615503	-0.01855124473560716
-0.7382742735936014	-0.0274751518299882
-0.7225663103256524	-0.04751779566189135
-0.7068583470577035	-0.11268551570086606
-0.6911503837897545	-0.6924849936891048
-0.6754424205218055	-2.031259845618707
-0.6597344572538566	-0.1683512094986635
-0.6440264939859076	-0.08037918968436475
-0.6283185307179586	-0.08462035177517954
-0.6126105674500096	-0.2275995119853043
-0.5969026041820606	-46.21635504504739
-0.5811946409141118	-0.2167380677638949
-0.5654866776461628	-0.0798402858836288
-0.5497787143782138	-0.061932951929233905
-0.5340707511102648	-0.06855619880988607
-0.5183627878423158	-0.09564427361125413
-0.5026548245743669	-0.16605802490222474
-0.48694686130641796	-0.39820977790105244
-0.47123889803846897	-2.170476094843645
-0.45553093477052	-16.05788300213921
-0.43982297150257105	-0.7425292399837071
-0.42411500823462206	-0.23442010320313433
-0.4084070449666731	-0.11469179413081368
-0.39269908169872414	-0.06873514392609627
-0.37699111843077515	-0.046503160879232404
-0.3612831551628262	-0.0343396383333622
-0.34557519189487723	-0.027776014349377983
-0.3298672286269283	-0.036753350700313596
-0.3141592653589793	-0.027666263862732007
-0.2984513020910303	-0.018039236022260256
-0.2827433388230814	-0.016487553051851126
-0.2670353755551324	-0.016460600814176968
-0.25132741228718347	-0.01809380558910577
-0.23561944901923448	-0.027005021194709895
-0.21991148575128552	-0.02915303829103583
-0.20420352248333656	-0.05500102925390458
-0.18849555921538758	-0.28847645997027116
-0.17278759594743862	-0.6860397732545171
-0.15707963267948966	-0.08233424239990904
-0.1413716694115407	-0.05806555229036007
-0.12566370614359174	-0.06759991195010062
-0.10995574287564276	-0.09853933938101923
-0.09424777960769379	-0.16993926162506057
-0.07853981633974483	-0.36207205409106724
-0.06283185307179587	-1.1601033967154306
-0.047123889803846894	-18.27082752224502
-0.031415926535897934	-4.785353626521769
-0.015707963267948967	-0.6208197364596676
0.0	-8.127080161955558e-17
0.015707963267948967	0.6208197364596678
0.031415926535897934	4.7853536265217675
0.047123889803846894	18.27082752224503
0.06283185307179587	1.1601033967154304
0.07853981633974483	0.3620720540910675
0.09424777960769379	0.16993926162506076
0.10995574287564276	0.09853933938101922
0.12566370614359174	0.06759991195010064
0.1413716694115407	0.058065552290360124
0.15707963267948966	0.08233424239990898
0.17278759594743862	0.6860397732545185
0.18849555921538758	0.2884764599702714
0.20420352248333656	0.05500102925390458
0.21991148575128552	0.029153038291035854
0.23561944901923448	0.027005021194709895
0.25132741228718347	0.018093805589105772
0.2670353755551324	0.016460600814176957
0.2827433388230814	0.01648755305185111
0.2984513020910303	0.018039236022260263
0.3141592653589793	0.027666263862732025
0.3298672286269283	0.036753350700313624
0.34557519189487723	0.027776014349377983
0.3612831551628262	0.03433963833336217
0.37699111843077515	0.04650316087923245
0.39269908169872414	0.06873514392609628
0.4084070449666731	0.11469179413081375
0.42411500823462206	0.2344201032031343
0.43982297150257105	0.7425292399837075
0.45553093477052	16.057883002139214
0.47123889803846897	2.170476094843644
0.48694686130641796	0.39820977790105233
0.5026548245743669	0.1660580249022253
0.5183627878423158	0.09564427361125427
0.5340707511102648	0.06855619880988607
0.5497787143782138	0.06193295192923388
0.5654866776461628	0.0798402858836288
0.5811946409141118	0.21673806776389504
0.5969026041820606	46.21635504504746
0.6126105674500096	0.22759951198530448
0.6283185307179586	0.08462035177517944
0.6440264939859076	0.08037918968436482
0.6597344572538566	0.1683512094986636
0.6754424205218055	2.0312598456187065
0.6911503837897545	0.6924849936891058
0.7068583470577035	0.11268551570086606
0.7225663103256524	0.04751779566189138
0.7382742735936014	0.027475151829988227
0.7539822368615503	0.018551244735607157
0.7696902001294993	0.01370854946839225
0.7853981633974483	0.010736386670106098
0.8011061266653973	0.008754047706404982
0.8168140899333463	0.007351334104919049
0.8325220532012951	0.006314782495494702
0.8482300164692441	0.0055238557963940725
0.8639379797371931	0.004906429322823076
0.8796459430051421	0.004418103330128875
0.8953539062730911	0.004032928713692019
0.91106186954104	0.003742620538123094
0.926769832808989	0.0035742720527340826
0.9424777960769379	0.00372189936921822
0.9581857593448869	0.00697301527404789
0.9738937226128359	0.015687235829141565
0.9896016858807848	0.003492603552139211
1.0053096491487339	0.0027495776929605566
1.0210176124166828	0.0024871779717074867
1.0367255756846316	0.0023352302670557115
1.0524335389525807	0.0022289664860946808
1.0681415022205296	0.00214910238599376
1.0838494654884787	0.002087926600746556
1.0995574287564276	0.0020417376872438778
1.1152653920243765	0.0020085622332113727
1.1309733552923256	0.001987353041652015
1.1466813185602744	0.001977661270671473
1.1623892818282235	0.001979495077233388
1.1780972450961724	0.0019933174095850886
1.1938052083641213	0.0020205498064299944
1.2095131716320704	0.0020616252039733817
1.2252211349000193	0.0021211704573887067
1.2409290981679684	0.0022148890313151864
1.2566370614359172	0.0023518447054038365
1.2723450247038661	0.0024478316921167685
1.2880529879718152	0.002641166188569757
1.303760951239764	0.0029241630353742092
1.3194689145077132	0.0033695844180191645
1.335176877775662	0.004174282850206251
1.350884841043611	0.006045358755005762
1.36659280431156	0.01352156765393542
1.382300767579509	0.30376458134720447
1.398008730847458	0.028999798462976557
1.413716694115407	0.010820648098470774
1.4294246573833558	0.011202817453937341
1.4451326206513049	0.020347427178849478
1.4608405839192538	0.10248531864521283
1.4765485471872029	0.42560224775496036
1.4922565104551517	0.030351185263703475
1.5079644737231006	0.013157459348998476
1.5236724369910497	0.009378646365021717
1.5393804002589986	0.01618649800829929
1.5550883635269477	0.008187937803887442
1.5707963267948966	0.008677711662708735
1.5865042900628454	0.009844945105147145
1.6022122533307945	0.01343184343894255
1.6179202165987434	0.024011056974888333
1.6336281798666925	0.018863919941663004
1.6493361431346414	0.02019551652599336
1.6650441064025903	0.02628568953879461
1.6807520696705394	0.03683334491705516
1.6964600329384882	0.05638975499612779
1.7121679962064373	0.09878874520621812
1.7278759594743862	0.22092794228773457
1.743583922742335	0.8992876092401414
1.7592918860102842	167.53347645323052
1.774999849278233	0.795881688592952
1.7907078125461822	0.21095631337239454
1.806415775814131	0.1002709530839982
1.82212373908208	0.06328823990210646
1.837831702350029	0.0497926129085629
1.853539665617978	0.05013074670385036
1.869247628885927	0.07270122953543266
1.8849555921538759	0.2203299666518562
1.9006635554218247	44.78181954414374
1.9163715186897738	0.2123833515232429
1.9320794819577227	0.08358533357153929
1.9477874452256718	0.08407619718088785
1.9634954084936207	0.17550933802351276
1.9792033717615696	1.4590815671871802
1.9949113350295187	1.3317947584471062
2.0106192982974678	0.16105772422388848
2.0263272615654166	0.061987668792961734
2.0420352248333655	0.041156539195784006
2.0577431881013144	0.021960521860853167
2.0734511513692633	0.015645136864563623
2.0891591146372126	0.011911806031822774
2.1048670779051615	0.00948886777972019
2.1205750411731104	0.007813594779115914
2.1362830044410592	0.006600149142828986
2.151990967709008	0.005690558821526468
2.1676989309769574	0.004996608510190328
2.1834068942449063	0.00470212503083085
2.199114857512855	0.0040316396348563585
2.214822820780804	0.0036297995792775087
2.230530784048753	0.003332620135923007
2.2462387473167023	0.0030998865867590516
2.261946710584651	0.00295837937881252
2.2776546738526	0.01732791872987026
2.293362637120549	0.0027026155754853337
2.3090706003884978	0.0025699240151343754
2.324778563656447	0.002552656537074444
2.340486526924396	0.0026445857798692253
2.356194490192345	0.002952888015429143
2.3719024534602937	0.0038798462078973375
2.3876104167282426	0.007810530112359761
2.403318379996192	0.08921941826785393
2.419026343264141	0.026743277353006203
2.4347343065320897	0.005709881841171855
2.4504422698000385	0.003300371508493989
2.4661502330679874	0.0025880274549851846
2.4818581963359367	0.0023051517976497857
2.4975661596038856	0.002190930032917278
2.5132741228718345	0.0021675044278708015
2.5289820861397834	0.0022101047233663005
2.5446900494077322	0.0023293847698419787
2.5603980126756816	0.002534997628085485
2.5761059759436304	0.0027409527315332928
2.5918139392115793	0.0031363224925642285
2.607521902479528	0.0037685828156069448
2.623229865747477	0.004860092633589906
2.6389378290154264	0.007047720943634299
2.6546457922833753	0.01289761956026299
2.670353755551324	0.04421166180113381
2.686061718819273	4.753634510077421
2.701769682087222	0.03937487828566145
2.7174776453551712	0.020403274414670464
2.73318560862312	0.025741780898793233
2.748893571891069	0.05743043875785372
2.764601535159018	0.3317828784044745
2.7803094984269667	1.3463482351916176
2.796017461694916	0.08648795319600096
2.811725424962865	0.02912723908285435
2.827433388230814	0.014924137320558181
2.8431413514987627	0.009363653966083518
2.8588493147667116	0.006679061168707445
2.874557278034661	0.005303715548580932
2.8902652413026098	0.004889965905989667
2.9059732045705586	0.007154156336811694
2.9216811678385075	0.7472469920454105
2.9373891311064564	0.007096080900243081
2.9530970943744057	0.003345170503827311
2.9688050576423546	0.0029767496295890535
2.9845130209103035	0.002218754049029008
3.0002209841782523	0.0020256545587285114
3.015928947446201	0.0019188079191727672
3.0316369107141505	0.0018677737258531466
3.0473448739820994	0.0019838169235393923
3.0630528372500483	0.005637215981166241
3.078760800517997	0.001999996287543854
3.094468763785946	0.002050898669856873
3.1101767270538954	0.0022598102830204535
3.1258846903218442	0.0026702483587546914
3.141592653589793	0.0035572161918389533
3.157300616857742	0.006127978176762419
3.173008580125691	0.04034999878287262
3.18871654339364	0.46894597162837864
3.204424506661589	0.028709712378898813
3.220132469929538	0.007690517697273296
3.235840433197487	0.005010901961284567
3.2515483964654357	0.00656107032901747
3.267256359733385	0.6801934664032623
3.282964323001334	0.006658016719900027
3.2986722862692828	0.0037995982082938305
3.3143802495372316	0.0036911932258137463
3.3300882128051805	0.006285504172995197
3.34579617607313	0.030399895422035514
3.3615041393410787	0.004487345339203246
3.3772121026090276	0.003973365490242104
3.3929200658769765	0.004238088745243747
3.4086280291449254	0.005366864682133834
3.4243359924128747	0.00819784489719598
3.4400439556808236	0.04623480612763168
3.4557519189487724	0.007394717976659976
3.4714598822167213	0.007607067487805258
3.48716784548467	0.009311005005677574
3.5028758087526195	0.19585964043022486
3.5185837720205684	0.013456610465735833
3.5342917352885173	0.016569219423658774
3.549999698556466	0.02223230641944952
3.565707661824415	0.0319626297318398
3.5814156250923643	0.050669495937312785
3.597123588360313	0.09401249096386745
3.612831551628262	0.23705448339061364
3.628539514896211	1.4639407924788914
3.64424747816416	5.526995726226169
3.659955441432109	0.3670834342070969
3.675663404700058	0.12495630810518447
3.691371367968007	0.06643566792230658
3.707079331235956	0.04585192669659804
3.7227872945039047	0.04004886394863543
3.738495257771854	0.04697019428189565
3.754203221039803	0.08942754608802599
3.7699111843077517	0.6309532330830251
3.7856191475757006	0.6754341467622325
3.8013271108436495	0.09897923595472334
3.817035074111599	0.06816736311193347
3.8327430373795477	0.10346731668118518
3.8484510006474966	0.3884208647655244
3.8641589639154454	25.54837077844946
3.8798669271833943	0.2691163140479574
3.8955748904513436	0.07719347415717699
3.9112828537192925	0.038267151368925986
3.9269908169872414	0.023587798018413916
3.9426987802551903	0.01564562505715623
3.958406743523139	0.01155708940764971
3.9741147067910885	0.009010685743207918
3.9898226700590373	0.0072999679138732
4.005530633326986	0.006088171489938701
4.0212385965949355	0.005195838118211848
4.036946559862884	0.004521834183836894
4.052654523130833	0.004036384730776701
4.068362486398782	0.0038392743377976134
4.084070449666731	0.003249195680405676
4.09977841293468	0.0029727138206198
4.115486376202629	0.002762463192155574
4.131194339470578	0.0026266884786788048
4.146902302738527	0.003481239793908552
4.162610266006476	0.0025247536423022255
4.178318229274425	0.002348031363429606
4.194026192542374	0.0023926638401958835
4.209734155810323	0.0031897711885936573
4.225442119078272	0.0027674321123900463
4.241150082346221	0.003537246052067288
4.25685804561417	0.006154191137581083
4.2725660088821185	0.02581836489246997
4.288273972150067	0.20905621054521503
4.303981935418016	0.010429648310879485
4.319689898685965	0.004397677638593897
4.335397861953915	0.003046749989437435
4.351105825221864	0.002568630009551341
4.366813788489813	0.0024111192975293837
4.3825217517577615	0.0024188294825822627
4.39822971502571	0.002555745170150465
4.413937678293659	0.002856726476373004
4.429645641561608	0.0035520529604808823
4.445353604829557	0.005101934934658758
4.461061568097506	0.017389292598675367
4.476769531365456	0.04277691100610252
4.4924774946334045	0.008634947517183097
4.508185457901353	0.009264748436750413
4.523893421169302	0.014677821977162353
4.539601384437251	0.03511262816176403
4.5553093477052	0.3407636583415635
4.571017310973149	0.39696845698244154
4.586725274241098	0.04265593798885416
4.602433237509047	0.027493917602894304
4.6181412007769955	0.03764442703088187
4.633849164044944	0.09855252316091509
4.649557127312894	1.3643261679289438
4.665265090580843	0.407305807516886
4.680973053848792	0.0654203164592008
4.696681017116741	0.02746075859663983
4.71238898038469	0.046594367533261856
4.7280969436526386	0.010010365018308431
4.743804906920587	0.006965727605225323
4.759512870188536	0.0057923775951363105
4.775220833456485	0.005619212698417467
4.790928796724435	0.014416813974378856
4.806636759992384	0.04069682547033336
4.822344723260333	0.0049305187827199904
4.838052686528282	0.002929557181125654
4.8537606497962305	0.0026369810426833964
4.869468613064179	0.0020103199536863096
4.885176576332128	0.0018017748381704227
4.900884539600077	0.0017296759014153052
4.916592502868026	0.001773771464308712
4.932300466135975	0.002129404524743749
4.948008429403924	0.0035552447767838026
4.9637163926718735	0.0054618837936621254
4.979424355939822	0.2566874887520069
4.995132319207771	0.008427908679455096
5.01084028247572	0.004162661287787169
5.026548245743669	0.005014665131155449
5.042256209011618	0.009938137301713581
5.057964172279567	0.04494940034159968
5.073672135547516	0.7766961428504092
5.0893800988154645	0.021856553645502406
5.105088062083414	0.007029647400520722
5.120796025351363	0.004245028983010093
5.136503988619312	0.09138109059507801
5.152211951887261	0.0027086438529324397
5.16791991515521	0.0018085198389241627
5.183627878423159	0.0018247877341012685
5.1993358416911075	0.0030364443054554484
5.215043804959056	0.03734504586378239
5.230751768227005	0.012007272363738438
5.246459731494954	0.0051147182135652
5.262167694762903	0.0017031611610477477
5.277875658030853	0.00151975084173237
5.293583621298802	0.002719614069846815
5.3092915845667505	0.04949734307443544
5.324999547834699	0.006003402350072724
5.340707511102648	0.0014930789362451785
5.356415474370597	0.0008512670478492374
5.372123437638546	0.0006310616816602157
5.387831400906495	0.0005222447737776
5.403539364174444	0.0004580276723284976
5.419247327442394	0.00041504718601753887
5.4349552907103424	0.0003843525951846402
5.450663253978291	0.00038862952959638946
5.46637121724624	0.0003428694960603098
5.482079180514189	0.0003271176472847549
5.497787143782138	0.0003204244798072286
5.513495107050087	0.00031045535548057185
5.529203070318036	0.000311230030052759
5.544911033585985	0.00033055472239155027
5.5606189968539335	0.0004227611660292672
5.576326960121882	0.0014484803456753818
5.592034923389832	0.00243529032115964
5.607742886657781	0.00043766424175869714
5.62345084992573	0.000302247115991789
5.639158813193679	0.0002627328517516779
5.654866776461628	0.00024402188268706428
5.6705747397295765	0.0002325953320914538
5.686282702997525	0.00022450490829058735
5.701990666265474	0.0002182499730364595
5.717698629533423	0.00021315454074577619
5.733406592801373	0.00020887589803329982
5.749114556069322	0.00020522534594330814
5.764822519337271	0.00020209395603002948
5.7805304826052195	0.00019942066169111684
5.796238445873168	0.0001972313814881098
5.811946409141117	0.00019535771173246903
5.827654372409066	0.0001939675319638284
5.843362335677015	0.00019326033655760695
5.859070298944964	0.00019453650037734683
5.874778262212913	0.0007480693493702764
5.890486225480862	0.0001995900836928951
5.906194188748811	0.0002647648872621488
5.92190215201676	0.0002341424167005558
5.937610115284709	0.000198309194564667
5.953318078552658	0.00019660423714460472
5.969026041820607	0.000198444779906449
5.984734005088556	0.00020284661461957552
6.000441968356505	0.00021452378297791332
6.0161499316244536	0.00034655848342314734
6.031857894892402	0.00029641484249484006
6.047565858160352	0.0002266299215847066
6.063273821428301	0.00022635197656600166
6.07898178469625	0.00023255414235122347
6.094689747964199	0.0002415869731433178
6.110397711232148	0.0002530640828288198
6.126105674500097	0.000267305176226772
6.1418136377680455	0.0002879705782080107
6.157521601035994	0.00030652787217967415
6.173229564303943	0.0003322984900569091
6.188937527571892	0.00036850099433409863
6.204645490839841	0.0004112065780698857
6.220353454107791	0.000491427159505367
6.23606141737574	0.0005570589420122996
6.2517693806436885	0.0006511680477828127
6.267477343911637	0.0007927090698627346
6.283185307179586	0.0010355870386171302
6.298893270447535	0.0014786581195435407
6.314601233715484	0.0024876904730504286
6.330309196983433	0.006204973483052039
6.346017160251382	0.09446120464758362
6.3617251235193315	0.028948260718544363
6.37743308678728	0.009937964858046471
6.393141050055229	0.006978024714276707
6.408849013323178	0.013183658914567829
6.424556976591127	0.05970714346920693
6.440264939859076	1.2622599466438669
6.455972903127025	0.030344678712005732
6.471680866394974	0.009057273503202167
6.4873888296629225	0.004428050673784896
6.503096792930871	0.002836594814744825
6.51880475619882	0.0063956115020993715
6.53451271946677	0.002015559802468691
6.550220682734719	0.0014114430662361033
6.565928646002668	0.0020671114236760096
6.581636609270617	0.2109887071172956
6.5973445725385655	0.002209727004866857
6.613052535806514	0.002894669232700479
6.628760499074463	0.0014287949120146794
6.644468462342412	0.0006284750051831823
6.660176425610361	0.0004779814698248332
6.675884388878311	0.0004171461583227173
6.69159235214626	0.00038974462979641947
6.707300315414209	0.00038419079299023263
6.7230082786821574	0.00044076508295440807
6.738716241950106	0.0006781489601527396
6.754424205218055	0.00045339926021161273
6.770132168486004	0.0005182018604704223
6.785840131753953	0.0006574955192301903
6.801548095021902	0.0009419689750945011
6.817256058289851	0.0016276461678497544
6.8329640215578	0.0038792329759430814
6.848671984825749	0.02323752791029301
6.864379948093698	0.08991494806592529
6.880087911361647	0.005966018739712226
6.895795874629596	0.0020569431725496762
6.911503837897545	0.0010905443681661518
6.927211801165494	0.0007227739931471843
6.942919764433443	0.0005599897678772948
6.9586277277013915	0.0005075244157211405
6.97433569096934	0.0005813775585463304
6.99004365423729	0.001112213916551079
7.005751617505239	0.015215868898681916
7.021459580773188	0.0031498135538074352
7.037167544041137	0.0007412372412044887
7.052875507309086	0.0004790772741952476
7.0685834705770345	0.0005021825268011515
7.084291433844983	0.0009197859991536129
7.099999397112932	0.007074565352534428
7.115707360380881	0.005748704937922899
7.13141532364883	0.0008081961199947011
7.147123286916779	0.0003692858669150327
7.162831250184729	0.0002408839489290217
7.1785392134526775	0.0001842656511726484
7.194247176720626	0.00015322141021620903
7.209955139988575	0.0001337203625641111
7.225663103256524	0.00012028650511889168
7.241371066524473	0.00011040213391802519
7.257079029792422	0.00010276674011776482
7.272786993060371	9.664755291075785e-5
7.28849495632832	9.160367849551641e-5
7.304202919596269	8.735775527413459e-5
7.319910882864218	8.373531861083815e-5
7.335618846132167	8.065136222845087e-5
7.351326809400116	7.822597007930805e-5
7.367034772668065	7.891273096335857e-5
7.382742735936014	9.861237055295568e-5
7.398450699203963	7.189797190850969e-5
7.414158662471912	6.912105711798661e-5
7.4298666257398605	6.716754877144586e-5
7.445574589007809	6.547590397998987e-5
7.461282552275758	6.394346619329456e-5
7.476990515543708	6.253322946084089e-5
7.492698478811657	6.122568540500743e-5
7.508406442079606	6.00081655270396e-5
7.524114405347555	5.887154307367413e-5
7.5398223686155035	5.7809780529150076e-5
7.555530331883452	5.681519119689269e-5
7.571238295151401	5.5886541810152475e-5
7.58694625841935	5.5020638780378675e-5
7.602654221687299	5.421661473821424e-5
7.618362184955249	5.3475452894381766e-5
7.634070148223198	5.2800810633826425e-5
7.6497781114911465	5.220191642614758e-5
7.665486074759095	5.1711008401325866e-5
7.681194038027044	5.172650138781651e-5
7.696902001294993	5.1022139725079794e-5
7.712609964562942	5.099480973889624e-5
7.728317927830891	5.142934285832793e-5
7.74402589109884	5.292690548106458e-5
7.759733854366789	5.791951820928825e-5
7.7754418176347375	8.601854027065413e-5
7.791149780902687	0.00925667143273085
7.806857744170636	8.5991699951048e-5
7.822565707438585	5.9264381473037167e-5
7.838273670706534	5.6216580589223316e-5
7.853981633974483	5.945221025153611e-5
7.869689597242432	7.432601312856449e-5
7.8853975605103805	0.00017628504410041503
7.901105523778329	0.0032096863706770544
7.916813487046278	0.0001155250314570598
7.932521450314228	8.497215669720157e-5
7.948229413582177	5.726942257481008e-5
7.963937376850126	5.429774196143688e-5
7.979645340118075	5.396448550544159e-5
7.995353303386024	5.533951889505222e-5
8.011061266653972	6.014738785245462e-5
8.026769229921921	0.00010347177770019878
8.042477193189871	6.884700790021897e-5
8.058185156457819	8.25745846881987e-5
8.073893119725769	0.00010049216181504337
8.089601082993717	0.00012518366052605742
8.105309046261667	0.0001924927841990666
8.121017009529615	0.0003880126107177246
8.136724972797564	0.0014664211514946156
8.152432936065512	0.3020780085379966
8.168140899333462	0.0013469122975527546
8.183848862601412	0.00037513602500232127
8.19955682586936	0.00019063916554617019
8.21526478913731	0.0001273921319787417
8.230972752405258	0.0001007616798088972
8.246680715673207	9.144821533440032e-5
8.262388678941155	9.795717628020323e-5
8.278096642209105	0.0001442169262732894
8.293804605477053	0.000560920541047315
8.309512568745003	0.002599866736615156
8.325220532012953	0.00020314799421286136
8.3409284952809	0.00011398045738901439
8.35663645854885	0.00011418103439085178
8.372344421816798	0.00018987235570837714
8.388052385084748	0.0009675579032550228
8.403760348352696	0.002773668013811365
8.419468311620646	0.00023894674329516543
8.435176274888594	0.00010329469808493472
8.450884238156544	6.826323534598107e-5
8.466592201424492	5.310865746043327e-5
8.482300164692441	4.545759831999606e-5
8.498008127960391	4.085520989168806e-5
8.51371609122834	3.779440800538831e-5
8.529424054496289	3.5606969704709676e-5
8.545132017764237	3.395668580845169e-5
8.560839981032187	3.265849803548152e-5
8.576547944300135	3.1604299282632454e-5
8.592255907568084	3.0738387026063036e-5
8.607963870836032	3.413380448750554e-5
8.623671834103982	2.9322879019977197e-5
8.63937979737193	2.8728189202023633e-5
8.65508776063988	2.820899543166318e-5
8.67079572390783	2.7745548642152606e-5
8.686503687175778	2.7335105948362437e-5
8.702211650443727	2.704201887939159e-5
8.717919613711675	2.7279154990375664e-5
8.733627576979625	2.632959588754356e-5
8.749335540247573	2.6064480547885027e-5
8.765043503515523	2.5910199022724636e-5
8.780751466783471	2.596388800892346e-5
8.79645943005142	2.6678579280212043e-5
8.81216739331937	3.1688425108215365e-5
8.827875356587318	0.0017423226096367924
8.843583319855268	3.160429155296284e-5
8.859291283123216	2.574290621827946e-5
8.874999246391166	2.4495679261935048e-5
8.890707209659114	2.393302882616577e-5
8.906415172927064	2.3577291330091e-5
8.922123136195012	2.331275903484737e-5
8.937831099462962	2.3102511928679318e-5
8.953539062730911	2.293718593223373e-5
8.96924702599886	2.3303267900662348e-5
8.984954989266809	2.273727821957072e-5
9.000662952534757	2.274420416092199e-5
9.016370915802707	2.2902958198685526e-5
9.032078879070655	2.339793790566891e-5
9.047786842338605	2.4911791691850195e-5
9.063494805606553	3.1925071455886384e-5
9.079202768874502	0.0003498677763633397
9.09491073214245	4.464858558933654e-5
9.1106186954104	2.7228190626828996e-5
9.12632665867835	2.5722796523720623e-5
9.142034621946298	2.7465240740120783e-5
9.157742585214248	3.481376985147907e-5
9.173450548482196	7.750090529048826e-5
9.189158511750145	0.013166866338289951
9.204866475018093	7.391990275716093e-5
9.220574438286043	3.337935372692346e-5
9.236282401553991	2.5592598877337564e-5
9.25199036482194	2.274937696062167e-5
9.267698328089889	2.1354603793398623e-5
9.283406291357839	2.0542010566270458e-5
9.299114254625788	2.0021378102780127e-5
9.314822217893736	1.96958295173922e-5
9.330530181161686	1.9627276819503413e-5
9.346238144429634	2.0878834702917983e-5
9.361946107697584	0.00016195020772466227
9.377654070965532	2.0361718159514777e-5
9.393362034233482	1.8661846063130803e-5
9.40906999750143	1.8280969029833573e-5
9.42477796076938	1.804537571868103e-5
9.44048592403733	1.7859696296183945e-5
9.456193887305277	1.7699627236995004e-5
9.471901850573227	1.755898010664234e-5
9.487609813841175	1.7467368764743243e-5
9.503317777109125	1.7425888971114342e-5
9.519025740377073	1.7219356897972326e-5
9.534733703645022	1.7154713799604966e-5
9.55044166691297	1.7179408726144275e-5
9.56614963018092	1.747834235245507e-5
9.58185759344887	1.9440024801204676e-5
9.597565556716818	0.00029690289291240665
9.613273519984768	2.0446279473867165e-5
9.628981483252716	1.7161581222640435e-5
9.644689446520665	1.6517417593767672e-5
9.660397409788613	1.622798795150842e-5
9.676105373056563	1.6045188150770913e-5
9.691813336324511	1.5891016800297797e-5
9.707521299592461	1.576195938933228e-5
9.723229262860409	1.5649358434518068e-5
9.738937226128359	1.555598369053374e-5
9.754645189396308	1.551714015481161e-5
9.770353152664256	1.602059890144669e-5
9.786061115932206	1.800110482854129e-5
9.801769079200154	1.527139170665529e-5
9.817477042468104	1.5050500301643707e-5
9.833185005736052	1.4925156919157571e-5
9.848892969004002	1.4823591606164446e-5
9.86460093227195	1.4740919984231209e-5
9.8803088955399	1.4717722543624405e-5
9.896016858807847	1.5988240580610423e-5
9.911724822075797	1.4952468280528881e-5
9.927432785343747	1.4404593114944185e-5
9.943140748611695	1.4264430320714315e-5
9.958848711879645	1.4160229055113726e-5
9.974556675147593	1.4065523306168708e-5
9.990264638415542	1.3974856134650138e-5
10.00597260168349	1.3886507420580487e-5
10.02168056495144	1.3799782894886914e-5
10.037388528219388	1.3714350545692764e-5
10.053096491487338	1.3630029852810521e-5
10.068804454755288	1.3546711978692617e-5
10.084512418023236	1.3464325404278195e-5
10.100220381291185	1.3382819593859043e-5
10.115928344559133	1.3302156591129041e-5
10.131636307827083	1.3222306405010669e-5
10.147344271095031	1.3143244333720942e-5
10.163052234362981	1.3064949338353492e-5
10.178760197630929	1.2987403013146546e-5
10.194468160898879	1.2910588909630707e-5
10.210176124166829	1.283449207858227e-5
10.225884087434777	1.2759098750507044e-5
10.241592050702726	1.268439610686421e-5
10.257300013970674	1.261037211232011e-5
10.273007977238624	1.2537015389048768e-5
10.288715940506572	1.2464315120642133e-5
10.304423903774522	1.2392260977296835e-5
10.32013186704247	1.2320843056573225e-5
10.33583983031042	1.2250051835750378e-5
10.351547793578368	1.2179878132953258e-5
10.367255756846317	1.2110313075014419e-5
10.382963720114267	1.2041348070577606e-5
10.398671683382215	1.1972974787334325e-5
10.414379646650165	1.1905185132557395e-5
10.430087609918113	1.1837971236295367e-5
10.445795573186063	1.1771325436735653e-5
10.46150353645401	1.170524026735417e-5
10.47721149972196	1.1639708445548634e-5
10.492919462989908	1.1574722862515884e-5
10.508627426257858	1.1510276574180541e-5
10.524335389525806	1.1446362793017934e-5
10.540043352793756	1.1382974880644524e-5
10.555751316061706	1.1320106341070757e-5
10.571459279329654	1.12577508145288e-5
10.587167242597603	1.1195902071802879e-5
10.602875205865551	1.1134554009001713e-5
10.618583169133501	1.1073700642720108e-5
10.634291132401449	1.1013336105547265e-5
10.649999095669399	1.0953454641883228e-5
10.665707058937347	1.0894050604032132e-5
10.681415022205297	1.0835118448543195e-5
10.697122985473246	1.0776652732776263e-5
10.712830948741194	1.0718648111670722e-5
10.728538912009144	1.0661099334698504e-5
10.744246875277092	1.0604001242985597e-5
10.759954838545042	1.0547348766587805e-5
10.77566280181299	1.0491136921907206e-5
10.79137076508094	1.0435360809239153e-5
10.807078728348888	1.038001561043847e-5
10.822786691616837	1.0325096586696801e-5
10.838494654884787	1.0270599076422526e-5
10.854202618152735	1.0216518493215807e-5
10.869910581420685	1.0162850323932562e-5
10.885618544688633	1.0109590126830944e-5
10.901326507956583	1.005673352979511e-5
10.91703447122453	1.0004276228631587e-5
10.93274243449248	9.952213985432832e-6
10.948450397760428	9.900542627005129e-6
10.964158361028378	9.84925804335573e-6
10.979866324296326	9.79835618623705e-6
10.995574287564276	9.747833067743317e-6
11.011282250832226	9.69768475895807e-6
11.026990214100174	9.647907388648822e-6
11.042698177368123	9.598497142006823e-6
11.058406140636071	9.549450259429568e-6
11.074114103904021	9.50076303534348e-6
11.08982206717197	9.452431817065493e-6
11.105530030439919	9.404453003700828e-6
11.121237993707867	9.35682304507584e-6
11.136945956975817	9.309538440703799e-6
11.152653920243765	9.262595738782728e-6
11.168361883511714	9.215991535223177e-6
11.184069846779664	9.16972247270479e-6
11.199777810047612	9.123785239760832e-6
11.215485773315562	9.078176569888802e-6
11.23119373658351	9.032893240686687e-6
11.24690169985146	8.987932073013193e-6
11.262609663119408	8.943289930171543e-6
11.278317626387357	8.898963717115126e-6
11.294025589655305	8.854950379675321e-6
11.309733552923255	8.81124690380936e-6
11.325441516191205	8.767850314868228e-6
11.341149479459153	8.724757676883607e-6
11.356857442727103	8.68196609187331e-6
11.37256540599505	8.639472699164284e-6
11.388273369263	8.597274674732624e-6
11.403981332530948	8.555369230560293e-6
11.419689295798898	8.513753614007312e-6
11.435397259066846	8.472425107199677e-6
11.451105222334796	8.431381026431756e-6
11.466813185602746	8.390618721583126e-6
11.482521148870694	8.350135575549234e-6
11.498229112138644	8.309929003685397e-6
11.513937075406592	8.269996453263457e-6
11.529645038674541	8.230335402941595e-6
11.54535300194249	8.19094336224537e-6
11.561060965210439	8.15181787106139e-6
11.576768928478387	8.112956499141542e-6
11.592476891746337	8.07435684561882e-6
11.608184855014285	8.036016538533405e-6
11.623892818282235	7.997933234369468e-6
11.639600781550184	7.960104617601703e-6
11.655308744818132	7.922528400251744e-6
11.671016708086082	7.885202321454193e-6
11.68672467135403	7.848124147031438e-6
11.70243263462198	7.811291669077764e-6
11.718140597889928	7.774702705552095e-6
11.733848561157878	7.738355099878915e-6
11.749556524425826	7.702246720557653e-6
11.765264487693775	7.666375460779926e-6
11.780972450961723	7.630739238054449e-6
11.796680414229673	7.595335993839746e-6
11.812388377497623	7.560163693183911e-6
11.82809634076557	7.525220324371646e-6
11.84380430403352	7.490503898578272e-6
11.859512267301469	7.456012449530545e-6
11.875220230569418	7.421744033173872e-6
11.890928193837366	7.387696727346215e-6
11.906636157105316	7.353868631458086e-6
11.922344120373264	7.320257866178819e-6
11.938052083641214	7.286862573128515e-6
11.953760046909164	7.253680914576093e-6
11.969468010177112	7.2207110731428114e-6
11.985175973445061	7.1879512515113935e-6
12.00088393671301	7.155399672140595e-6
12.01659189998096	7.123054576984827e-6
12.032299863248907	7.090914227219103e-6
12.048007826516857	7.058976902969079e-6
12.063715789784805	7.027240903045605e-6
12.079423753052755	6.995704544684517e-6
12.095131716320704	6.964366163290697e-6
12.110839679588652	6.93322411218705e-6
12.126547642856602	6.902276762367657e-6
12.14225560612455	6.871522502255355e-6
12.1579635693925	6.8409597374637e-6
12.173671532660448	6.810586890562943e-6
12.189379495928398	6.780402400850051e-6
12.205087459196346	6.7504047241228515e-6
12.220795422464295	6.720592332457982e-6
12.236503385732243	6.690963713992583e-6
12.252211349000193	6.661517372709756e-6
12.267919312268143	6.63225182822776e-6
12.283627275536091	6.603165615592594e-6
12.29933523880404	6.574257285074171e-6
12.315043202071989	6.545525401965894e-6
12.330751165339938	6.5169685463874994e-6
12.346459128607886	6.488585313091198e-6
12.362167091875836	6.460374311271217e-6
12.377875055143784	6.432334164375987e-6
12.393583018411734	6.404463509924016e-6
12.409290981679682	6.376760999322096e-6
12.424998944947632	6.349225297687176e-6
12.440706908215581	6.3218550836704336e-6
12.45641487148353	6.2946490492847346e-6
12.47212283475148	6.267605899734347e-6
12.487830798019427	6.240724353247744e-6
12.503538761287377	6.214003140913063e-6
12.519246724555325	6.18744100651581e-6
12.534954687823275	6.161036706379528e-6
12.550662651091223	6.1347890092087245e-6
12.566370614359172	6.108696695934287e-6
