-12.566370614359172	0.0005393393257867577
-12.550662651091223	0.0005406033281461449
-12.534954687823275	0.0005418718141867458
-12.519246724555325	0.0005431448052851766
-12.503538761287377	0.0005444223229463674
-12.487830798019427	0.0005457043888044724
-12.47212283475148	0.0005469910246238242
-12.45641487148353	0.000548282252299871
-12.440706908215581	0.0005495780938601348
-12.424998944947632	0.0005508785714651724
-12.409290981679682	0.0005521837074095427
-12.393583018411734	0.0005534935241227826
-12.377875055143784	0.0005548080441704138
-12.362167091875836	0.0005561272902549068
-12.346459128607886	0.0005574512852167076
-12.330751165339938	0.00055878005203525
-12.315043202071989	0.0005601136138299634
-12.29933523880404	0.0005614519938613103
-12.283627275536091	0.0005627952155318315
-12.267919312268143	0.0005641433023871866
-12.252211349000193	0.0005654962781172049
-12.236503385732243	0.0005668541665569731
-12.220795422464295	0.0005682169916878859
-12.205087459196346	0.0005695847776387462
-12.189379495928398	0.0005709575486868555
-12.173671532660448	0.0005723353292591213
-12.1579635693925	0.0005737181439331585
-12.14225560612455	0.0005751060174384261
-12.126547642856602	0.0005764989746573549
-12.110839679588652	0.0005778970406264905
-12.095131716320704	0.000579300240537646
-12.079423753052755	0.0005807085997390642
-12.063715789784805	0.0005821221437365929
-12.048007826516857	0.0005835408981948682
-12.032299863248907	0.0005849648889385053
-12.01659189998096	0.000586394141953311
-12.00088393671301	0.0005878286833874894
-11.985175973445061	0.0005892685395528713
-11.969468010177112	0.000590713736926154
-11.953760046909164	0.0005921643021501472
-11.938052083641214	0.0005936202620350319
-11.922344120373264	0.0005950816435596227
-11.906636157105316	0.0005965484738726748
-11.890928193837366	0.0005980207802941365
-11.875220230569418	0.0005994985903164982
-11.859512267301469	0.000600981931606061
-11.84380430403352	0.0006024708320043128
-11.82809634076557	0.0006039653195292261
-11.812388377497623	0.0006054654223766472
-11.796680414229673	0.0006069711689216153
-11.780972450961723	0.0006084825877197946
-11.765264487693775	0.000609999707508812
-11.749556524425826	0.0006115225572096817
-11.733848561157878	0.0006130511659282243
-11.718140597889928	0.0006145855629564756
-11.70243263462198	0.0006161257777741463
-11.68672467135403	0.0006176718400500525
-11.671016708086082	0.0006192237796436054
-11.655308744818132	0.0006207816266062652
-11.639600781550184	0.0006223454111830485
-11.623892818282235	0.0006239151638140372
-11.608184855014285	0.0006254909151358943
-11.592476891746337	0.0006270726959833892
-11.576768928478387	0.0006286605373909606
-11.561060965210439	0.0006302544705942617
-11.54535300194249	0.0006318545270317555
-11.529645038674541	0.0006334607383462866
-11.513937075406592	0.0006350731363867055
-11.498229112138644	0.0006366917532094722
-11.482521148870694	0.0006383166210803011
-11.466813185602746	0.000639947772475805
-11.451105222334796	0.0006415852400851784
-11.435397259066846	0.0006432290568118434
-11.419689295798898	0.0006448792557751797
-11.403981332530948	0.0006465358703122299
-11.388273369263	0.0006481989339794122
-11.37256540599505	0.0006498684805542825
-11.356857442727103	0.0006515445440372861
-11.341149479459153	0.0006532271586535438
-11.325441516191205	0.0006549163588546251
-11.309733552923255	0.0006566121793203861
-11.294025589655305	0.000658314654960786
-11.278317626387357	0.0006600238209177161
-11.262609663119408	0.0006617397125668861
-11.24690169985146	0.0006634623655196947
-11.23119373658351	0.0006651918156251219
-11.215485773315562	0.0006669280989716503
-11.199777810047612	0.0006686712518892023
-11.184069846779664	0.0006704213109510748
-11.168361883511714	0.000672178312975943
-11.152653920243765	0.0006739422950298085
-11.136945956975817	0.0006757132944280333
-11.121237993707867	0.0006774913487373646
-11.105530030439919	0.0006792764957779699
-11.08982206717197	0.000681068773625527
-11.074114103904021	0.0006828682206132768
-11.058406140636071	0.000684674875334155
-11.042698177368123	0.000686488776642911
-11.026990214100174	0.0006883099636582476
-11.011282250832226	0.0006901384757649944
-10.995574287564276	0.0006919743526163001
-10.979866324296326	0.0006938176341358364
-10.964158361028378	0.000695668360520025
-10.948450397760428	0.0006975265722402937
-10.93274243449248	0.0006993923100453566
-10.91703447122453	0.0007012656149634948
-10.901326507956583	0.000703146528304893
-10.885618544688633	0.0007050350916639695
-10.869910581420685	0.0007069313469217346
-10.854202618152735	0.000708835336248205
-10.838494654884787	0.0007107471021047649
-10.822786691616837	0.0007126666872466507
-10.807078728348888	0.0007145941347253767
-10.79137076508094	0.0007165294878912344
-10.77566280181299	0.0007184727903957955
-10.759954838545042	0.0007204240861944186
-10.744246875277092	0.0007223834195488344
-10.728538912009144	0.0007243508350297357
-10.712830948741194	0.0007263263775193491
-10.697122985473246	0.0007283100922140766
-10.681415022205297	0.0007303020246271789
-10.665707058937347	0.000732302220591442
-10.649999095669399	0.0007343107262618763
-10.634291132401449	0.0007363275881184804
-10.618583169133501	0.0007383528529689976
-10.602875205865551	0.0007403865679517009
-10.587167242597603	0.0007424287805382362
-10.571459279329654	0.0007444795385364334
-10.555751316061706	0.0007465388900932367
-10.540043352793756	0.0007486068836975705
-10.524335389525806	0.0007506835681832879
-10.508627426257858	0.0007527689927321503
-10.492919462989908	0.0007548632068768075
-10.47721149972196	0.000756966260503826
-10.46150353645401	0.0007590782038567693
-10.445795573186063	0.0007611990875392468
-10.430087609918113	0.0007633289625180615
-10.414379646650165	0.0007654678801263568
-10.398671683382215	0.0007676158920667961
-10.382963720114267	0.0007697730504147814
-10.367255756846317	0.0007719394076216972
-10.351547793578368	0.0007741150165182012
-10.33583983031042	0.0007762999303175313
-10.32013186704247	0.0007784942026188659
-10.304423903774522	0.000780697887410697
-10.288715940506572	0.0007829110390742543
-10.273007977238624	0.0007851337123869633
-10.257300013970674	0.0007873659625259298
-10.241592050702726	0.0007896078450714618
-10.225884087434777	0.0007918594160106601
-10.210176124166829	0.0007941207317409667
-10.194468160898879	0.000796391849073854
-10.178760197630929	0.0007986728252384693
-10.163052234362981	0.0008009637178853547
-10.147344271095031	0.0008032645850902066
-10.131636307827083	0.0008055754853576605
-10.115928344559133	0.0008078964776251157
-10.100220381291185	0.0008102276212666259
-10.084512418023236	0.0008125689760967868
-10.068804454755288	0.0008149206023747092
-10.053096491487338	0.0008172825608079988
-10.037388528219388	0.0008196549125568084
-10.02168056495144	0.0008220377192378974
-10.00597260168349	0.0008244310429287888
-9.990264638415542	0.0008268349461718876
-9.974556675147593	0.0008292494919787298
-9.958848711879645	0.000831674743834222
-9.943140748611695	0.0008341107657009435
-9.927432785343747	0.000836557622023502
-9.911724822075797	0.0008390153777329159
-9.896016858807847	0.0008414840982510543
-9.8803088955399	0.0008439638494951408
-9.86460093227195	0.0008464546978822576
-9.848892969004002	0.0008489567103339688
-9.833185005736052	0.0008514699542809304
-9.817477042468104	0.0008539944976675814
-9.801769079200154	0.0008565304089568727
-9.786061115932206	0.0008590777571350597
-9.770353152664256	0.0008616366117165518
-9.754645189396308	0.0008642070427487668
-9.738937226128359	0.0008667891208171216
-9.723229262860409	0.0008693829170499842
-9.707521299592461	0.000871988503123775
-9.691813336324511	0.0008746059512680138
-9.676105373056563	0.0008772353342705377
-9.660397409788613	0.0008798767254827041
-9.644689446520665	0.000882530198824643
-9.628981483252716	0.0008851958287906337
-9.613273519984768	0.0008878736904544626
-9.597565556716818	0.0008905638594749023
-9.58185759344887	0.000893266412101213
-9.56614963018092	0.0008959814251787207
-9.55044166691297	0.0008987089761544471
-9.534733703645022	0.0009014491430828202
-9.519025740377073	0.0009042020046314289
-9.503317777109125	0.0009069676400868648
-9.487609813841175	0.0009097461293605891
-9.471901850573227	0.000912537552994915
-9.456193887305277	0.0009153419921690139
-9.44048592403733	0.0009181595287050248
-9.42477796076938	0.0009209902450741965
-9.40906999750143	0.0009238342244031348
-9.393362034233482	0.0009266915504800898
-9.377654070965532	0.00092956230776135
-9.361946107697584	0.0009324465813776499
-9.346238144429634	0.0009353444571407133
-9.330530181161686	0.0009382560215498481
-9.314822217893736	0.0009411813617985885
-9.299114254625788	0.00094412056578145
-9.283406291357839	0.0009470737221007596
-9.267698328089889	0.0009500409200735299
-9.25199036482194	0.000953022249738445
-9.236282401553991	0.0009560178018629214
-9.220574438286043	0.0009590276679502379
-9.204866475018093	0.000962051940246752
-9.189158511750145	0.0009650907117492069
-9.173450548482196	0.0009681440762121177
-9.157742585214248	0.0009712121281552379
-9.142034621946298	0.000974294962871126
-9.12632665867835	0.0009773926764327808
-9.1106186954104	0.0009805053657013871
-9.09491073214245	0.0009836331283341229
-9.079202768874502	0.0009867760627921046
-9.063494805606553	0.0009899342683483711
-9.047786842338605	0.0009931078450959865
-9.032078879070655	0.0009962968939562589
-9.016370915802707	0.0009995015166870077
-9.000662952534757	0.0010027218158909737
-8.984954989266809	0.0010059578950242945
-8.96924702599886	0.0010092098584051194
-8.953539062730911	0.0010124778112222722
-8.937831099462962	0.001015761859544057
-8.922123136195012	0.0010190621103271756
-8.906415172927064	0.0010223786714257017
-8.890707209659114	0.0010257116516002125
-8.874999246391166	0.0010290611605270111
-8.859291283123216	0.0010324273088074558
-8.843583319855268	0.0010358102079773865
-8.827875356587318	0.0010392099705167188
-8.81216739331937	0.0010426267098590741
-8.79645943005142	0.001046060540401598
-8.780751466783471	0.0010495115775148404
-8.765043503515523	0.0010529799375528157
-8.749335540247573	0.0010564657378631158
-8.733627576979625	0.001059969096797197
-8.717919613711675	0.0010634901337207726
-8.702211650443727	0.0010670289690243365
-8.686503687175778	0.001070585724133807
-8.67079572390783	0.0010741605215213081
-8.65508776063988	0.0010777534847160916
-8.63937979737193	0.0010813647383155658
-8.623671834103982	0.0010849944079964853
-8.607963870836032	0.001088642620526268
-8.592255907568084	0.0010923095037744638
-8.576547944300135	0.0010959951867243378
-8.560839981032187	0.0010996997994846209
-8.545132017764237	0.0011034234733013982
-8.529424054496289	0.0011071663405701512
-8.51371609122834	0.0011109285348479283
-8.498008127960391	0.001114710190865702
-8.482300164692441	0.0011185114445408464
-8.466592201424492	0.0011223324329897966
-8.450884238156544	0.0011261732945408397
-8.435176274888594	0.0011300341687471038
-8.419468311620646	0.0011339151963996655
-8.403760348352696	0.0011378165195408713
-8.388052385084748	0.0011417382814777816
-8.372344421816798	0.0011456806267958035
-8.35663645854885	0.001149643701372519
-8.3409284952809	0.0011536276523916548
-8.325220532012953	0.0011576326283572315
-8.309512568745003	0.001161658779107928
-8.293804605477053	0.0011657062558315778
-8.278096642209105	0.0011697752110799106
-8.262388678941155	0.0011738657987834312
-8.246680715673207	0.0011779781742664993
-8.230972752405258	0.0011821124942626364
-8.21526478913731	0.0011862689169299951
-8.19955682586936	0.001190447601867043
-8.183848862601412	0.0011946487101284404
-8.168140899333462	0.001198872404241134
-8.152432936065512	0.0012031188482206595
-8.136724972797564	0.0012073882075876465
-8.121017009529615	0.0012116806493845432
-8.105309046261667	0.0012159963421925692
-8.089601082993717	0.0012203354561488773
-8.073893119725769	0.001224698162963939
-8.058185156457819	0.0012290846359391894
-8.042477193189871	0.001233495049984826
-8.026769229921921	0.00123792958163796
-8.011061266653972	0.0012423884090809096
-7.995353303386024	0.0012468717121597774
-7.979645340118075	0.0012513796724032478
-7.963937376850126	0.0012559124730416897
-7.948229413582177	0.0012604702990264426
-7.932521450314228	0.0012650533370494133
-7.916813487046278	0.0012696617755629115
-7.901105523778329	0.001274295804799755
-7.8853975605103805	0.0012789556167936533
-7.869689597242432	0.0012836414053998373
-7.853981633974483	0.0012883533663160269
-7.838273670706534	0.0012930916971035996
-7.822565707438585	0.0012978565972091012
-7.806857744170636	0.0013026482679860713
-7.791149780902687	0.0013074669127170714
-7.7754418176347375	0.0013123127366361106
-7.759733854366789	0.0013171859469513598
-7.74402589109884	0.0013220867528680753
-7.728317927830891	0.0013270153656120053
-7.712609964562942	0.0013319719984529797
-7.696902001294993	0.001336956866728894
-7.681194038027044	0.0013419701878699683
-7.665486074759095	0.0013470121814234395
-7.6497781114911465	0.0013520830690784773
-7.634070148223198	0.0013571830746915282
-7.618362184955249	0.0013623124243119667
-7.602654221687299	0.0013674713462081443
-7.58694625841935	0.001372660070893773
-7.571238295151401	0.0013778788311546771
-7.555530331883452	0.0013831278620759246
-7.5398223686155035	0.0013884074010693502
-7.524114405347555	0.001393717687901458
-7.508406442079606	0.0013990589647217455
-7.492698478811657	0.001404431476091323
-7.476990515543708	0.0014098354690121025
-7.461282552275758	0.0014152711929562628
-7.445574589007809	0.0014207388998961994
-7.4298666257398605	0.0014262388443348909
-7.414158662471912	0.0014317712833366925
-7.398450699203963	0.0014373364765585637
-7.382742735936014	0.0014429346862817635
-7.367034772668065	0.0014485661774439975
-7.351326809400116	0.001454231217672004
-7.335618846132167	0.0014599300773146422
-7.319910882864218	0.0014656630294764346
-7.304202919596269	0.0014714303500516165
-7.28849495632832	0.001477232317758663
-7.272786993060371	0.0014830692141753355
-7.257079029792422	0.001488941323774204
-7.241371066524473	0.0014948489339587669
-7.225663103256524	0.0015007923350999857
-7.209955139988575	0.0015067718205734441
-7.194247176720626	0.001512787686797064
-7.1785392134526775	0.0015188402332692958
-7.162831250184729	0.0015249297626079177
-7.147123286916779	0.0015310565805894626
-7.13141532364883	0.0015372209961891329
-7.115707360380881	0.0015434233216213744
-7.099999397112932	0.0015496638723810521
-7.084291433844983	0.0015559429672851843
-7.0685834705770345	0.0015622609285153948
-7.052875507309086	0.001568618081660935
-7.037167544041137	0.0015750147557623533
-7.021459580773188	0.0015814512833558791
-7.005751617505239	0.0015879280005183845
-6.99004365423729	0.001594445246913144
-6.97433569096934	0.0016010033658361968
-6.9586277277013915	0.001607602704263452
-6.942919764433443	0.0016142436128984848
-6.927211801165494	0.0016209264462211264
-6.911503837897545	0.0016276515625366938
-6.895795874629596	0.0016344193240261497
-6.880087911361647	0.001641230096796791
-6.864379948093698	0.0016480842509339617
-6.848671984825749	0.001654982160553363
-6.8329640215578	0.001661924203854346
-6.817256058289851	0.0016689107631739186
-6.801548095021902	0.0016759422250416302
-6.785840131753953	0.001683018980235295
-6.770132168486004	0.0016901414238376417
-6.754424205218055	0.0016973099552937954
-6.738716241950106	0.0017045249784696608
-6.7230082786821574	0.001711786901711275
-6.707300315414209	0.0017190961379050429
-6.69159235214626	0.0017264531045389734
-6.675884388878311	0.00173385822376484
-6.660176425610361	0.0017413119224614117
-6.644468462342412	0.0017488146322985354
-6.628760499074463	0.001756366789802431
-6.613052535806514	0.0017639688364218874
-6.5973445725385655	0.0017716212185956452
-6.581636609270617	0.0017793243878206876
-6.565928646002668	0.0017870788007218457
-6.550220682734719	0.0017948849191223707
-6.53451271946677	0.001802743210115711
-6.51880475619882	0.0018106541461384584
-6.503096792930871	0.0018186182050444564
-6.4873888296629225	0.0018266358701801422
-6.471680866394974	0.0018347076304611326
-6.455972903127025	0.0018428339804500103
-6.440264939859076	0.0018510154204354672
-6.424556976591127	0.0018592524565126608
-6.408849013323178	0.0018675456006650279
-6.393141050055229	0.001875895370847306
-6.37743308678728	0.0018843022910700253
-6.3617251235193315	0.001892766891485406
-6.346017160251382	0.0019012897084746357
-6.330309196983433	0.0019098712847366855
-6.314601233715484	0.0019185121693785182
-6.298893270447535	0.0019272129180069263
-6.283185307179586	0.001935974092821796
-6.267477343911637	0.0019447962627110668
-6.2517693806436885	0.0019536800033472085
-6.23606141737574	0.0019626258972853918
-6.220353454107791	0.0019716345340632974
-6.204645490839841	0.0019807065103026582
-6.188937527571892	0.0019898424298125
-6.173229564303943	0.001999042903694219
-6.157521601035994	0.002008308550448375
-6.1418136377680455	0.0020176399960834196
-6.126105674500097	0.0020270378742262497
-6.110397711232148	0.0020365028262346973
-6.094689747964199	0.002046035501311935
-6.07898178469625	0.0020556365566229556
-6.063273821428301	0.0020653066574130258
-6.047565858160352	0.002075046477128196
-6.031857894892402	0.0020848566975380073
-6.0161499316244536	0.0020947380088602685
-6.000441968356505	0.002104691109888121
-5.984734005088556	0.002114716708119279
-5.969026041820607	0.002124815519887621
-5.953318078552658	0.0021349882704970553
-5.937610115284709	0.0021452356943578734
-5.92190215201676	0.002155558535125434
-5.906194188748811	0.002165957545841444
-5.890486225480862	0.0021764334890776475
-5.874778262212913	0.002186987137082251
-5.859070298944964	0.002197619271928888
-5.843362335677015	0.0022083306856683373
-5.827654372409066	0.002219122180482995
-5.811946409141117	0.0022299945688441323
-5.796238445873168	0.0022409486736720465
-5.7805304826052195	0.0022519853284991916
-5.764822519337271	0.0022631053776361967
-5.749114556069322	0.002274309676341102
-5.733406592801373	0.0022855990909915534
-5.717698629533423	0.002296974499260287
-5.701990666265474	0.0023084367902938795
-5.686282702997525	0.002319986864894802
-5.6705747397295765	0.0023316256357068573
-5.654866776461628	0.0023433540274041087
-5.639158813193679	0.0023551729768834114
-5.62345084992573	0.002367083433460456
-5.607742886657781	0.002379086359069638
-5.592034923389832	0.00239118272846764
-5.576326960121882	0.0024033735294408777
-5.5606189968539335	0.002415659763016988
-5.544911033585985	0.0024280424436802306
-5.529203070318036	0.002440522599591102
-5.513495107050087	0.002453101272810182
-5.497787143782138	0.0024657795195261937
-5.482079180514189	0.0024785584102886378
-5.46637121724624	0.0024914390302447163
-5.450663253978291	0.00250442247938111
-5.4349552907103424	0.0025175098727702964
-5.419247327442394	0.0025307023408216475
-5.403539364174444	0.002544001029537724
-5.387831400906495	0.002557407100775245
-5.372123437638546	0.0025709217325114893
-5.356415474370597	0.0025845461191158483
-5.340707511102648	0.002598281471626742
-5.324999547834699	0.002612129018034146
-5.3092915845667505	0.002626090003567623
-5.293583621298802	0.0026401656909903004
-5.277875658030853	0.0026543573608985363
-5.262167694762903	0.0026686663120278386
-5.246459731494954	0.0026830938615647615
-5.230751768227005	0.0026976413454652764
-5.215043804959056	0.002712310118779551
-5.1993358416911075	0.002727101555983342
-5.183627878423159	0.002742017051316112
-5.16791991515521	0.0027570580191262984
-5.152211951887261	0.0027722258942233643
-5.136503988619312	0.002787522132237363
-5.120796025351363	0.002802948209985882
-5.105088062083414	0.002818505625848492
-5.0893800988154645	0.0028341959001491786
-5.073672135547516	0.0028500205755466177
-5.057964172279567	0.0028659812174327334
-5.042256209011618	0.002882079414339491
-5.026548245743669	0.0028983167783544965
-5.01084028247572	0.0029146949455451324
-4.995132319207771	0.002931215576391873
-4.979424355939822	0.0029478803562307536
-4.9637163926718735	0.0029646909957053084
-4.948008429403924	0.002981649231228174
-4.932300466135975	0.0029987568254526164
-4.916592502868026	0.003016015567754275
-4.900884539600077	0.0030334272747232
-4.885176576332128	0.0030509937906667314
-4.869468613064179	0.0030687169881232295
-4.8537606497962305	0.0030865987683869737
-4.838052686528282	0.003104641062044735
-4.822344723260333	0.003122845829523944
-4.806636759992384	0.0031412150616531415
-4.790928796724435	0.0031597507802346237
-4.775220833456485	0.0031784550386300355
-4.759512870188536	0.0031973299223588
-4.743804906920587	0.0032163775497099944
-4.7280969436526386	0.0032356000723680546
-4.71238898038469	0.0032549996760523857
-4.696681017116741	0.0032745785811715165
-4.680973053848792	0.0032943390434920306
-4.665265090580843	0.003314283354822723
-4.649557127312894	0.0033344138437143693
-4.633849164044944	0.0033547328761754434
-4.6181412007769955	0.003375242856404324
-4.602433237509047	0.003395946227538401
-4.586725274241098	0.0034168454724204027
-4.571017310973149	0.0034379431143825986
-4.5553093477052	0.003459241718049171
-4.539601384437251	0.0034807438901573733
-4.523893421169302	0.003502452280397982
-4.508185457901353	0.0035243695822754087
-4.4924774946334045	0.0035464985339882273
-4.476769531365456	0.0035688419193304717
-4.461061568097506	0.003591402568614423
-4.445353604829557	0.0036141833596153327
-4.429645641561608	0.0036371872185389006
-4.413937678293659	0.003660417121011843
-4.39822971502571	0.0036838760930964017
-4.3825217517577615	0.0037075672123294896
-4.366813788489813	0.0037314936087869737
-4.351105825221864	0.003755658466173854
-4.335397861953915	0.003780065022941337
-4.319689898685965	0.0038047165734310007
-4.303981935418016	0.003829616469047517
-4.288273972150067	0.0038547681194601195
-4.2725660088821185	0.0038801749938339406
-4.25685804561417	0.0039058406220921463
-4.241150082346221	0.003931768596209574
-4.225442119078272	0.003957962571538757
-4.209734155810323	0.003984426268169508
-4.194026192542374	0.004011163472322753
-4.178318229274425	0.0040381780377799015
-4.162610266006476	0.0040654738873484855
-4.146902302738527	0.004093055014365378
-4.131194339470578	0.004120925484238637
-4.115486376202629	0.004149089436029018
-4.09977841293468	0.004177551084072476
-4.084070449666731	0.00420631471964469
-4.068362486398782	0.004235384712669264
-4.052654523130833	0.0042647655134702925
-4.036946559862884	0.004294461654571271
-4.0212385965949355	0.004324477752541299
-4.005530633326986	0.004354818509890258
-3.9898226700590373	0.004385488717014432
-3.9741147067910885	0.004416493254193894
-3.958406743523139	0.004447837093643701
-3.9426987802551903	0.004479525301619989
-3.9269908169872414	0.004511563040583254
-3.9112828537192925	0.0045439555714201045
-3.8955748904513436	0.004576708255725662
-3.8798669271833943	0.004609826558148352
-3.8641589639154454	0.00464331604879903
-3.8484510006474966	0.004677182405726666
-3.8327430373795477	0.004711431417462357
-3.817035074111599	0.004746068985634415
-3.8013271108436495	0.004781101127655967
-3.7856191475757006	0.004816533979488472
-3.7699111843077517	0.004852373798482573
-3.754203221039803	0.004888626966299479
-3.738495257771854	0.004925299991915095
-3.7227872945039047	0.004962399514710303
-3.707079331235956	0.004999932307648883
-3.691371367968007	0.005037905280547678
-3.675663404700058	0.005076325483440495
-3.659955441432109	0.005115200110040058
-3.64424747816416	0.005154536501300499
-3.628539514896211	0.005194342149084182
-3.612831551628262	0.005234624699936293
-3.597123588360313	0.005275391958970545
-3.5814156250923643	0.005316651893870739
-3.565707661824415	0.005358412639010425
-3.549999698556466	0.00540068249969686
-3.5342917352885173	0.005443469956541426
-3.5185837720205684	0.005486783669962873
-3.5028758087526195	0.0055306324848261555
-3.48716784548467	0.005575025435223268
-3.4714598822167213	0.00561997174939963
-3.4557519189487724	0.005665480854832393
-3.4400439556808236	0.005711562383465154
-3.4243359924128747	0.0057582261771049826
-3.4086280291449254	0.005805482292987781
-3.3929200658769765	0.005853341009517649
-3.3772121026090276	0.00590181283218661
-3.3615041393410787	0.005950908499681715
-3.34579617607313	0.006000638990185502
-3.3300882128051805	0.006051015527877723
-3.3143802495372316	0.00610204958964523
-3.2986722862692828	0.0061537529120079155
-3.282964323001334	0.006206137498268778
-3.267256359733385	0.006259215625896194
-3.2515483964654357	0.00631299985414755
-3.235840433197487	0.0063675030319430585
-3.220132469929538	0.006422738305999133
-3.204424506661589	0.006478719129231513
-3.18871654339364	0.006535459269438176
-3.173008580125691	0.006592972818273211
-3.157300616857742	0.006651274200522096
-3.141592653589793	0.006710378183690967
-3.1258846903218442	0.006770299887921927
-3.1101767270538954	0.006831054796246458
-3.094468763785946	0.006892658765191399
-3.078760800517997	0.00695512803575054
-3.0630528372500483	0.007018479244736986
-3.0473448739820994	0.007082729436531169
-3.0316369107141505	0.007147896075240674
-3.015928947446201	0.007213997057288387
-3.0002209841782523	0.00728105072444651
-2.9845130209103035	0.007349075877334623
-2.9688050576423546	0.007418091789400778
-2.9530970943744057	0.007488118221405785
-2.9373891311064564	0.007559175436431544
-2.9216811678385075	0.007631284215435048
-2.9059732045705586	0.0077044658733714765
-2.8902652413026098	0.007778742275909893
-2.874557278034661	0.007854135856767367
-2.8588493147667116	0.007930669635686758
-2.8431413514987627	0.0080083672370876
-2.827433388230814	0.008087252909417149
-2.811725424962865	0.008167351545233742
-2.796017461694916	0.008248688702053092
-2.7803094984269667	0.00833129062399202
-2.764601535159018	0.008415184264244108
-2.748893571891069	0.008500397308424884
-2.73318560862312	0.008586958198824823
-2.7174776453551712	0.008674896159611204
-2.701769682087222	0.008764241223021937
-2.686061718819273	0.008855024256595801
-2.670353755551324	0.008947276991487525
-2.6546457922833753	0.009041032051916363
-2.6389378290154264	0.009136322985801922
-2.623229865747477	0.009233184296641439
-2.607521902479528	0.0093316514766872
-2.5918139392115793	0.009431761041485602
-2.5761059759436304	0.009533550565841712
-2.5603980126756816	0.009637058721278105
-2.5446900494077322	0.009742325315059192
-2.5289820861397834	0.009849391330856641
-2.5132741228718345	0.00995829897113643
-2.4975661596038856	0.010069091701350789
-2.4818581963359367	0.010181814296024346
-2.4661502330679874	0.010296512886828502
-2.4504422698000385	0.010413235012742666
-2.4347343065320897	0.010532029672407784
-2.419026343264141	0.01065294737878259
-2.403318379996192	0.010776040216219031
-2.3876104167282426	0.0109013619000821
-2.3719024534602937	0.01102896783904384
-2.356194490192345	0.011158915200191365
-2.340486526924396	0.011291262977094945
-2.324778563656447	0.011426072060992462
-2.3090706003884978	0.011563405315254687
-2.293362637120549	0.011703327653307085
-2.2776546738526	0.011845906120192758
-2.261946710584651	0.011991209977973982
-2.2462387473167023	0.012139310795181407
-2.230530784048753	0.012290282540532027
-2.214822820780804	0.012444201681152477
-2.199114857512855	0.01260114728555794
-2.1834068942449063	0.012761201131653124
-2.1676989309769574	0.012924447820038085
-2.151990967709008	0.013090974892921698
-2.1362830044410592	0.01326087295896269
-2.1205750411731104	0.01343423582438058
-2.1048670779051615	0.013611160630701533
-2.0891591146372126	0.013791747999526822
-2.0734511513692633	0.013976102184738838
-2.0577431881013144	0.014164331232587302
-2.0420352248333655	0.014356547150126717
-2.0263272615654166	0.014552866082511448
-2.0106192982974678	0.014753408499685107
-1.9949113350295187	0.014958299393043367
-1.9792033717615696	0.015167668482684518
-1.9634954084936207	0.015381650435911002
-1.9477874452256718	0.015600385097684862
-1.9320794819577227	0.015824017733799496
-1.9163715186897738	0.01605269928757654
-1.9006635554218247	0.016286586650961214
-1.8849555921538759	0.016525842950951556
-1.869247628885927	0.01677063785236528
-1.853539665617978	0.01702114787802556
-1.837831702350029	0.01727755674752558
-1.82212373908208	0.017540055735821684
-1.806415775814131	0.01780884405300013
-1.7907078125461822	0.018084129246666688
-1.774999849278233	0.018366127628520114
-1.7592918860102842	0.018655064726795945
-1.743583922742335	0.01895117576639786
-1.7278759594743862	0.019254706178682423
-1.7121679962064373	0.019565912143020215
-1.6964600329384882	0.019885061162429205
-1.6807520696705394	0.020212432675769342
-1.6650441064025903	0.020548318709188586
-1.6493361431346414	0.02089302456974014
-1.6336281798666925	0.021246869584341417
-1.6179202165987434	0.021610187887507487
-1.6022122533307945	0.021983329261601205
-1.5865042900628454	0.02236666003365962
-1.5707963267948966	0.022760564033216173
-1.5550883635269477	0.023165443615936192
-1.5393804002589986	0.02358172075831723
-1.5236724369910497	0.02400983822917903
-1.5079644737231006	0.024450260844201488
-1.4922565104551517	0.024903476810343182
-1.4765485471872029	0.025369999167625185
-1.4608405839192538	0.02585036733646539
-1.4451326206513049	0.02634514877954332
-1.4294246573833558	0.026854940788045227
-1.413716694115407	0.027380372403125807
-1.398008730847458	0.027922106484488816
-1.382300767579509	0.028480841939127345
-1.36659280431156	0.0290573161246622
-1.350884841043611	0.02965230744322972
-1.335176877775662	0.030266638143452162
-1.3194689145077132	0.03090117734980922
-1.303760951239764	0.0315568443406214
-1.2880529879718152	0.03223461209821684
-1.2723450247038661	0.03293551115945465
-1.2566370614359172	0.033660633798660584
-1.2409290981679684	0.034411138569467294
-1.2252211349000193	0.03518825523895363
-1.2095131716320704	0.03599329016215226
-1.1938052083641213	0.03682763214251705
-1.1780972450961724	0.03769275882650575
-1.1623892818282235	0.03859024368889878
-1.1466813185602744	0.0395217636727494
-1.1309733552923256	0.040489107554996275
-1.1152653920243765	0.04149418511886008
-1.0995574287564276	0.04253903722431129
-1.0838494654884787	0.04362584687884085
-1.0681415022205296	0.044756951424554964
-1.0524335389525807	0.04593485597324842
-1.0367255756846316	0.04716224823888733
-1.0210176124166828	0.048442014937485255
-1.0053096491487339	0.049777259948172836
-0.9896016858807848	0.05117132445713036
-0.9738937226128359	0.052627809339673794
-0.9581857593448869	0.05415060007282365
-0.9424777960769379	0.05574389451016153
-0.926769832808989	0.057412233907592335
-0.91106186954104	0.0591605376528862
-0.8953539062730911	0.06099414221997035
-0.8796459430051421	0.06291884496062591
-0.8639379797371931	0.06494095344899427
-0.8482300164692441	0.06706734113972161
-0.8325220532012951	0.06930551004587299
-0.8168140899333463	0.07166366081853073
-0.8011061266653973	0.07415077084253469
-0.7853981633974483	0.07677668690339305
-0.7696902001294993	0.07955224271288355
-0.7539822368615503	0.08248938535905782
-0.7382742735936014	0.08560130407316334
-0.7225663103256524	0.08890258887535671
-0.7068583470577035	0.09240942075907507
-0.6911503837897545	0.09613978080408729
-0.6754424205218055	0.1001136593665817
-0.6597344572538566	0.10435327393523783
-0.6440264939859076	0.10888349858598628
-0.6283185307179586	0.11373261428858056
-0.6126105674500096	0.11893279148573073
-0.5969026041820606	0.12452042474230077
-0.5811946409141118	0.13053691143931487
-0.5654866776461628	0.13702975568434503
-0.5497787143782138	0.1440538577515035
-0.5340707511102648	0.15167279306923548
-0.5183627878423158	0.159958956468506
-0.5026548245743669	0.16898910024601957
-0.48694686130641796	0.17883329456938482
-0.47123889803846897	0.1895617498544596
-0.45553093477052	0.2012970351867822
-0.43982297150257105	0.21422608216500658
-0.42411500823462206	0.22855502580405687
-0.4084070449666731	0.24450433590359313
-0.39269908169872414	0.26233135145668685
-0.37699111843077515	0.28235003344621684
-0.3612831551628262	0.3049482454356648
-0.34557519189487723	0.3306056906911746
-0.3298672286269283	0.3599138532443478
-0.3141592653589793	0.3936174821556757
-0.2984513020910303	0.43271073744023336
-0.2827433388230814	0.4785262124686899
-0.2670353755551324	0.5327484738564698
-0.25132741228718347	0.5973501692364201
-0.23561944901923448	0.6745232859795696
-0.21991148575128552	0.767462819150797
-0.20420352248333656	0.882172760762191
-0.18849555921538758	1.027978926088231
-0.17278759594743862	1.217895901628168
-0.15707963267948966	1.4710605550167402
-0.1413716694115407	1.816368229203408
-0.12566370614359174	2.295507329412518
-0.10995574287564276	2.957532209811051
-0.09424777960769379	3.816162705859193
-0.07853981633974483	4.7256756258180035
-0.06283185307179587	5.310665964385384
-0.047123889803846894	5.3787012828547285
-0.031415926535897934	5.289814611946412
-0.015707963267948967	5.496751812978099
0.0	6.243972074748982
0.015707963267948967	7.668039857988775
0.031415926535897934	9.78742138380143
0.047123889803846894	12.135619029654446
0.06283185307179587	13.35872850110551
0.07853981633974483	12.338431131600196
0.09424777960769379	9.888693318161174
0.10995574287564276	7.444836015761721
0.12566370614359174	5.587732490383763
0.1413716694115407	4.3073088130317325
0.15707963267948966	3.4570570957576012
0.17278759594743862	2.911466752750346
0.18849555921538758	2.5856032891405327
0.20420352248333656	2.415486519697297
0.21991148575128552	2.3157554402926497
0.23561944901923448	2.1694784394419004
0.25132741228718347	1.93855520413834
0.2670353755551324	1.7010666504939154
0.2827433388230814	1.5242124919381608
0.2984513020910303	1.4177128071390468
0.3141592653589793	1.359272430925963
0.3298672286269283	1.3248056897295115
0.34557519189487723	1.3180984517729495
0.3612831551628262	1.3621652213386661
0.37699111843077515	1.4788065794019039
0.39269908169872414	1.6920716179874322
0.4084070449666731	2.038096028697512
0.42411500823462206	2.5674255254098792
0.43982297150257105	3.3202218757565847
0.45553093477052	4.219803568859764
0.47123889803846897	4.886287712518398
0.48694686130641796	4.8055848365543365
0.5026548245743669	4.043794145686231
0.5183627878423158	3.1390022179290082
0.5340707511102648	2.4125761913526276
0.5497787143782138	1.9103350936066021
0.5654866776461628	1.588985387276995
0.5811946409141118	1.404530043809174
0.5969026041820606	1.3305698165456392
0.6126105674500096	1.3529152137934504
0.6283185307179586	1.4468214990553332
0.6440264939859076	1.5345417157221821
0.6597344572538566	1.4973412309168206
0.6754424205218055	1.320437113059673
0.6911503837897545	1.1115923081922294
0.7068583470577035	0.9507246814803637
0.7225663103256524	0.8566911385343973
0.7382742735936014	0.8262020127751168
0.7539822368615503	0.8517800542925524
0.7696902001294993	0.9116489542395104
0.7853981633974483	0.946930212986755
0.8011061266653973	0.892377113782615
0.8168140899333463	0.7646685900263621
0.8325220532012951	0.6305831104957347
0.8482300164692441	0.5243420137293563
0.8639379797371931	0.4479157218484286
0.8796459430051421	0.39381422829784923
0.8953539062730911	0.35491593646868325
0.91106186954104	0.3267635959577161
0.926769832808989	0.3068391958039527
0.9424777960769379	0.2934526048535238
0.9581857593448869	0.28533282256098275
0.9738937226128359	0.2813560317938986
0.9896016858807848	0.28052873250353655
1.0053096491487339	0.28264575924470886
1.0210176124166828	0.2883571959838102
1.0367255756846316	0.29841720196905064
1.0524335389525807	0.31354785596667456
1.0681415022205296	0.33471005665801046
1.0838494654884787	0.36333827346414477
1.0995574287564276	0.40154606896387746
1.1152653920243765	0.4523614837572006
1.1309733552923256	0.5200545267938248
1.1466813185602744	0.6105171655773353
1.1623892818282235	0.7311007007383424
1.1780972450961724	0.8916918335318351
1.1938052083641213	1.1123869678638545
1.2095131716320704	1.4297779329704956
1.2252211349000193	1.8887713368740666
1.2409290981679684	2.5116310065040093
1.2566370614359172	3.2077769283053406
1.2723450247038661	3.6616325190065813
1.2880529879718152	3.5257434742210956
1.303760951239764	2.9145476153452394
1.3194689145077132	2.234342627744738
1.335176877775662	1.7020717798492144
1.350884841043611	1.3402457855992187
1.36659280431156	1.1140802995264372
1.382300767579509	0.989002061039461
1.398008730847458	0.9344412425338842
1.413716694115407	0.9062489876347741
1.4294246573833558	0.8470434543867469
1.4451326206513049	0.7421644868165905
1.4608405839192538	0.6306888880953937
1.4765485471872029	0.5435473750467525
1.4922565104551517	0.486919995831204
1.5079644737231006	0.45793393053339865
1.5236724369910497	0.45411614325851013
1.5393804002589986	0.4760271275375346
1.5550883635269477	0.5280709928700114
1.5707963267948966	0.6166340655036533
1.5865042900628454	0.7381084598088229
1.6022122533307945	0.8511017650384589
1.6179202165987434	0.8736544699584404
1.6336281798666925	0.7791221821016671
1.6493361431346414	0.6383313627313519
1.6650441064025903	0.5158276756774692
1.6807520696705394	0.4289403310069464
1.6964600329384882	0.3730391569461295
1.7121679962064373	0.3400475640698618
1.7278759594743862	0.32485417701572916
1.743583922742335	0.32657309208761265
1.7592918860102842	0.3472849716371323
1.774999849278233	0.39127379714144356
1.7907078125461822	0.4634017016744461
1.806415775814131	0.5604214002259232
1.82212373908208	0.6497972200363905
1.837831702350029	0.6681160453591861
1.853539665617978	0.5962001452105237
1.869247628885927	0.490426459602381
1.8849555921538759	0.4010002904620945
1.9006635554218247	0.3412435970728075
1.9163715186897738	0.3078720215576083
1.9320794819577227	0.2931171902894857
1.9477874452256718	0.2845861043379429
1.9634954084936207	0.2684393952362506
1.9792033717615696	0.24368640556020998
1.9949113350295187	0.22049575811056082
2.0106192982974678	0.2055463702460108
2.0263272615654166	0.20003925900100944
2.0420352248333655	0.2024797467879451
2.0577431881013144	0.2080440809784985
2.0734511513692633	0.20846772884069048
2.0891591146372126	0.2005972908005297
2.1048670779051615	0.19081312608393303
2.1205750411731104	0.18549757321025645
2.1362830044410592	0.1865937142552879
2.151990967709008	0.19325855861413332
2.1676989309769574	0.2031602374952251
2.1834068942449063	0.2154352744467635
2.199114857512855	0.23353743081394876
2.214822820780804	0.26246302400461535
2.230530784048753	0.30500153573579764
2.2462387473167023	0.35652257110775337
2.261946710584651	0.3965858810497142
2.2776546738526	0.4002139841114937
2.293362637120549	0.37367473243571336
2.3090706003884978	0.3447670483738902
2.324778563656447	0.3288997284586554
2.340486526924396	0.3281802739646945
2.356194490192345	0.3415397192963441
2.3719024534602937	0.36909864803511
2.3876104167282426	0.4125878863881627
2.403318379996192	0.4756426287602253
2.419026343264141	0.5646453004192276
2.4347343065320897	0.6900074622837415
2.4504422698000385	0.8679203503208031
2.4661502330679874	1.1220951613589558
2.4818581963359367	1.4833325082298356
2.4975661596038856	1.9776092222753263
2.5132741228718345	2.581817947531405
2.5289820861397834	3.151033114337872
2.5446900494077322	3.3876823409694095
2.5603980126756816	3.081556414278586
2.5761059759436304	2.450162122958776
2.5918139392115793	1.8343880015202456
2.607521902479528	1.3672221386351873
2.623229865747477	1.0418335528192533
2.6389378290154264	0.8200096677338082
2.6546457922833753	0.6694262383527221
2.670353755551324	0.568597332927955
2.686061718819273	0.5042755425193757
2.701769682087222	0.4680476122465755
2.7174776453551712	0.4537460884776757
2.73318560862312	0.45419840644783777
2.748893571891069	0.4535684754103533
2.764601535159018	0.43368527306215143
2.7803094984269667	0.4000831783250875
2.796017461694916	0.37219393116228855
2.811725424962865	0.3540537129865807
2.827433388230814	0.33192909369874646
2.8431413514987627	0.29607946629582976
2.8588493147667116	0.2553847024804336
2.874557278034661	0.22086022213837864
2.8902652413026098	0.19538665582743434
2.9059732045705586	0.17766908740871398
2.9216811678385075	0.16587702152458886
2.9373891311064564	0.1586849279365139
2.9530970943744057	0.15534947393568663
2.9688050576423546	0.15562086859394708
2.9845130209103035	0.15969764475121928
3.0002209841782523	0.16827000454181104
3.015928947446201	0.1826635780948461
3.0316369107141505	0.20507718967141955
3.0473448739820994	0.238837376806227
3.0630528372500483	0.2883080931765915
3.078760800517997	0.35677131934397066
3.094468763785946	0.4371120554697137
3.1101767270538954	0.4958023295515406
3.1258846903218442	0.48979573884465616
3.141592653589793	0.42769434001398765
3.157300616857742	0.3562079089962937
3.173008580125691	0.3021270168224476
3.18871654339364	0.26931361776417556
3.204424506661589	0.2547095183580564
3.220132469929538	0.25569460222937995
3.235840433197487	0.2717736484850199
3.2515483964654357	0.3045249758386118
3.267256359733385	0.3563123995298888
3.282964323001334	0.42676535425023027
3.2986722862692828	0.5111219188766754
3.3143802495372316	0.609445498370301
3.3300882128051805	0.7203189592198651
3.34579617607313	0.8010388660055571
3.3615041393410787	0.7842294898493367
3.3772121026090276	0.6753495527774447
3.3929200658769765	0.5452991815615206
3.4086280291449254	0.4412834861761286
3.4243359924128747	0.37140479872603827
3.4400439556808236	0.32743447746505866
3.4557519189487724	0.2978561588511947
3.4714598822167213	0.27504000910461196
3.48716784548467	0.25854558395241883
3.5028758087526195	0.2498472682217085
3.5185837720205684	0.24822502709601857
3.5342917352885173	0.2514310469707067
3.549999698556466	0.2591394382357013
3.565707661824415	0.2734097177798807
3.5814156250923643	0.29493150240201893
3.597123588360313	0.32113085988270956
3.612831551628262	0.34988003778965293
3.628539514896211	0.3855426374714504
3.64424747816416	0.4362399229769579
3.659955441432109	0.5098011460347222
3.675663404700058	0.6155243840601586
3.691371367968007	0.7673893404181191
3.707079331235956	0.9866596282588624
3.7227872945039047	1.3026551810339277
3.738495257771854	1.7419694424953929
3.754203221039803	2.2749163935517314
3.7699111843077517	2.7089645092731707
3.7856191475757006	2.7453357972497665
3.8013271108436495	2.3783835799420125
3.817035074111599	1.9111582438881747
3.8327430373795477	1.5531986401715008
3.8484510006474966	1.3492233210808453
3.8641589639154454	1.2800722323624447
3.8798669271833943	1.2983469162313284
3.8955748904513436	1.313463637269769
3.9112828537192925	1.239904242770826
3.9269908169872414	1.1055368004711177
3.9426987802551903	0.9964092926140892
3.958406743523139	0.9535608987779468
3.9741147067910885	0.9773499963105675
3.9898226700590373	1.0435040547283865
4.005530633326986	1.0804588742990018
4.0212385965949355	1.0063849504599693
4.036946559862884	0.8437730156034127
4.052654523130833	0.6788924068933084
4.068362486398782	0.5560656474255932
4.084070449666731	0.4774754069546757
4.09977841293468	0.42882485642049
4.115486376202629	0.3882386261362884
4.131194339470578	0.3397210554119114
4.146902302738527	0.28764964525080783
4.162610266006476	0.2427070889428707
4.178318229274425	0.20824348449350033
4.194026192542374	0.18277160779465684
4.209734155810323	0.16408849208461698
4.225442119078272	0.15061126287180424
4.241150082346221	0.1413636957727152
4.25685804561417	0.13581097963080532
4.2725660088821185	0.13369111927361516
4.288273972150067	0.13468032026623294
4.303981935418016	0.1382110368256494
4.319689898685965	0.14444146031488264
4.335397861953915	0.1548168265587527
4.351105825221864	0.16960874704398
4.366813788489813	0.18538800259831784
4.3825217517577615	0.19777405939223716
4.39822971502571	0.20607690615608748
4.413937678293659	0.2105676460123926
4.429645641561608	0.2093646811903903
4.445353604829557	0.20243554388348625
4.461061568097506	0.19727436715819818
4.476769531365456	0.20203629268810772
4.4924774946334045	0.22001931949601095
4.508185457901353	0.24868014813633038
4.523893421169302	0.27613207758366715
4.539601384437251	0.2877229305157896
4.5553093477052	0.28825344871035197
4.571017310973149	0.2975346790266629
4.586725274241098	0.328060120546317
4.602433237509047	0.37847790439266876
4.6181412007769955	0.43228723307653466
4.633849164044944	0.46754462473248887
4.649557127312894	0.4716827528358366
4.665265090580843	0.4472267138346293
4.680973053848792	0.41606317163601947
4.696681017116741	0.38845070858766756
4.71238898038469	0.349630700079851
4.7280969436526386	0.295230948560829
4.743804906920587	0.24160273972309382
4.759512870188536	0.19870886342221925
4.775220833456485	0.16494496787025834
4.790928796724435	0.13774581290020513
4.806636759992384	0.1167392849136242
4.822344723260333	0.10109202816734084
4.838052686528282	0.08928818917348766
4.8537606497962305	0.08030665427449776
4.869468613064179	0.07373328049866129
4.885176576332128	0.06928688351353812
4.900884539600077	0.06674316443499335
4.916592502868026	0.06604892281193188
4.932300466135975	0.06740075380614582
4.948008429403924	0.0712765893452459
4.9637163926718735	0.07846061184227533
4.979424355939822	0.08988113448549782
4.995132319207771	0.10570972494120552
5.01084028247572	0.12337076308981132
5.026548245743669	0.13674343977321674
5.042256209011618	0.13982456980306693
5.057964172279567	0.1316243044452479
5.073672135547516	0.11600751638954389
5.0893800988154645	0.09833909797197002
5.105088062083414	0.08292699884297566
5.120796025351363	0.07168363554245226
5.136503988619312	0.06450416799624721
5.152211951887261	0.06071573877428606
5.16791991515521	0.0598432390392249
5.183627878423159	0.061763455416550886
5.1993358416911075	0.06676583988562117
5.215043804959056	0.07567486509701116
5.230751768227005	0.08959676098904686
5.246459731494954	0.10836183066502293
5.262167694762903	0.12675378429496945
5.277875658030853	0.13333459310991508
5.293583621298802	0.12330226673728344
5.3092915845667505	0.10651696394634504
5.324999547834699	0.09300252185480513
5.340707511102648	0.08536032922858817
5.356415474370597	0.08199715368073726
5.372123437638546	0.08125910252857749
5.387831400906495	0.08313673186797639
5.403539364174444	0.08621600816972484
5.419247327442394	0.08595096856628433
5.4349552907103424	0.08004943947809387
5.450663253978291	0.0720802958710803
5.46637121724624	0.06613277452352463
5.482079180514189	0.06301296435117616
5.497787143782138	0.0609796244593431
5.513495107050087	0.05797149028078181
5.529203070318036	0.05394531711612475
5.544911033585985	0.05069917936433567
5.5606189968539335	0.04961038709924426
5.576326960121882	0.051169963667991265
5.592034923389832	0.05564890870201105
5.607742886657781	0.06340459368098823
5.62345084992573	0.07409641228122255
5.639158813193679	0.0843651920744835
5.654866776461628	0.08755413580614892
5.6705747397295765	0.08144775495440627
5.686282702997525	0.0719890071745758
5.701990666265474	0.0647040197889938
5.717698629533423	0.06103100224719329
5.733406592801373	0.06054522360936132
5.749114556069322	0.06306289154194239
5.764822519337271	0.06923618329374301
5.7805304826052195	0.0796954101763497
5.796238445873168	0.09368515431695075
5.811946409141117	0.1080804682744651
5.827654372409066	0.12059871907536053
5.843362335677015	0.1341149820569444
5.859070298944964	0.1524464886626043
5.874778262212913	0.17391625443844277
5.890486225480862	0.18673057606317572
5.906194188748811	0.17947003642463652
5.92190215201676	0.1580814059314259
5.937610115284709	0.13259921204011357
5.953318078552658	0.1067475952293776
5.969026041820607	0.08391820038175381
5.984734005088556	0.06626970157119241
6.000441968356505	0.05346419533902027
6.0161499316244536	0.04430921709240658
6.031857894892402	0.037728547644626555
6.047565858160352	0.03293939854265143
6.063273821428301	0.02941774574769059
6.07898178469625	0.026820894170907012
6.094689747964199	0.024948595426950704
6.110397711232148	0.023708799066314845
6.126105674500097	0.02302889519926124
6.1418136377680455	0.022723612833244318
6.157521601035994	0.022446046327388756
6.173229564303943	0.02205365848067733
6.188937527571892	0.021893007938108316
6.204645490839841	0.02241227259406511
6.220353454107791	0.023891989563512895
6.23606141737574	0.026351489291531964
6.2517693806436885	0.029132167392883726
6.267477343911637	0.03062959386573441
6.283185307179586	0.029874512395871036
6.298893270447535	0.028010530931957836
6.314601233715484	0.02627077389313692
6.330309196983433	0.024477199889841088
6.346017160251382	0.022154173552762654
6.3617251235193315	0.019740373693009128
6.37743308678728	0.017875704391168798
6.393141050055229	0.016766946242238578
6.408849013323178	0.016385261315212892
6.424556976591127	0.01664103472462136
6.440264939859076	0.017273051815044228
6.455972903127025	0.017648211093871522
6.471680866394974	0.0171653331633614
6.4873888296629225	0.01598298445385972
6.503096792930871	0.01471224819697737
6.51880475619882	0.013734652434823417
6.53451271946677	0.013044925409573353
6.550220682734719	0.012521415361324078
6.565928646002668	0.012133327938008
6.581636609270617	0.011805174484865094
6.5973445725385655	0.011409028208146378
6.613052535806514	0.01098685357472729
6.628760499074463	0.010681086000007391
6.644468462342412	0.010558136665433543
6.660176425610361	0.010606974400058417
6.675884388878311	0.010789061510558647
6.69159235214626	0.011111618934925857
6.707300315414209	0.011672919298883084
6.7230082786821574	0.012607549733650997
6.738716241950106	0.014013820660615043
6.754424205218055	0.015791924794432994
6.770132168486004	0.01731299707725165
6.785840131753953	0.017619978006326555
6.801548095021902	0.016726881193858918
6.817256058289851	0.015639716266685068
6.8329640215578	0.015066049612160945
6.848671984825749	0.015214080781463338
6.864379948093698	0.01615170827797895
6.880087911361647	0.017999296204701216
6.895795874629596	0.020950963090871456
6.911503837897545	0.02513637620336791
6.927211801165494	0.03018063183202904
6.942919764433443	0.03455555873912112
6.9586277277013915	0.036206899513498446
6.97433569096934	0.034530042667850716
6.99004365423729	0.030756708965594053
7.005751617505239	0.026899871420321294
7.021459580773188	0.02421159081394781
7.037167544041137	0.022888765316746024
7.052875507309086	0.022792387091246064
7.0685834705770345	0.024050100191533162
7.084291433844983	0.026962710888062943
7.099999397112932	0.031459138610652936
7.115707360380881	0.036145074241824074
7.13141532364883	0.03799336854818078
7.147123286916779	0.03568331277966781
7.162831250184729	0.03181132145565416
7.1785392134526775	0.029043299398046202
7.194247176720626	0.02794084524528805
7.209955139988575	0.027732361378096412
7.225663103256524	0.02750075966713504
7.241371066524473	0.02705738107316812
7.257079029792422	0.026419964604965835
7.272786993060371	0.025586630000409453
7.28849495632832	0.025113657482792724
7.304202919596269	0.025326753467209515
7.319910882864218	0.02514947450843705
7.335618846132167	0.023113171102112636
7.351326809400116	0.019670500708716038
7.367034772668065	0.01632827921024874
7.382742735936014	0.013787483338622003
7.398450699203963	0.012045124249969142
7.414158662471912	0.010922858312433236
7.4298666257398605	0.01021179056067826
7.445574589007809	0.009631973229171104
7.461282552275758	0.008952427997123586
7.476990515543708	0.008200880293123207
7.492698478811657	0.007514156688370793
7.508406442079606	0.006958500011586249
7.524114405347555	0.006537152604950738
7.5398223686155035	0.006220656028433099
7.555530331883452	0.00597105484735322
7.571238295151401	0.005765920005058566
7.58694625841935	0.00559787550746669
7.602654221687299	0.005462387214482136
7.618362184955249	0.005364578887387156
7.634070148223198	0.005315689368724345
7.6497781114911465	0.00532473436448485
7.665486074759095	0.005398690205503235
7.681194038027044	0.005537806673101868
7.696902001294993	0.005721156786559248
7.712609964562942	0.005920425981641222
7.728317927830891	0.006143171959825219
7.74402589109884	0.006399288419915817
7.759733854366789	0.006703089156774917
7.7754418176347375	0.007161764934300543
7.791149780902687	0.007925434199082636
7.806857744170636	0.00905109004792234
7.822565707438585	0.010292632310025307
7.838273670706534	0.01091304865504554
7.853981633974483	0.010329804610544205
7.869689597242432	0.008991121997090111
7.8853975605103805	0.007644785307988939
7.901105523778329	0.006602357603942148
7.916813487046278	0.005870822652805837
7.932521450314228	0.005370022550262417
7.948229413582177	0.005032005415498632
7.963937376850126	0.0048225524893101
7.979645340118075	0.004713786355379517
7.995353303386024	0.004649094206170144
8.011061266653972	0.004545841890121097
8.026769229921921	0.00437907266017307
8.042477193189871	0.004201018125661794
8.058185156457819	0.004051747094690697
8.073893119725769	0.003927081779738258
8.089601082993717	0.0038136801635182825
8.105309046261667	0.0037145623332198396
8.121017009529615	0.0036274396405160487
8.136724972797564	0.0035419504021966465
8.152432936065512	0.003461833101047779
8.168140899333462	0.00339873507630642
8.183848862601412	0.0033584422386027982
8.19955682586936	0.003342289397647966
8.21526478913731	0.003349870246939007
8.230972752405258	0.0033759683161995115
8.246680715673207	0.003407845931045073
8.262388678941155	0.003440981484887034
8.278096642209105	0.0034902932029844016
8.293804605477053	0.0035564336234079814
8.309512568745003	0.003598382562015019
8.325220532012953	0.003581750690375781
8.3409284952809	0.003543155371809453
8.35663645854885	0.003539751647098251
8.372344421816798	0.00359668066680622
8.388052385084748	0.003722698152709271
8.403760348352696	0.003927581110369217
8.419468311620646	0.004188633362252026
8.435176274888594	0.004378330006976834
8.450884238156544	0.004316562843904544
8.466592201424492	0.004021923953576119
8.482300164692441	0.0036820192558900825
8.498008127960391	0.0034108102585307934
8.51371609122834	0.0032250603634467927
8.529424054496289	0.003109175451703803
8.545132017764237	0.0030447093660662537
8.560839981032187	0.0030174636672556402
8.576547944300135	0.003016810816713926
8.592255907568084	0.003017624492758155
8.607963870836032	0.0029770299565723833
8.623671834103982	0.002887440592290063
8.63937979737193	0.002787104596040856
8.65508776063988	0.0027035338745207155
8.67079572390783	0.0026387685306547915
8.686503687175778	0.0025861756234870597
8.702211650443727	0.0025425113984092287
8.717919613711675	0.002508109264316273
8.733627576979625	0.0024834519442470723
8.749335540247573	0.0024687188414335907
8.765043503515523	0.002463734528657324
8.780751466783471	0.002465491394668371
8.79645943005142	0.0024651230312716494
8.81216739331937	0.0024548058677813294
8.827875356587318	0.002440019296671828
8.843583319855268	0.0024302193200187545
8.859291283123216	0.002425479338981906
8.874999246391166	0.0024212423165862634
8.890707209659114	0.0024210688369900478
8.906415172927064	0.00243528430129445
8.922123136195012	0.002473332798342824
8.937831099462962	0.0025437018019035095
8.953539062730911	0.002651697221253691
8.96924702599886	0.0027819303804938285
8.984954989266809	0.0028700163044575785
9.000662952534757	0.002838525531610091
9.016370915802707	0.002707456172530467
9.032078879070655	0.0025607517010002886
9.047786842338605	0.0024445166611525874
9.063494805606553	0.0023658238876201596
9.079202768874502	0.002318332692241943
9.09491073214245	0.0022915067926110736
9.1106186954104	0.002272572170267761
9.12632665867835	0.002252492137022012
9.142034621946298	0.0022316026291352357
9.157742585214248	0.0022113973518543576
9.173450548482196	0.002186118737166533
9.189158511750145	0.0021546057150427585
9.204866475018093	0.0021245272841749884
9.220574438286043	0.0021031467572975287
9.236282401553991	0.0020941545888592586
9.25199036482194	0.0020966776726940094
9.267698328089889	0.00210219224440732
9.283406291357839	0.0020959234628124246
9.299114254625788	0.002073998340222989
9.314822217893736	0.00204757352239327
9.330530181161686	0.002024014301555172
9.346238144429634	0.0020036580324221454
9.361946107697584	0.001984396777347067
9.377654070965532	0.0019618320347082737
9.393362034233482	0.0019356589029270223
9.40906999750143	0.0019110431000357165
9.42477796076938	0.0018913678071046517
9.44048592403733	0.0018768063961805595
9.456193887305277	0.0018668047598062623
9.471901850573227	0.0018614960389808797
9.487609813841175	0.0018609621332248538
9.503317777109125	0.0018631444078799086
9.519025740377073	0.0018624217158589946
9.534733703645022	0.0018549451016480277
9.55044166691297	0.0018451903515220938
9.56614963018092	0.001839986935976433
9.58185759344887	0.0018433080170271476
9.597565556716818	0.0018575315957128481
9.613273519984768	0.001883278976508447
9.628981483252716	0.0019160305680788851
9.644689446520665	0.001945435141342996
9.660397409788613	0.0019583665021491643
9.676105373056563	0.0019388521081186538
9.691813336324511	0.001888325148353565
9.707521299592461	0.0018304565044127015
9.723229262860409	0.0017819177830300577
9.738937226128359	0.0017457621709794984
9.754645189396308	0.0017196540920543086
9.770353152664256	0.0017001997653112264
9.786061115932206	0.0016839844741893264
9.801769079200154	0.0016690627881336374
9.817477042468104	0.001655333663559504
9.833185005736052	0.0016425370973970617
9.848892969004002	0.0016304200090401112
9.86460093227195	0.0016195946751505464
9.8803088955399	0.0016105993651087565
9.896016858807847	0.0016032763143109653
9.911724822075797	0.0015968113327075517
9.927432785343747	0.0015904841180177697
9.943140748611695	0.0015844771298838692
9.958848711879645	0.0015788586759703626
9.974556675147593	0.0015733184335426998
9.990264638415542	0.0015686326935133322
10.00597260168349	0.0015655160130037512
10.02168056495144	0.001561960942718454
10.037388528219388	0.0015540066058268008
10.053096491487338	0.0015413171520318784
10.068804454755288	0.0015275975174495727
10.084512418023236	0.0015153564853702757
10.100220381291185	0.0015050377949400113
10.115928344559133	0.0014963732954290686
10.131636307827083	0.0014887836936251695
10.147344271095031	0.0014814411341052198
10.163052234362981	0.0014739243974719552
10.178760197630929	0.0014665373866969448
10.194468160898879	0.0014597230253860618
10.210176124166829	0.0014537773446857707
10.225884087434777	0.0014489045428980822
10.241592050702726	0.0014453265071950867
10.257300013970674	0.0014432578345981851
10.273007977238624	0.0014425488213752483
10.288715940506572	0.0014421614572883684
10.304423903774522	0.0014405113554937419
10.32013186704247	0.0014359643911113823
10.33583983031042	0.0014273820201197995
10.351547793578368	0.0014165636048030436
10.367255756846317	0.001406554255905974
10.382963720114267	0.0013987037734547031
10.398671683382215	0.0013927715105378543
10.414379646650165	0.0013874201753046312
10.430087609918113	0.0013810273531246842
10.445795573186063	0.0013733336146281422
10.46150353645401	0.001365395201180081
10.47721149972196	0.0013582594051308793
10.492919462989908	0.0013522466145908698
10.508627426257858	0.0013467311164650775
10.524335389525806	0.0013405335555945663
10.540043352793756	0.001333367064039677
10.555751316061706	0.0013260665728930126
10.571459279329654	0.0013191525271104856
10.587167242597603	0.0013125785571419567
10.602875205865551	0.001306322449121739
10.618583169133501	0.0013004699175522075
10.634291132401449	0.0012950154536946652
10.649999095669399	0.0012898531178158407
10.665707058937347	0.0012849170304787682
10.681415022205297	0.0012802935069001127
10.697122985473246	0.0012761012533923897
10.712830948741194	0.0012723314058306753
10.728538912009144	0.0012685888501630398
10.744246875277092	0.0012639584210742977
10.759954838545042	0.001258004851166882
10.77566280181299	0.0012514726754890733
10.79137076508094	0.001245152348821021
10.807078728348888	0.0012392730328918242
10.822786691616837	0.001233780397843482
10.838494654884787	0.001228569630470007
10.854202618152735	0.001223558832669918
10.869910581420685	0.001218704162891594
10.885618544688633	0.0012139846563463288
10.901326507956583	0.0012093887334699333
10.91703447122453	0.0012049050517449842
10.93274243449248	0.001200492972270625
10.948450397760428	0.0011960899080885362
10.964158361028378	0.0011916963956314895
10.979866324296326	0.0011873528851782328
10.995574287564276	0.0011830222702859654
11.011282250832226	0.001178653655379248
11.026990214100174	0.0011743125032428374
11.042698177368123	0.0011700847366508046
11.058406140636071	0.0011659736597372365
11.074114103904021	0.0011619434627783312
11.08982206717197	0.001157966739810212
11.105530030439919	0.0011540547749965718
11.121237993707867	0.0011501732839693563
11.136945956975817	0.0011460961314803378
11.152653920243765	0.0011416750138177072
11.168361883511714	0.0011371107254569942
11.184069846779664	0.0011326489702645172
11.199777810047612	0.0011283916247567982
11.215485773315562	0.0011243627138988186
11.23119373658351	0.0011205745692843114
11.24690169985146	0.0011170567542880996
11.262609663119408	0.0011138513570329296
11.278317626387357	0.0011109506531241748
11.294025589655305	0.001108134328528061
11.309733552923255	0.0011048802957292613
11.325441516191205	0.0011008742787288544
11.341149479459153	0.001096374241984804
11.356857442727103	0.001091700872512142
11.37256540599505	0.0010871190765867334
11.388273369263	0.0010828413569800683
11.403981332530948	0.0010789400544032699
11.419689295798898	0.0010754005934325481
11.435397259066846	0.0010721667279134286
11.451105222334796	0.0010691469848265987
11.466813185602746	0.0010661552035848168
11.482521148870694	0.0010627982436549775
11.498229112138644	0.0010587832119684105
11.513937075406592	0.0010543933733786431
11.529645038674541	0.0010500137638501251
11.54535300194249	0.001045704523234556
11.561060965210439	0.0010414757251204887
11.576768928478387	0.0010374071189085527
11.592476891746337	0.001033532092720486
11.608184855014285	0.001029834961778701
11.623892818282235	0.001026296639394256
11.639600781550184	0.0010229154958807112
11.655308744818132	0.0010197114614147657
11.671016708086082	0.0010167231258921712
11.68672467135403	0.00101398154922207
11.70243263462198	0.001011408109552841
11.718140597889928	0.0010086445747705928
11.733848561157878	0.0010052246964068012
11.749556524425826	0.0010012123070462105
11.765264487693775	0.0009970780373814783
11.780972450961723	0.0009931150509371724
11.796680414229673	0.0009893900493520454
11.812388377497623	0.0009858849572317496
11.82809634076557	0.0009825750315339383
11.84380430403352	0.0009794528225382667
11.859512267301469	0.0009765196664376979
11.875220230569418	0.00097373465763967
11.890928193837366	0.0009709107747857669
11.906636157105316	0.0009677477971215533
11.922344120373264	0.0009642138414327047
11.938052083641214	0.0009605991236481507
11.953760046909164	0.0009571205938762908
11.969468010177112	0.000953832828310652
11.985175973445061	0.000950728634722726
12.00088393671301	0.0009477790814186824
12.01659189998096	0.0009448997923438522
12.032299863248907	0.0009419296930116003
12.048007826516857	0.0009387540160223205
12.063715789784805	0.00093543010844755
12.079423753052755	0.0009320981381672002
12.095131716320704	0.0009288372000711221
12.110839679588652	0.0009256610688155981
12.126547642856602	0.0009225602656252452
12.14225560612455	0.0009195204580532892
12.1579635693925	0.0009165280340251815
12.173671532660448	0.0009135692332070404
12.189379495928398	0.0009106324668024414
12.205087459196346	0.0009077159619670335
12.220795422464295	0.0009048240752912862
12.236503385732243	0.000901958415204977
12.252211349000193	0.0008991163748674766
12.267919312268143	0.0008962945023161374
12.283627275536091	0.0008934941774280646
12.29933523880404	0.0008907181468619023
12.315043202071989	0.0008879577385528806
12.330751165339938	0.000885191083659004
12.346459128607886	0.0008824102086474954
12.362167091875836	0.0008796335988034642
12.377875055143784	0.0008768767132892754
12.393583018411734	0.0008741394892702136
12.409290981679682	0.0008714177275997599
12.424998944947632	0.0008687120837393228
12.440706908215581	0.0008660247981149944
12.45641487148353	0.0008633567697933206
12.47212283475148	0.0008607080816151621
12.487830798019427	0.0008580789081071763
12.503538761287377	0.0008554701293453521
12.519246724555325	0.0008528834886749059
12.534954687823275	0.0008503208936871076
12.550662651091223	0.0008477813703535937
12.566370614359172	0.0008452562524578537
