0.0	0.9999999999999856
0.00625	0.9921279599594881
0.0125	0.9844085009015647
0.01875	0.9768380421843084
0.025	0.9694130970583906
0.03125	0.9621302699770871
0.0375	0.954986253989789
0.04375	0.9479778282164075
0.05	0.9411018553996727
0.056249999999999994	0.9343552795330653
0.0625	0.9277351235616056
0.06875	0.9212384871531636
0.075	0.9148625445380538
0.08125	0.908604542414498
0.0875	0.9024617979178569
0.09375	0.8964316966516472
0.1	0.8905116907780706
0.10624999999999998	0.8846992971663461
0.11249999999999999	0.8789920955968651
0.11875	0.8733877270193247
0.125	0.867883891863099
0.13125	0.8624783483982755
0.1375	0.8571689111454935
0.14375	0.851953449333253
0.15	0.8468298854009728
0.15625	0.8417961935465007
0.1625	0.8368503983164859
0.16875	0.8319905732383888
0.175	0.8272148394927251
0.18125	0.8225213646243111
0.1875	0.8179083612911932
0.19375	0.8133740860502083
0.2	0.8089168381778643
0.20625	0.8045349585256076
0.21249999999999997	0.8002268284081739
0.21875	0.7959908685242559
0.22499999999999998	0.7918255379081776
0.23125	0.7877293329119405
0.2375	0.7837007862164
0.24375000000000002	0.7797384658708396
0.25	0.7758409743600544
0.25625	0.7720069476979927
0.2625	0.7682350545472987
0.26875	0.764523995363781
0.275	0.760872501565212
0.28125	0.7572793347236044
0.2875	0.7537432857802344
0.29375	0.7502631742829009
0.3	0.7468378476444703
0.30625	0.7434661804222825
0.3125	0.7401470736177124
0.31875	0.7368794539952472
0.325	0.733662273420554
0.33125000000000004	0.7304945082169151
0.3375	0.727375158539525
0.34375	0.7243032477671031
0.35	0.72127782191026
0.35625000000000007	0.7182979490362121
0.3625	0.7153627187092589
0.36875	0.7124712414466577
0.375	0.7096226481893257
0.38125	0.7068160897870568
0.3875	0.7040507364977304
0.39375	0.7013257775001437
0.4	0.6986404204200569
0.40625	0.6959938908691042
0.4125	0.6933854319961136
0.41875	0.6908143040505692
0.42499999999999993	0.6882797839577858
0.43125	0.6857811649055119
0.4375	0.6833177559416097
0.44375	0.6808888815824714
0.44999999999999996	0.6784938814319192
0.45625	0.6761321098102174
0.4625	0.6738029353929724
0.46875	0.6715057408595957
0.475	0.6692399225510826
0.48125	0.6670048901368146
0.48750000000000004	0.6648000662901549
0.49375	0.6626248863725833
0.5	0.6604787981261119
0.50625	0.6583612613737837
0.5125	0.6562717477279613
0.51875	0.6542097403062797
0.525	0.652174733454965
0.53125	0.6501662324793532
0.5375	0.648183753381412
0.54375	0.6462268226040354
0.55	0.6442949767819823
0.55625	0.6423877624992086
0.5625	0.6405047360524526
0.56875	0.6386454632209145
0.575	0.6368095190418204
0.58125	0.6349964875917414
0.5875	0.6332059617735
0.59375	0.631437543108506
0.6	0.6296908415343808
0.60625	0.627965475207731
0.6125	0.6262610703118879
0.61875	0.624577260869573
0.625	0.6229136885602312
0.63125	0.6212700025420174
0.6375	0.6196458592782411
0.64375	0.6180409223681607
0.65	0.6164548623820583
0.65625	0.6148873567003988
0.6625000000000001	0.6133380893570295
0.66875	0.6118067508862847
0.675	0.610293038173896
0.68125	0.6087966543116201
0.6875	0.6073173084554273
0.6937499999999999	0.6058547156872558
0.7	0.6044085968801585
0.70625	0.6029786785667446
0.7125000000000001	0.601564692810932
0.71875	0.6001663770827654
0.725	0.5987834741363736
0.73125	0.5974157318908871
0.7375	0.5960629033142603
0.7437499999999999	0.5947247463099347
0.75	0.5934010236062777
0.75625	0.5920915026486882
0.7625	0.5907959554943132
0.76875	0.5895141587093616
0.775	0.5882458932688399
0.78125	0.586990944458751
0.7875	0.5857491017806336
0.79375	0.5845201588584097
0.8	0.5833039133474435
0.80625	0.5821001668458069
0.8125	0.5809087248076611
0.8187500000000001	0.57972939645869
0.825	0.5785619947135885
0.83125	0.5774063360954648
0.8375	0.576262240657203
0.84375	0.5751295319046614
0.8499999999999999	0.5740080367217077
0.85625	0.5728975852970135
0.8625	0.5717980110525889
0.8687500000000001	0.5707091505739762
0.875	0.5696308435421288
0.88125	0.5685629326668485
0.8875	0.5675052636217908
0.89375	0.5664576849810102
0.8999999999999999	0.5654200481569773
0.90625	0.5643922073400258
0.9125	0.5633740194392263
0.91875	0.5623653440246447
0.925	0.5613660432709016
0.93125	0.5603759819020804
0.9375	0.5593950271378899
0.94375	0.5584230486410561
0.95	0.5574599184659532
0.95625	0.5565055110084047
0.9625	0.5555597029566308
0.96875	0.5546223732433276
0.9750000000000001	0.5536934029988329
0.98125	0.5527726755053884
0.9875	0.5518600761524045
0.99375	0.5509554923927847
1.0	0.5500588137002022
1.00625	0.5491699315273944
1.0125	0.5482887392653538
1.01875	0.5474151322034649
1.025	0.5465490074905482
1.03125	0.545690264096765
1.0375	0.5448388027763957
1.04375	0.5439945260314366
1.05	0.5431573380760245
1.05625	0.542327144801656
1.0625	0.5415038537431919
1.06875	0.5406873740455918
1.075	0.539877616431426
1.08125	0.5390744931690912
1.0875	0.5382779180417159
1.09375	0.5374878063168064
1.1	0.5367040747164884
1.10625	0.5359266413884858
1.1125	0.5351554258776735
1.11875	0.5343903490982949
1.125	0.5336313333067811
1.13125	0.5328783020751547
1.1375	0.5321311802650406
1.14375	0.5313898940022069
1.15	0.5306543706517003
1.15625	0.5299245387935123
1.1625	0.5292003281987389
1.16875	0.5284816698063254
1.175	0.5277684957002546
1.18125	0.5270607390872538
1.1875	0.5263583342749882
1.19375	0.5256612166507115
1.2	0.5249693226603862
1.20625	0.524282589788244
1.2125	0.5236009565367932
1.21875	0.5229243624072433
1.225	0.5222527478803656
1.23125	0.5215860543977398
1.2375	0.5209242243434175
1.24375	0.5202672010259681
1.25	0.5196149286609099
1.25625	0.5189673523535091
1.2625	0.5183244180819432
1.2687500000000003	0.5176860726808279
1.275	0.517052263825072
1.28125	0.5164229400140974
1.2875	0.5157980505563776
1.29375	0.5151775455542876
1.3	0.514561375889304
1.30625	0.5139494932074802
1.3125	0.5133418499052392
1.31875	0.5127383991154704
1.3250000000000002	0.5121390946939053
1.3312499999999998	0.5115438912057704
1.3375	0.5109527439127335
1.34375	0.5103656087601016
1.35	0.5097824423643044
1.35625	0.5092032020006008
1.3625	0.5086278455910908
1.36875	0.5080563316929106
1.375	0.5074886194867335
1.38125	0.5069246687654503
1.3874999999999997	0.5063644399231213
1.39375	0.5058078939441238
1.4	0.5052549923925521
1.40625	0.504705697401791
1.4125	0.5041599716643511
1.41875	0.5036177784218625
1.4250000000000003	0.5030790814553003
1.43125	0.502543845075396
1.4375	0.5020120341132466
1.44375	0.5014836139111083
1.45	0.5009585503133771
1.45625	0.5004368096577421
1.4625	0.49991835876653484
1.46875	0.49940316493823594
1.475	0.49889119593913855
1.4812500000000002	0.4983824199952153
1.4874999999999998	0.4978768057841137
1.49375	0.49737432242731394
1.5	0.4968749394824558
1.50625	0.49637862693581447
1.5125	0.49588535519489985
1.51875	0.495395095081238
1.525	0.4949078178232784
1.53125	0.49442349504941946
1.5375	0.4939420987812017
1.5437499999999997	0.4934636014266238
1.55	0.4929879757735805
1.55625	0.4925151949834339
1.5625	0.4920452325847092
1.56875	0.49157806246691116
1.575	0.49111365887446423
1.5812500000000003	0.4906519964007636
1.5875	0.49019304998234403
1.59375	0.4897367948931606
1.6	0.4892832067389725
1.60625	0.4888322614518524
1.6125	0.4883839352847798
1.61875	0.487938204806345
1.625	0.487495046895555
1.63125	0.48705443873675053
1.6375000000000002	0.4866163578145879
1.6437499999999998	0.48618078190914416
1.65	0.4857476890911071
1.65625	0.48531705771704936
1.6625	0.4848888664247937
1.66875	0.4844630941288752
1.675	0.48403972001607226
1.68125	0.4836187235410379
1.6875	0.48320008442199075
1.69375	0.482783782636513
1.6999999999999997	0.4823697984174071
1.70625	0.48195811224863094
1.7125	0.4815487048613253
1.71875	0.48114155722987995
1.725	0.4807366505681174
1.73125	0.48033396632550673
1.7375000000000003	0.4799334861834692
1.74375	0.4795351920517493
1.75	0.4791390660648394
1.75625	0.4787450905784906
1.7625	0.4783532481662641
1.76875	0.47796352161616434
1.775	0.4775758939273197
1.78125	0.4771903483067306
1.7875	0.476806868166079
1.7937500000000002	0.4764254371185803
1.7999999999999998	0.4760460389759153
1.80625	0.4756686577451979
1.8125	0.47529327762599854
1.81875	0.47491988300743
1.825	0.4745484584652849
1.83125	0.47417898875922204
1.8375	0.47381145882998243
1.84375	0.4734458537966959
1.85	0.4730821589542004
1.8562499999999997	0.47272035977042054
1.8625	0.47236044188379633
1.86875	0.472002391100747
1.875	0.47164619339320074
1.88125	0.47129183489612747
1.8875	0.4709393019051627
1.8937500000000003	0.4705885808742385
1.9	0.4702396584132646
1.90625	0.46989252128585784
1.9125	0.4695471564071075
1.91875	0.46920355084136495
1.925	0.4688616918000933
1.93125	0.4685215666397415
1.9375	0.4681831628596542
1.94375	0.46784646810002634
1.9500000000000002	0.4675114701398807
1.9562499999999998	0.4671781568950856
1.9625	0.4668465164164179
1.96875	0.46651653688763134
1.975	0.4661882066235889
1.98125	0.4658615140683981
1.9875	0.465536447793606
1.99375	0.4652129964963971
2.0	0.4648911489978439
2.00625	0.46457089424117076
2.0125	0.4642522212900574
2.01875	0.46393511932696335
2.025	0.46361957765148887
2.03125	0.4633055856787515
2.0375	0.46299313293780064
2.04375	0.4626822090700489
2.05	0.4623728038277385
2.05625	0.4620649070724299
2.0625	0.46175850877350233
2.06875	0.4614535990067049
2.075	0.46115016795270874
2.08125	0.46084820589568654
2.0875	0.4605477032219354
2.09375	0.46024865041848817
2.1	0.4599510380717729
2.10625	0.4596548568662922
2.1125	0.4593600975833035
2.11875	0.4590667510995505
2.125	0.4587748083859896
2.13125	0.4584842605065521
2.1375	0.458195098616912
2.14375	0.4579073139632971
2.15	0.4576208978812889
2.15625	0.4573358417946665
2.1625	0.45705213721425697
2.16875	0.4567697757368017
2.175	0.4564887490438523
2.18125	0.4562090489006694
2.1875	0.4559306671551506
2.19375	0.45565359573676945
2.2	0.4553778266555328
2.20625	0.45510335200094737
2.2125	0.4548301639410217
2.21875	0.45455825472125466
2.225	0.45428761666366907
2.23125	0.45401824216583797
2.2375	0.45375012369994006
2.24375	0.45348325381181986
2.25	0.45321762512006897
2.25625	0.4529532303151236
2.2625	0.4526900621583624
2.26875	0.4524281134812302
2.275	0.4521673771843756
2.28125	0.4519078462367992
2.2875	0.4516495136750032
2.29375	0.4513923726021712
2.3	0.45113641618735495
2.30625	0.450881637664672
2.3125	0.4506280303325096
2.31875	0.45037558755274687
2.325	0.4501243027499908
2.33125	0.44987416941082153
2.3375	0.44962518108304345
2.34375	0.4493773313749544
2.35	0.44913061395462056
2.35625	0.4488850225491651
2.3625	0.4486405509440765
2.36875	0.4483971929824964
2.375	0.4481549425645607
2.38125	0.44791379364671147
2.3875	0.44767374024104734
2.39375	0.4474347764146616
2.4	0.44719689628901566
2.40625	0.4469600940392841
2.4125	0.44672436389374776
2.41875	0.4464897001331738
2.425	0.4462560970902099
2.43125	0.44602354914878767
2.4375	0.44579205074352846
2.44375	0.4455615963591729
2.45	0.4453321805300024
2.45625	0.44510379783927256
2.4625	0.4448764429186666
2.46875	0.44465011044773617
2.475	0.4444247951533722
2.48125	0.4442004918092625
2.4875	0.44397719523537155
2.49375	0.44375490029742404
2.5	0.44353360190638774
2.5062499999999996	0.44331329501798206
2.5125	0.4430939746321633
2.51875	0.4428756357926528
2.525	0.44265827358644383
2.53125	0.4424418831433339
2.5375000000000005	0.44222645963543905
2.54375	0.4420119982767562
2.55	0.4417984943226803
2.55625	0.4415859430695679
2.5625	0.4413743398542935
2.56875	0.4411636800538065
2.575	0.4409539590846992
2.58125	0.4407451724027838
2.5875	0.44053731550266956
2.59375	0.4403303839173452
2.6	0.4401243732177797
2.60625	0.4399192790124993
2.6125	0.4397150969472095
2.6187499999999995	0.4395118227043966
2.625	0.4393094520029261
2.63125	0.43910798059767703
2.6375	0.4389074042791573
2.64375	0.4387077188731313
2.6500000000000004	0.4385089202402537
2.65625	0.438311004275702
2.6624999999999996	0.438113966908823
2.66875	0.4379178041027847
2.675	0.4377225118542147
2.68125	0.437528086192864
2.6875	0.43733452318126964
2.6937500000000005	0.43714181891441306
2.7	0.4369499695193941
2.70625	0.4367589711550996
2.7125	0.4365688200118926
2.71875	0.4363795123112767
2.725	0.4361910443055966
2.73125	0.43600341227771827
2.7375	0.43581661254073034
2.74375	0.4356306414376415
2.75	0.435445495341077
2.75625	0.43526117065298464
2.7625	0.4350776638043497
2.76875	0.43489497125490356
2.7749999999999995	0.4347130894928411
2.78125	0.4345320150345439
2.7875	0.4343517444242948
2.79375	0.4341722742340186
2.8	0.4339936010630009
2.8062500000000004	0.43381572153762743
2.8125	0.43363863231112326
2.8187499999999996	0.43346233006328944
2.825	0.4332868115002439
2.83125	0.4331120733541821
2.8375	0.4329381123831081
2.84375	0.43276492537059924
2.8500000000000005	0.43259250912556907
2.85625	0.4324208604820071
2.8625	0.43224997629875916
2.86875	0.4320798534592801
2.875	0.4319104888714126
2.88125	0.4317418794671472
2.8875	0.43157402220240393
2.89375	0.4314069140568063
2.9	0.43124055203345824
2.90625	0.4310749331587303
2.9125	0.4309100544820345
2.91875	0.4307459130756274
2.925	0.43058250603438436
2.9312499999999995	0.4304198304755953
2.9375	0.4302578835387687
2.94375	0.4300966623854185
2.95	0.42993616419886266
2.95625	0.4297763861840333
2.9625000000000004	0.42961732556727444
2.96875	0.42945897959614887
2.9749999999999996	0.4293013455392479
2.98125	0.42914442068600994
2.9875	0.42898820234651625
2.99375	0.4288326878513244
3.0	0.42867787455127543
3.0062500000000005	0.4285237598173138
3.0125	0.4283703410403151
3.01875	0.4282176156309066
3.025	0.4280655810192931
3.03125	0.42791423465508366
3.0375	0.4277635740071215
3.04375	0.42761359656332126
3.05	0.4274642998304966
3.05625	0.42731568133420267
3.0625	0.4271677386185584
3.06875	0.42702046924610976
3.075	0.4268738707976537
3.08125	0.42672794087208354
3.0874999999999995	0.4265826770862375
3.09375	0.4264380770747505
3.1	0.42629413848988884
3.10625	0.42615085900141164
3.1125	0.42600823629641915
3.1187500000000004	0.42586626807920475
3.125	0.4257249520711155
3.1312499999999996	0.4255842860104007
3.1375	0.4254442676520815
3.14375	0.42530489476779637
3.15	0.4251661651456762
3.15625	0.4250280765902022
3.1625000000000005	0.4248906269220664
3.16875	0.4247538139780463
3.175	0.4246176356108644
3.18125	0.42448208968906503
3.1875	0.4243471740968736
3.19375	0.424212886734086
3.2	0.424079225515925
3.20625	0.4239461883729214
3.2125	0.42381377325079644
3.21875	0.4236819781103277
3.225	0.42355080092723807
3.23125	0.4234202396920702
3.2375	0.4232902924100709
3.2437499999999995	0.4231609571010708
3.25	0.42303223179937205
3.25625	0.4229041145536332
3.2625	0.4227766034267481
3.26875	0.42264969649574996
3.2750000000000004	0.42252339185168525
3.28125	0.422397687599506
3.2874999999999996	0.4222725818579717
3.29375	0.42214807275952937
3.3	0.4220241584502151
3.30625	0.42190083708954645
3.3125	0.4217781068504197
3.3187500000000005	0.42165596591900073
3.325	0.42153441249463114
3.33125	0.42141344478972537
3.3375	0.4212930610296689
3.34375	0.42117325945272255
3.35	0.4210540383099211
3.35625	0.4209353958649792
3.3625	0.4208173303941997
3.36875	0.4206998401863683
3.375	0.42058292354267185
3.38125	0.42046657877659965
3.3875	0.4203508042138516
3.39375	0.4202355981922545
3.3999999999999995	0.420120959061658
3.40625	0.42000688518386203
3.4125	0.4198933749325219
3.41875	0.4197804266930579
3.425	0.41966803886257514
3.4312500000000004	0.41955620984977415
3.4375	0.4194449380748743
3.4437499999999996	0.4193342219695186
3.45	0.41922405997670076
3.45625	0.41911445055068247
3.4625	0.41900539215690513
3.46875	0.41889688327192376
3.4750000000000005	0.4187889223833105
3.48125	0.4186815079895948
3.4875	0.4185746386001677
3.49375	0.4184683127352225
3.5	0.4183625289256664
3.50625	0.4182572857130479
3.5125	0.4181525816494897
3.51875	0.4180484152976015
3.525	0.4179447852304237
3.53125	0.4178416900313438
3.5375	0.41773912829402565
3.54375	0.41763709862234405
3.55	0.41753559963030956
3.5562499999999995	0.41743462994200614
3.5625	0.41733418819151313
3.56875	0.41723427302284716
3.575	0.41713488308988766
3.58125	0.4170360170563147
3.5875000000000004	0.416937673595542
3.59375	0.41683985139064955
3.5999999999999996	0.41674254913432573
3.60625	0.41664576552879573
3.6125	0.41654949928576135
3.61875	0.41645374912633937
3.625	0.4163585137810026
3.6312500000000005	0.4162637919895097
3.6375	0.41616958250085445
3.64375	0.41607588407319973
3.65	0.4159826954738209
3.65625	0.41589001547904303
3.6625	0.41579784287418436
3.66875	0.41570617645350727
3.675	0.41561501502014697
3.68125	0.41552435738606014
3.6875	0.4154342023719791
3.69375	0.4153445488073363
3.7	0.41525539553022744
3.70625	0.4151667413873522
3.7124999999999995	0.4150785852339554
3.71875	0.4149909259337793
3.725	0.4149037623590038
3.73125	0.41481709339020756
3.7375	0.41473091791630234
3.7437500000000004	0.41464523483448895
3.75	0.41456004305020844
3.7562499999999996	0.414475341477083
3.7625	0.41439112903687614
3.76875	0.41430740465943805
3.775	0.4142241672826621
3.78125	0.41414141585242853
3.7875000000000005	0.4140591493225624
3.79375	0.41397736665478885
3.8	0.41389606681867513
3.80625	0.41381524879160186
3.8125	0.4137349115586997
3.81875	0.4136550541128164
3.825	0.41357567545446305
3.83125	0.4134967745917762
3.8375	0.4134183505404738
3.84375	0.41334040232380564
3.85	0.41326292897250977
3.85625	0.413185929524784
3.8625	0.4131094030262253
3.8687499999999995	0.41303334852980045
3.875	0.4129577650957948
3.88125	0.41288265179178113
3.8875	0.4128080076925737
3.89375	0.41273383188018764
3.9000000000000004	0.41266012344380065
3.90625	0.4125868814797119
3.9124999999999996	0.4125141050913054
3.91875	0.4124417933890097
3.925	0.412369945490259
3.93125	0.4122985605194572
3.9375	0.4122276376079431
3.9437500000000005	0.41215717589394046
3.95	0.4120871745225396
3.95625	0.41201763264564584
3.9625	0.41194854942195347
3.96875	0.4118799240169022
3.975	0.41181175560264777
3.98125	0.4117440433580249
3.9875	0.4116767864685136
3.99375	0.41160998412619854
4.0	0.4115436355297497
4.00625	0.4114777398843707
4.0125	0.4114122964017785
4.01875	0.4113473043001692
4.025	0.41128276280417747
4.03125	0.41121867114485317
4.0375	0.4111550285596242
4.04375	0.41109183429227
4.05	0.4110290875928793
4.05625	0.41096678771783446
4.0625	0.41090493392976934
4.06875	0.410843525497547
4.075	0.4107825616962168
4.08125	0.4107220418070066
4.0875	0.41066196511726555
4.09375	0.41060233092045967
4.1	0.41054313851613194
4.10625	0.41048438720987124
4.1125	0.41042607631329076
4.11875	0.4103682051439948
4.125	0.4103107730255582
4.13125	0.41025377928748846
4.1375	0.4101972232652087
4.14375	0.4101411043000259
4.15	0.4100854217391044
4.15625	0.41003017493544397
4.1625	0.40997536324784667
4.16875	0.40992098604089483
4.175	0.409867042684931
4.18125	0.40981353255602493
4.1875	0.4097604550359497
4.19375	0.4097078095121616
4.2	0.4096555953777744
4.20625	0.4096038120315331
4.2125	0.40955245887779035
4.21875	0.4095015353264844
4.225	0.40945104079311895
4.23125	0.40940097469873105
4.2375	0.4093513364698767
4.24375	0.40930212553860756
4.25	0.4092533413424427
4.25625	0.4092049833243552
4.2625	0.40915705093273896
4.26875	0.40910954362140145
4.275	0.40906246084953196
4.28125	0.40901580208168303
4.2875	0.40896956678775065
4.29375	0.40892375444295326
4.3	0.40887836452781123
4.30625	0.4088333965281289
4.3125	0.40878884993497017
4.31875	0.4087447242446435
4.325	0.4087010189586777
4.33125	0.4086577335838107
4.3375	0.40861486763195964
4.34375	0.4085724206202124
4.35	0.408530392070801
4.35625	0.4084887815110894
4.3625	0.4084475884735536
4.36875	0.4084068124957616
4.375	0.40836645312035763
4.38125	0.4083265098950433
4.3875	0.40828698237256583
4.39375	0.40824787011069197
4.4	0.4082091726721956
4.40625	0.40817088962484815
4.4125	0.40813302054139045
4.41875	0.4080955649995178
4.425	0.4080585225818794
4.43125	0.40802189287604146
4.4375	0.4079856754744826
4.44375	0.4079498699745845
4.45	0.4079144759786012
4.45625	0.40787949309365645
4.4625	0.4078449209317242
4.46875	0.4078107591096136
4.475	0.4077770072489578
4.48125	0.40774366497619713
4.4875	0.40771073192256885
4.49375	0.40767820772408503
4.5	0.4076460920215276
4.50625	0.4076143844604329
4.5125	0.4075830846910741
4.51875	0.40755219236845386
4.525	0.4075217071522872
4.53125	0.40749162870699585
4.5375	0.40746195670168367
4.54375	0.4074326908101347
4.55	0.4074038307107996
4.55625	0.4073753760867772
4.5625	0.4073473266258124
4.56875	0.40731968202027885
4.575	0.40729244196716563
4.58125	0.4072656061680727
4.5875	0.40723917432919415
4.59375	0.4072131461613072
4.6	0.4071875213797686
4.60625	0.4071622997045003
4.6125	0.4071374808599698
4.61875	0.40711306457519725
4.625	0.4070890505837325
4.63125	0.4070654386236505
4.6375	0.40704222843754045
4.64375	0.40701941977249734
4.65	0.40699701238011193
4.65625	0.406975006016462
4.6625	0.4069534004421022
4.66875	0.40693219542206005
4.675	0.4069113907258167
4.68125	0.40689098612731356
4.6875	0.4068709814049299
4.69375	0.4068513763414849
4.7	0.40683217072422323
4.70625	0.4068133643448129
4.7125	0.4067949569993332
4.71875	0.40677694848826457
4.725	0.4067593386164936
4.73125	0.4067421271932895
4.7375	0.40672531403231316
4.74375	0.4067088989515987
4.75	0.40669288177355123
4.75625	0.40667726232494217
4.7625	0.40666204043689885
4.76875	0.4066472159449008
4.775	0.4066327886887787
4.78125	0.4066187585126924
4.7875	0.4066051252651502
4.79375	0.4065918887989759
4.8	0.4065790489713279
4.80625	0.406566605643678
4.8125	0.4065545586818141
4.81875	0.4065429079558291
4.825	0.4065316533401266
4.83125	0.40652079471340163
4.8375	0.40651033195865377
4.84375	0.4065002649631661
4.85	0.40649059361851186
4.85625	0.40648131782054736
4.8625	0.40647243746940825
4.86875	0.40646395246950706
4.875	0.40645586272952516
4.88125	0.40644816816241736
4.8875	0.40644086868540275
4.89375	0.4064339642199617
4.9	0.40642745469183783
4.90625	0.40642134003103025
4.9125	0.40641562017179184
4.91875	0.4064102950526325
4.925	0.40640536461630755
4.93125	0.4064008288098255
4.9375	0.4063966875844361
4.94375	0.4063929408956404
4.95	0.40638958870317643
4.95625	0.4063866309710263
4.9625	0.4063840676674139
4.96875	0.40638189876480096
4.975	0.40638012423988656
4.98125	0.40637874407360836
4.9875	0.4063777582511423
4.99375	0.4063771667618977
5.0	0.40637696959952285
5.00625	0.4063771667618976
5.012499999999999	0.40637775825114236
5.01875	0.4063787440736082
5.025	0.4063801242398866
5.03125	0.40638189876480096
5.0375	0.406384067667414
5.04375	0.406386630971026
5.05	0.4063895887031765
5.05625	0.40639294089564043
5.0625	0.40639668758443626
5.06875	0.40640082880982575
5.075000000000001	0.40640536461630716
5.081249999999999	0.40641029505263265
5.0875	0.406415620171792
5.09375	0.40642134003103025
5.1	0.406427454691838
5.10625	0.4064339642199621
5.1125	0.40644086868540286
5.11875	0.4064481681624178
5.125	0.406455862729525
5.13125	0.40646395246950673
5.1375	0.4064724374694079
5.143750000000001	0.40648131782054736
5.15	0.4064905936185117
5.15625	0.4065002649631662
5.1625	0.40651033195865344
5.168749999999999	0.40652079471340147
5.175	0.4065316533401266
5.18125	0.4065429079558289
5.1875	0.40655455868181434
5.19375	0.40656660564367786
5.2	0.4065790489713279
5.20625	0.4065918887989758
5.2125	0.40660512526514975
5.21875	0.40661875851269236
5.225	0.40663278868877833
5.231250000000001	0.4066472159449003
5.237499999999999	0.4066620404368983
5.24375	0.4066772623249421
5.25	0.4066928817735509
5.25625	0.40670889895159834
5.2625	0.4067253140323128
5.26875	0.4067421271932894
5.275	0.40675933861649316
5.28125	0.4067769484882643
5.2875	0.40679495699933327
5.29375	0.4068133643448126
5.300000000000001	0.406832170724223
5.30625	0.4068513763414848
5.3125	0.40687098140493005
5.31875	0.4068909861273132
5.324999999999999	0.40691139072581684
5.33125	0.4069321954220603
5.3375	0.4069534004421024
5.34375	0.4069750060164617
5.35	0.40699701238011193
5.35625	0.4070194197724969
5.3625	0.4070422284375404
5.36875	0.4070654386236504
5.375	0.40708905058373224
5.38125	0.40711306457519747
5.387500000000001	0.40713748085997004
5.393749999999999	0.40716229970450035
5.4	0.4071875213797686
5.40625	0.40721314616130727
5.4125	0.4072391743291939
5.41875	0.4072656061680729
5.425	0.4072924419671659
5.43125	0.4073196820202787
5.4375	0.40734732662581247
5.44375	0.40737537608677715
5.45	0.4074038307107996
5.456250000000001	0.4074326908101345
5.4625	0.4074619567016835
5.46875	0.4074916287069957
5.475	0.407521707152287
5.481249999999999	0.4075521923684537
5.4875	0.4075830846910737
5.49375	0.40761438446043263
5.5	0.4076460920215277
5.50625	0.4076782077240853
5.5125	0.40771073192256885
5.51875	0.4077436649761971
5.525	0.40777700724895805
5.53125	0.40781075910961345
5.5375	0.40784492093172436
5.543750000000001	0.40787949309365623
5.549999999999999	0.4079144759786015
5.55625	0.4079498699745845
5.5625	0.4079856754744828
5.56875	0.40802189287604146
5.575	0.40805852258187914
5.58125	0.4080955649995177
5.5875	0.4081330205413904
5.59375	0.408170889624848
5.6	0.40820917267219536
5.60625	0.408247870110692
5.612500000000001	0.40828698237256567
5.61875	0.4083265098950434
5.625	0.4083664531203575
5.63125	0.40840681249576166
5.637499999999999	0.4084475884735538
5.64375	0.40848878151108897
5.65	0.40853039207080055
5.65625	0.4085724206202127
5.6625	0.40861486763195964
5.66875	0.4086577335838106
5.675	0.40870101895867766
5.68125	0.4087447242446432
5.6875	0.40878884993496994
5.69375	0.40883339652812895
5.700000000000001	0.40887836452781123
5.706249999999999	0.40892375444295326
5.7125	0.4089695667877503
5.71875	0.40901580208168314
5.725	0.40906246084953146
5.73125	0.4091095436214018
5.7375	0.40915705093273924
5.74375	0.40920498332435573
5.75	0.4092533413424426
5.75625	0.4093021255386076
5.7625	0.4093513364698766
5.768750000000001	0.4094009746987311
5.775	0.4094510407931187
5.78125	0.4095015353264845
5.7875	0.40955245887779035
5.793749999999999	0.40960381203153284
5.8	0.40965559537777424
5.80625	0.40970780951216146
5.8125	0.40976045503594927
5.81875	0.40981353255602476
5.825	0.4098670426849311
5.83125	0.40992098604089444
5.8375	0.40997536324784684
5.84375	0.41003017493544375
5.85	0.4100854217391046
5.856250000000001	0.4101411043000258
5.862499999999999	0.41019722326520847
5.86875	0.4102537792874886
5.875	0.41031077302555813
5.88125	0.41036820514399497
5.8875	0.41042607631329026
5.89375	0.4104843872098713
5.9	0.4105431385161319
5.90625	0.41060233092045983
5.9125	0.4106619651172652
5.91875	0.4107220418070065
5.925000000000001	0.4107825616962167
5.93125	0.4108435254975468
5.9375	0.4109049339297695
5.94375	0.4109667877178344
5.949999999999999	0.4110290875928797
5.95625	0.4110918342922703
5.9625	0.411155028559625
5.96875	0.41121867114485355
5.975	0.41128276280417747
5.98125	0.41134730430016886
5.9875	0.41141229640177884
5.99375	0.4114777398843707
6.0	0.41154363552974965
6.00625	0.4116099841261985
6.012500000000001	0.4116767864685135
6.018749999999999	0.41174404335802495
6.025	0.41181175560264793
6.03125	0.41187992401690215
6.0375	0.41194854942195314
6.04375	0.4120176326456455
6.05	0.4120871745225397
6.05625	0.4121571758939406
6.0625	0.41222763760794295
6.06875	0.4122985605194573
6.075	0.4123699454902585
6.081250000000001	0.41244179338900894
6.0875	0.4125141050913056
6.09375	0.4125868814797113
6.1	0.41266012344380054
6.106249999999999	0.41273383188018775
6.1125	0.41280800769257403
6.11875	0.41288265179178113
6.125	0.4129577650957951
6.13125	0.41303334852980067
6.1375	0.4131094030262253
6.14375	0.41318592952478356
6.15	0.41326292897250944
6.15625	0.41334040232380537
6.1625	0.41341835054047393
6.168750000000001	0.41349677459177625
6.174999999999999	0.4135756754544631
6.18125	0.4136550541128164
6.1875	0.41373491155870024
6.19375	0.4138152487916021
6.2	0.41389606681867513
6.20625	0.413977366654789
6.2125	0.41405914932256255
6.21875	0.41414141585242903
6.225	0.4142241672826616
6.23125	0.41430740465943805
6.237500000000001	0.41439112903687647
6.24375	0.41447534147708265
6.25	0.4145600430502088
6.25625	0.41464523483448945
6.262499999999999	0.4147309179163026
6.26875	0.41481709339020767
6.275	0.41490376235900345
6.28125	0.41499092593377945
6.2875	0.41507858523395535
6.29375	0.4151667413873522
6.3	0.41525539553022695
6.30625	0.4153445488073363
6.3125	0.4154342023719792
6.31875	0.4155243573860606
6.325000000000001	0.41561501502014664
6.331249999999999	0.41570617645350727
6.3375	0.41579784287418387
6.34375	0.41589001547904325
6.35	0.4159826954738209
6.35625	0.41607588407319934
6.3625	0.4161695825008543
6.36875	0.4162637919895097
6.375	0.41635851378100275
6.38125	0.41645374912633926
6.3875	0.41654949928576157
6.393750000000001	0.41664576552879595
6.4	0.4167425491343259
6.40625	0.41683985139064955
6.4125	0.416937673595542
6.418749999999999	0.41703601705631443
6.425	0.41713488308988733
6.43125	0.41723427302284744
6.4375	0.41733418819151363
6.44375	0.41743462994200614
6.45	0.41753559963030934
6.45625	0.417637098622344
6.4625	0.4177391282940261
6.46875	0.41784169003134364
6.475	0.41794478523042383
6.481250000000001	0.41804841529760134
6.487499999999999	0.41815258164948976
6.49375	0.4182572857130482
6.5	0.4183625289256662
6.50625	0.41846831273522306
6.5125	0.4185746386001675
6.51875	0.41868150798959475
6.525	0.418788922383311
6.53125	0.4188968832719243
6.5375	0.4190053921569053
6.54375	0.4191144505506825
6.550000000000001	0.4192240599767009
6.55625	0.4193342219695188
6.5625	0.4194449380748741
6.56875	0.419556209849774
6.574999999999999	0.419668038862575
6.58125	0.41978042669305754
6.5875	0.41989337493252155
6.59375	0.42000688518386164
6.6	0.42012095906165753
6.60625	0.4202355981922544
6.6125	0.42035080421385196
6.61875	0.4204665787765993
6.625	0.420582923542672
6.63125	0.42069984018636813
6.637500000000001	0.42081733039420005
6.643749999999999	0.42093539586497936
6.65	0.4210540383099209
6.65625	0.4211732594527227
6.6625	0.42129306102966924
6.66875	0.42141344478972537
6.675	0.42153441249463114
6.68125	0.4216559659190008
6.6875	0.42177810685041933
6.69375	0.4219008370895466
6.7	0.42202415845021496
6.706250000000001	0.42214807275952915
6.7125	0.4222725818579715
6.71875	0.42239768759950586
6.725	0.4225233918516849
6.731249999999999	0.42264969649574996
6.7375	0.4227766034267486
6.74375	0.42290411455363375
6.75	0.42303223179937216
6.75625	0.42316095710107127
6.7625	0.4232902924100711
6.76875	0.4234202396920702
6.775	0.4235508009272384
6.78125	0.4236819781103279
6.7875	0.4238137732507966
6.793750000000001	0.4239461883729219
6.799999999999999	0.42407922551592486
6.80625	0.4242128867340859
6.8125	0.4243471740968735
6.81875	0.42448208968906487
6.825	0.42461763561086435
6.83125	0.42475381397804607
6.8375	0.4248906269220664
6.84375	0.4250280765902024
6.85	0.4251661651456765
6.85625	0.42530489476779687
6.862500000000001	0.42544426765208165
6.86875	0.425584286010401
6.875	0.42572495207111594
6.88125	0.42586626807920464
6.887499999999999	0.4260082362964195
6.89375	0.42615085900141136
6.9	0.42629413848988834
6.90625	0.42643807707475034
6.9125	0.4265826770862377
6.91875	0.4267279408720841
6.925	0.4268738707976538
6.93125	0.4270204692461099
6.9375	0.42716773861855767
6.94375	0.42731568133420267
6.950000000000001	0.4274642998304968
6.956249999999999	0.42761359656332093
6.9625	0.4277635740071211
6.96875	0.4279142346550835
6.975	0.4280655810192931
6.98125	0.4282176156309066
6.9875	0.42837034104031524
6.99375	0.4285237598173136
7.0	0.42867787455127515
7.00625	0.4288326878513249
7.0125	0.4289882023465164
7.018750000000001	0.42914442068601033
7.025	0.42930134553924854
7.03125	0.42945897959614937
7.0375	0.4296173255672746
7.043749999999999	0.42977638618403374
7.05	0.4299361641988629
7.05625	0.4300966623854181
7.0625	0.43025788353876904
7.06875	0.4304198304755951
7.075	0.4305825060343842
7.08125	0.4307459130756275
7.0875	0.43091005448203434
7.09375	0.4310749331587303
7.1	0.43124055203345846
7.106250000000001	0.4314069140568063
7.112499999999999	0.4315740222024042
7.11875	0.4317418794671472
7.125	0.4319104888714126
7.13125	0.43207985345928007
7.1375	0.43224997629875883
7.14375	0.4324208604820073
7.15	0.4325925091255689
7.15625	0.4327649253705999
7.1625	0.43293811238310814
7.16875	0.43311207335418206
7.175000000000001	0.43328681150024395
7.18125	0.43346233006328927
7.1875	0.4336386323111234
7.19375	0.4338157215376277
7.199999999999999	0.43399360106300094
7.20625	0.4341722742340183
7.2125	0.4343517444242948
7.21875	0.43453201503454403
7.225	0.43471308949284115
7.23125	0.43489497125490384
7.2375	0.4350776638043499
7.24375	0.4352611706529847
7.25	0.43544549534107757
7.25625	0.4356306414376418
7.262500000000001	0.4358166125407307
7.268749999999999	0.43600341227771827
7.275	0.43619104430559663
7.28125	0.436379512311277
7.2875	0.4365688200118927
7.29375	0.43675897115509976
7.3	0.43694996951939397
7.30625	0.4371418189144134
7.3125	0.43733452318126964
7.31875	0.43752808619286415
7.325	0.4377225118542144
7.331250000000001	0.4379178041027846
7.3375	0.4381139669088229
7.34375	0.4383110042757022
7.35	0.43850892024025334
7.356249999999999	0.43870771887313126
7.3625	0.43890740427915753
7.36875	0.43910798059767736
7.375	0.43930945200292626
7.38125	0.4395118227043971
7.3875	0.43971509694721
7.39375	0.4399192790124993
7.4	0.44012437321777986
7.40625	0.4403303839173451
7.4125	0.44053731550266934
7.418750000000001	0.4407451724027836
7.424999999999999	0.44095395908469903
7.43125	0.4411636800538062
7.4375	0.44137433985429303
7.44375	0.4415859430695679
7.45	0.4417984943226798
7.45625	0.4420119982767566
7.4625	0.44222645963543916
7.46875	0.44244188314333377
7.475	0.4426582735864437
7.48125	0.4428756357926522
7.487500000000001	0.4430939746321627
7.49375	0.4433132950179819
7.5	0.4435336019063874
7.50625	0.4437549002974241
7.512499999999999	0.44397719523537194
7.51875	0.4442004918092626
7.525	0.4444247951533727
7.53125	0.44465011044773634
7.5375	0.4448764429186666
7.54375	0.4451037978392728
7.55	0.44533218053000234
7.55625	0.44556159635917275
7.5625	0.44579205074352896
7.56875	0.44602354914878806
7.575000000000001	0.44625609709021
7.581249999999999	0.44648970013317424
7.5875	0.44672436389374737
7.59375	0.4469600940392843
7.6	0.44719689628901593
7.60625	0.4474347764146621
7.6125	0.44767374024104767
7.61875	0.4479137936467112
7.625	0.44815494256456007
7.63125	0.44839719298249653
7.6375	0.44864055094407573
7.643750000000001	0.4488850225491653
7.65	0.4491306139546202
7.65625	0.44937733137495445
7.6625	0.4496251810830433
7.668749999999999	0.44987416941082176
7.675	0.4501243027499907
7.68125	0.45037558755274676
7.6875	0.45062803033250975
7.69375	0.4508816376646717
7.7	0.4511364161873545
7.70625	0.4513923726021707
7.7125	0.4516495136750022
7.71875	0.45190784623679914
7.725	0.4521673771843757
7.731250000000001	0.4524281134812309
7.737499999999999	0.45269006215836305
7.74375	0.4529532303151239
7.75	0.4532176251200688
7.75625	0.45348325381181964
7.7625	0.4537501236999399
7.76875	0.45401824216583736
7.775	0.4542876166636686
7.78125	0.45455825472125444
7.7875	0.4548301639410216
7.79375	0.45510335200094704
7.800000000000001	0.4553778266555324
7.80625	0.4556535957367697
7.8125	0.4559306671551503
7.81875	0.45620904890066954
7.824999999999999	0.4564887490438519
7.83125	0.4567697757368015
7.8375	0.45705213721425647
7.84375	0.45733584179466596
7.85	0.45762089788128824
7.85625	0.45790731396329654
7.8625	0.45819509861691243
7.86875	0.45848426050655244
7.875	0.45877480838598933
7.88125	0.45906675109955014
7.887500000000001	0.4593600975833036
7.893749999999999	0.45965485686629215
7.9	0.4599510380717729
7.90625	0.46024865041848817
7.9125	0.4605477032219354
7.91875	0.4608482058956863
7.925	0.4611501679527085
7.93125	0.4614535990067043
7.9375	0.46175850877350166
7.94375	0.46206490707242925
7.95	0.46237280382773877
7.956250000000001	0.46268220907004914
7.9625	0.46299313293780003
7.96875	0.46330558567875085
7.975	0.4636195776514888
7.981249999999999	0.4639351193269629
7.9875	0.46425222129005655
7.99375	0.4645708942411707
8.0	0.46489114899784373
8.00625	0.46521299649639675
8.0125	0.46553644779360553
8.01875	0.4658615140683974
8.025	0.46618820662358823
8.03125	0.4665165368876315
8.0375	0.46684651641641756
8.04375	0.46717815689508535
8.05	0.4675114701398812
8.05625	0.4678464681000265
8.0625	0.4681831628596549
8.06875	0.46852156663974126
8.075	0.46886169180009285
8.08125	0.4692035508413653
8.0875	0.4695471564071076
8.09375	0.469892521285858
8.1	0.47023965841326476
8.10625	0.47058858087423844
8.1125	0.47093930190516287
8.11875	0.4712918348961273
8.125	0.4716461933932009
8.13125	0.47200239110074754
8.1375	0.47236044188379644
8.14375	0.47272035977041976
8.15	0.4730821589542003
8.15625	0.47344585379669596
8.1625	0.4738114588299825
8.16875	0.4741789887592219
8.175	0.4745484584652852
8.18125	0.47491988300742966
8.1875	0.4752932776259987
8.19375	0.4756686577451974
8.2	0.4760460389759151
8.20625	0.4764254371185804
8.2125	0.47680686816607915
8.21875	0.4771903483067305
8.225	0.4775758939273193
8.23125	0.47796352161616384
8.2375	0.4783532481662648
8.24375	0.47874509057849024
8.25	0.4791390660648391
8.25625	0.4795351920517483
8.2625	0.47993348618346904
8.26875	0.48033396632550657
8.275	0.4807366505681176
8.28125	0.4811415572298802
8.2875	0.4815487048613253
8.29375	0.4819581122486308
8.3	0.48236979841740696
8.30625	0.48278378263651317
8.3125	0.4832000844219904
8.31875	0.48361872354103724
8.325	0.4840397200160722
8.33125	0.48446309412887545
8.3375	0.48488886642479356
8.34375	0.48531705771704897
8.35	0.48574768909110744
8.35625	0.4861807819091444
8.3625	0.4866163578145874
8.36875	0.48705443873675064
8.375	0.48749504689555434
8.38125	0.4879382048063445
8.3875	0.4883839352847798
8.39375	0.48883226145185227
8.4	0.4892832067389722
8.40625	0.4897367948931604
8.4125	0.4901930499823432
8.41875	0.4906519964007638
8.425	0.4911136588744634
8.43125	0.4915780624669109
8.4375	0.49204523258470917
8.44375	0.49251519498343405
8.45	0.4929879757735799
8.45625	0.4934636014266231
8.4625	0.4939420987812019
8.46875	0.4944234950494194
8.475	0.49490781782327836
8.48125	0.4953950950812389
8.4875	0.4958853551949005
8.49375	0.496378626935814
8.5	0.4968749394824557
8.50625	0.4973743224273137
8.5125	0.49787680578411364
8.51875	0.4983824199952158
8.525	0.49889119593913894
8.53125	0.4994031649382355
8.5375	0.499918358766535
8.54375	0.5004368096577422
8.55	0.5009585503133771
8.55625	0.5014836139111084
8.5625	0.5020120341132462
8.56875	0.5025438450753957
8.575	0.5030790814552999
8.58125	0.5036177784218632
8.5875	0.5041599716643511
8.59375	0.5047056974017915
8.6	0.5052549923925522
8.60625	0.5058078939441242
8.6125	0.5063644399231209
8.61875	0.5069246687654501
8.625	0.5074886194867337
8.63125	0.50805633169291
8.6375	0.5086278455910903
8.64375	0.5092032020006005
8.65	0.509782442364304
8.65625	0.5103656087601015
8.6625	0.510952743912733
8.66875	0.5115438912057704
8.675	0.5121390946939055
8.68125	0.5127383991154705
8.6875	0.5133418499052386
8.69375	0.5139494932074801
8.7	0.5145613758893038
8.70625	0.5151775455542875
8.7125	0.5157980505563777
8.71875	0.5164229400140974
8.725	0.5170522638250724
8.73125	0.5176860726808278
8.7375	0.5183244180819434
8.74375	0.5189673523535094
8.75	0.5196149286609095
8.75625	0.5202672010259684
8.7625	0.5209242243434167
8.76875	0.5215860543977392
8.775	0.5222527478803654
8.78125	0.5229243624072425
8.7875	0.5236009565367927
8.79375	0.5242825897882433
8.8	0.524969322660386
8.80625	0.5256612166507115
8.8125	0.5263583342749879
8.81875	0.5270607390872535
8.825	0.5277684957002543
8.83125	0.5284816698063258
8.8375	0.5292003281987386
8.84375	0.5299245387935123
8.85	0.5306543706516997
8.85625	0.5313898940022069
8.8625	0.5321311802650412
8.86875	0.5328783020751546
8.875	0.5336313333067808
8.88125	0.5343903490982952
8.8875	0.5351554258776733
8.89375	0.5359266413884862
8.9	0.5367040747164886
8.90625	0.5374878063168065
8.9125	0.5382779180417159
8.91875	0.5390744931690912
8.925	0.5398776164314262
8.93125	0.5406873740455918
8.9375	0.5415038537431919
8.94375	0.5423271448016561
8.95	0.5431573380760245
8.95625	0.5439945260314366
8.9625	0.544838802776396
8.96875	0.5456902640967649
8.975	0.5465490074905482
8.98125	0.5474151322034649
8.9875	0.548288739265354
8.99375	0.5491699315273946
9.0	0.5500588137002024
9.00625	0.5509554923927846
9.0125	0.5518600761524045
9.01875	0.5527726755053887
9.025	0.553693402998833
9.03125	0.5546223732433279
9.0375	0.555559702956631
9.04375	0.5565055110084047
9.05	0.5574599184659534
9.05625	0.5584230486410563
9.0625	0.55939502713789
9.06875	0.5603759819020803
9.075	0.5613660432709016
9.08125	0.562365344024645
9.0875	0.5633740194392264
9.09375	0.564392207340026
9.1	0.5654200481569774
9.10625	0.5664576849810103
9.1125	0.5675052636217911
9.11875	0.5685629326668485
9.125	0.5696308435421289
9.13125	0.5707091505739763
9.1375	0.5717980110525889
9.14375	0.5728975852970137
9.15	0.5740080367217081
9.15625	0.5751295319046619
9.1625	0.5762622406572031
9.16875	0.5774063360954649
9.175	0.5785619947135886
9.18125	0.5797293964586904
9.1875	0.5809087248076611
9.19375	0.5821001668458071
9.2	0.5833039133474435
9.20625	0.5845201588584102
9.2125	0.5857491017806338
9.21875	0.5869909444587511
9.225	0.5882458932688402
9.23125	0.5895141587093615
9.2375	0.5907959554943133
9.24375	0.5920915026486882
9.25	0.5934010236062779
9.25625	0.5947247463099348
9.2625	0.5960629033142603
9.26875	0.5974157318908875
9.275	0.5987834741363738
9.28125	0.6001663770827657
9.2875	0.6015646928109321
9.29375	0.6029786785667445
9.3	0.6044085968801589
9.30625	0.6058547156872562
9.3125	0.6073173084554276
9.31875	0.6087966543116203
9.325	0.610293038173896
9.33125	0.6118067508862853
9.3375	0.6133380893570298
9.34375	0.6148873567003992
9.35	0.6164548623820582
9.35625	0.6180409223681607
9.3625	0.6196458592782416
9.36875	0.6212700025420175
9.375	0.6229136885602313
9.38125	0.624577260869573
9.3875	0.626261070311888
9.39375	0.6279654752077313
9.4	0.6296908415343812
9.40625	0.6314375431085062
9.4125	0.6332059617735
9.41875	0.6349964875917413
9.425	0.6368095190418207
9.43125	0.6386454632209148
9.4375	0.6405047360524527
9.44375	0.6423877624992087
9.45	0.6442949767819823
9.45625	0.6462268226040356
9.4625	0.6481837533814123
9.46875	0.6501662324793533
9.475	0.6521747334549652
9.48125	0.6542097403062795
9.4875	0.6562717477279617
9.49375	0.658361261373784
9.5	0.6604787981261121
9.50625	0.6626248863725832
9.5125	0.6648000662901548
9.51875	0.6670048901368149
9.525	0.6692399225510826
9.53125	0.6715057408595959
9.5375	0.6738029353929723
9.54375	0.6761321098102175
9.55	0.6784938814319198
9.55625	0.6808888815824718
9.5625	0.6833177559416097
9.56875	0.6857811649055119
9.575	0.6882797839577856
9.58125	0.69081430405057
9.5875	0.6933854319961137
9.59375	0.6959938908691045
9.6	0.6986404204200569
9.60625	0.7013257775001434
9.6125	0.7040507364977309
9.61875	0.7068160897870568
9.625	0.7096226481893255
9.63125	0.7124712414466577
9.6375	0.7153627187092588
9.64375	0.7182979490362127
9.65	0.7212778219102604
9.65625	0.7243032477671033
9.6625	0.7273751585395253
9.66875	0.7304945082169151
9.675	0.7336622734205545
9.68125	0.7368794539952473
9.6875	0.7401470736177128
9.69375	0.7434661804222826
9.7	0.74683784764447
9.70625	0.7502631742829035
9.7125	0.7537432857802325
9.71875	0.7572793347236033
9.725	0.7608725015652131
9.73125	0.7645239953637808
9.7375	0.7682350545473029
9.74375	0.772006947697994
9.75	0.7758409743600556
9.75625	0.7797384658708407
9.7625	0.7837007862163995
9.76875	0.7877293329119421
9.775	0.79182553790818
9.78125	0.7959908685242562
9.7875	0.8002268284081768
9.79375	0.8045349585256073
9.8	0.8089168381778673
9.80625	0.8133740860502097
9.8125	0.8179083612911946
9.81875	0.822521364624312
9.825	0.8272148394927241
9.83125	0.8319905732383887
9.8375	0.8368503983164869
9.84375	0.8417961935465024
9.85	0.8468298854009728
9.85625	0.8519534493332531
9.8625	0.857168911145495
9.86875	0.8624783483982783
9.875	0.8678838918630984
9.88125	0.8733877270193233
9.8875	0.8789920955968645
9.89375	0.8846992971663461
9.9	0.8905116907780697
9.90625	0.8964316966516467
9.9125	0.9024617979178581
9.91875	0.9086045424144986
9.925	0.9148625445380568
9.93125	0.9212384871531651
9.9375	0.9277351235616048
9.94375	0.934355279533065
9.95	0.9411018553996721
9.95625	0.9479778282164094
9.9625	0.9549862539897919
9.96875	0.9621302699770854
9.975	0.9694130970583906
9.98125	0.9768380421843047
9.9875	0.9844085009015671
9.99375	0.9921279599594898
10.0	0.9999999999999847
