0.0	1.0
0.000625	0.9113859210657581
0.00125	0.831664164795117
0.001875	0.7598493340674742
0.0025	0.6950738129870316
0.003125	0.6365727604732507
0.00375	0.5836711487849597
0.0043749999999999995	0.535772543486989
0.005	0.49234937172686927
0.005625	0.4529344665292189
0.00625	0.4171137081773007
0.006875000000000001	0.3845196111919119
0.0075	0.35482572813372026
0.008125	0.32774176037210845
0.008749999999999999	0.3030092818031182
0.009375	0.2803979948278087
0.01	0.25970244916871915
0.010624999999999999	0.2407391636635708
0.01125	0.22334409931912527
0.011875	0.20737043886657086
0.0125	0.19268663402231756
0.013125000000000001	0.17917468678003548
0.013750000000000002	0.16672863546938207
0.014374999999999999	0.15525322012066797
0.015	0.1446627049616279
0.015625	0.1348798387170928
0.01625	0.12583493584760405
0.016875	0.11746506400207334
0.017499999999999998	0.10971332481768126
0.018125	0.10252821681582848
0.01875	0.09586307054902023
0.019375	0.08967554737826967
0.02	0.08392719432815834
0.020624999999999998	0.07858304839791798
0.021249999999999998	0.07361128451975535
0.021875	0.06898290206561533
0.0225	0.06467144542407555
0.023125	0.06065275471167101
0.02375	0.056904743157709166
0.024375	0.05340719811726386
0.025	0.05014160303109857
0.025625	0.047090977970322995
0.026250000000000002	0.044239736683357414
0.026875	0.0415735583082263
0.027500000000000004	0.03907927212865205
0.028125	0.03674475394164437
0.028749999999999998	0.03455883277055744
0.029375000000000002	0.03251120680378138
0.03	0.030592367567843982
0.030625000000000003	0.028793531456900317
0.03125	0.027106577840287735
0.031875	0.025523993057681202
0.0325	0.024038819688853047
0.033125	0.022644610553392522
0.03375	0.021335386956082645
0.034375	0.02010560074694062
0.034999999999999996	0.018950099812048822
0.035625000000000004	0.01786409665298807
0.03625	0.016843139749579947
0.036875000000000005	0.015883087433326504
0.0375	0.014980084027905719
0.038125	0.014130538038776076
0.03875	0.013331102196755611
0.039375	0.012578655180703086
0.04	0.011870284862444716
0.040625	0.011203272933117766
0.041249999999999995	0.010575080784373764
0.041875	0.00998333653060271
0.042499999999999996	0.009425823069681401
0.043125000000000004	0.00890046708987417
0.04375	0.008405328939558124
0.044375	0.007938593284532077
0.045	0.007498560484904819
0.045625	0.007083638630039417
0.04625	0.006692336175840912
0.046875	0.006323255133887424
0.0475	0.005975084766586149
0.048125	0.0056465957467439895
0.04875	0.00533663474372786
0.049375	0.00504411940179895
0.05	0.004768033679277613
0.050624999999999996	0.004507423519967352
0.05125	0.00426139283076939
0.051875000000000004	0.004029099741681237
0.052500000000000005	0.0038097531264191624
0.053125	0.0036026093637572926
0.05375	0.0034069693213555647
0.05437499999999999	0.0032221755453719107
0.05500000000000001	0.003047609640537367
0.055625	0.002882689826629745
0.05625	0.002726868658424841
0.056874999999999995	0.0025796308972452437
0.057499999999999996	0.0024404915231752158
0.058125	0.002308993877875338
0.058750000000000004	0.0021847079287202723
0.059375	0.0020672286457044686
0.06	0.0019561744832204482
0.060625	0.001851185959417901
0.061250000000000006	0.0017519243264049716
0.061875	0.0016580703250599082
0.0625	0.0015693230186862772
0.063125	0.001485398700171994
0.06375	0.0014060298677045753
0.064375	0.0013309642644558533
0.065	0.0012599639779812925
0.065625	0.0011928045953846975
0.06625	0.0011292744105808876
0.06687499999999999	0.001069173680248597
0.0675	0.0010123139253056387
0.068125	0.0009585172749597444
0.06875	0.0009076158505929941
0.06937499999999999	0.0008594511869269869
0.06999999999999999	0.0008138736880907811
0.07062500000000001	0.0007707421163757203
0.07125000000000001	0.0007299231116112811
0.071875	0.0006912907392351633
0.0725	0.000654726065259852
0.073125	0.000620116756457531
0.07375000000000001	0.0005873567041963536
0.074375	0.0005563456704642609
0.075	0.0005269889547124584
0.075625	0.0004991970802398277
0.07625	0.0004728854989224933
0.076875	0.0004479743131699652
0.0775	0.00042438801406115354
0.078125	0.0004020552346804862
0.07875	0.00038090851773677024
0.079375	0.000360884096605581
0.08	0.00034192168899020584
0.080625	0.0003239643024467924
0.08125	0.00030695805106656306
0.081875	0.0002908519826520831
0.08249999999999999	0.00027559791576574593
0.083125	0.00026115028606713345
0.08375	0.0002474660013918896
0.084375	0.000234504305058364
0.08499999999999999	0.00022222664691976085
0.08562499999999999	0.00021059656170894258
0.08625000000000001	0.0001995795542505877
0.08687500000000001	0.0001891429911411848
0.0875	0.00017925599852148546
0.088125	0.00016988936558865638
0.08875	0.00016101545351655447
0.08937500000000001	0.00015260810947240357
0.09	0.0001446425854367675
0.090625	0.00013709546155115748
0.09125	0.00012994457373398851
0.091875	0.0001231689453209424
0.0925	0.00011674872250020599
0.093125	0.00011066511332657196
0.09375	0.00010490033011107666
0.094375	9.943753499477021e-5
0.095	9.426078852639936e-5
0.095625	8.935500107429467e-5
0.09625	8.47058869126298e-5
0.096875	8.029992083149459e-5
0.0975	7.61242971289496e-5
0.09812499999999999	7.216689085141999e-5
0.09875	6.841622115649777e-5
0.099375	6.486141667946657e-5
0.1	6.149218279167593e-5
0.100625	5.8298770645308374e-5
0.10124999999999999	5.5271947905108986e-5
0.10187500000000001	5.2402971073323455e-5
0.1025	4.968355931943639e-5
0.103125	4.710586973131927e-5
0.10375000000000001	4.466247390914237e-5
0.104375	4.234633582784905e-5
0.10500000000000001	4.015079089819449e-5
0.105625	3.806952616030149e-5
0.10625	3.6096561547403115e-5
0.10687500000000001	3.4226232160956855e-5
0.1075	3.245317150161029e-5
0.108125	3.077229560361685e-5
0.10874999999999999	2.9178788023233307e-5
0.109375	2.7668085634392108e-5
0.11000000000000001	2.6235865187554292e-5
0.110625	2.4878030590100214e-5
0.11125	2.359070086893603e-5
0.11187499999999999	2.237019877817851e-5
0.1125	2.121304001683808e-5
0.113125	2.0115923023368346e-5
0.11374999999999999	1.9075719315778805e-5
0.114375	1.8089464347739675e-5
0.11499999999999999	1.7154348852739467e-5
0.115625	1.6267710649893043e-5
0.11625	1.5427026886454238e-5
0.11687499999999999	1.4629906693455195e-5
0.11750000000000001	1.3874084232190495e-5
0.118125	1.3157412110485983e-5
0.11875	1.247785514884349e-5
0.11937500000000001	1.1833484477644277e-5
0.12	1.1222471947619406e-5
0.12062500000000001	1.0643084836767768e-5
0.12125	1.0093680837818962e-5
0.121875	9.572703311202953e-6
0.12250000000000001	9.078676789308153e-6
0.123125	8.610202718580045e-6
0.12375	8.165955426743682e-6
0.12437499999999999	7.744678303122462e-6
0.125	7.3451801806762144e-6
0.12562500000000001	6.966331908998598e-6
0.12625	6.607063108093834e-6
0.12687500000000002	6.266359093303636e-6
0.1275	5.943257962274391e-6
0.128125	5.63684783534499e-6
0.12875	5.34626424120102e-6
0.129375	5.0706876400785204e-6
0.13	4.80934107721606e-6
0.130625	4.561487959645929e-6
0.13125	4.32642994978536e-6
0.13187500000000002	4.103504969640238e-6
0.1325	3.892085309764257e-6
0.133125	3.691575837430598e-6
0.13374999999999998	3.5014122987695802e-6
0.134375	3.321059709905643e-6
0.135	3.1500108323929736e-6
0.135625	2.987784728499197e-6
0.13625	2.833925392124292e-6
0.136875	2.688000451366308e-6
0.1375	2.549599938957478e-6
0.138125	2.418335126995768e-6
0.13874999999999998	2.293837422586444e-6
0.139375	2.1757573211884467e-6
0.13999999999999999	2.063763414630532e-6
0.140625	1.9575414509228616e-6
0.14125000000000001	1.8567934431426198e-6
0.141875	1.7612368248159934e-6
0.14250000000000002	1.6706036493556367e-6
0.143125	1.584639831241916e-6
0.14375	1.5031044267582917e-6
0.144375	1.4257689522072721e-6
0.145	1.3524167376426212e-6
0.145625	1.2828423142574053e-6
0.14625	1.2168508336656527e-6
0.146875	1.1542575174081662e-6
0.14750000000000002	1.0948871351013095e-6
0.148125	1.038573509730627e-6
0.14875	9.851590486702328e-7
0.14937499999999998	9.344942990835697e-7
0.15	8.864375264317346e-7
0.150625	8.408543148827641e-7
0.15125	7.976171884784736e-7
0.151875	7.566052519756482e-7
0.1525	7.17703850335238e-7
0.153125	6.80804245886994e-7
0.15375	6.45803312248138e-7
0.15437499999999998	6.126032441228427e-7
0.155	5.811112821551504e-7
0.15562499999999999	5.512394520513078e-7
0.15625	5.229043172284754e-7
0.15687500000000001	4.960267442857839e-7
0.1575	4.705316806304461e-7
0.15812500000000002	4.4634794362659397e-7
0.15875	4.234080206675841e-7
0.159375	4.0164787960377126e-7
0.16	3.8100678898751764e-7
0.160625	3.614271476252337e-7
0.16125	3.4285432295293667e-7
0.161875	3.252364977770456e-7
0.1625	3.085245249460021e-7
0.16312500000000002	2.9267178954102786e-7
0.16375	2.7763407819573264e-7
0.164375	2.633694551746707e-7
0.16499999999999998	2.4983814486021443e-7
0.165625	2.3700242031534767e-7
0.16625	2.2482649760733986e-7
0.166875	2.1327643559361482e-7
0.1675	2.0232004088670502e-7
0.168125	1.9192677772990762e-7
0.16875	1.8206768252919606e-7
0.169375	1.7271528280020956e-7
0.16999999999999998	1.6384352030164408e-7
0.170625	1.55427678138276e-7
0.17124999999999999	1.4744431162811326e-7
0.171875	1.398711827388218e-7
0.17250000000000001	1.3268719790872636e-7
0.173125	1.258723490772453e-7
0.17375000000000002	1.1940765775872707e-7
0.174375	1.1327512200227267e-7
0.175	1.0745766608827959e-7
0.175625	1.019390928202092e-7
0.17625	9.670403827739478e-8
0.176875	9.173792890167923e-8
0.1775	8.702694079726375e-8
0.178125	8.255796112939026e-8
0.17875000000000002	7.831855151342287e-8
0.179375	7.429691329149576e-8
0.18	7.048185459923038e-8
0.18062499999999998	6.686275913007413e-8
0.18125	6.342955650959009e-8
0.181875	6.017269419657914e-8
0.1825	5.708311083220482e-8
0.183125	5.4152210962378904e-8
0.18375	5.137184106253149e-8
0.184375	4.873426679754986e-8
0.185	4.6232151453156835e-8
0.18562499999999998	4.385853547828453e-8
0.18625	4.160681708113179e-8
0.18687499999999999	3.9470733824554963e-8
0.1875	3.744434516924643e-8
0.18812500000000001	3.552201591582686e-8
0.18875	3.3698400499494896e-8
0.18937500000000002	3.1968428093277964e-8
0.19	3.03272884781978e-8
0.190625	2.8770418640814064e-8
0.19125	2.7293490060656435e-8
0.191875	2.5892396651987132e-8
0.1925	2.4563243326172715e-8
0.193125	2.3302335142686677e-8
0.19375	2.210616701841241e-8
0.19437500000000002	2.0971413966482565e-8
0.195	1.9894921837375447e-8
0.195625	1.887369853639587e-8
0.19624999999999998	1.7904905693003288e-8
0.196875	1.698585075871531e-8
0.1975	1.6113979511515647e-8
0.198125	1.5286868945832648e-8
0.19875	1.4502220528235895e-8
0.199375	1.3757853800020242e-8
0.2	1.3051700308818446e-8
0.200625	1.2381797852304061e-8
0.20125	1.1746285017919238e-8
0.20187499999999997	1.1143396003390487e-8
0.20249999999999999	1.0571455703579592e-8
0.203125	1.0028875049963888e-8
0.20375000000000001	9.514146589743561e-9
0.20437500000000003	9.025840292245894e-9
0.205	8.562599570929965e-9
0.205625	8.12313750989898e-9
0.20625	7.706233284398443e-9
0.206875	7.310728765319481e-9
0.20750000000000002	6.935525298242153e-9
0.20812499999999998	6.579580648039978e-9
0.20875	6.241906100529082e-9
0.209375	5.921563713085128e-9
0.21000000000000002	5.6176637065655085e-9
0.210625	5.329361991269634e-9
0.21125	5.055857820044352e-9
0.21187499999999998	4.796391561995651e-9
0.2125	4.5502425906052646e-9
0.213125	4.316727280368861e-9
0.21375000000000002	4.09519710637649e-9
0.21437499999999998	3.885036841542204e-9
0.215	3.6856628464622543e-9
0.215625	3.496521447140251e-9
0.21625	3.3170873960616353e-9
0.216875	3.146862412333187e-9
0.21749999999999997	2.9853737968229907e-9
0.21812499999999999	2.8321731184458682e-9
0.21875	2.6868349679374197e-9
0.21937500000000001	2.5489557756475957e-9
0.22000000000000003	2.418152690063775e-9
0.220625	2.2940625139420405e-9
0.22125	2.176340695085912e-9
0.221875	2.06466036896446e-9
0.2225	1.958711450505559e-9
0.22312500000000002	1.8581997725374016e-9
0.22374999999999998	1.762846268481312e-9
0.224375	1.6723861970219205e-9
0.225	1.5865684065979869e-9
0.22562500000000002	1.5051546376676486e-9
0.22625	1.4279188608074894e-9
0.226875	1.3546466488042902e-9
0.22749999999999998	1.2851345809929962e-9
0.228125	1.2191896781844366e-9
0.22875	1.1566288666111334e-9
0.22937500000000002	1.0972784694006292e-9
0.22999999999999998	1.0409737241621408e-9
0.230625	9.875583253451948e-10
0.23125	9.368839900977874e-10
0.231875	8.888100464168845e-10
0.2325	8.43203042446334e-10
0.23312499999999997	7.999363758359362e-10
0.23374999999999999	7.588899421312382e-10
0.234375	7.199498012167116e-10
0.23500000000000001	6.830078608850041e-10
0.23562500000000003	6.479615766527113e-10
0.23625	6.147136669883142e-10
0.236875	5.831718431607199e-10
0.2375	5.532485529576093e-10
0.238125	5.24860737561245e-10
0.23875000000000002	4.979296009061222e-10
0.23937499999999998	4.723803908774636e-10
0.24	4.4814219174248626e-10
0.240625	4.25147727237695e-10
0.24125000000000002	4.0333317376495366e-10
0.241875	3.8263798317731026e-10
0.2425	3.6300471466212924e-10
0.24312499999999998	3.4437887525443627e-10
0.24375	3.2670876853735267e-10
0.244375	3.0994535110921794e-10
0.24500000000000002	2.9404209641866596e-10
0.24562499999999998	2.7895486558934014e-10
0.24625	2.646417848753683e-10
0.246875	2.510631294071948e-10
0.2475	2.381812129047858e-10
0.248125	2.2596028305185027e-10
0.24874999999999997	2.1436642224044987e-10
0.24937499999999999	2.0336745341027596e-10
0.25	1.929328507210588e-10
0.250625	1.8303365480996436e-10
0.25125000000000003	1.736423923986239e-10
0.25187499999999996	1.6473300002649254e-10
0.2525	1.5628075169870147e-10
0.253125	1.4826219024747489e-10
0.25375000000000003	1.4065506221645643e-10
0.254375	1.3343825608711813e-10
0.255	1.265917436756798e-10
0.255625	1.2009652453779808e-10
0.25625	1.1393457322663111e-10
0.256875	1.0808878925779997e-10
0.2575	1.0254294964231347e-10
0.258125	9.728166385563638e-11
0.25875	9.22903311178493e-11
0.259375	8.755509986628625e-11
0.26	8.306282930810196e-11
0.260625	7.880105294601273e-11
0.26125	7.475794397593669e-11
0.26187499999999997	7.092228246044775e-11
0.2625	6.72834241869036e-11
0.263125	6.38312711237708e-11
0.26375000000000004	6.055624339312672e-11
0.26437499999999997	5.7449252681515794e-11
0.265	5.450167701533422e-11
0.265625	5.1705336830716484e-11
0.26625	4.9052472271476477e-11
0.26687500000000003	4.6535721652080856e-11
0.26749999999999996	4.4148101025856897e-11
0.268125	4.188298480171376e-11
0.26875	3.9734087355565365e-11
0.26937500000000003	3.769544558539994e-11
0.27	3.576140236157212e-11
0.270625	3.392659082637038e-11
0.27125	3.21859194992732e-11
0.271875	3.0534558146548666e-11
0.2725	2.8967924375968046e-11
0.273125	2.748167091942071e-11
0.27375	2.607167356812923e-11
0.274375	2.4734019726971063e-11
0.275	2.3464997556137564e-11
0.275625	2.2261085669985208e-11
0.27625	2.1118943364487994e-11
0.276875	2.0035401346162608e-11
0.27749999999999997	1.9007452936730775e-11
0.278125	1.8032245729107528e-11
0.27875	1.7107073671551792e-11
0.27937500000000004	1.6229369558009084e-11
0.27999999999999997	1.5396697903800404e-11
0.280625	1.4606748186883363e-11
0.28125	1.3857328435926089e-11
0.281875	1.3146359147395041e-11
0.28250000000000003	1.247186751477494e-11
0.28312499999999996	1.1831981953902607e-11
0.28375	1.1224926909218935e-11
0.284375	1.0649017926524994e-11
0.28500000000000003	1.0102656978565285e-11
0.285625	9.584328030464677e-12
0.28625	9.092592832711416e-12
0.286875	8.626086930009177e-12
0.2875	8.183515874921701e-12
0.288125	7.763651635800276e-12
0.28875	7.36532918902561e-12
0.289375	6.9874432861057825e-12
0.29	6.628945386657499e-12
0.290625	6.28884074875942e-12
0.29125	5.9661856686014154e-12
0.291875	5.660084861769566e-12
0.2925	5.369688978898702e-12
0.29312499999999997	5.094192248798023e-12
0.29375	4.832830242508908e-12
0.294375	4.584877752089077e-12
0.29500000000000004	4.34964677823684e-12
0.29562499999999997	4.1264846211703414e-12
0.29625	3.914772069463396e-12
0.296875	3.713921681812097e-12
0.2975	3.5233761569632816e-12
0.29812500000000003	3.342606787281303e-12
0.29874999999999996	3.1711119916616314e-12
0.299375	3.0084159237196786e-12
0.3	2.854067151392669e-12
0.30062500000000003	2.7076374042899163e-12
0.30125	2.5687203853156178e-12
0.301875	2.43693064326616e-12
0.3025	2.3119025032731627e-12
0.303125	2.1932890521244778e-12
0.30375	2.0807611756470107e-12
0.304375	1.9740066454802985e-12
0.305	1.8727292527064108e-12
0.305625	1.7766479859321068e-12
0.30625	1.6854962515424169e-12
0.306875	1.5990211339616558e-12
0.3075	1.5169826938693204e-12
0.308125	1.4391533024233109e-12
0.30874999999999997	1.3653170096428981e-12
0.309375	1.2952689451988856e-12
0.31	1.228814749948024e-12
0.31062500000000004	1.165770036634249e-12
0.31124999999999997	1.105959878260278e-12
0.311875	1.0492183227097349e-12
0.3125	9.953879322730193e-13
0.313125	9.443193467990027e-13
0.31375000000000003	8.95870869260461e-13
0.31437499999999996	8.499080725831709e-13
0.315	8.063034266476182e-13
0.315625	7.64935944428393e-13
0.31625000000000003	7.256908462892355e-13
0.316875	6.88459241502276e-13
0.3175	6.531378261076615e-13
0.318125	6.196285962752152e-13
0.31875	5.878385763727502e-13
0.319375	5.576795609864067e-13
0.32	5.290678701772321e-13
0.320625	5.019241172948479e-13
0.32125	4.761729887038958e-13
0.321875	4.517430348121081e-13
0.3225	4.2856647182008634e-13
0.323125	4.065789936426909e-13
0.32375	3.8571959348018374e-13
0.32437499999999997	3.6593039454398485e-13
0.325	3.4715648946737856e-13
0.325625	3.2934578795551787e-13
0.32625000000000004	3.124488722520346e-13
0.32687499999999997	2.964188600211846e-13
0.3275	2.812112742650423e-13
0.328125	2.6678391991483316e-13
0.32875	2.530967667539295e-13
0.32937500000000003	2.40111838347682e-13
0.32999999999999996	2.2779310667186954e-13
0.330625	2.161063921474014e-13
0.33125	2.0501926880389644e-13
0.33187500000000003	1.9450097430896942e-13
0.3325	1.8452232461360435e-13
0.333125	1.7505563297676613e-13
0.33375	1.6607463314455745e-13
0.334375	1.5755440647078406e-13
0.335	1.494713127766894e-13
0.335625	1.4180292475801737e-13
0.33625	1.3452796575740943e-13
0.336875	1.2762625072946005e-13
0.3375	1.210786302346391e-13
0.338125	1.1486693730666298e-13
0.33875	1.0897393704590381e-13
0.339375	1.0338327879896508e-13
0.33999999999999997	9.807945079173247e-14
0.340625	9.304773709003285e-14
0.34125	8.827417676846647e-14
0.34187500000000004	8.374552517412889e-14
0.34249999999999997	7.944921717773363e-14
0.343125	7.537333231017445e-14
0.34375	7.150656168779296e-14
0.344375	6.783817663457183e-14
0.34500000000000003	6.435799891419968e-14
0.34562499999999996	6.105637248940701e-14
0.34625	5.79241367302116e-14
0.346875	5.495260099674284e-14
0.34750000000000003	5.213352052611365e-14
0.348125	4.9459073556436256e-14
0.34875	4.6921839624511165e-14
0.349375	4.451477897696862e-14
0.35	4.223121303774047e-14
0.350625	4.006480587766035e-14
0.35125	3.8009546634782196e-14
0.351875	3.605973283663734e-14
0.3525	3.4209954578153446e-14
0.353125	3.2455079511339125e-14
0.35375	3.079023860508132e-14
0.354375	2.9210812635547184e-14
0.355	2.77124193697038e-14
0.35562499999999997	2.629090140639635e-14
0.35625	2.494231464124841e-14
0.356875	2.3662917323375935e-14
0.35750000000000004	2.24491596735546e-14
0.35812499999999997	2.1297674035033193e-14
0.35875	2.020526552966423e-14
0.359375	1.9168903193428638e-14
0.36	1.8185711566756497e-14
0.36062500000000003	1.7252962716310825e-14
0.36124999999999996	1.6368068666098672e-14
0.361875	1.5528574216907352e-14
0.3625	1.473215013414421e-14
0.36312500000000003	1.3976586685176467e-14
0.36375	1.325978750824191e-14
0.364375	1.2579763795918042e-14
0.365	1.1934628777010396e-14
0.365625	1.1322592481551121e-14
0.36625	1.0741956774380917e-14
0.366875	1.0191110643535762e-14
0.3675	9.668525730364572e-15
0.368125	9.172752088976281e-15
0.36875	8.702414163250578e-15
0.369375	8.256206970249083e-15
0.37	7.832892479438654e-15
0.370625	7.431296177679971e-15
0.37124999999999997	7.05030381045037e-15
0.371875	6.688858290259939e-15
0.3725	6.345956763682192e-15
0.37312500000000004	6.020647828861699e-15
0.37374999999999997	5.712028895778712e-15
0.374375	5.419243681946055e-15
0.375	5.141479836590477e-15
0.375625	4.8779666867257394e-15
0.37625000000000003	4.627973098864462e-15
0.37687499999999996	4.390805450435458e-15
0.3775	4.165805705277935e-15
0.378125	3.952349587873354e-15
0.37875000000000003	3.749844851248613e-15
0.379375	3.557729633745125e-15
0.38	3.375470900094174e-15
0.380625	3.2025629624734177e-15
0.38125	3.0385260774410334e-15
0.381875	2.8829051148544053e-15
0.3825	2.735268295080445e-15
0.383125	2.5952059909934596e-15
0.38375	2.4623295914369113e-15
0.384375	2.3362704229957193e-15
0.385	2.2166787270869503e-15
0.385625	2.103222689531375e-15
0.38625	1.9955875199129762e-15
0.38687499999999997	1.8934745781721327e-15
0.3875	1.7966005460091424e-15
0.388125	1.7046966407990487e-15
0.38875000000000004	1.6175078698367485e-15
0.38937499999999997	1.5347923228431943e-15
0.39	1.4563205007697137e-15
0.390625	1.3818746790381552e-15
0.39125	1.311248303450118e-15
0.39187500000000003	1.244245417089165e-15
0.39249999999999996	1.1806801166259777e-15
0.393125	1.1203760365177374e-15
0.39375	1.0631658596709204e-15
0.39437500000000003	1.0088908532095255e-15
0.395	9.574004280607711e-16
0.395625	9.085517211363934e-16
0.39625	8.62209198950125e-16
0.396875	8.18244281571743e-16
0.3975	7.765349858740904e-16
0.398125	7.369655870834547e-16
0.39875	6.99426297694119e-16
0.399375	6.638129628562552e-16
0.4	6.300267713919851e-16
0.40062499999999995	5.97973981637804e-16
0.40125	5.675656613526957e-16
0.401875	5.387174409702988e-16
0.4025	5.113492795104981e-16
0.403125	4.85385242500976e-16
0.40374999999999994	4.607532912924724e-16
0.40437500000000004	4.373850831833224e-16
0.40499999999999997	4.1521578179859176e-16
0.405625	3.941838771977101e-16
0.40625	3.7423101521157573e-16
0.406875	3.5530183553545634e-16
0.40750000000000003	3.3734381812862105e-16
0.40812499999999996	3.2030713749442965e-16
0.40875000000000006	3.041445244365779e-16
0.409375	2.8881113490800816e-16
0.41	2.7426442558848973e-16
0.410625	2.6046403584572876e-16
0.41125	2.473716757524921e-16
0.41187500000000005	2.3495101984899217e-16
0.4125	2.231676063558313e-16
0.41312499999999996	2.1198874155782822e-16
0.41375	2.0138340909344542e-16
0.414375	1.9132218389813338e-16
0.41500000000000004	1.8177715056282168e-16
0.415625	1.7272182588104501e-16
0.41624999999999995	1.6413108536978128e-16
0.416875	1.559810935601711e-16
0.4175	1.4824923786467046e-16
0.418125	1.409140658371487e-16
0.41875	1.339552256518919e-16
0.41937499999999994	1.2735340963631616e-16
0.42000000000000004	1.2109030070075489e-16
0.42062499999999997	1.1514852151668385e-16
0.42125	1.0951158630234604e-16
0.421875	1.0416385508204902e-16
0.4225	9.909049029217958e-17
0.42312500000000003	9.427741561356498e-17
0.42374999999999996	8.971127691595549e-17
0.42437500000000006	8.53794052062488e-17
0.425	8.126978147767603e-17
0.425625	7.737100336240782e-17
0.42625	7.367225349506036e-17
0.426875	7.016326949932395e-17
0.42750000000000005	6.683431551443944e-17
0.428125	6.367615518252386e-17
0.42874999999999996	6.068002602178873e-17
0.429375	5.783761511456205e-17
0.43	5.5141036042646856e-17
0.43062500000000004	5.258280700602285e-17
0.43125	5.0155830064192906e-17
0.43187499999999995	4.7853371442558186e-17
0.4325	4.566904284920061e-17
0.433125	4.35967837502223e-17
0.43375	4.163084455446515e-17
0.434375	3.976577066096497e-17
0.43499999999999994	3.7996387324865365e-17
0.43562500000000004	3.631778529981064e-17
0.43624999999999997	3.472530721698096e-17
0.436875	3.321453466297078e-17
0.4375	3.178127592066591e-17
0.438125	3.0421554339100297e-17
0.43875000000000003	2.9131597300025715e-17
0.43937499999999996	2.790782575058142e-17
0.44000000000000006	2.67468442730213e-17
0.440625	2.5645431663947523e-17
0.44125	2.4600531996909028e-17
0.441875	2.3609246143572782e-17
0.4425	2.266882372993836e-17
0.44312500000000005	2.1776655505278288e-17
0.44375	2.09302661026356e-17
0.44437499999999996	2.0127307170786e-17
0.445	1.9365550858613405e-17
0.445625	1.8642883633820425e-17
0.44625000000000004	1.7957300418820022e-17
0.446875	1.730689902754347e-17
0.44749999999999995	1.6689874887724038e-17
0.448125	1.6104516034016265e-17
0.44875	1.5549198358058873e-17
0.449375	1.5022381102299907e-17
0.45	1.452260258508447e-17
0.45062499999999994	1.404847614514218e-17
0.45125000000000004	1.359868629422278e-17
0.45187499999999997	1.3171985067205048e-17
0.4525	1.2767188559552196e-17
0.453125	1.2383173642507043e-17
0.45375	1.2018874846912036e-17
0.45437500000000003	1.167328140700987e-17
0.45499999999999996	1.1345434456021074e-17
0.45562500000000006	1.1034424365717645e-17
0.45625	1.0739388222612758e-17
0.456875	1.0459507433761665e-17
0.4575	1.0194005455533348e-17
0.458125	9.942145639049756e-18
0.45875000000000005	9.703229186314815e-18
0.459375	9.476593211363519e-18
0.45999999999999996	9.261608901050025e-18
0.460625	9.05767977037294e-18
0.46125	8.86424000749694e-18
0.46187500000000004	8.680752903878207e-18
0.4625	8.506709365138851e-18
0.46312499999999995	8.341626498558152e-18
0.46375	8.185046273261664e-18
0.464375	8.036534249390831e-18
0.465	7.895678372727087e-18
0.465625	7.762087831426183e-18
0.46624999999999994	7.635391971690341e-18
0.46687500000000004	7.515239269370267e-18
0.46749999999999997	7.401296354643233e-18
0.468125	7.293247087061115e-18
0.46875	7.190791678402614e-18
0.469375	7.093645860895192e-18
0.47000000000000003	7.001540098499487e-18
0.47062499999999996	6.91421883906778e-18
0.47125000000000006	6.83143980530121e-18
0.471875	6.752973322539081e-18
0.4725	6.6786016815145694e-18
0.473125	6.608118534309154e-18
0.47375	6.541328321829767e-18
0.47437500000000005	6.478045731219938e-18
0.475	6.418095181699772e-18
0.47562499999999996	6.361310337408036e-18
0.47625	6.3075336458947534e-18
0.476875	6.256615900983832e-18
0.47750000000000004	6.208415828792847e-18
0.478125	6.162799695761432e-18
0.47874999999999995	6.119640937600573e-18
0.479375	6.078819808133551e-18
0.48	6.040223047054012e-18
0.480625	6.003743565679391e-18
0.48125	5.969280149827934e-18
0.48187499999999994	5.936737178994685e-18
0.48250000000000004	5.906024361047537e-18
0.48312499999999997	5.877056481707078e-18
0.48375	5.8497531681151614e-18
0.484375	5.8240386658363475e-18
0.485	5.7998416286732935e-18
0.48562500000000003	5.777094920713085e-18
0.48624999999999996	5.755735430055223e-18
0.48687500000000006	5.735703893704399e-18
0.4875	5.716944733142288e-18
0.488125	5.699405900122106e-18
0.48875	5.6830387322580765e-18
0.489375	5.6677978180091546e-18
0.49000000000000005	5.65364087068238e-18
0.490625	5.640528611106287e-18
0.49124999999999996	5.628424658648823e-18
0.491875	5.6172954302774295e-18
0.4925	5.607110047381205e-18
0.49312500000000004	5.5978402500966065e-18
0.49375	5.5894603188990236e-18
0.49437499999999995	5.581947003242636e-18
0.495	5.575279457050584e-18
0.495625	5.569439180876471e-18
0.49625	5.564409970576685e-18
0.496875	5.5601778723512e-18
0.49749999999999994	5.556731144028018e-18
0.49812500000000004	5.554060222483926e-18
0.49874999999999997	5.552157697111125e-18
0.499375	5.551018289256105e-18
0.5	5.550638837573768e-18
0.500625	5.551018289256105e-18
0.50125	5.552157697111125e-18
0.501875	5.554060222483926e-18
0.5025000000000001	5.556731144028018e-18
0.503125	5.5601778723512e-18
0.5037499999999999	5.564409970576685e-18
0.504375	5.569439180876471e-18
0.505	5.575279457050584e-18
0.505625	5.581947003242636e-18
0.50625	5.5894603188990236e-18
0.506875	5.5978402500966065e-18
0.5075000000000001	5.607110047381205e-18
0.5081249999999999	5.6172954302774295e-18
0.50875	5.628424658648823e-18
0.509375	5.640528611106287e-18
0.51	5.65364087068238e-18
0.510625	5.6677978180091546e-18
0.51125	5.6830387322580765e-18
0.5118750000000001	5.699405900122106e-18
0.5125	5.716944733142288e-18
0.5131249999999999	5.735703893704399e-18
0.51375	5.755735430055223e-18
0.514375	5.777094920713085e-18
0.515	5.7998416286732935e-18
0.515625	5.8240386658363475e-18
0.51625	5.8497531681151614e-18
0.516875	5.877056481707078e-18
0.5175	5.906024361047537e-18
0.5181250000000001	5.936737178994685e-18
0.51875	5.969280149827934e-18
0.5193749999999999	6.003743565679391e-18
0.52	6.040223047054012e-18
0.520625	6.078819808133551e-18
0.52125	6.119640937600573e-18
0.521875	6.162799695761432e-18
0.5225	6.208415828792847e-18
0.5231250000000001	6.256615900983832e-18
0.5237499999999999	6.3075336458947534e-18
0.524375	6.361310337408036e-18
0.525	6.418095181699772e-18
0.525625	6.478045731219938e-18
0.52625	6.541328321829767e-18
0.526875	6.608118534309154e-18
0.5275000000000001	6.6786016815145694e-18
0.528125	6.752973322539081e-18
0.5287499999999999	6.83143980530121e-18
0.529375	6.91421883906778e-18
0.53	7.001540098499485e-18
0.530625	7.093645860895192e-18
0.53125	7.190791678402614e-18
0.531875	7.293247087061115e-18
0.5325	7.401296354643233e-18
0.533125	7.515239269370268e-18
0.5337500000000001	7.635391971690341e-18
0.534375	7.762087831426185e-18
0.5349999999999999	7.895678372727087e-18
0.535625	8.036534249390831e-18
0.53625	8.185046273261664e-18
0.536875	8.341626498558152e-18
0.5375	8.50670936513885e-18
0.538125	8.680752903878205e-18
0.5387500000000001	8.86424000749694e-18
0.5393749999999999	9.05767977037294e-18
0.54	9.261608901050025e-18
0.540625	9.476593211363519e-18
0.54125	9.703229186314815e-18
0.541875	9.942145639049756e-18
0.5425	1.0194005455533348e-17
0.5431250000000001	1.0459507433761663e-17
0.54375	1.0739388222612758e-17
0.5443749999999999	1.1034424365717644e-17
0.545	1.1345434456021073e-17
0.545625	1.167328140700987e-17
0.54625	1.2018874846912036e-17
0.546875	1.2383173642507043e-17
0.5475	1.2767188559552196e-17
0.548125	1.3171985067205048e-17
0.54875	1.3598686294222782e-17
0.5493750000000001	1.4048476145142182e-17
0.55	1.452260258508447e-17
0.5506249999999999	1.5022381102299904e-17
0.55125	1.554919835805887e-17
0.551875	1.610451603401627e-17
0.5525	1.6689874887724035e-17
0.553125	1.730689902754347e-17
0.55375	1.7957300418820022e-17
0.5543750000000001	1.8642883633820428e-17
0.5549999999999999	1.9365550858613405e-17
0.555625	2.0127307170785998e-17
0.55625	2.0930266102635597e-17
0.556875	2.1776655505278288e-17
0.5575	2.2668823729938358e-17
0.558125	2.3609246143572782e-17
0.5587500000000001	2.4600531996909028e-17
0.559375	2.5645431663947523e-17
0.5599999999999999	2.6746844273021296e-17
0.560625	2.790782575058142e-17
0.56125	2.9131597300025715e-17
0.561875	3.04215543391003e-17
0.5625	3.178127592066592e-17
0.563125	3.3214534662970775e-17
0.56375	3.472530721698096e-17
0.564375	3.631778529981064e-17
0.5650000000000001	3.7996387324865365e-17
0.565625	3.9765770660964964e-17
0.5662499999999999	4.1630844554465153e-17
0.566875	4.35967837502223e-17
0.5675	4.566904284920061e-17
0.568125	4.785337144255818e-17
0.56875	5.0155830064192906e-17
0.569375	5.2582807006022847e-17
0.5700000000000001	5.5141036042646856e-17
0.5706249999999999	5.783761511456206e-17
0.57125	6.068002602178873e-17
0.571875	6.367615518252386e-17
0.5725	6.683431551443944e-17
0.573125	7.016326949932397e-17
0.57375	7.367225349506036e-17
0.5743750000000001	7.73710033624078e-17
0.575	8.126978147767603e-17
0.5756249999999999	8.53794052062488e-17
0.57625	8.971127691595549e-17
0.576875	9.427741561356498e-17
0.5775	9.909049029217958e-17
0.578125	1.0416385508204902e-16
0.57875	1.0951158630234603e-16
0.579375	1.1514852151668387e-16
0.58	1.2109030070075489e-16
0.5806250000000001	1.2735340963631613e-16
0.58125	1.3395522565189193e-16
0.5818749999999999	1.409140658371487e-16
0.5825	1.4824923786467046e-16
0.583125	1.559810935601711e-16
0.58375	1.6413108536978128e-16
0.584375	1.7272182588104501e-16
0.585	1.817771505628217e-16
0.5856250000000001	1.9132218389813338e-16
0.5862499999999999	2.0138340909344542e-16
0.586875	2.1198874155782822e-16
0.5875	2.231676063558313e-16
0.588125	2.349510198489921e-16
0.58875	2.473716757524921e-16
0.589375	2.6046403584572876e-16
0.5900000000000001	2.7426442558848973e-16
0.590625	2.8881113490800816e-16
0.5912499999999999	3.041445244365779e-16
0.591875	3.2030713749442965e-16
0.5925	3.3734381812862105e-16
0.593125	3.5530183553545634e-16
0.59375	3.7423101521157573e-16
0.594375	3.9418387719771005e-16
0.595	4.152157817985917e-16
0.595625	4.3738508318332245e-16
0.5962500000000001	4.607532912924723e-16
0.596875	4.853852425009759e-16
0.5974999999999999	5.1134927951049805e-16
0.598125	5.387174409702988e-16
0.59875	5.675656613526957e-16
0.599375	5.97973981637804e-16
0.6	6.300267713919851e-16
0.600625	6.638129628562553e-16
0.6012500000000001	6.99426297694119e-16
0.6018749999999999	7.369655870834547e-16
0.6025	7.76534985874096e-16
0.603125	8.18244281571743e-16
0.60375	8.62209198950125e-16
0.604375	9.085517211363936e-16
0.605	9.574004280607711e-16
0.6056250000000001	1.0088908532095328e-15
0.60625	1.0631658596709206e-15
0.6068749999999999	1.1203760365177297e-15
0.6075	1.1806801166259777e-15
0.608125	1.244245417089165e-15
0.60875	1.3112483034501181e-15
0.609375	1.3818746790381554e-15
0.61	1.4563205007697037e-15
0.610625	1.5347923228431943e-15
0.61125	1.6175078698367487e-15
0.6118750000000001	1.704696640799049e-15
0.6125	1.7966005460091424e-15
0.6131249999999999	1.8934745781721327e-15
0.61375	1.9955875199129762e-15
0.614375	2.1032226895313746e-15
0.615	2.2166787270869656e-15
0.615625	2.336270422995719e-15
0.61625	2.4623295914369113e-15
0.6168750000000001	2.5952059909934596e-15
0.6174999999999999	2.7352682950804448e-15
0.618125	2.8829051148544262e-15
0.61875	3.0385260774410334e-15
0.619375	3.2025629624733952e-15
0.62	3.3754709000941737e-15
0.620625	3.557729633745113e-15
0.6212500000000001	3.7498448512486265e-15
0.621875	3.952349587873354e-15
0.6224999999999999	4.165805705277905e-15
0.623125	4.3908054504354584e-15
0.62375	4.627973098864478e-15
0.624375	4.87796668672574e-15
0.625	5.141479836590477e-15
0.625625	5.419243681946055e-15
0.62625	5.7120288957786925e-15
0.626875	6.020647828861699e-15
0.6275000000000001	6.345956763682236e-15
0.628125	6.688858290259939e-15
0.6287499999999999	7.050303810450345e-15
0.629375	7.431296177679996e-15
0.63	7.832892479438653e-15
0.630625	8.256206970249115e-15
0.63125	8.702414163250548e-15
0.631875	9.172752088976248e-15
0.6325000000000001	9.668525730364572e-15
0.6331249999999999	1.0191110643535724e-14
0.63375	1.0741956774380955e-14
0.634375	1.132259248155112e-14
0.635	1.1934628777010312e-14
0.635625	1.2579763795918042e-14
0.63625	1.3259787508241961e-14
0.6368750000000001	1.3976586685176466e-14
0.6375	1.4732150134144215e-14
0.6381249999999999	1.5528574216907355e-14
0.63875	1.6368068666098612e-14
0.639375	1.7252962716310828e-14
0.64	1.818571156675663e-14
0.640625	1.916890319342864e-14
0.64125	2.0205265529664168e-14
0.641875	2.1297674035033272e-14
0.6425	2.24491596735546e-14
0.6431250000000001	2.366291732337602e-14
0.64375	2.4942314641248497e-14
0.6443749999999999	2.6290901406396254e-14
0.645	2.77124193697038e-14
0.645625	2.921081263554708e-14
0.64625	3.0790238605081434e-14
0.646875	3.2455079511339125e-14
0.6475	3.4209954578153193e-14
0.6481250000000001	3.6059732836637336e-14
0.6487499999999999	3.8009546634782335e-14
0.649375	4.006480587766035e-14
0.65	4.2231213037740465e-14
0.650625	4.4514778976968615e-14
0.65125	4.6921839624511e-14
0.651875	4.945907355643625e-14
0.6525000000000001	5.2133520526114005e-14
0.653125	5.495260099674284e-14
0.6537499999999999	5.79241367302114e-14
0.654375	6.105637248940721e-14
0.655	6.435799891419968e-14
0.655625	6.783817663457207e-14
0.65625	7.15065616877927e-14
0.656875	7.537333231017418e-14
0.6575	7.944921717773363e-14
0.658125	8.374552517412859e-14
0.6587500000000001	8.827417676846679e-14
0.659375	9.304773709003285e-14
0.6599999999999999	9.807945079173177e-14
0.660625	1.0338327879896507e-13
0.66125	1.089739370459042e-13
0.661875	1.1486693730666298e-13
0.6625	1.210786302346391e-13
0.663125	1.2762625072946005e-13
0.6637500000000001	1.3452796575740895e-13
0.6643749999999999	1.4180292475801737e-13
0.665	1.4947131277669047e-13
0.665625	1.5755440647078406e-13
0.66625	1.6607463314455684e-13
0.666875	1.7505563297676676e-13
0.6675	1.8452232461360433e-13
0.6681250000000001	1.9450097430897008e-13
0.66875	2.0501926880389715e-13
0.6693749999999999	2.1610639214740064e-13
0.67	2.277931066718696e-13
0.670625	2.401118383476811e-13
0.67125	2.530967667539304e-13
0.671875	2.6678391991483316e-13
0.6725	2.812112742650404e-13
0.673125	2.964188600211846e-13
0.67375	3.1244887225203573e-13
0.6743750000000001	3.2934578795551787e-13
0.675	3.471564894673786e-13
0.6756249999999999	3.659303945439849e-13
0.67625	3.857195934801824e-13
0.676875	4.0657899364269093e-13
0.6775	4.285664718200894e-13
0.678125	4.5174303481210814e-13
0.67875	4.761729887038941e-13
0.6793750000000001	5.019241172948498e-13
0.6799999999999999	5.290678701772321e-13
0.680625	5.576795609864086e-13
0.68125	5.878385763727482e-13
0.681875	6.196285962752131e-13
0.6825	6.531378261076615e-13
0.683125	6.884592415022734e-13
0.6837500000000001	7.256908462892381e-13
0.684375	7.64935944428393e-13
0.6849999999999999	8.063034266476125e-13
0.685625	8.499080725831709e-13
0.68625	8.958708692604642e-13
0.686875	9.443193467990027e-13
0.6875	9.953879322730193e-13
0.688125	1.0492183227097349e-12
0.68875	1.1059598782602738e-12
0.689375	1.165770036634249e-12
0.6900000000000001	1.2288147499480328e-12
0.690625	1.2952689451988854e-12
0.6912499999999999	1.365317009642893e-12
0.691875	1.439153302423316e-12
0.6925	1.5169826938693204e-12
0.693125	1.5990211339616615e-12
0.69375	1.6854962515424227e-12
0.694375	1.7766479859321003e-12
0.6950000000000001	1.8727292527064108e-12
0.6956249999999999	1.9740066454802913e-12
0.69625	2.0807611756470184e-12
0.696875	2.1932890521244778e-12
0.6975	2.311902503273146e-12
0.698125	2.43693064326616e-12
0.69875	2.5687203853156266e-12
0.6993750000000001	2.7076374042899163e-12
0.7	2.854067151392669e-12
0.7006249999999999	3.0084159237196786e-12
0.70125	3.17111199166162e-12
0.701875	3.342606787281303e-12
0.7025	3.5233761569633062e-12
0.703125	3.713921681812097e-12
0.70375	3.914772069463382e-12
0.704375	4.126484621170356e-12
0.705	4.34964677823684e-12
0.7056250000000001	4.584877752089094e-12
0.70625	4.832830242508891e-12
0.7068749999999999	5.094192248798003e-12
0.7075	5.369688978898702e-12
0.708125	5.660084861769546e-12
0.70875	5.9661856686014364e-12
0.709375	6.28884074875942e-12
0.71	6.6289453866574524e-12
0.7106250000000001	6.9874432861057825e-12
0.7112499999999999	7.365329189025636e-12
0.711875	7.763651635800277e-12
0.7125	8.183515874921703e-12
0.713125	8.626086930009179e-12
0.71375	9.092592832711386e-12
0.714375	9.584328030464679e-12
0.7150000000000001	1.010265697856536e-11
0.715625	1.0649017926524996e-11
0.7162499999999999	1.1224926909218896e-11
0.716875	1.1831981953902649e-11
0.7175	1.247186751477494e-11
0.718125	1.3146359147395087e-11
0.71875	1.3857328435926138e-11
0.719375	1.4606748186883315e-11
0.72	1.5396697903800407e-11
0.720625	1.6229369558009032e-11
0.7212500000000001	1.7107073671551857e-11
0.721875	1.803224572910753e-11
0.7224999999999999	1.900745293673065e-11
0.723125	2.003540134616261e-11
0.72375	2.1118943364488068e-11
0.724375	2.2261085669985208e-11
0.725	2.3464997556137564e-11
0.725625	2.4734019726971063e-11
0.7262500000000001	2.607167356812913e-11
0.7268749999999999	2.748167091942071e-11
0.7275	2.896792437596825e-11
0.728125	3.0534558146548666e-11
0.72875	3.2185919499273083e-11
0.729375	3.39265908263705e-11
0.73	3.576140236157212e-11
0.7306250000000001	3.769544558540008e-11
0.73125	3.973408735556522e-11
0.7318749999999999	4.188298480171362e-11
0.7325	4.4148101025856897e-11
0.733125	4.653572165208069e-11
0.73375	4.905247227147666e-11
0.734375	5.1705336830716484e-11
0.735	5.450167701533383e-11
0.735625	5.7449252681515794e-11
0.73625	6.055624339312694e-11
0.7368750000000001	6.38312711237708e-11
0.7375	6.72834241869036e-11
0.7381249999999999	7.092228246044775e-11
0.73875	7.475794397593642e-11
0.739375	7.880105294601273e-11
0.74	8.306282930810255e-11
0.740625	8.755509986628625e-11
0.74125	9.229033111784898e-11
0.7418750000000001	9.728166385563673e-11
0.7424999999999999	1.0254294964231347e-10
0.743125	1.0808878925780034e-10
0.74375	1.1393457322663152e-10
0.744375	1.2009652453779764e-10
0.745	1.265917436756798e-10
0.745625	1.3343825608711764e-10
0.7462500000000001	1.4065506221645695e-10
0.746875	1.4826219024747489e-10
0.7474999999999999	1.5628075169870042e-10
0.748125	1.6473300002649254e-10
0.74875	1.736423923986245e-10
0.749375	1.8303365480996436e-10
0.75	1.929328507210588e-10
0.750625	2.0336745341027596e-10
0.75125	2.143664222404491e-10
0.751875	2.2596028305185027e-10
0.7525000000000001	2.381812129047875e-10
0.753125	2.510631294071948e-10
0.7537499999999999	2.646417848753673e-10
0.754375	2.789548655893412e-10
0.755	2.9404209641866596e-10
0.755625	3.099453511092191e-10
0.75625	3.267087685373515e-10
0.756875	3.443788752544351e-10
0.7575000000000001	3.6300471466212924e-10
0.7581249999999999	3.826379831773089e-10
0.75875	4.0333317376495505e-10
0.759375	4.25147727237695e-10
0.76	4.4814219174248305e-10
0.760625	4.72380390877467e-10
0.76125	4.979296009061206e-10
0.7618750000000001	5.248607375612487e-10
0.7625	5.532485529576054e-10
0.7631249999999999	5.831718431607156e-10
0.76375	6.147136669883165e-10
0.764375	6.479615766527066e-10
0.765	6.83007860885009e-10
0.765625	7.199498012167166e-10
0.76625	7.588899421312301e-10
0.766875	7.999363758359391e-10
0.7675	8.432030424463401e-10
0.7681250000000001	8.888100464168876e-10
0.76875	9.368839900977907e-10
0.7693749999999999	9.875583253451983e-10
0.77	1.0409737241621408e-9
0.770625	1.0972784694006334e-9
0.77125	1.1566288666111377e-9
0.771875	1.2191896781844366e-9
0.7725	1.2851345809929962e-9
0.7731250000000001	1.3546466488042902e-9
0.7737499999999999	1.4279188608074944e-9
0.774375	1.5051546376676486e-9
0.775	1.5865684065979869e-9
0.775625	1.6723861970219205e-9
0.77625	1.7628462684813058e-9
0.776875	1.8581997725374016e-9
0.7775000000000001	1.958711450505559e-9
0.778125	2.06466036896446e-9
0.7787499999999999	2.1763406950859046e-9
0.779375	2.294062513942032e-9
0.78	2.418152690063775e-9
0.780625	2.5489557756475862e-9
0.78125	2.68683496793741e-9
0.781875	2.8321731184458583e-9
0.7825	2.9853737968229692e-9
0.783125	3.1468624123331756e-9
0.7837500000000001	3.317087396061671e-9
0.784375	3.4965214471402264e-9
0.7849999999999999	3.6856628464622287e-9
0.785625	3.885036841542231e-9
0.78625	4.095197106376475e-9
0.786875	4.316727280368892e-9
0.7875	4.550242590605296e-9
0.788125	4.796391561995619e-9
0.7887500000000001	5.0558578200443705e-9
0.7893749999999999	5.3293619912695955e-9
0.79	5.617663706565549e-9
0.790625	5.92156371308517e-9
0.79125	6.2419061005290155e-9
0.791875	6.579580648040001e-9
0.7925	6.935525298242201e-9
0.7931250000000001	7.310728765319508e-9
0.79375	7.706233284398472e-9
0.7943749999999999	8.123137509899006e-9
0.795	8.562599570929965e-9
0.795625	9.025840292245926e-9
0.79625	9.514146589743594e-9
0.796875	1.0028875049963888e-8
0.7975	1.0571455703579592e-8
0.798125	1.1143396003390487e-8
0.79875	1.174628501791928e-8
0.7993750000000001	1.2381797852304061e-8
0.8	1.3051700308818446e-8
0.8006249999999999	1.3757853800020242e-8
0.8012499999999999	1.4502220528235893e-8
0.8018750000000001	1.5286868945832648e-8
0.8025	1.6113979511515647e-8
0.803125	1.698585075871531e-8
0.80375	1.790490569300323e-8
0.804375	1.8873698536395804e-8
0.805	1.9894921837375655e-8
0.805625	2.097141396648249e-8
0.80625	2.2106167018412332e-8
0.806875	2.3302335142686594e-8
0.8074999999999999	2.4563243326172626e-8
0.8081250000000001	2.5892396651987413e-8
0.8087500000000001	2.729349006065672e-8
0.809375	2.8770418640813856e-8
0.8099999999999999	3.032728847819759e-8
0.8106249999999999	3.196842809327779e-8
0.81125	3.369840049949514e-8
0.811875	3.552201591582718e-8
0.8125	3.744434516924616e-8
0.813125	3.947073382455462e-8
0.81375	4.16068170811315e-8
0.8143750000000001	4.3858535478284754e-8
0.8150000000000001	4.6232151453157166e-8
0.815625	4.8734266797550126e-8
0.8162499999999999	5.137184106253094e-8
0.8168749999999999	5.415221096237843e-8
0.8175000000000001	5.708311083220503e-8
0.818125	6.017269419657945e-8
0.81875	6.342955650959033e-8
0.819375	6.686275913007425e-8
0.82	7.048185459922964e-8
0.820625	7.42969132914959e-8
0.82125	7.831855151342313e-8
0.821875	8.255796112939039e-8
0.8225	8.702694079726375e-8
0.8231249999999999	9.173792890167938e-8
0.8237500000000001	9.670403827739479e-8
0.8243750000000001	1.0193909282020939e-7
0.825	1.074576660882796e-7
0.8256249999999999	1.1327512200227248e-7
0.8262499999999999	1.1940765775872704e-7
0.826875	1.2587234907724506e-7
0.8275	1.3268719790872636e-7
0.828125	1.3987118273882157e-7
0.82875	1.4744431162811273e-7
0.829375	1.554276781382757e-7
0.8300000000000001	1.638435203016458e-7
0.8306250000000001	1.7271528280020927e-7
0.83125	1.8206768252919542e-7
0.8318749999999999	1.919267777299066e-7
0.8324999999999999	2.023200408867043e-7
0.8331250000000001	2.132764355936167e-7
0.83375	2.2482649760734224e-7
0.834375	2.370024203153464e-7
0.835	2.498381448602126e-7
0.835625	2.6336945517466925e-7
0.83625	2.776340781957346e-7
0.836875	2.9267178954103045e-7
0.8375	3.085245249460043e-7
0.838125	3.252364977770427e-7
0.8387499999999999	3.4285432295293423e-7
0.8393750000000001	3.614271476252357e-7
0.8400000000000001	3.810067889875204e-7
0.840625	4.0164787960377343e-7
0.8412499999999999	4.2340802066757967e-7
0.8418749999999999	4.4634794362658995e-7
0.8425	4.7053168063044786e-7
0.843125	4.960267442857865e-7
0.84375	5.229043172284771e-7
0.844375	5.512394520513089e-7
0.845	5.811112821551441e-7
0.8456250000000001	6.126032441228438e-7
0.8462500000000001	6.458033122481403e-7
0.846875	6.808042458869952e-7
0.8474999999999999	7.17703850335238e-7
0.8481249999999999	7.566052519756496e-7
0.8487500000000001	7.976171884784736e-7
0.849375	8.408543148827656e-7
0.85	8.864375264317347e-7
0.850625	9.344942990835681e-7
0.85125	9.851590486702328e-7
0.851875	1.038573509730625e-6
0.8525	1.0948871351013095e-6
0.853125	1.1542575174081643e-6
0.85375	1.2168508336656483e-6
0.8543749999999999	1.282842314257403e-6
0.8550000000000001	1.3524167376426356e-6
0.8556250000000001	1.4257689522072696e-6
0.85625	1.5031044267582864e-6
0.8568749999999999	1.5846398312419077e-6
0.8574999999999999	1.6706036493556307e-6
0.858125	1.7612368248160088e-6
0.85875	1.8567934431426395e-6
0.859375	1.9575414509228514e-6
0.86	2.0637634146305175e-6
0.860625	2.1757573211884353e-6
0.8612500000000001	2.2938374225864597e-6
0.8618750000000001	2.4183351269957892e-6
0.8625	2.5495999389574603e-6
0.8631249999999999	2.6880004513662837e-6
0.8637499999999999	2.8339253921242715e-6
0.8643750000000001	2.9877847284992138e-6
0.865	3.1500108323929956e-6
0.865625	3.3210597099056605e-6
0.86625	3.5014122987695434e-6
0.866875	3.6915758374305653e-6
0.8675	3.892085309764271e-6
0.868125	4.103504969640259e-6
0.86875	4.326429949785376e-6
0.869375	4.5614879596459375e-6
0.8699999999999999	4.809341077216009e-6
0.8706250000000001	5.07068764007853e-6
0.8712500000000001	5.3462642412010375e-6
0.871875	5.636847835345001e-6
0.8724999999999999	5.9432579622743905e-6
0.8731249999999999	6.2663590933036465e-6
0.87375	6.6070631080938346e-6
0.874375	6.966331908998609e-6
0.875	7.3451801806762144e-6
0.875625	7.744678303122448e-6
0.87625	8.165955426743682e-6
0.8768750000000001	8.610202718580031e-6
0.8775000000000001	9.078676789308154e-6
0.878125	9.572703311202934e-6
0.8787499999999999	1.0093680837818923e-5
0.8793749999999999	1.0643084836767744e-5
0.8800000000000001	1.1222471947619525e-5
0.880625	1.1833484477644258e-5
0.88125	1.2477855148843445e-5
0.881875	1.3157412110485912e-5
0.8825	1.387408423219044e-5
0.883125	1.4629906693455325e-5
0.88375	1.54270268864544e-5
0.884375	1.6267710649892955e-5
0.885	1.7154348852739348e-5
0.8856249999999999	1.8089464347739576e-5
0.8862500000000001	1.9075719315778944e-5
0.8868750000000001	2.0115923023368526e-5
0.8875	2.1213040016838227e-5
0.8881249999999999	2.2370198778178312e-5
0.8887499999999999	2.3590700868935865e-5
0.889375	2.487803059010035e-5
0.89	2.6235865187554475e-5
0.890625	2.766808563439225e-5
0.89125	2.9178788023232995e-5
0.891875	3.077229560361657e-5
0.8925000000000001	3.2453171501610415e-5
0.8931250000000001	3.422623216095704e-5
0.89375	3.6096561547403244e-5
0.8943749999999999	3.8069526160301544e-5
0.8949999999999999	4.015079089819406e-5
0.8956250000000001	4.2346335827849136e-5
0.89625	4.4662473909142533e-5
0.896875	4.710586973131935e-5
0.8975	4.968355931943638e-5
0.898125	5.240297107332353e-5
0.89875	5.5271947905109006e-5
0.899375	5.8298770645308476e-5
0.9	6.149218279167593e-5
0.900625	6.486141667946657e-5
0.9012499999999999	6.841622115649774e-5
0.9018750000000001	7.21668908514199e-5
0.9025000000000001	7.612429712894949e-5
0.903125	8.029992083149447e-5
0.9037499999999999	8.470588691262965e-5
0.9043749999999999	8.935500107429449e-5
0.905	9.426078852640038e-5
0.905625	9.94375349947699e-5
0.90625	0.0001049003301110763
0.906875	0.00011066511332657157
0.9075	0.00011674872250020554
0.9081250000000001	0.00012316894532094354
0.9087500000000001	0.00012994457373398965
0.909375	0.0001370954615511568
0.9099999999999999	0.00014464258543676675
0.9106249999999999	0.00015260810947240275
0.9112500000000001	0.0001610154535165557
0.911875	0.0001698893655886576
0.9125	0.00017925599852148426
0.913125	0.0001891429911411835
0.91375	0.00019957955425058626
0.914375	0.00021059656170894378
0.915	0.00022222664691976207
0.915625	0.0002345043050583652
0.91625	0.0002474660013918875
0.9168749999999999	0.00026115028606713117
0.9175000000000001	0.00027559791576574707
0.9181250000000001	0.00029085198265208417
0.91875	0.00030695805106656414
0.9193749999999999	0.0003239643024467934
0.9199999999999999	0.0003419216889902022
0.920625	0.0003608840966055819
0.92125	0.0003809085177367711
0.921875	0.0004020552346804869
0.9225	0.0004243880140611543
0.923125	0.00044797431316996567
0.9237500000000001	0.00047288549892249374
0.9243750000000001	0.0004991970802398281
0.925	0.0005269889547124585
0.9256249999999999	0.0005563456704642609
0.9262499999999999	0.0005873567041963532
0.9268750000000001	0.0006201167564575307
0.9275	0.0006547260652598513
0.928125	0.0006912907392351625
0.92875	0.0007299231116112798
0.929375	0.0007707421163757188
0.93	0.0008138736880907892
0.930625	0.0008594511869269849
0.93125	0.0009076158505929914
0.931875	0.0009585172749597412
0.9324999999999999	0.0010123139253056348
0.9331250000000001	0.0010691736802486058
0.9337500000000001	0.0011292744105808978
0.934375	0.0011928045953846923
0.9349999999999999	0.0012599639779812865
0.9356249999999999	0.0013309642644558461
0.93625	0.0014060298677045844
0.936875	0.001485398700172005
0.9375	0.0015693230186862878
0.938125	0.0016580703250598976
0.93875	0.0017519243264049595
0.9393750000000001	0.0018511859594179106
0.9400000000000001	0.0019561744832204573
0.940625	0.00206722864570448
0.9412499999999999	0.002184707928720255
0.9418749999999999	0.0023089938778753185
0.9425000000000001	0.0024404915231752244
0.943125	0.0025796308972452515
0.94375	0.002726868658424852
0.944375	0.002882689826629754
0.945	0.0030476096405373364
0.945625	0.0032221755453719176
0.94625	0.0034069693213555695
0.946875	0.0036026093637573017
0.9475	0.0038097531264191685
0.9481249999999999	0.00402909974168124
0.9487500000000001	0.004261392830769392
0.9493750000000001	0.00450742351996735
0.95	0.004768033679277607
0.9506249999999999	0.005044119401798951
0.9512499999999999	0.005336634743727852
0.951875	0.005646595746743991
0.9525	0.005975084766586141
0.953125	0.006323255133887408
0.95375	0.006692336175840904
0.954375	0.007083638630039396
0.9550000000000001	0.007498560484904897
0.9556250000000001	0.007938593284532055
0.95625	0.00840532893955809
0.9568749999999999	0.008900467089874149
0.9574999999999999	0.00942582306968136
0.9581250000000001	0.009983336530602797
0.95875	0.010575080784373837
0.959375	0.011203272933117707
0.96	0.011870284862444675
0.960625	0.012578655180703014
0.96125	0.013331102196755717
0.961875	0.014130538038776161
0.9625	0.014980084027905625
0.963125	0.015883087433326375
0.9637499999999999	0.01684313974957983
0.9643750000000001	0.01786409665298818
0.9650000000000001	0.018950099812048895
0.965625	0.02010560074694068
0.9662499999999999	0.021335386956082458
0.9668749999999999	0.022644610553392345
0.9675	0.024038819688853186
0.968125	0.025523993057681264
0.96875	0.027106577840287777
0.969375	0.028793531456900306
0.97	0.03059236756784371
0.9706250000000001	0.03251120680378152
0.9712500000000001	0.03455883277055751
0.971875	0.036744753941644406
0.9724999999999999	0.03907927212865196
0.9731249999999999	0.041573558308226115
0.9737500000000001	0.04423973668335755
0.974375	0.047090977970323036
0.975	0.050141603031098526
0.975625	0.0534071981172637
0.97625	0.056904743157708874
0.976875	0.060652754711671225
0.9775	0.06467144542407562
0.978125	0.06898290206561511
0.97875	0.073611284519755
0.9793749999999999	0.0785830483979174
0.9800000000000001	0.08392719432815923
0.9806250000000001	0.08967554737826969
0.98125	0.09586307054902003
0.9818749999999999	0.10252821681582798
0.9824999999999999	0.10971332481768017
0.983125	0.11746506400207435
0.98375	0.1258349358476049
0.984375	0.1348798387170922
0.985	0.1446627049616269
0.985625	0.1552532201206666
0.9862500000000001	0.16672863546938382
0.9868750000000001	0.17917468678003667
0.9875	0.1926866340223177
0.9881249999999999	0.20737043886656914
0.9887499999999999	0.2233440993191225
0.9893750000000001	0.240739163663573
0.99	0.25970244916872043
0.990625	0.2803979948278095
0.99125	0.30300928180311576
0.991875	0.3277417603721051
0.9925	0.3548257281337239
0.993125	0.3845196111919132
0.99375	0.41711370817730126
0.994375	0.4529344665292168
0.9949999999999999	0.49234937172686344
0.9956250000000001	0.5357725434869941
0.9962500000000001	0.5836711487849644
0.996875	0.6365727604732517
0.9974999999999999	0.6950738129870268
0.9981249999999999	0.7598493340674677
0.99875	0.8316641647951246
0.999375	0.9113859210657597
1.0	1.0
