0.0	0.24999999999999675
0.000625	0.24996321773551575
0.00125	0.24992648698671383
0.001875	0.24988980773207148
0.0025	0.2498531799501105
0.003125	0.24981660361937644
0.00375	0.24978007871844735
0.004375	0.2497436052259377
0.005	0.24970718312049048
0.005625	0.24967081238078417
0.00625	0.2496344929855233
0.006875	0.24959822491345451
0.0075	0.24956200814334573
0.008125	0.24952584265400257
0.00875	0.2494897284242659
0.009375	0.24945366543300268
0.01	0.2494176536591119
0.010625	0.24938169308152935
0.01125	0.24934578367922003
0.011875	0.24930992543118166
0.0125	0.24927411831643964
0.013125	0.24923836231405963
0.01375	0.2492026574031312
0.014375	0.24916700356278196
0.015	0.24913140077216558
0.015625	0.24909584901047338
0.01625	0.24906034825692414
0.016875	0.24902489849077036
0.0175	0.2489894996912978
0.018125	0.24895415183781738
0.01875	0.24891885490968002
0.019375	0.24888360888626557
0.02	0.2488484137469844
0.020625	0.24881326947127705
0.02125	0.24877817603861732
0.021875	0.24874313342851664
0.0225	0.24870814162050497
0.023125	0.24867320059415715
0.02375	0.24863831032907197
0.024375	0.24860347080487927
0.025	0.2485686820012459
0.025625	0.24853394389786532
0.02625	0.24849925647446425
0.026875	0.24846461971080488
0.0275	0.24843003358667104
0.028125	0.24839549808188816
0.02875	0.24836101317630402
0.029375	0.24832657884980772
0.03	0.24829219508231326
0.030625	0.24825786185376703
0.03125	0.2482235791441455
0.031875	0.24818934693345865
0.0325	0.24815516520174888
0.033125	0.24812103392908516
0.03375	0.24808695309557477
0.034375	0.24805292268134985
0.035	0.2480189426665739
0.035625	0.24798501303144946
0.03625	0.24795113375619846
0.036875	0.2479173048210842
0.0375	0.24788352620639548
0.038125	0.24784979789245665
0.03875	0.24781611985961496
0.039375	0.24778249208825798
0.04	0.24774891455879947
0.040625	0.24771538725168452
0.04125	0.2476819101473903
0.041875	0.24764848322642666
0.0425	0.2476151064693308
0.043125	0.24758177985667273
0.04375	0.24754850336905201
0.044375	0.24751527698710182
0.045	0.24748210069148607
0.045625	0.2474489744628931
0.04625	0.24741589828205424
0.046875	0.24738287212972285
0.0475	0.24734989598668192
0.048125	0.24731696983375015
0.04875	0.2472840936517746
0.049375	0.2472512674216375
0.05	0.24721849112424363
0.050625	0.24718576474053358
0.05125	0.24715308825148086
0.051875	0.24712046163808352
0.0525	0.24708788488137642
0.053125	0.24705535796242215
0.05375	0.2470228808623138
0.054375	0.24699045356217503
0.055	0.24695807604315945
0.055625	0.24692574828645475
0.05625	0.2468934702732748
0.056875	0.24686124198487042
0.0575	0.24682906340251395
0.058125	0.246796934507515
0.05875	0.2467648552812106
0.059375	0.24673282570497082
0.06	0.2467008457601919
0.060625	0.24666891542830732
0.06125	0.2466370346907737
0.061875	0.24660520352908322
0.0625	0.24657342192475398
0.063125	0.24654168985934136
0.06375	0.24651000731442518
0.064375	0.24647837427161565
0.065	0.24644679071255507
0.065625	0.24641525661891908
0.06625	0.2463837719724058
0.066875	0.24635233675475124
0.0675	0.24632095094771864
0.068125	0.24628961453310247
0.06875	0.24625832749272406
0.069375	0.24622708980843813
0.07	0.24619590146212858
0.070625	0.2461647624357093
0.07125	0.24613367271112668
0.071875	0.24610263227035217
0.0725	0.24607164109539326
0.073125	0.24604069916828675
0.07375	0.24600980647109053
0.074375	0.2459789629859057
0.075	0.24594816869485514
0.075625	0.24591742358009377
0.07625	0.24588672762380548
0.076875	0.24585608080820687
0.0775	0.2458254831155421
0.078125	0.2457949345280867
0.07875	0.2457644350281477
0.079375	0.24573398459805473
0.08	0.24570358322017435
0.080625	0.24567323087690382
0.08125	0.24564292755066547
0.081875	0.24561267322391325
0.0825	0.24558246787913154
0.083125	0.2455523114988328
0.08375	0.24552220406556735
0.084375	0.24549214556190227
0.085	0.2454621359704401
0.085625	0.24543217527381758
0.08625	0.24540226345469676
0.086875	0.24537240049576928
0.0875	0.24534258637975934
0.088125	0.24531282108941518
0.08875	0.24528310460751865
0.089375	0.24525343691688564
0.09	0.24522381800035445
0.090625	0.24519424784079108
0.09125	0.24516472642110418
0.091875	0.24513525372421352
0.0925	0.24510582973308823
0.093125	0.245076454430709
0.09375	0.24504712780010135
0.094375	0.24501784982430677
0.095	0.2449886204864045
0.095625	0.24495943976950044
0.09625	0.24493030765673515
0.096875	0.24490122413126997
0.0975	0.24487218917630144
0.098125	0.24484320277505506
0.09875	0.24481426491078273
0.099375	0.24478537556677016
0.1	0.244756534726329
0.100625	0.24472774237280012
0.10125	0.24469899848955606
0.101875	0.2446703030599945
0.1025	0.2446416560675523
0.103125	0.2446130574956829
0.10375	0.24458450732787873
0.104375	0.24455600554765292
0.105	0.24452755213855792
0.105625	0.24449914708416579
0.10625	0.24447079036808433
0.106875	0.24444248197394794
0.1075	0.24441422188542003
0.108125	0.2443860100861935
0.10875	0.24435784655998938
0.109375	0.24432973129056454
0.11	0.2443016642616911
0.110625	0.24427364545718477
0.11125	0.24424567486088156
0.111875	0.24421775245664884
0.1125	0.24418987822838711
0.113125	0.24416205216001785
0.11375	0.24413427423549652
0.114375	0.24410654443880808
0.115	0.24407886275396473
0.115625	0.2440512291650095
0.11625	0.24402364365601045
0.116875	0.24399610621106885
0.1175	0.2439686168143126
0.118125	0.24394117544990107
0.11875	0.24391378210201922
0.119375	0.24388643675488322
0.12	0.2438591393927358
0.120625	0.2438318899998494
0.12125	0.24380468856052598
0.121875	0.24377753505909963
0.1225	0.2437504294799251
0.123125	0.2437233718073935
0.12375	0.2436963620259219
0.124375	0.2436694001199536
0.125	0.24364248607396652
0.125625	0.24361561987246091
0.12625	0.2435888014999691
0.126875	0.2435620309410537
0.1275	0.243535308180302
0.128125	0.24350863320233415
0.12875	0.24348200599179368
0.129375	0.24345542653335842
0.13	0.24342889481173124
0.130625	0.24340241081164496
0.13125	0.24337597451785847
0.131875	0.24334958591516573
0.1325	0.24332324498838342
0.133125	0.24329695172235363
0.13375	0.24327070610196017
0.134375	0.24324450811209913
0.135	0.2432183577377085
0.135625	0.24319225496374547
0.13625	0.24316619977520004
0.136875	0.24314019215709304
0.1375	0.24311423209446537
0.138125	0.24308831957239638
0.13875	0.24306245457598807
0.139375	0.2430366370903697
0.14	0.24301086710070144
0.140625	0.24298514459217585
0.14125	0.24295946955000544
0.141875	0.24293384195943551
0.1425	0.2429082618057399
0.143125	0.24288272907422034
0.14375	0.242857243750207
0.144375	0.24283180581905756
0.145	0.2428064152661588
0.145625	0.2427810720769266
0.14625	0.24275577623680092
0.146875	0.2427305277312559
0.1475	0.24270532654579055
0.148125	0.24268017266592873
0.14875	0.24265506607723394
0.149375	0.2426300067652822
0.15	0.24260499471569005
0.150625	0.24258002991409736
0.15125	0.2425551123461738
0.151875	0.24253024199761233
0.1525	0.24250541885413882
0.153125	0.24248064290150673
0.15375	0.24245591412549808
0.154375	0.2424312325119228
0.155	0.24240659804661366
0.155625	0.24238201071543725
0.15625	0.2423574705042901
0.156875	0.24233297739908743
0.1575	0.24230853138578248
0.158125	0.24228413245034985
0.15875	0.2422597805787981
0.159375	0.24223547575715806
0.16	0.24221121797148795
0.160625	0.24218700720788336
0.16125	0.2421628434524527
0.161875	0.24213872669134742
0.1625	0.2421146569107375
0.163125	0.24209063409682063
0.16375	0.2420666582358307
0.164375	0.2420427293140213
0.165	0.24201884731767517
0.165625	0.2419950122331033
0.16625	0.24197122404664978
0.166875	0.24194748274467945
0.1675	0.24192378831358619
0.168125	0.2419001407397934
0.16875	0.24187654000975414
0.169375	0.24185298610994596
0.17	0.24182947902687382
0.170625	0.24180601874707222
0.17125	0.2417826052571052
0.171875	0.2417592385435571
0.1725	0.2417359185930485
0.173125	0.24171264539222476
0.17375	0.24168941892775617
0.174375	0.24166623918634197
0.175	0.2416431061547115
0.175625	0.24162001981962064
0.17625	0.24159698016785158
0.176875	0.24157398718621256
0.1775	0.24155104086154416
0.178125	0.24152814118071156
0.17875	0.2415052881306065
0.179375	0.24148248169815337
0.18	0.2414597218702935
0.180625	0.2414370086340099
0.18125	0.24141434197630093
0.181875	0.24139172188420033
0.1825	0.2413691483447636
0.183125	0.24134662134507842
0.18375	0.24132414087225632
0.184375	0.24130170691343944
0.185	0.24127931945579312
0.185625	0.24125697848651656
0.18625	0.24123468399283035
0.186875	0.24121243596198197
0.1875	0.2411902343812555
0.188125	0.24116807923794986
0.18875	0.24114597051940104
0.189375	0.24112390821296456
0.19	0.24110189230603157
0.190625	0.24107992278601484
0.19125	0.24105799964035537
0.191875	0.24103612285652423
0.1925	0.24101429242201436
0.193125	0.24099250832434976
0.19375	0.24097077055108118
0.194375	0.24094907908978927
0.195	0.24092743392807534
0.195625	0.24090583505357593
0.19625	0.24088428245394533
0.196875	0.2408627761168746
0.1975	0.24084131603007491
0.198125	0.24081990218128976
0.19875	0.24079853455828615
0.199375	0.240777213148859
0.2	0.24075593794083064
0.200625	0.2407347089220555
0.20125	0.24071352608040275
0.201875	0.24069238940378054
0.2025	0.2406712988801201
0.203125	0.24065025449737934
0.20375	0.24062925624354442
0.204375	0.24060830410662234
0.205	0.2405873980746584
0.205625	0.240566538135714
0.20625	0.24054572427788878
0.206875	0.24052495648929642
0.2075	0.24050423475808771
0.208125	0.24048355907243626
0.20875	0.24046292942054306
0.209375	0.24044234579063753
0.21	0.24042180817097467
0.210625	0.2404013165498354
0.21125	0.24038087091553037
0.211875	0.2403604712563933
0.2125	0.24034011756078835
0.213125	0.24031980981710563
0.21375	0.24029954801376208
0.214375	0.24027933213920089
0.215	0.2402591621818909
0.215625	0.24023903813033137
0.21625	0.24021895997304712
0.216875	0.24019892769858842
0.2175	0.24017894129553044
0.218125	0.24015900075247965
0.21875	0.2401391060580695
0.219375	0.2401192572009566
0.22	0.2400994541698234
0.220625	0.24007969695338627
0.22125	0.24005998554038008
0.221875	0.24004031991957217
0.2225	0.2400207000797517
0.223125	0.24000112600974216
0.22375	0.2399815976983838
0.224375	0.23996211513455032
0.225	0.23994267830714372
0.225625	0.23992328720508502
0.22625	0.23990394181732855
0.226875	0.2398846421328501
0.2275	0.2398653881406614
0.228125	0.2398461798297903
0.22875	0.23982701718929433
0.229375	0.2398079002082615
0.23	0.23978882887580205
0.230625	0.2397698031810563
0.23125	0.23975082311318607
0.231875	0.2397318886613888
0.2325	0.23971299981487634
0.233125	0.23969415656289758
0.23375	0.23967535889472194
0.234375	0.23965660679964995
0.235	0.23963790026699863
0.235625	0.2396192392861285
0.23625	0.23960062384641256
0.236875	0.23958205393725365
0.2375	0.2395635295480847
0.238125	0.23954505066835888
0.23875	0.23952661728756497
0.239375	0.23950822939520744
0.24	0.2394898869808257
0.240625	0.23947159003398097
0.24125	0.2394533385442627
0.241875	0.23943513250128692
0.2425	0.23941697189469574
0.243125	0.2393988567141554
0.24375	0.23938078694936138
0.244375	0.2393627625900365
0.245	0.23934478362592662
0.245625	0.23932685004680512
0.24625	0.23930896184247252
0.246875	0.23929111900275518
0.2475	0.23927332151750907
0.248125	0.23925556937660808
0.24875	0.2392378625699612
0.249375	0.23922020108749587
0.25	0.23920258491917548
0.250625	0.23918501405498016
0.25125	0.23916748848492278
0.251875	0.23915000819903875
0.2525	0.23913257318738826
0.253125	0.23911518344006924
0.25375	0.23909783894718867
0.254375	0.23908053969889248
0.255	0.2390632856853446
0.255625	0.23904607689674381
0.25625	0.23902891332330903
0.256875	0.2390117949552853
0.2575	0.23899472178294529
0.258125	0.2389776937965893
0.25875	0.23896071098654312
0.259375	0.23894377334315334
0.26	0.23892688085680058
0.260625	0.23891003351788734
0.26125	0.23889323131684279
0.261875	0.2388764742441257
0.2625	0.23885976229021383
0.263125	0.23884309544561425
0.26375	0.2388264737008649
0.264375	0.23880989704652264
0.265	0.23879336547317256
0.265625	0.23877687897143182
0.26625	0.2387604375319308
0.266875	0.2387440411453418
0.2675	0.2387276898023481
0.268125	0.2387113834936692
0.26875	0.23869512221004796
0.269375	0.23867890594225002
0.27	0.23866273468107005
0.270625	0.23864660841733062
0.27125	0.2386305271418743
0.271875	0.2386144908455756
0.2725	0.2385984995193321
0.273125	0.23858255315406704
0.27375	0.23856665174072975
0.274375	0.23855079527029702
0.275	0.23853498373377233
0.275625	0.23851921712218116
0.27625	0.23850349542657484
0.276875	0.23848781863803772
0.2775	0.23847218674767123
0.278125	0.23845659974660913
0.27875	0.23844105762600826
0.279375	0.23842556037704776
0.28	0.2384101079909393
0.280625	0.23839470045891842
0.28125	0.2383793377722474
0.281875	0.23836401992220682
0.2825	0.23834874690011285
0.283125	0.23833351869730238
0.28375	0.2383183353051399
0.284375	0.23830319671501238
0.285	0.23828810291833719
0.285625	0.23827305390655562
0.28625	0.23825804967113412
0.286875	0.2382430902035644
0.2875	0.2382281754953666
0.288125	0.23821330553808104
0.28875	0.23819848032328214
0.289375	0.2381836998425649
0.29	0.23816896408754912
0.290625	0.23815427304987954
0.29125	0.23813962672123368
0.291875	0.23812502509330596
0.2925	0.2381104681578222
0.293125	0.2380959559065329
0.29375	0.23808148833121237
0.294375	0.23806706542366146
0.295	0.23805268717570838
0.295625	0.2380383535792029
0.29625	0.2380240646260263
0.296875	0.2380098203080814
0.2975	0.23799562061729518
0.298125	0.23798146554562585
0.29875	0.23796735508505015
0.299375	0.23795328922757844
0.3	0.2379392679652394
0.300625	0.2379252912900928
0.30125	0.23791135919421977
0.301875	0.2378974716697296
0.3025	0.23788362870875626
0.303125	0.23786983030345699
0.30375	0.23785607644602044
0.304375	0.23784236712865592
0.305	0.2378287023436014
0.305625	0.23781508208311314
0.30625	0.23780150633948438
0.306875	0.23778797510502622
0.3075	0.237774488372076
0.308125	0.2377610461329981
0.30875	0.2377476483801809
0.309375	0.23773429510604013
0.31	0.23772098630301813
0.310625	0.23770772196357579
0.31125	0.23769450208020854
0.311875	0.23768132664542907
0.3125	0.23766819565178401
0.313125	0.23765510909183943
0.31375	0.23764206695818654
0.314375	0.2376290692434451
0.315	0.23761611594025883
0.315625	0.23760320704129745
0.31625	0.237590342539252
0.316875	0.23757752242684727
0.3175	0.23756474669682542
0.318125	0.23755201534196072
0.31875	0.23753932835504676
0.319375	0.23752668572890648
0.32	0.23751408745638372
0.320625	0.2375015335303541
0.32125	0.23748902394371446
0.321875	0.2374765586893882
0.3225	0.23746413776032216
0.323125	0.23745176114949104
0.32375	0.23743942884989416
0.324375	0.23742714085455538
0.325	0.23741489715652278
0.325625	0.23740269774887282
0.32625	0.2373905426247058
0.326875	0.23737843177714463
0.3275	0.2373663651993466
0.328125	0.2373543428844828
0.32875	0.23734236482575316
0.329375	0.23733043101638676
0.33	0.23731854144963632
0.330625	0.23730669611877706
0.33125	0.23729489501711226
0.331875	0.23728313813796903
0.3325	0.23727142547469982
0.333125	0.2372597570206815
0.33375	0.23724813276932316
0.334375	0.23723655271404911
0.335	0.2372250168483101
0.335625	0.2372135251655916
0.33625	0.2372020776593901
0.336875	0.23719067432324065
0.3375	0.23717931515069499
0.338125	0.23716800013533623
0.33875	0.2371567292707655
0.339375	0.23714550255061337
0.34	0.2371343199685365
0.340625	0.23712318151821252
0.34125	0.23711208719334964
0.341875	0.23710103698767868
0.3425	0.23709003089495273
0.343125	0.2370790689089551
0.34375	0.23706815102348758
0.344375	0.23705727723238726
0.345	0.2370464475295064
0.345625	0.23703566190872655
0.34625	0.23702492036395528
0.346875	0.23701422288912388
0.3475	0.23700356947818882
0.348125	0.23699296012513194
0.34875	0.23698239482395564
0.349375	0.23697187356869812
0.35	0.23696139635341404
0.350625	0.23695096317218622
0.35125	0.2369405740191203
0.351875	0.23693022888834467
0.3525	0.2369199277740239
0.353125	0.23690967067033547
0.35375	0.23689945757148595
0.354375	0.2368892884717117
0.355	0.2368791633652633
0.355625	0.23686908224642717
0.35625	0.2368590451095133
0.356875	0.2368490519488497
0.3575	0.23683910275879352
0.358125	0.23682919753372905
0.35875	0.23681933626806165
0.359375	0.23680951895622546
0.36	0.23679974559267433
0.360625	0.23679001617189413
0.36125	0.23678033068839022
0.361875	0.2367706891366939
0.3625	0.23676109151136293
0.363125	0.23675153780698116
0.36375	0.23674202801815003
0.364375	0.23673256213950805
0.365	0.23672314016570867
0.365625	0.23671376209143458
0.36625	0.23670442791138888
0.366875	0.2366951376203088
0.3675	0.23668589121294745
0.368125	0.23667668868408678
0.36875	0.23666753002853236
0.369375	0.23665841524111367
0.37	0.23664934431669316
0.370625	0.2366403172501462
0.37125	0.23663133403637948
0.371875	0.23662239467032628
0.3725	0.23661349914694013
0.373125	0.23660464746120113
0.37375	0.2365958396081157
0.374375	0.23658707558271183
0.375	0.23657835538004932
0.375625	0.23656967899520406
0.37625	0.23656104642328257
0.376875	0.23655245765941305
0.3775	0.23654391269875122
0.378125	0.23653541153647728
0.37875	0.23652695416779282
0.379375	0.23651854058792676
0.38	0.2365101707921366
0.380625	0.23650184477569602
0.38125	0.23649356253391307
0.381875	0.23648532406211334
0.3825	0.23647712935564988
0.383125	0.23646897840990125
0.38375	0.23646087122026885
0.384375	0.23645280778218056
0.385	0.2364447880910891
0.385625	0.23643681214247317
0.38625	0.23642887993182854
0.386875	0.23642099145468867
0.3875	0.23641314670660202
0.388125	0.2364053456831434
0.38875	0.23639758837991354
0.389375	0.23638987479253934
0.39	0.23638220491667297
0.390625	0.23637457874798581
0.39125	0.23636699628217916
0.391875	0.23635945751497695
0.3925	0.23635196244213058
0.393125	0.23634451105941248
0.39375	0.23633710336262045
0.394375	0.23632973934757842
0.395	0.236322419010136
0.395625	0.23631514234616335
0.39625	0.2363079093515611
0.396875	0.2363007200222499
0.3975	0.23629357435417775
0.398125	0.23628647234331523
0.39875	0.23627941398565921
0.399375	0.2362723992772308
0.4	0.2362654282140767
0.400625	0.23625850079226388
0.40125	0.23625161700789174
0.401875	0.23624477685707737
0.4025	0.23623798033596674
0.403125	0.23623122744072872
0.40375	0.23622451816755624
0.404375	0.2362178525126679
0.405	0.23621123047231016
0.405625	0.23620465204274488
0.40625	0.2361981172202669
0.406875	0.23619162600119623
0.4075	0.23618517838187275
0.408125	0.23617877435866066
0.40875	0.23617241392795366
0.409375	0.2361660970861659
0.41	0.23615982382973877
0.410625	0.23615359415513668
0.41125	0.23614740805885098
0.411875	0.23614126553739131
0.4125	0.23613516658730066
0.413125	0.23612911120513957
0.41375	0.23612309938749867
0.414375	0.23611713113099062
0.415	0.236111206432249
0.415625	0.23610532528793757
0.41625	0.2360994876947446
0.416875	0.23609369364937785
0.4175	0.23608794314857678
0.418125	0.23608223618909743
0.41875	0.2360765727677292
0.419375	0.23607095288127655
0.42	0.23606537652657505
0.420625	0.2360598437004845
0.42125	0.23605435439988995
0.421875	0.2360489086216936
0.4225	0.23604350636283108
0.423125	0.2360381476202575
0.42375	0.2360328323909578
0.424375	0.23602756067193192
0.425	0.23602233246021448
0.425625	0.23601714775286273
0.42625	0.236012006546951
0.426875	0.23600690883958556
0.4275	0.236001854627895
0.428125	0.2359968439090337
0.42875	0.23599187668017615
0.429375	0.23598695293852942
0.43	0.23598207268131646
0.430625	0.23597723590579048
0.43125	0.2359724426092276
0.431875	0.23596769278892452
0.4325	0.23596298644220842
0.433125	0.23595832356643215
0.43375	0.23595370415896624
0.434375	0.23594912821721004
0.435	0.23594459573858545
0.435625	0.23594010672054147
0.43625	0.23593566116054826
0.436875	0.23593125905610304
0.4375	0.2359269004047297
0.438125	0.235922585203969
0.43875	0.23591831345139488
0.439375	0.23591408514459822
0.44	0.23590990028120234
0.440625	0.23590575885884701
0.44125	0.2359016608752022
0.441875	0.2358976063279594
0.4425	0.23589359521483594
0.443125	0.23588962753357348
0.44375	0.23588570328193748
0.444375	0.23588182245772027
0.445	0.23587798505873409
0.445625	0.23587419108282004
0.44625	0.2358704405278391
0.446875	0.23586673339168251
0.4475	0.23586306967226436
0.448125	0.23585944936751982
0.44875	0.23585587247541012
0.449375	0.23585233899391966
0.45	0.23584884892106234
0.450625	0.2358454022548738
0.45125	0.23584199899341093
0.451875	0.23583863913475925
0.4525	0.23583532267702784
0.453125	0.23583204961834603
0.45375	0.23582881995687663
0.454375	0.23582563369079698
0.455	0.2358224908183135
0.455625	0.2358193913376624
0.45625	0.23581633524709136
0.456875	0.23581332254488654
0.4575	0.23581035322934712
0.458125	0.23580742729880402
0.45875	0.23580454475160773
0.459375	0.23580170558613867
0.46	0.23579890980079635
0.460625	0.23579615739400978
0.46125	0.23579344836422522
0.461875	0.23579078270992193
0.4625	0.23578816042959894
0.463125	0.2357855815217751
0.46375	0.23578304598500543
0.464375	0.23578055381785998
0.465	0.23577810501893623
0.465625	0.23577569958685363
0.46625	0.23577333752025942
0.466875	0.2357710188178271
0.4675	0.23576874347824964
0.468125	0.2357665115002443
0.46875	0.2357643228825563
0.469375	0.2357621776239536
0.47	0.23576007572323068
0.470625	0.23575801717919997
0.47125	0.23575600199070806
0.471875	0.23575403015661686
0.4725	0.23575210167581806
0.473125	0.23575021654722675
0.47375	0.23574837476977933
0.474375	0.23574657634244278
0.475	0.2357448212642044
0.475625	0.23574310953407324
0.47625	0.23574144115108855
0.476875	0.2357398161143117
0.4775	0.23573823442282638
0.478125	0.23573669607574335
0.47875	0.23573520107219725
0.479375	0.23573374941134334
0.48	0.23573234109236968
0.480625	0.2357309761144799
0.48125	0.2357296544769079
0.481875	0.23572837617890918
0.4825	0.23572714121976418
0.483125	0.2357259495987789
0.48375	0.23572480131527943
0.484375	0.235723696368623
0.485	0.2357226347581876
0.485625	0.23572161648337464
0.48625	0.23572064154361036
0.486875	0.23571970993834784
0.4875	0.23571882166706098
0.488125	0.23571797672925074
0.48875	0.23571717512444282
0.489375	0.23571641685218414
0.49	0.23571570191204871
0.490625	0.23571503030363383
0.49125	0.2357144020265622
0.491875	0.23571381708048145
0.4925	0.23571327546505882
0.493125	0.2357127771799939
0.49375	0.23571232222500202
0.494375	0.23571191059982785
0.495	0.2357115423042442
0.495625	0.235711217338039
0.49625	0.23571093570103113
0.496875	0.2357106973930607
0.4975	0.23571050241399621
0.498125	0.23571035076372637
0.49875	0.23571024244216643
0.499375	0.23571017744925432
0.5	0.23571015578495527
0.500625	0.23571017744925513
0.50125	0.2357102424421655
0.501875	0.23571035076372673
0.5025	0.23571050241399621
0.503125	0.2357106973930603
0.50375	0.23571093570103221
0.504375	0.23571121733803918
0.505	0.23571154230424432
0.505625	0.23571191059982796
0.50625	0.23571232222500063
0.506875	0.23571277717999264
0.5075	0.23571327546505744
0.508125	0.2357138170804806
0.50875	0.2357144020265625
0.509375	0.2357150303036352
0.51	0.2357157019120485
0.510625	0.2357164168521831
0.51125	0.23571717512444132
0.511875	0.2357179767292505
0.5125	0.23571882166706087
0.513125	0.23571970993834843
0.51375	0.23572064154361075
0.514375	0.2357216164833737
0.515	0.23572263475818828
0.515625	0.2357236963686239
0.51625	0.23572480131528037
0.516875	0.2357259495987786
0.5175	0.23572714121976443
0.518125	0.23572837617890938
0.51875	0.23572965447690838
0.519375	0.23573097611447985
0.52	0.23573234109236954
0.520625	0.23573374941134237
0.52125	0.23573520107219764
0.521875	0.23573669607574319
0.5225	0.2357382344228273
0.523125	0.2357398161143113
0.52375	0.23574144115108772
0.524375	0.23574310953407365
0.525	0.2357448212642042
0.525625	0.23574657634244411
0.52625	0.23574837476978014
0.526875	0.23575021654722575
0.5275	0.23575210167581714
0.528125	0.2357540301566166
0.52875	0.23575600199070612
0.529375	0.2357580171792004
0.53	0.23576007572322996
0.530625	0.2357621776239531
0.53125	0.23576432288255678
0.531875	0.23576651150024303
0.5325	0.23576874347824833
0.533125	0.23577101881782767
0.53375	0.23577333752025992
0.534375	0.23577569958685357
0.535	0.23577810501893628
0.535625	0.23578055381786
0.53625	0.23578304598500616
0.536875	0.23578558152177612
0.5375	0.23578816042959871
0.538125	0.2357907827099223
0.53875	0.23579344836422564
0.539375	0.23579615739400953
0.54	0.2357989098007959
0.540625	0.23580170558613858
0.54125	0.23580454475160742
0.541875	0.23580742729880438
0.5425	0.23581035322934718
0.543125	0.23581332254488538
0.54375	0.23581633524709233
0.544375	0.2358193913376624
0.545	0.2358224908183138
0.545625	0.2358256336907973
0.54625	0.23582881995687552
0.546875	0.2358320496183466
0.5475	0.2358353226770269
0.548125	0.23583863913475941
0.54875	0.23584199899341146
0.549375	0.23584540225487338
0.55	0.23584884892106298
0.550625	0.23585233899391964
0.55125	0.23585587247540993
0.551875	0.2358594493675192
0.5525	0.2358630696722644
0.553125	0.23586673339168276
0.55375	0.23587044052783973
0.554375	0.2358741910828196
0.555	0.23587798505873264
0.555625	0.2358818224577187
0.55625	0.23588570328193825
0.556875	0.23588962753357404
0.5575	0.23589359521483524
0.558125	0.2358976063279595
0.55875	0.2359016608752019
0.559375	0.23590575885884632
0.56	0.23590990028120135
0.560625	0.23591408514459808
0.56125	0.2359183134513938
0.561875	0.23592258520396892
0.5625	0.235926900404729
0.563125	0.2359312590561034
0.56375	0.23593566116054837
0.564375	0.23594010672054183
0.565	0.2359445957385851
0.565625	0.23594912821720898
0.56625	0.23595370415896616
0.566875	0.23595832356643243
0.5675	0.23596298644220898
0.568125	0.23596769278892402
0.56875	0.2359724426092271
0.569375	0.23597723590578965
0.57	0.23598207268131546
0.570625	0.23598695293852978
0.57125	0.23599187668017765
0.571875	0.235996843909033
0.5725	0.23600185462789416
0.573125	0.23600690883958442
0.57375	0.2360120065469512
0.574375	0.236017147752862
0.575	0.23602233246021512
0.575625	0.23602756067193081
0.57625	0.23603283239095726
0.576875	0.23603814762025746
0.5775	0.23604350636283106
0.578125	0.236048908621692
0.57875	0.2360543543998891
0.579375	0.23605984370048444
0.58	0.2360653765265759
0.580625	0.23607095288127672
0.58125	0.2360765727677281
0.581875	0.2360822361890975
0.5825	0.23608794314857717
0.583125	0.23609369364937746
0.58375	0.23609948769474462
0.584375	0.2361053252879367
0.585	0.23611120643224826
0.585625	0.23611713113099017
0.58625	0.23612309938749867
0.586875	0.23612911120513985
0.5875	0.236135166587299
0.588125	0.23614126553739034
0.58875	0.2361474080588506
0.589375	0.236153594155135
0.59	0.23615982382973894
0.590625	0.23616609708616523
0.59125	0.23617241392795232
0.591875	0.23617877435866017
0.5925	0.23618517838187222
0.593125	0.23619162600119617
0.59375	0.23619811722026565
0.594375	0.23620465204274343
0.595	0.23621123047230871
0.595625	0.23621785251266783
0.59625	0.23622451816755535
0.596875	0.23623122744072875
0.5975	0.23623798033596685
0.598125	0.23624477685707793
0.59875	0.2362516170078911
0.599375	0.23625850079226293
0.6	0.23626542821407742
0.600625	0.23627239927723007
0.60125	0.23627941398565847
0.601875	0.23628647234331496
0.6025	0.23629357435417858
0.603125	0.2363007200222503
0.60375	0.23630790935156096
0.604375	0.23631514234616263
0.605	0.23632241901013704
0.605625	0.2363297393475783
0.60625	0.23633710336261995
0.606875	0.2363445110594117
0.6075	0.2363519624421302
0.608125	0.23635945751497794
0.60875	0.23636699628217867
0.609375	0.23637457874798548
0.61	0.23638220491667258
0.610625	0.2363898747925398
0.61125	0.23639758837991418
0.611875	0.236405345683142
0.6125	0.23641314670660157
0.613125	0.23642099145468864
0.61375	0.2364288799318288
0.614375	0.23643681214247242
0.615	0.23644478809108851
0.615625	0.23645280778217967
0.61625	0.23646087122026815
0.616875	0.2364689784099008
0.6175	0.23647712935565007
0.618125	0.23648532406211314
0.61875	0.23649356253391368
0.619375	0.23650184477569652
0.62	0.23651017079213663
0.620625	0.23651854058792882
0.62125	0.2365269541677933
0.621875	0.2365354115364761
0.6225	0.2365439126987519
0.623125	0.23655245765941346
0.62375	0.23656104642328274
0.624375	0.23656967899520503
0.625	0.2365783553800486
0.625625	0.2365870755827129
0.62625	0.23659583960811653
0.626875	0.23660464746120147
0.6275	0.23661349914694108
0.628125	0.2366223946703267
0.62875	0.23663133403638015
0.629375	0.23664031725014584
0.63	0.23664934431669216
0.630625	0.23665841524111322
0.63125	0.23666753002853114
0.631875	0.2366766886840856
0.6325	0.23668589121294792
0.633125	0.23669513762030908
0.63375	0.23670442791138852
0.634375	0.23671376209143422
0.635	0.23672314016570956
0.635625	0.23673256213950844
0.63625	0.23674202801815178
0.636875	0.2367515378069807
0.6375	0.2367610915113621
0.638125	0.23677068913669455
0.63875	0.2367803306883897
0.639375	0.23679001617189374
0.64	0.23679974559267436
0.640625	0.2368095189562248
0.64125	0.23681933626806098
0.641875	0.23682919753372833
0.6425	0.23683910275879433
0.643125	0.2368490519488482
0.64375	0.2368590451095141
0.644375	0.23686908224642705
0.645	0.23687916336526318
0.645625	0.23688928847171042
0.64625	0.2368994575714865
0.646875	0.23690967067033605
0.6475	0.23691992777402357
0.648125	0.23693022888834547
0.64875	0.23694057401911858
0.649375	0.23695096317218584
0.65	0.2369613963534144
0.650625	0.2369718735686996
0.65125	0.23698239482395633
0.651875	0.23699296012513132
0.6525	0.23700356947818937
0.653125	0.23701422288912422
0.65375	0.2370249203639562
0.654375	0.23703566190872702
0.655	0.23704644752950663
0.655625	0.23705727723238712
0.65625	0.23706815102348888
0.656875	0.23707906890895653
0.6575	0.2370900308949538
0.658125	0.23710103698767926
0.65875	0.2371120871933499
0.659375	0.2371231815182139
0.66	0.23713431996853662
0.660625	0.23714550255061245
0.66125	0.23715672927076525
0.661875	0.23716800013533484
0.6625	0.23717931515069557
0.663125	0.23719067432323973
0.66375	0.23720207765939072
0.664375	0.23721352516559174
0.665	0.23722501684831027
0.665625	0.23723655271404825
0.66625	0.2372481327693228
0.666875	0.23725975702068341
0.6675	0.23727142547470031
0.668125	0.23728313813796978
0.66875	0.23729489501711193
0.669375	0.23730669611877814
0.67	0.23731854144963552
0.670625	0.2373304310163854
0.67125	0.237342364825754
0.671875	0.23735434288448296
0.6725	0.2373663651993467
0.673125	0.23737843177714582
0.67375	0.2373905426247059
0.674375	0.2374026977488715
0.675	0.23741489715652392
0.675625	0.23742714085455394
0.67625	0.23743942884989333
0.676875	0.2374517611494914
0.6775	0.23746413776032232
0.678125	0.23747655868938794
0.67875	0.2374890239437156
0.679375	0.2375015335303545
0.68	0.23751408745638491
0.680625	0.23752668572890653
0.68125	0.23753932835504846
0.681875	0.23755201534196108
0.6825	0.23756474669682567
0.683125	0.23757752242684846
0.68375	0.23759034253925215
0.684375	0.23760320704129587
0.685	0.23761611594025867
0.685625	0.23762906924344598
0.68625	0.23764206695818674
0.686875	0.2376551090918392
0.6875	0.23766819565178432
0.688125	0.23768132664543012
0.68875	0.2376945020802083
0.689375	0.23770772196357573
0.69	0.23772098630301713
0.690625	0.2377342951060402
0.69125	0.2377476483801817
0.691875	0.23776104613299867
0.6925	0.2377744883720748
0.693125	0.23778797510502647
0.69375	0.23780150633948322
0.694375	0.23781508208311417
0.695	0.23782870234359998
0.695625	0.23784236712865447
0.69625	0.23785607644602078
0.696875	0.2378698303034572
0.6975	0.23788362870875604
0.698125	0.23789747166972905
0.69875	0.2379113591942191
0.699375	0.23792529129009304
0.7	0.23793926796524006
0.700625	0.23795328922757905
0.70125	0.2379673550850502
0.701875	0.23798146554562555
0.7025	0.23799562061729487
0.703125	0.2380098203080807
0.70375	0.2380240646260261
0.704375	0.23803835357920253
0.705	0.23805268717570843
0.705625	0.2380670654236612
0.70625	0.2380814883312121
0.706875	0.23809595590653188
0.7075	0.23811046815782244
0.708125	0.23812502509330616
0.70875	0.23813962672123382
0.709375	0.23815427304988018
0.71	0.23816896408754826
0.710625	0.23818369984256363
0.71125	0.23819848032328456
0.711875	0.23821330553808154
0.7125	0.23822817549536499
0.713125	0.23824309020356424
0.71375	0.23825804967113273
0.714375	0.23827305390655532
0.715	0.23828810291833621
0.715625	0.23830319671501157
0.71625	0.23831833530513966
0.716875	0.23833351869730235
0.7175	0.23834874690011298
0.718125	0.2383640199222077
0.71875	0.23837933777224654
0.719375	0.2383947004589191
0.72	0.23841010799094053
0.720625	0.2384255603770476
0.72125	0.2384410576260068
0.721875	0.23845659974660927
0.7225	0.23847218674766973
0.723125	0.23848781863803714
0.72375	0.23850349542657592
0.724375	0.2385192171221802
0.725	0.2385349837337727
0.725625	0.23855079527029846
0.72625	0.2385666517407296
0.726875	0.23858255315406593
0.7275	0.238598499519331
0.728125	0.23861449084557568
0.72875	0.23863052714187494
0.729375	0.23864660841732968
0.73	0.2386627346810707
0.730625	0.2386789059422504
0.73125	0.23869512221004857
0.731875	0.23871138349367022
0.7325	0.23872768980234685
0.733125	0.23874404114534162
0.73375	0.23876043753193263
0.734375	0.23877687897143132
0.735	0.2387933654731725
0.735625	0.23880989704652178
0.73625	0.23882647370086452
0.736875	0.23884309544561347
0.7375	0.23885976229021383
0.738125	0.23887647424412664
0.73875	0.2388932313168434
0.739375	0.2389100335178858
0.74	0.2389268808568003
0.740625	0.2389437733431518
0.74125	0.23896071098654184
0.741875	0.23897769379658826
0.7425	0.23899472178294565
0.743125	0.23901179495528407
0.74375	0.23902891332330853
0.744375	0.23904607689674462
0.745	0.239063285685345
0.745625	0.23908053969889156
0.74625	0.23909783894718775
0.746875	0.23911518344006857
0.7475	0.2391325731873879
0.748125	0.23915000819903748
0.74875	0.23916748848492253
0.749375	0.23918501405497875
0.75	0.2392025849191732
0.750625	0.23922020108749575
0.75125	0.23923786256996002
0.751875	0.23925556937660827
0.7525	0.23927332151750716
0.753125	0.23929111900275463
0.75375	0.23930896184247277
0.754375	0.23932685004680423
0.755	0.23934478362592626
0.755625	0.23936276259003447
0.75625	0.239380786949361
0.756875	0.2393988567141548
0.7575	0.2394169718946951
0.758125	0.23943513250128726
0.75875	0.23945333854426284
0.759375	0.2394715900339814
0.76	0.2394898869808257
0.760625	0.23950822939520833
0.76125	0.23952661728756494
0.761875	0.23954505066835916
0.7625	0.23956352954808421
0.763125	0.2395820539372538
0.76375	0.23960062384641267
0.764375	0.23961923928612888
0.765	0.23963790026700002
0.765625	0.23965660679964837
0.76625	0.23967535889472144
0.766875	0.2396941565628982
0.7675	0.23971299981487648
0.768125	0.23973188866138748
0.76875	0.2397508231131874
0.769375	0.2397698031810568
0.77	0.2397888288758014
0.770625	0.23980790020826076
0.77125	0.23982701718929436
0.771875	0.23984617982978992
0.7725	0.23986538814066152
0.773125	0.23988464213284996
0.77375	0.23990394181732808
0.774375	0.2399232872050851
0.775	0.23994267830714314
0.775625	0.23996211513455074
0.77625	0.23998159769838298
0.776875	0.2400011260097409
0.7775	0.24002070007975196
0.778125	0.24004031991957195
0.77875	0.24005998554038002
0.779375	0.2400796969533859
0.78	0.24009945416982356
0.780625	0.2401192572009564
0.78125	0.24013910605807018
0.781875	0.24015900075247962
0.7825	0.2401789412955303
0.783125	0.24019892769858586
0.78375	0.24021895997304618
0.784375	0.24023903813033104
0.785	0.24025916218188992
0.785625	0.2402793321392006
0.78625	0.2402995480137617
0.786875	0.2403198098171062
0.7875	0.24034011756078844
0.788125	0.24036047125639215
0.78875	0.2403808709155299
0.789375	0.24040131654983632
0.79	0.2404218081709738
0.790625	0.24044234579063836
0.79125	0.24046292942054245
0.791875	0.24048355907243504
0.7925	0.24050423475808688
0.793125	0.24052495648929606
0.79375	0.24054572427788898
0.794375	0.24056653813571457
0.795	0.2405873980746592
0.795625	0.24060830410662165
0.79625	0.24062925624354317
0.796875	0.2406502544973791
0.7975	0.2406712988801195
0.798125	0.24069238940377952
0.79875	0.24071352608040272
0.799375	0.24073470892205404
0.8	0.240755937940831
0.800625	0.24077721314885916
0.80125	0.24079853455828507
0.801875	0.24081990218129057
0.8025	0.24084131603007491
0.803125	0.2408627761168739
0.80375	0.24088428245394577
0.804375	0.24090583505357532
0.805	0.24092743392807547
0.805625	0.24094907908978844
0.80625	0.24097077055108077
0.806875	0.24099250832434946
0.8075	0.24101429242201358
0.808125	0.24103612285652526
0.80875	0.24105799964035693
0.809375	0.24107992278601545
0.81	0.2411018923060327
0.810625	0.24112390821296528
0.81125	0.24114597051940131
0.811875	0.24116807923794817
0.8125	0.241190234381255
0.813125	0.24121243596198222
0.81375	0.24123468399283046
0.814375	0.24125697848651687
0.815	0.24127931945579298
0.815625	0.24130170691343814
0.81625	0.2413241408722549
0.816875	0.2413466213450777
0.8175	0.2413691483447638
0.818125	0.2413917218841995
0.81875	0.24141434197630002
0.819375	0.24143700863400944
0.82	0.24145972187029455
0.820625	0.24148248169815303
0.82125	0.24150528813060748
0.821875	0.24152814118071056
0.8225	0.24155104086154355
0.823125	0.24157398718621237
0.82375	0.24159698016785008
0.824375	0.24162001981961964
0.825	0.24164310615471196
0.825625	0.24166623918634134
0.82625	0.24168941892775467
0.826875	0.24171264539222465
0.8275	0.2417359185930487
0.828125	0.24175923854355627
0.82875	0.24178260525710474
0.829375	0.24180601874707233
0.83	0.24182947902687357
0.830625	0.24185298610994482
0.83125	0.2418765400097559
0.831875	0.2419001407397936
0.8325	0.24192378831358496
0.833125	0.24194748274467795
0.83375	0.24197122404664909
0.834375	0.24199501223310343
0.835	0.242018847317673
0.835625	0.2420427293140201
0.83625	0.24206665823582982
0.836875	0.24209063409682194
0.8375	0.24211465691073672
0.838125	0.24213872669134706
0.83875	0.24216284345245306
0.839375	0.24218700720788217
0.84	0.24221121797148756
0.840625	0.2422354757571577
0.84125	0.24225978057879807
0.841875	0.2422841324503505
0.8425	0.2423085313857815
0.843125	0.2423329773990863
0.84375	0.24235747050428974
0.844375	0.24238201071543602
0.845	0.24240659804661377
0.845625	0.24243123251192153
0.84625	0.24245591412549902
0.846875	0.24248064290150637
0.8475	0.24250541885413832
0.848125	0.24253024199760967
0.84875	0.24255511234617175
0.849375	0.242580029914097
0.85	0.2426049947156904
0.850625	0.2426300067652824
0.85125	0.24265506607723206
0.851875	0.24268017266592948
0.8525	0.24270532654578952
0.853125	0.24273052773125495
0.85375	0.2427557762367997
0.854375	0.2427810720769254
0.855	0.24280641526615868
0.855625	0.24283180581905703
0.85625	0.24285724375020615
0.856875	0.24288272907421965
0.8575	0.2429082618057403
0.858125	0.24293384195943502
0.85875	0.24295946955000466
0.859375	0.2429851445921753
0.86	0.24301086710070074
0.860625	0.24303663709037004
0.86125	0.24306245457598707
0.861875	0.24308831957239624
0.8625	0.24311423209446587
0.863125	0.2431401921570915
0.86375	0.24316619977520043
0.864375	0.2431922549637438
0.865	0.24321835773770828
0.865625	0.24324450811209858
0.86625	0.24327070610195908
0.866875	0.24329695172235344
0.8675	0.2433232449883822
0.868125	0.24334958591516465
0.86875	0.2433759745178577
0.869375	0.2434024108116437
0.87	0.2434288948117312
0.870625	0.2434554265333577
0.87125	0.24348200599179298
0.871875	0.24350863320233426
0.8725	0.2435353081803017
0.873125	0.24356203094105283
0.87375	0.2435888014999685
0.874375	0.24361561987245983
0.875	0.243642486073965
0.875625	0.24366940011995314
0.87625	0.2436963620259212
0.876875	0.24372337180739362
0.8775	0.2437504294799259
0.878125	0.24377753505909855
0.87875	0.2438046885605268
0.879375	0.24383188999984795
0.88	0.24385913939273468
0.880625	0.24388643675488358
0.88125	0.24391378210201878
0.881875	0.24394117544990057
0.8825	0.24396861681431362
0.883125	0.2439961062110689
0.88375	0.244023643656009
0.884375	0.24405122916500888
0.885	0.2440788627539637
0.885625	0.24410654443880767
0.88625	0.2441342742354963
0.886875	0.24416205216001816
0.8875	0.24418987822838686
0.888125	0.24421775245664992
0.88875	0.2442456748608819
0.889375	0.24427364545718366
0.89	0.24430166426169136
0.890625	0.2443297312905629
0.89125	0.24435784655998963
0.891875	0.24438601008619282
0.8925	0.2444142218854195
0.893125	0.24444248197394827
0.89375	0.2444707903680853
0.894375	0.24449914708416662
0.895	0.2445275521385578
0.895625	0.2445560055476539
0.89625	0.24458450732787765
0.896875	0.244613057495684
0.8975	0.24464165606755217
0.898125	0.2446703030599958
0.89875	0.24469899848955495
0.899375	0.2447277423727997
0.9	0.24475653472632838
0.900625	0.2447853755667695
0.90125	0.24481426491078337
0.901875	0.24484320277505506
0.9025	0.24487218917630307
0.903125	0.24490122413126983
0.90375	0.24493030765673504
0.904375	0.24495943976949947
0.905	0.244988620486405
0.905625	0.24501784982430702
0.90625	0.24504712780010118
0.906875	0.2450764544307101
0.9075	0.24510582973308823
0.908125	0.24513525372421333
0.90875	0.245164726421102
0.909375	0.24519424784079133
0.91	0.24522381800035267
0.910625	0.2452534369168854
0.91125	0.24528310460751962
0.911875	0.24531282108941485
0.9125	0.24534258637975861
0.913125	0.24537240049576922
0.91375	0.24540226345469615
0.914375	0.24543217527381742
0.915	0.24546213597044014
0.915625	0.24549214556190047
0.91625	0.24552220406556746
0.916875	0.24555231149883414
0.9175	0.24558246787913135
0.918125	0.2456126732239132
0.91875	0.24564292755066508
0.919375	0.24567323087690343
0.92	0.2457035832201745
0.920625	0.24573398459805493
0.92125	0.2457644350281459
0.921875	0.24579493452808684
0.9225	0.2458254831155404
0.923125	0.24585608080820698
0.92375	0.245886727623806
0.924375	0.24591742358009352
0.925	0.24594816869485545
0.925625	0.2459789629859049
0.92625	0.2460098064710905
0.926875	0.2460406991682863
0.9275	0.24607164109539384
0.928125	0.24610263227035217
0.92875	0.2461336727111261
0.929375	0.24616476243570895
0.93	0.24619590146212877
0.930625	0.24622708980843733
0.93125	0.24625832749272392
0.931875	0.246289614533103
0.9325	0.24632095094771878
0.933125	0.2463523367547516
0.93375	0.24638377197240527
0.934375	0.24641525661891883
0.935	0.24644679071255432
0.935625	0.24647837427161562
0.93625	0.2465100073144239
0.936875	0.24654168985934138
0.9375	0.24657342192475443
0.938125	0.2466052035290823
0.93875	0.2466370346907738
0.939375	0.2466689154283067
0.94	0.246700845760191
0.940625	0.24673282570497168
0.94125	0.24676485528121053
0.941875	0.24679693450751528
0.9425	0.24682906340251254
0.943125	0.24686124198486986
0.94375	0.24689347027327482
0.944375	0.24692574828645547
0.945	0.24695807604315873
0.945625	0.2469904535621739
0.94625	0.2470228808623129
0.946875	0.24705535796242103
0.9475	0.24708788488137615
0.948125	0.24712046163808352
0.94875	0.24715308825148083
0.949375	0.24718576474053308
0.95	0.24721849112424327
0.950625	0.2472512674216375
0.95125	0.24728409365177553
0.951875	0.24731696983374987
0.9525	0.2473498959866818
0.953125	0.24738287212972104
0.95375	0.2474158982820558
0.954375	0.24744897446289377
0.955	0.24748210069148455
0.955625	0.2475152769871012
0.95625	0.24754850336905151
0.956875	0.24758177985667262
0.9575	0.24761510646932958
0.958125	0.247648483226426
0.95875	0.24768191014739005
0.959375	0.24771538725168374
0.96	0.247748914558799
0.960625	0.24778249208825684
0.96125	0.24781611985961405
0.961875	0.24784979789245656
0.9625	0.2478835262063963
0.963125	0.24791730482108457
0.96375	0.2479511337561981
0.964375	0.247985013031449
0.965	0.24801894266657395
0.965625	0.24805292268134949
0.96625	0.24808695309557388
0.966875	0.2481210339290867
0.9675	0.24815516520174866
0.968125	0.2481893469334581
0.96875	0.2482235791441451
0.969375	0.24825786185376608
0.97	0.24829219508231293
0.970625	0.24832657884980808
0.97125	0.24836101317630432
0.971875	0.2483954980818873
0.9725	0.24843003358667123
0.973125	0.24846461971080464
0.97375	0.24849925647446441
0.974375	0.24853394389786523
0.975	0.24856868200124663
0.975625	0.24860347080487996
0.97625	0.24863831032907088
0.976875	0.24867320059415712
0.9775	0.2487081416205045
0.978125	0.2487431334285172
0.97875	0.2487781760386185
0.979375	0.24881326947127666
0.98	0.24884841374698374
0.980625	0.24888360888626648
0.98125	0.24891885490968035
0.981875	0.24895415183781855
0.9825	0.24898949969129774
0.983125	0.2490248984907715
0.98375	0.24906034825692341
0.984375	0.2490958490104734
0.985	0.24913140077216572
0.985625	0.2491670035627823
0.98625	0.2492026574031311
0.986875	0.24923836231405963
0.9875	0.24927411831643984
0.988125	0.2493099254311814
0.98875	0.24934578367922064
0.989375	0.24938169308153008
0.99	0.24941765365911175
0.990625	0.24945366543300243
0.99125	0.2494897284242665
0.991875	0.24952584265400446
0.9925	0.2495620081433458
0.993125	0.2495982249134534
0.99375	0.24963449298552343
0.994375	0.24967081238078614
0.995	0.2497071831204905
0.995625	0.2497436052259382
0.99625	0.24978007871844898
0.996875	0.24981660361937652
0.9975	0.24985317995011128
0.998125	0.24988980773207156
0.99875	0.24992648698671227
0.999375	0.24996321773551528
1.0	0.24999999999999797
