0.0	0.24999999999999828
0.0125	0.24607368363199264
0.025	0.24221592417611706
0.0375	0.2384254540176461
0.05	0.23470102983303365
0.0625	0.23104143211360648
0.075	0.22744546469871793
0.0875	0.22391195431819713
0.1	0.22043975014389797
0.1125	0.2170277233501695
0.125	0.21367476668306237
0.1375	0.21037979403810014
0.15	0.2071417400464489
0.1625	0.20395955966930135
0.175	0.20083222780032842
0.1875	0.1977587388760235
0.2	0.1947381064937849
0.2125	0.19176936303758702
0.225	0.18885155931107572
0.2375	0.18598376417795184
0.25	0.18316506420948941
0.2625	0.18039456333904527
0.275	0.17767138252342413
0.2875	0.17499465941095985
0.3	0.17236354801617362
0.3125	0.16977721840088603
0.325	0.16723485636164728
0.3375	0.16473566312336166
0.35	0.162278855038978
0.3625	0.1598636632951318
0.375	0.15748933362361678
0.3875	0.15515512601856288
0.4	0.1528603144592171
0.4125	0.15060418663820668
0.425	0.14838604369518243
0.4375	0.14620519995572295
0.45	0.1440609826754084
0.4625	0.1419527317889531
0.475	0.1398797996642895
0.4875	0.13784155086152103
0.5	0.1358373618966294
0.5125	0.1338666210098536
0.525	0.1319287279386389
0.5375	0.13002309369506956
0.55	0.12814914034769398
0.5625	0.1263063008076542
0.575	0.12449401861903417
0.5875	0.12271174775334324
0.6	0.12095895240805032
0.6125	0.11923510680908932
0.625	0.11753969501725724
0.6375	0.11587221073842584
0.65	0.11423215713748927
0.6625	0.112619046655979
0.675	0.11103240083326579
0.6875	0.10947175013128023
0.7	0.10793663376268413
0.7125	0.10642659952241984
0.725	0.10494120362257083
0.7375	0.10348001053047103
0.75	0.10204259280999496
0.7625	0.10062853096596357
0.775	0.09923741329161036
0.7875	0.09786883571903905
0.8	0.0965224016726186
0.8125	0.09519772192525466
0.825	0.09389441445748024
0.8375	0.09261210431931212
0.85	0.09135042349481355
0.8625	0.0901090107693131
0.875	0.08888751159922391
0.8875	0.08768557798441542
0.9	0.08650286834308268
0.9125	0.0853390473890666
0.925	0.0841937860115744
0.9375	0.08306676115725363
0.95	0.08195765571457263
0.9625	0.08086615840046331
0.975	0.07979196364917736
0.9875	0.07873477150331584
1.0	0.0776942875069871
1.0125	0.07667022260105197
1.025	0.07566229302041078
1.0375	0.07467022019330159
1.05	0.07369373064255488
1.0625	0.07273255588878041
1.075	0.07178643235543894
1.0875	0.07085510127576303
1.1	0.0699383086014945
1.1125	0.0690358049133975
1.125	0.06814734533351258
1.1375	0.06727268943912217
1.15	0.06641160117838603
1.1625	0.06556384878762093
1.175	0.06472920471018585
1.1875	0.06390744551694712
1.2	0.06309835182828458
1.2125	0.06230170823761642
1.225	0.06151730323640663
1.2375	0.06074492914062905
1.25	0.05998438201865685
1.2625	0.05923546162055156
1.275	0.05849797130872361
1.2875	0.05777171798993369
1.3	0.05705651204861582
1.3125	0.056352167281487016
1.325	0.0556585008334269
1.3375	0.05497533313459434
1.35	0.05430248783876357
1.3625	0.05363979176285074
1.375	0.05298707482760937
1.3875	0.05234416999947294
1.4	0.051710913233518736
1.4125	0.05108714341753402
1.425	0.050472702317161576
1.4375	0.04986743452210273
1.45	0.04927118739335781
1.4625	0.048683811011484
1.475	0.04810515812584931
1.4875	0.04753508410486427
1.5	0.04697344688717175
1.5125	0.046420106933775004
1.525	0.04587492718108787
1.5375	0.04533777299488673
1.55	0.044808512125147415
1.5625	0.044287014661749904
1.575	0.04377315299103259
1.5875	0.04326680175318275
1.6	0.04276783780044135
1.6125	0.04227614015611137
1.625	0.04179158997435062
1.6375	0.04131407050073659
1.65	0.040843467033583714
1.6625	0.04037966688600407
1.675	0.03992255934869125
1.6875	0.03947203565341837
1.7	0.039027988937231195
1.7125	0.03859031420732813
1.725	0.03815890830660855
1.7375	0.037733669879880326
1.75	0.037314499340711196
1.7625	0.03690129883891256
1.775	0.03649397222864291
1.7875	0.03609242503711953
1.8	0.03569656443392498
1.8125	0.03530629920089832
1.825	0.03492153970260003
1.8375	0.034542197857336344
1.85	0.03416818710873581
1.8625	0.03379942239786646
1.875	0.03343582013588015
1.8875	0.03307729817717745
1.9	0.03272377579308192
1.9125	0.0323751736460122
1.925	0.03203141376414434
1.9375	0.03169241951655334
1.95	0.03135811558882577
1.9625	0.031028427959133853
1.975	0.030703283874760796
1.9875	0.030382611829071014
2.0	0.03006634153891524
2.0125	0.029754403922460423
2.025	0.02944673107744098
2.0375	0.029143256259817434
2.05	0.028843913862837883
2.0625	0.028548639396495545
2.075	0.028257369467370837
2.0875	0.02797004175885383
2.1	0.027686595011738802
2.1125	0.027406969005182743
2.125	0.027131104538022116
2.1375	0.026858943410440525
2.15	0.026590428405979253
2.1625	0.026325503273887055
2.175	0.02606411271179858
2.1875	0.025806202348738753
2.2	0.025551718728444726
2.2125	0.0253006092929999
2.225	0.025052822366773995
2.2375	0.02480830714066313
2.25	0.02456701365662442
2.2625	0.024328892792498946
2.275	0.024093896247117882
2.2875	0.023861976525686626
2.3	0.02363308692544082
2.3125	0.023407181521569332
2.325	0.02318421515339962
2.3375	0.02296414341083961
2.35	0.022746922621071905
2.3625	0.02253250983549468
2.375	0.022320862816905193
2.3875	0.02211194002692103
2.4	0.021905700613634713
2.4125	0.021702104399496217
2.425	0.021501111869421295
2.4375	0.02130268415911805
2.45	0.02110678304363064
2.4625	0.020913370926094466
2.475	0.020722410826698148
2.4875	0.020533866371850496
2.5	0.020347701783545946
2.5125	0.02016388186892704
2.525	0.01998237201003842
2.5375	0.019803138153769943
2.55	0.01962614680198415
2.5625	0.019451365001825593
2.575	0.01927876033620801
2.5875	0.019108300914476344
2.6	0.01893995536323949
2.6125	0.01877369281737145
2.625	0.018609482911177685
2.6375	0.01844729576972183
2.65	0.01828710200031295
2.6625	0.018128872684146417
2.675	0.017972579368098762
2.6875	0.017818194056672114
2.7	0.017665689204085157
2.7125	0.01751503770650809
2.725	0.017366212894439913
2.7375	0.01721918852522335
2.75	0.017073938775696514
2.7625	0.016930438234978053
2.775	0.01678866189738327
2.7875	0.016648585155468285
2.8	0.016510183793201336
2.8125	0.01637343397925667
2.825	0.016238312260430744
2.8375	0.016104795555177014
2.85	0.015972861147257676
2.8625	0.01584248667951021
2.875	0.015713650147726497
2.8875	0.015586329894641886
2.9	0.015460504604032851
2.9125	0.015336153294921452
2.925	0.015213255315883167
2.9375	0.015091790339457324
2.95	0.014971738356658694
2.9625	0.014853079671586401
2.975	0.01473579489613053
2.9875	0.01461986494477297
3.0	0.01450527102948172
3.0125	0.014391994654696427
3.025	0.014280017612403642
3.0375	0.014169321977299795
3.05	0.014059890102040914
3.0625	0.013951704612576837
3.075	0.013844748403568342
3.0875	0.013739004633886553
3.1	0.013634456722191641
3.1125	0.01353108834259065
3.125	0.013428883420372198
3.1375	0.013327826127816966
3.15	0.013227900880082511
3.1625	0.013129092331160783
3.175	0.013031385369907573
3.1875	0.012934765116141686
3.2	0.012839216916813535
3.2125	0.012744726342241134
3.225	0.01265127918241238
3.2375	0.012558861443352914
3.25	0.012467459343557457
3.2625	0.012377059310484285
3.275	0.012287647977111292
3.2875	0.012199212178552316
3.3	0.012111738948733061
3.3125	0.012025215517125269
3.325	0.011939629305538102
3.3375	0.01185496792496561
3.35	0.011771219172489363
3.3625	0.011688371028235202
3.375	0.011606411652383204
3.3875	0.01152532938222968
3.4	0.011445112729300289
3.4125	0.011365750376513557
3.425	0.011287231175393778
3.4375	0.011209544143332131
3.45	0.011132678460895535
3.4625	0.011056623469181976
3.475	0.010981368667221943
3.4875	0.010906903709424699
3.5	0.010833218403068603
3.5125	0.01076030270583485
3.525	0.010688146723384211
3.5375	0.010616740706974798
3.55	0.010546075051121538
3.5625	0.010476140291295627
3.575	0.010406927101663514
3.5875	0.010338426292865036
3.6	0.010270628809829381
3.6125	0.010203525729628484
3.625	0.01013710825936766
3.6375	0.010071367734111636
3.65	0.01000629561484679
3.6625	0.00994188348647746
3.675	0.009878123055857146
3.6875	0.00981500614985281
3.7	0.009752524713442333
3.7125	0.009690670807844273
3.725	0.009629436608679548
3.7375	0.009568814404164095
3.75	0.009508796593332432
3.7625	0.00944937568429133
3.775	0.009390544292502806
3.7875	0.00933229513909635
3.8	0.00927462104920985
3.8125	0.009217514950357887
3.825	0.009160969870828536
3.8375	0.009104978938106155
3.85	0.009049535377321335
3.8625	0.008994632509726966
3.875	0.008940263751199407
3.8875	0.00888642261076524
3.9	0.008833102689152598
3.9125	0.008780297677366577
3.925	0.00872800135528894
3.9375	0.008676207590300517
3.95	0.00862491033592731
3.9625	0.00857410363050877
3.975	0.008523781595888315
3.9875	0.008473938436125638
4.0	0.008424568436230693
4.0125	0.008375665960918184
4.025	0.008327225453383281
4.0375	0.008279241434097053
4.05	0.008231708499622563
4.0625	0.008184621321449584
4.075	0.008137974644849742
4.0875	0.00809176328774932
4.1	0.008045982139621663
4.1125	0.008000626160397215
4.125	0.007955690379391683
4.1375	0.007911169894251911
4.15	0.007867059869918851
4.1625	0.007823355537607596
4.175	0.007780052193804468
4.1875	0.007737145199279762
4.2	0.007694629978117457
4.2125	0.0076525020167602315
4.225	0.007610756863070315
4.2375	0.007569390125405328
4.25	0.0075283974717097165
4.2625	0.007487774628620301
4.275	0.007447517380586877
4.2875	0.007407621569006836
4.3	0.007368083091373767
4.3125	0.007328897900440047
4.325	0.007290062003392698
4.3375	0.007251571461042903
4.35	0.00721342238702819
4.3625	0.007175610947027874
4.375	0.007138133357990828
4.3875	0.007100985887375799
4.4	0.007064164852403966
4.4125	0.007027666619323363
4.425	0.006991487602685238
4.4375	0.00695562426463186
4.45	0.006920073114195865
4.4625	0.006884830706610663
4.475	0.006849893642631893
4.4875	0.006815258567869742
4.5	0.006780922172131783
4.5125	0.006746881188776392
4.525	0.006713132394076446
4.5375	0.006679672606592843
4.55	0.006646498686558364
4.5625	0.006613607535271045
4.575	0.0065809960944971215
4.5875	0.006548661345883467
4.6	0.006516600310379433
4.6125	0.006484810047667569
4.625	0.006453287655603362
4.6375	0.0064220302696640025
4.65	0.0063910350624055
4.6625	0.006360299242928555
4.675	0.00632982005635267
4.6875	0.006299594783298487
4.7	0.006269620739378412
4.7125	0.006239895274694925
4.725	0.00621041577334689
4.7375	0.006181179652943488
4.75	0.006152184364125845
4.7625	0.006123427390095883
4.775	0.00609490624615268
4.7875	0.0060666184792359055
4.8	0.006038561667476464
4.8125	0.006010733419753853
4.825	0.005983131375260685
4.8375	0.005955753203073691
4.85	0.00592859660173142
4.8625	0.0059016592988185
4.875	0.005874939050556186
4.8875	0.005848433641399276
4.9	0.005822140883639312
4.9125	0.0057960586170136275
4.925	0.005770184708320553
4.9375	0.005744517051040556
4.95	0.005719053564963048
4.9625	0.005693792195818925
4.975	0.005668730914918766
4.9875	0.0056438677187964584
5.0	0.0056192006288583495
5.0125	0.005594727691037703
5.025	0.005570446975454258
5.0375	0.005546356576079197
5.05	0.005522454610404992
5.0625	0.005498739219120356
5.075	0.005475208565790084
5.0875	0.005451860836539627
5.1	0.005428694239744665
5.1125	0.005405707005725024
5.125	0.00538289738644354
5.1375	0.005360263655209184
5.15	0.005337804106384803
5.1625	0.005315517055099144
5.175	0.005293400836963281
5.1875	0.005271453807791165
5.2	0.005249674343324562
5.2125	0.005228060838961818
5.225	0.005206611709490897
5.2375	0.005185325388826259
5.25	0.005164200329749769
5.2625	0.005143235003655307
5.275	0.005122427900297341
5.2875	0.005101777527543065
5.3	0.0050812824111283
5.3125	0.0050609410944170725
5.325	0.005040752138164484
5.3375	0.005020714120283523
5.35	0.005000825635614741
5.3625	0.0049810852956998775
5.375	0.004961491728558471
5.3875	0.004942043578467862
5.4	0.004922739505746374
5.4125	0.00490357818653982
5.425	0.004884558312610894
5.4375	0.004865678591131898
5.45	0.004846937744480284
5.4625	0.0048283345100373415
5.475	0.004809867639989731
5.4875	0.004791535901133915
5.5	0.004773338074683468
5.5125	0.004755272956079153
5.525	0.004737339354801793
5.5375	0.004719536094187812
5.55	0.004701862011247474
5.5625	0.004684315956485728
5.575	0.0046668967937256774
5.5875	0.004649603399934609
5.6	0.004632434665052428
5.6125	0.0046153894918227
5.625	0.004598466795626047
5.6375	0.0045816655043159115
5.65	0.004564984558056745
5.6625	0.004548422909164547
5.675	0.004531979521949515
5.6875	0.0045156533725611795
5.7	0.004499443448835507
5.7125	0.00448334875014446
5.725	0.004467368287247453
5.7375	0.004451501082145041
5.75	0.0044357461679347225
5.7625	0.004420102588668703
5.775	0.004404569399213709
5.7875	0.004389145665112892
5.8	0.00437383046244947
5.8125	0.004358622877712573
5.825	0.004343522007664721
5.8375	0.004328526959211334
5.85	0.004313636849272083
5.8625	0.004298850804653911
5.875	0.004284167961926151
5.8875	0.004269587467296926
5.9	0.004255108476491735
5.9125	0.004240730154633558
5.925	0.0042264516761245045
5.9375	0.0042122722245294475
5.95	0.004198190992460919
5.9625	0.004184207181465977
5.975	0.004170320001914277
5.9875	0.004156528672888044
6.0	0.004142832422073386
6.0125	0.004129230485653039
6.025	0.004115722108200942
6.0375	0.004102306542577899
6.05	0.004088983049828935
6.0625	0.004075750899081903
6.075	0.004062609367447631
6.0875	0.004049557739921441
6.1	0.004036595309285939
6.1125	0.004023721376015123
6.125	0.0040109352481800115
6.1375	0.003998236241355358
6.15	0.0039856236785278205
6.1625	0.003973096890005162
6.175	0.003960655213326989
6.1875	0.003948297993176502
6.2	0.003936024581293465
6.2125	0.003923834336388588
6.225	0.003911726624058713
6.2375	0.0038997008167035003
6.25	0.003887756293443091
6.2625	0.0038758924400368235
6.275	0.0038641086488032743
6.2875	0.003852404318541141
6.3	0.0038407788544514297
6.3125	0.0038292316680604774
6.325	0.003817762177144218
6.3375	0.003806369805653313
6.35	0.003795053983639437
6.3625	0.0037838141471824515
6.375	0.0037726497383186136
6.3875	0.0037615602049696877
6.4	0.0037505450008732087
6.4125	0.003739603585513364
6.425	0.0037287354240531576
6.4375	0.003717939987267178
6.45	0.0037072167514754922
6.4625	0.003696565198478318
6.475	0.003685984815491588
6.4875	0.0036754750950833493
6.5	0.003665035535111153
6.5125	0.003654665638660079
6.525	0.0036443649139817447
6.5375	0.003634132874434011
6.55	0.0036239690384216204
6.5625	0.0036138729293375225
6.575	0.003603844075505017
6.5875	0.0035938820101206683
6.6	0.003583986271197973
6.6125	0.0035741564015117702
6.625	0.003564391948543414
6.6375	0.003554692464426643
6.65	0.0035450575058941676
6.6625	0.003535486634225
6.675	0.003525979415192429
6.6875	0.003516535419012699
6.7	0.0035071542202944382
6.7125	0.003497835397988591
6.725	0.003488578535339183
6.7375	0.003479383219834626
6.75	0.0034702490431596923
6.7625	0.003461175601148152
6.775	0.00345216249373598
6.7875	0.0034432093249151816
6.8	0.0034343157026882776
6.8125	0.003425481239023342
6.825	0.0034167055498095992
6.8375	0.003407988254813685
6.85	0.0033993289776363773
6.8625	0.0033907273456700144
6.875	0.0033821829900563204
6.8875	0.0033736955456449094
6.9	0.0033652646509522554
6.9125	0.0033568899481212352
6.925	0.0033485710828811744
6.9375	0.0033403077045083772
6.95	0.003332099465787306
6.9625	0.003323946022972057
6.975	0.0033158470357485224
6.9875	0.0033078021671969354
7.0	0.0032998110837549107
7.0125	0.0032918734551810372
7.025	0.003283988954518825
7.0375	0.0032761572580612235
7.05	0.003268378045315524
7.0625	0.0032606509989687453
7.075	0.003252975804853478
7.0875	0.0032453521519141496
7.1	0.003237779732173692
7.1125	0.0032302582407007074
7.125	0.0032227873755770408
7.1375	0.0032153668378656695
7.15	0.0032079963315791494
7.1625	0.0032006755636484175
7.175	0.0031934042438918646
7.1875	0.003186182084985057
7.2	0.0031790088024305847
7.2125	0.00317188411452851
7.225	0.0031648077423469955
7.2375	0.0031577794096935047
7.25	0.003150798843086218
7.2625	0.0031438657717258855
7.275	0.00313697992746803
7.2875	0.0031301410447954784
7.3	0.0031233488607912427
7.3125	0.003116603115111861
7.325	0.0031099035499608293
7.3375	0.0031032499100626595
7.35	0.003096641942637045
7.3625	0.0030900793973734817
7.375	0.0030835620264061383
7.3875	0.003077089584289096
7.4	0.0030706618279718865
7.4125	0.003064278516775309
7.425	0.0030579394123675862
7.4375	0.0030516442787408256
7.45	0.0030453928821877877
7.4625	0.003039184991278856
7.475	0.0030330203768394654
7.4875	0.0030268988119276567
7.5	0.0030208200718119752
7.5125	0.003014783933949681
7.525	0.0030087901779652223
7.5375	0.0030028385856289024
7.55	0.002996928940835915
7.5625	0.0029910610295856128
7.575	0.0029852346399609955
7.5875	0.0029794495621085454
7.6	0.0029737055882181973
7.6125	0.0029680025125036753
7.625	0.0029623401311829824
7.6375	0.002956718242459237
7.65	0.0029511366465016405
7.6625	0.0029455951454267597
7.675	0.002940093543280063
7.6875	0.0029346316460175403
7.7	0.002929209261487784
7.7125	0.002923826199414097
7.725	0.0029184822713769314
7.7375	0.0029131772907965117
7.75	0.002907911072915691
7.7625	0.002902683434782991
7.775	0.0028974941952358904
7.7875	0.0028923431748843617
7.8	0.0028872301960944638
7.8125	0.0028821550829723317
7.825	0.0028771176613482394
7.8375	0.0028721177587608857
7.85	0.00286715520444195
7.8625	0.0028622298293007214
7.875	0.002857341465909017
7.8875	0.0028524899484862584
7.9	0.0028476751128847398
7.9125	0.0028428967965750274
7.925	0.0028381548386316774
7.9375	0.002833449079718973
7.95	0.0028287793620769604
7.9625	0.0028241455295075816
7.975	0.0028195474273610536
7.9875	0.0028149849025223403
8.0	0.002810457803397893
8.0125	0.002805965979902423
8.025	0.002801509283446002
8.0375	0.0027970875669211825
8.05	0.0027927006846903725
8.0625	0.002788348492573308
8.075	0.002784030847834758
8.0875	0.0027797476091723262
8.1	0.0027754986367043663
8.1125	0.0027712837919581994
8.125	0.0027671029378583075
8.1375	0.002762955938714797
8.15	0.002758842660211958
8.1625	0.0027547629693969976
8.175	0.0027507167346688365
8.1875	0.0027467038257671926
8.2	0.0027427241137616505
8.2125	0.0027387774710409796
8.225	0.002734863771302512
8.2375	0.0027309828895417582
8.25	0.002727134702042015
8.2625	0.002723319086364223
8.275	0.0027195359213369012
8.2875	0.002715785087046223
8.3	0.0027120664648262196
8.3125	0.0027083799372490986
8.325	0.002704725388115737
8.3375	0.002701102702446169
8.35	0.002697511766470385
8.3625	0.002693952467619095
8.375	0.002690424694514646
8.3875	0.002686928336962139
8.4	0.0026834632859405435
8.4125	0.0026800294335940274
8.425	0.0026766266732232776
8.4375	0.0026732548992771453
8.45	0.002669914007344111
8.4625	0.002666603894144152
8.475	0.0026633244575204975
8.4875	0.002660075596431618
8.5	0.002656857210943264
8.5125	0.002653669202220628
8.525	0.0026505114725206254
8.5375	0.002647383925184213
8.55	0.0026442864646289248
8.5625	0.002641218996341408
8.575	0.0026381814268700483
8.5875	0.002635173663817802
8.6	0.002632195615835061
8.6125	0.002629247192612559
8.625	0.002626328304874459
8.6375	0.0026234388643715223
8.65	0.0026205787838742937
8.6625	0.0026177479771665123
8.675	0.002614946359038495
8.6875	0.0026121738452806274
8.7	0.0026094303526770367
8.7125	0.002606715798999251
8.725	0.0026040301029999755
8.7375	0.002601373184406976
8.75	0.0025987449639170274
8.7625	0.0025961453631899744
8.775	0.002593574304842823
8.7875	0.0025910317124439738
8.8	0.002588517510507502
8.8125	0.002586031624487545
8.825	0.0025835739807727213
8.8375	0.002581144506680731
8.85	0.002578743130452863
8.8625	0.0025763697812487955
8.875	0.0025740243891413136
8.8875	0.0025717068851111324
8.9	0.002569417201041877
8.9125	0.0025671552697150296
8.925	0.0025649210248050295
8.9375	0.0025627144008744146
8.95	0.0025605353333690304
8.9625	0.0025583837586133527
8.975	0.002556259613805832
8.9875	0.002554162837014312
9.0	0.002552093367171578
9.0125	0.00255005114407091
9.025	0.002548036108361729
9.0375	0.0025460482015453316
9.05	0.002544087365970653
9.0625	0.002542153544830149
9.075	0.00254024668215569
9.0875	0.002538366722814541
9.1	0.0025365136125054468
9.1125	0.002534687297754726
9.125	0.0025328877259124835
9.1375	0.0025311148451487905
9.15	0.0025293686044500943
9.1625	0.002527648953615528
9.175	0.002525955843253342
9.1875	0.0025242892247774396
9.2	0.002522649050403949
9.2125	0.0025210352731477757
9.225	0.0025194478468194004
9.2375	0.0025178867260215077
9.25	0.0025163518661458916
9.2625	0.0025148432233702282
9.275	0.0025133607546550833
9.2875	0.002511904417740861
9.3	0.0025104741711448157
9.3125	0.0025090699741582272
9.325	0.002507691786843478
9.3375	0.002506339570031335
9.35	0.002505013285318154
9.3625	0.0025037128950632834
9.375	0.0025024383623863822
9.3875	0.0025011896511648833
9.4	0.002499966726031534
9.4125	0.0024987695523718584
9.425	0.002497598096321836
9.4375	0.002496452324765529
9.45	0.00249533220533281
9.4625	0.0024942377063971086
9.475	0.002493168797073242
9.4875	0.0024921254472153134
9.5	0.002491107627414593
9.5125	0.00249011530899754
9.525	0.002489148464023791
9.5375	0.002488207065284307
9.55	0.002487291086299433
9.5625	0.002486400501317145
9.575	0.002485535285311244
9.5875	0.0024846954139796803
9.6	0.00248388086374288
9.6125	0.002483091611742131
9.625	0.0024823276358380253
9.6375	0.0024815889146089596
9.65	0.0024808754273496613
9.6625	0.0024801871540697795
9.675	0.002479524075492543
9.6875	0.002478886173053449
9.7	0.0024782734288989637
9.7125	0.0024776858258853634
9.725	0.002477123347577524
9.7375	0.002476585978247862
9.75	0.0024760737028751865
9.7625	0.0024755865071437798
9.775	0.002475124377442321
9.7875	0.00247468730086307
9.8	0.002474275265200921
9.8125	0.002473888258952612
9.825	0.002473526271315927
9.8375	0.0024731892921889516
9.85	0.0024728773121694596
9.8625	0.002472590322554215
9.875	0.0024723283153383745
9.8875	0.0024720912832150027
9.9	0.002471879219574542
9.9125	0.002471692118504363
9.925	0.0024715299747883972
9.9375	0.002471392783906748
9.95	0.002471280542035409
9.9625	0.002471193246045984
9.975	0.002471130893505517
9.9875	0.0024710934826762897
10.0	0.0024710810125157276
10.0125	0.002471093482676293
10.025	0.0024711308935055176
10.0375	0.0024711932460459835
10.05	0.002471280542035408
10.0625	0.0024713927839067483
10.075	0.0024715299747883972
10.0875	0.002471692118504363
10.1	0.0024718792195745397
10.1125	0.0024720912832150053
10.125	0.002472328315338375
10.1375	0.002472590322554215
10.15	0.0024728773121694613
10.1625	0.002473189292188951
10.175	0.002473526271315926
10.1875	0.002473888258952615
10.2	0.0024742752652009226
10.2125	0.0024746873008630694
10.225	0.002475124377442322
10.2375	0.0024755865071437806
10.25	0.0024760737028751848
10.2625	0.0024765859782478607
10.275	0.002477123347577525
10.2875	0.0024776858258853634
10.3	0.0024782734288989667
10.3125	0.002478886173053453
10.325	0.002479524075492546
10.3375	0.002480187154069782
10.35	0.0024808754273496617
10.3625	0.0024815889146089618
10.375	0.002482327635838027
10.3875	0.002483091611742135
10.4	0.00248388086374288
10.4125	0.0024846954139796807
10.425	0.0024855352853112417
10.4375	0.0024864005013171433
10.45	0.0024872910862994324
10.4625	0.00248820706528431
10.475	0.002489148464023793
10.4875	0.0024901153089975413
10.5	0.002491107627414595
10.5125	0.002492125447215315
10.525	0.0024931687970732447
10.5375	0.002494237706397109
10.55	0.0024953322053328127
10.5625	0.002496452324765533
10.575	0.002497598096321842
10.5875	0.0024987695523718606
10.6	0.0024999667260315367
10.6125	0.0025011896511648872
10.625	0.0025024383623863866
10.6375	0.0025037128950632834
10.65	0.0025050132853181527
10.6625	0.002506339570031337
10.675	0.0025076917868434847
10.6875	0.0025090699741582285
10.7	0.002510474171144816
10.7125	0.0025119044177408585
10.725	0.0025133607546550824
10.7375	0.0025148432233702248
10.75	0.002516351866145892
10.7625	0.002517886726021506
10.775	0.0025194478468194012
10.7875	0.002521035273147775
10.8	0.0025226490504039476
10.8125	0.0025242892247774374
10.825	0.0025259558432533394
10.8375	0.0025276489536155268
10.85	0.002529368604450097
10.8625	0.002531114845148792
10.875	0.002532887725912484
10.8875	0.0025346872977547287
10.9	0.002536513612505449
10.9125	0.0025383667228145433
10.925	0.002540246682155691
10.9375	0.0025421535448301494
10.95	0.002544087365970654
10.9625	0.0025460482015453346
10.975	0.002548036108361731
10.9875	0.002550051144070911
11.0	0.002552093367171583
11.0125	0.0025541628370143164
11.025	0.002556259613805833
11.0375	0.0025583837586133536
11.05	0.0025605353333690286
11.0625	0.0025627144008744124
11.075	0.00256492102480503
11.0875	0.0025671552697150274
11.1	0.0025694172010418763
11.1125	0.0025717068851111332
11.125	0.002574024389141312
11.1375	0.002576369781248794
11.15	0.0025787431304528617
11.1625	0.00258114450668073
11.175	0.002583573980772719
11.1875	0.0025860316244875428
11.2	0.002588517510507502
11.2125	0.002591031712443973
11.225	0.0025935743048428207
11.2375	0.0025961453631899722
11.25	0.0025987449639170296
11.2625	0.002601373184406978
11.275	0.002604030102999976
11.2875	0.0026067157989992503
11.3	0.002609430352677038
11.3125	0.0026121738452806287
11.325	0.0026149463590384946
11.3375	0.00261774797716651
11.35	0.002620578783874294
11.3625	0.0026234388643715184
11.375	0.0026263283048744593
11.3875	0.002629247192612558
11.4	0.0026321956158350595
11.4125	0.0026351736638177982
11.425	0.0026381814268700452
11.4375	0.002641218996341406
11.45	0.002644286464628928
11.4625	0.002647383925184213
11.475	0.002650511472520628
11.4875	0.002653669202220633
11.5	0.002656857210943267
11.5125	0.0026600755964316172
11.525	0.0026633244575204975
11.5375	0.0026666038941441502
11.55	0.002669914007344109
11.5625	0.002673254899277144
11.575	0.0026766266732232776
11.5875	0.0026800294335940235
11.6	0.00268346328594054
11.6125	0.002686928336962135
11.625	0.0026904246945146453
11.6375	0.0026939524676190944
11.65	0.002697511766470386
11.6625	0.002701102702446172
11.675	0.002704725388115738
11.6875	0.002708379937249098
11.7	0.0027120664648262204
11.7125	0.0027157850870462258
11.725	0.0027195359213369025
11.7375	0.0027233190863642253
11.75	0.002727134702042015
11.7625	0.0027309828895417582
11.775	0.0027348637713025133
11.7875	0.002738777471040976
11.8	0.0027427241137616505
11.8125	0.002746703825767195
11.825	0.002750716734668835
11.8375	0.0027547629693969993
11.85	0.002758842660211958
11.8625	0.0027629559387147965
11.875	0.0027671029378583067
11.8875	0.002771283791958201
11.9	0.002775498636704369
11.9125	0.0027797476091723275
11.925	0.002784030847834759
11.9375	0.0027883484925733124
11.95	0.002792700684690375
11.9625	0.0027970875669211834
11.975	0.002801509283446005
11.9875	0.0028059659799024236
12.0	0.0028104578033978944
12.0125	0.0028149849025223407
12.025	0.0028195474273610527
12.0375	0.002824145529507581
12.05	0.0028287793620769596
12.0625	0.0028334490797189745
12.075	0.0028381548386316774
12.0875	0.0028428967965750266
12.1	0.0028476751128847367
12.1125	0.0028524899484862576
12.125	0.002857341465909015
12.1375	0.0028622298293007197
12.15	0.00286715520444195
12.1625	0.0028721177587608857
12.175	0.0028771176613482416
12.1875	0.0028821550829723347
12.2	0.0028872301960944685
12.2125	0.0028923431748843656
12.225	0.0028974941952358917
12.2375	0.0029026834347829927
12.25	0.002907911072915691
12.2625	0.0029131772907965104
12.275	0.002918482271376934
12.2875	0.0029238261994140972
12.3	0.0029292092614877814
12.3125	0.0029346316460175407
12.325	0.0029400935432800633
12.3375	0.0029455951454267592
12.35	0.0029511366465016374
12.3625	0.0029567182424592342
12.375	0.002962340131182984
12.3875	0.002968002512503672
12.4	0.0029737055882181965
12.4125	0.0029794495621085436
12.425	0.0029852346399609963
12.4375	0.0029910610295856097
12.45	0.0029969289408359146
12.4625	0.003002838585628902
12.475	0.003008790177965223
12.4875	0.003014783933949683
12.5	0.003020820071811973
12.5125	0.0030268988119276567
12.525	0.003033020376839465
12.5375	0.003039184991278855
12.55	0.003045392882187788
12.5625	0.003051644278740824
12.575	0.0030579394123675845
12.5875	0.0030642785167753093
12.6	0.0030706618279718848
12.6125	0.0030770895842890953
12.625	0.003083562026406137
12.6375	0.003090079397373479
12.65	0.003096641942637045
12.6625	0.00310324991006266
12.675	0.0031099035499608306
12.6875	0.003116603115111861
12.7	0.0031233488607912406
12.7125	0.0031301410447954776
12.725	0.0031369799274680306
12.7375	0.0031438657717258855
12.75	0.0031507988430862187
12.7625	0.0031577794096935056
12.775	0.0031648077423469937
12.7875	0.003171884114528508
12.8	0.0031790088024305843
12.8125	0.0031861820849850573
12.825	0.0031934042438918646
12.8375	0.0032006755636484184
12.85	0.003207996331579151
12.8625	0.003215366837865671
12.875	0.0032227873755770403
12.8875	0.003230258240700709
12.9	0.003237779732173693
12.9125	0.003245352151914152
12.925	0.0032529758048534772
12.9375	0.003260650998968744
12.95	0.003268378045315523
12.9625	0.003276157258061224
12.975	0.003283988954518823
12.9875	0.003291873455181037
13.0	0.003299811083754913
13.0125	0.003307802167196936
13.025	0.003315847035748523
13.0375	0.0033239460229720547
13.05	0.0033320994657873105
13.0625	0.003340307704508376
13.075	0.0033485710828811705
13.0875	0.003356889948121233
13.1	0.0033652646509522563
13.1125	0.003373695545644911
13.125	0.003382182990056318
13.1375	0.003390727345670015
13.15	0.003399328977636379
13.1625	0.003407988254813686
13.175	0.0034167055498095992
13.1875	0.0034254812390233404
13.2	0.003434315702688278
13.2125	0.00344320932491518
13.225	0.003452162493735977
13.2375	0.003461175601148153
13.25	0.003470249043159691
13.2625	0.003479383219834622
13.275	0.0034885785353391823
13.2875	0.003497835397988592
13.3	0.0035071542202944395
13.3125	0.0035165354190127007
13.325	0.003525979415192432
13.3375	0.003535486634225001
13.35	0.003545057505894169
13.3625	0.003554692464426646
13.375	0.003564391948543413
13.3875	0.0035741564015117702
13.4	0.003583986271197974
13.4125	0.003593882010120668
13.425	0.0036038440755050195
13.4375	0.0036138729293375207
13.45	0.003623969038421618
13.4625	0.0036341328744340113
13.475	0.003644364913981742
13.4875	0.0036546656386600824
13.5	0.0036650355351111547
13.5125	0.0036754750950833454
13.525	0.0036859848154915833
13.5375	0.0036965651984783164
13.55	0.003707216751475503
13.5625	0.003717939987267179
13.575	0.0037287354240531593
13.5875	0.0037396035855133585
13.6	0.003750545000873206
13.6125	0.0037615602049697
13.625	0.003772649738318619
13.6375	0.003783814147182458
13.65	0.0037950539836394477
13.6625	0.003806369805653311
13.675	0.003817762177144203
13.6875	0.003829231668060479
13.7	0.003840778854451433
13.7125	0.0038524043185411434
13.725	0.0038641086488032826
13.7375	0.00387589244003682
13.75	0.0038877562934430923
13.7625	0.003899700816703505
13.775	0.003911726624058704
13.7875	0.00392383433638858
13.8	0.003936024581293471
13.8125	0.003948297993176502
13.825	0.003960655213326982
13.8375	0.00397309689000516
13.85	0.003985623678527823
13.8625	0.0039982362413553555
13.875	0.004010935248180013
13.8875	0.004023721376015115
13.9	0.004036595309285935
13.9125	0.004049557739921446
13.925	0.004062609367447625
13.9375	0.004075750899081904
13.95	0.004088983049828934
13.9625	0.004102306542577892
13.975	0.004115722108200936
13.9875	0.004129230485653036
14.0	0.004142832422073387
14.0125	0.004156528672888042
14.025	0.004170320001914272
14.0375	0.004184207181465969
14.05	0.004198190992460919
14.0625	0.004212272224529442
14.075	0.0042264516761245045
14.0875	0.004240730154633556
14.1	0.004255108476491733
14.1125	0.004269587467296924
14.125	0.004284167961926147
14.1375	0.0042988508046539085
14.15	0.004313636849272072
14.1625	0.004328526959211327
14.175	0.004343522007664715
14.1875	0.004358622877712569
14.2	0.0043738304624494646
14.2125	0.004389145665112888
14.225	0.00440456939921371
14.2375	0.004420102588668698
14.25	0.004435746167934718
14.2625	0.004451501082145047
14.275	0.004467368287247457
14.2875	0.004483348750144464
14.3	0.004499443448835515
14.3125	0.004515653372561183
14.325	0.00453197952194952
14.3375	0.00454842290916455
14.35	0.00456498455805675
14.3625	0.004581665504315913
14.375	0.004598466795626045
14.3875	0.004615389491822703
14.4	0.004632434665052431
14.4125	0.004649603399934609
14.425	0.004666896793725682
14.4375	0.00468431595648573
14.45	0.004701862011247474
14.4625	0.0047195360941878085
14.475	0.004737339354801795
14.4875	0.00475527295607916
14.5	0.004773338074683467
14.5125	0.004791535901133915
14.525	0.004809867639989732
14.5375	0.004828334510037346
14.55	0.004846937744480288
14.5625	0.0048656785911319
14.575	0.004884558312610894
14.5875	0.004903578186539821
14.6	0.00492273950574638
14.6125	0.004942043578467863
14.625	0.004961491728558476
14.6375	0.004981085295699879
14.65	0.00500082563561475
14.6625	0.005020714120283527
14.675	0.005040752138164487
14.6875	0.005060941094417077
14.7	0.0050812824111283
14.7125	0.005101777527543069
14.725	0.00512242790029734
14.7375	0.005143235003655311
14.75	0.0051642003297497725
14.7625	0.005185325388826256
14.775	0.005206611709490898
14.7875	0.005228060838961821
14.8	0.005249674343324564
14.8125	0.0052714538077911705
14.825	0.005293400836963281
14.8375	0.005315517055099144
14.85	0.0053378041063848036
14.8625	0.005360263655209184
14.875	0.0053828973864435406
14.8875	0.00540570700572502
14.9	0.005428694239744668
14.9125	0.005451860836539629
14.925	0.00547520856579009
14.9375	0.0054987392191203615
14.95	0.005522454610404997
14.9625	0.005546356576079197
14.975	0.00557044697545426
14.9875	0.005594727691037709
15.0	0.005619200628858351
15.0125	0.005643867718796459
15.025	0.005668730914918765
15.0375	0.005693792195818923
15.05	0.005719053564963055
15.0625	0.005744517051040555
15.075	0.005770184708320551
15.0875	0.00579605861701363
15.1	0.005822140883639319
15.1125	0.005848433641399283
15.125	0.005874939050556192
15.1375	0.005901659298818499
15.15	0.005928596601731426
15.1625	0.005955753203073692
15.175	0.005983131375260688
15.1875	0.006010733419753854
15.2	0.0060385616674764695
15.2125	0.006066618479235905
15.225	0.006094906246152673
15.2375	0.006123427390095884
15.25	0.006152184364125847
15.2625	0.006181179652943483
15.275	0.006210415773346895
15.2875	0.006239895274694927
15.3	0.006269620739378415
15.3125	0.006299594783298493
15.325	0.006329820056352664
15.3375	0.006360299242928557
15.35	0.0063910350624055015
15.3625	0.006422030269664009
15.375	0.006453287655603367
15.3875	0.00648481004766757
15.4	0.006516600310379441
15.4125	0.006548661345883469
15.425	0.006580996094497122
15.4375	0.0066136075352710485
15.45	0.0066464986865583595
15.4625	0.006679672606592843
15.475	0.006713132394076445
15.4875	0.006746881188776395
15.5	0.006780922172131784
15.5125	0.00681525856786974
15.525	0.006849893642631893
15.5375	0.006884830706610661
15.55	0.0069200731141958695
15.5625	0.00695562426463186
15.575	0.0069914876026852335
15.5875	0.007027666619323364
15.6	0.007064164852403967
15.6125	0.007100985887375798
15.625	0.007138133357990831
15.6375	0.007175610947027873
15.65	0.0072134223870281905
15.6625	0.007251571461042904
15.675	0.007290062003392705
15.6875	0.007328897900440047
15.7	0.007368083091373803
15.7125	0.007407621569006862
15.725	0.007447517380586905
15.7375	0.007487774628620304
15.75	0.0075283974717097295
15.7625	0.007569390125405326
15.775	0.007610756863070309
15.7875	0.007652502016760269
15.8	0.007694629978117493
15.8125	0.007737145199279782
15.825	0.007780052193804476
15.8375	0.007823355537607601
15.85	0.007867059869918848
15.8625	0.007911169894251951
15.875	0.007955690379391712
15.8875	0.00800062616039721
15.9	0.008045982139621677
15.9125	0.00809176328774934
15.925	0.008137974644849786
15.9375	0.008184621321449622
15.95	0.008231708499622572
15.9625	0.00827924143409705
15.975	0.008327225453383276
15.9875	0.008375665960918214
16.0	0.008424568436230703
16.0125	0.008473938436125652
16.025	0.008523781595888307
16.0375	0.008574103630508789
16.05	0.008624910335927329
16.0625	0.00867620759030053
16.075	0.008728001355288959
16.0875	0.008780297677366612
16.1	0.008833102689152612
16.1125	0.00888642261076527
16.125	0.00894026375119944
16.1375	0.008994632509726999
16.15	0.009049535377321342
16.1625	0.00910497893810616
16.175	0.009160969870828558
16.1875	0.009217514950357913
16.2	0.009274621049209852
16.2125	0.00933229513909637
16.225	0.009390544292502821
16.2375	0.009449375684291356
16.25	0.00950879659333245
16.2625	0.0095688144041641
16.275	0.009629436608679562
16.2875	0.009690670807844292
16.3	0.009752524713442344
16.3125	0.009815006149852815
16.325	0.009878123055857141
16.3375	0.009941883486477444
16.35	0.010006295614846797
16.3625	0.010071367734111655
16.375	0.010137108259367686
16.3875	0.010203525729628503
16.4	0.010270628809829364
16.4125	0.010338426292865058
16.425	0.010406927101663525
16.4375	0.010476140291295616
16.45	0.010546075051121548
16.4625	0.010616740706974815
16.475	0.010688146723384225
16.4875	0.010760302705834847
16.5	0.0108332184030686
16.5125	0.010906903709424714
16.525	0.010981368667221955
16.5375	0.011056623469181981
16.55	0.011132678460895547
16.5625	0.011209544143332133
16.575	0.011287231175393792
16.5875	0.011365750376513552
16.6	0.011445112729300318
16.6125	0.011525329382229702
16.625	0.011606411652383219
16.6375	0.011688371028235209
16.65	0.011771219172489356
16.6625	0.01185496792496564
16.675	0.011939629305538107
16.6875	0.012025215517125265
16.7	0.012111738948733046
16.7125	0.012199212178552316
16.725	0.012287647977111316
16.7375	0.012377059310484294
16.75	0.012467459343557462
16.7625	0.01255886144335292
16.775	0.012651279182412375
16.7875	0.012744726342241143
16.8	0.012839216916813551
16.8125	0.01293476511614169
16.825	0.013031385369907573
16.8375	0.013129092331160785
16.85	0.013227900880082527
16.8625	0.013327826127816978
16.875	0.0134288834203722
16.8875	0.013531088342590645
16.9	0.01363445672219164
16.9125	0.013739004633886566
16.925	0.01384474840356836
16.9375	0.013951704612576832
16.95	0.0140598901020409
16.9625	0.01416932197729978
16.975	0.014280017612403668
16.9875	0.014391994654696452
17.0	0.01450527102948173
17.0125	0.014619864944772975
17.025	0.014735794896130555
17.0375	0.014853079671586474
17.05	0.01497173835665876
17.0625	0.015091790339457387
17.075	0.01521325531588321
17.0875	0.015336153294921514
17.1	0.015460504604032877
17.1125	0.015586329894641898
17.125	0.01571365014772653
17.1375	0.0158424866795103
17.15	0.015972861147257704
17.1625	0.016104795555177055
17.175	0.016238312260430803
17.1875	0.016373433979256717
17.2	0.016510183793201363
17.2125	0.016648585155468312
17.225	0.01678866189738333
17.2375	0.01693043823497808
17.25	0.01707393877569653
17.2625	0.017219188525223344
17.275	0.0173662128944399
17.2875	0.017515037706508155
17.3	0.01766568920408515
17.3125	0.017818194056672124
17.325	0.01797257936809877
17.3375	0.01812887268414638
17.35	0.01828710200031297
17.3625	0.01844729576972187
17.375	0.01860948291117768
17.3875	0.018773692817371464
17.4	0.018939955363239457
17.4125	0.019108300914476344
17.425	0.019278760336208026
17.4375	0.019451365001825646
17.45	0.01962614680198415
17.4625	0.019803138153769963
17.475	0.019982372010038458
17.4875	0.020163881868927064
17.5	0.020347701783545915
17.5125	0.02053386637185046
17.525	0.020722410826698127
17.5375	0.02091337092609449
17.55	0.021106783043630686
17.5625	0.021302684159118058
17.575	0.021501111869421274
17.5875	0.021702104399496176
17.6	0.02190570061363475
17.6125	0.022111940026921063
17.625	0.022320862816905176
17.6375	0.022532509835494666
17.65	0.022746922621071912
17.6625	0.02296414341083966
17.675	0.02318421515339965
17.6875	0.023407181521569342
17.7	0.023633086925440822
17.7125	0.023861976525686626
17.725	0.024093896247117913
17.7375	0.02432889279249896
17.75	0.024567013656624472
17.7625	0.024808307140663156
17.775	0.025052822366773975
17.7875	0.025300609292999966
17.8	0.025551718728444767
17.8125	0.025806202348738764
17.825	0.02606411271179856
17.8375	0.026325503273887014
17.85	0.026590428405979288
17.8625	0.026858943410440556
17.875	0.027131104538022106
17.8875	0.02740696900518273
17.9	0.02768659501173882
17.9125	0.0279700417588539
17.925	0.02825736946737086
17.9375	0.028548639396495545
17.95	0.02884391386283786
17.9625	0.029143256259817407
17.975	0.029446731077441095
17.9875	0.02975440392246051
18.0	0.030066341538915253
18.0125	0.03038261182907115
18.025	0.030703283874760824
18.0375	0.03102842795913397
18.05	0.03135811558882585
18.0625	0.03169241951655345
18.075	0.03203141376414434
18.0875	0.032375173646012174
18.1	0.03272377579308204
18.1125	0.033077298177177555
18.125	0.03343582013588018
18.1375	0.03379942239786659
18.15	0.034168187108735905
18.1625	0.03454219785733646
18.175	0.03492153970260027
18.1875	0.03530629920089859
18.2	0.03569656443392501
18.2125	0.03609242503711946
18.225	0.036493972228642965
18.2375	0.0369012988389126
18.25	0.03731449934071124
18.2625	0.03773366987988042
18.275	0.0381589083066085
18.2875	0.03859031420732819
18.3	0.039027988937231306
18.3125	0.03947203565341843
18.325	0.03992255934869128
18.3375	0.04037966688600406
18.35	0.04084346703358377
18.3625	0.04131407050073667
18.375	0.041791589974350674
18.3875	0.0422761401561114
18.4	0.04276783780044138
18.4125	0.043266801753182905
18.425	0.043773152991032745
18.4375	0.04428701466174992
18.45	0.044808512125147394
18.4625	0.04533777299488676
18.475	0.04587492718108798
18.4875	0.04642010693377504
18.5	0.046973446887171755
18.5125	0.04753508410486421
18.525	0.04810515812584923
18.5375	0.04868381101148414
18.55	0.04927118739335787
18.5625	0.04986743452210282
18.575	0.05047270231716157
18.5875	0.05108714341753397
18.6	0.05171091323351885
18.6125	0.052344169999473084
18.625	0.05298707482760947
18.6375	0.05363979176285082
18.65	0.054302487838763555
18.6625	0.05497533313459443
18.675	0.05565850083342701
18.6875	0.056352167281487196
18.7	0.05705651204861586
18.7125	0.057771717989933635
18.725	0.058497971308723744
18.7375	0.05923546162055175
18.75	0.059984382018656864
18.7625	0.060744929140629095
18.775	0.06151730323640669
18.7875	0.062301708237616577
18.8	0.06309835182828472
18.8125	0.06390744551694721
18.825	0.06472920471018602
18.8375	0.06556384878762078
18.85	0.06641160117838639
18.8625	0.06727268943912232
18.875	0.0681473453335127
18.8875	0.06903580491339745
18.9	0.06993830860149457
18.9125	0.07085510127576301
18.925	0.07178643235543894
18.9375	0.07273255588878068
18.95	0.07369373064255492
18.9625	0.07467022019330159
18.975	0.07566229302041094
18.9875	0.07667022260105195
19.0	0.07769428750698733
19.0125	0.0787347715033159
19.025	0.07979196364917737
19.0375	0.08086615840046364
19.05	0.08195765571457272
19.0625	0.08306676115725364
19.075	0.08419378601157455
19.0875	0.08533904738906654
19.1	0.08650286834308278
19.1125	0.08768557798441559
19.125	0.08888751159922398
19.1375	0.09010901076931306
19.15	0.09135042349481368
19.1625	0.0926121043193124
19.175	0.09389441445748038
19.1875	0.0951977219252549
19.2	0.0965224016726188
19.2125	0.09786883571903918
19.225	0.09923741329161076
19.2375	0.10062853096596379
19.25	0.1020425928099952
19.2625	0.1034800105304712
19.275	0.1049412036225709
19.2875	0.10642659952242028
19.3	0.10793663376268446
19.3125	0.10947175013128056
19.325	0.11103240083326595
19.3375	0.11261904665597895
19.35	0.1142321571374897
19.3625	0.11587221073842625
19.375	0.11753969501725768
19.3875	0.11923510680908984
19.4	0.1209589524080506
19.4125	0.1227117477533439
19.425	0.12449401861903503
19.4375	0.12630630080765498
19.45	0.12814914034769462
19.4625	0.13002309369506976
19.475	0.13192872793863986
19.4875	0.13386662100985447
19.5	0.1358373618966302
19.5125	0.13784155086152153
19.525	0.13987979966428984
19.5375	0.14195273178895376
19.55	0.14406098267540904
19.5625	0.14620519995572298
19.575	0.1483860436951828
19.5875	0.1506041866382069
19.6	0.15286031445921777
19.6125	0.1551551260185637
19.625	0.1574893336236172
19.6375	0.15986366329513207
19.65	0.16227885503897768
19.6625	0.16473566312336219
19.675	0.16723485636164798
19.6875	0.1697772184008862
19.7	0.17236354801617396
19.7125	0.17499465941096018
19.725	0.17767138252342524
19.7375	0.1803945633390461
19.75	0.1831650642094898
19.7625	0.18598376417795232
19.775	0.1888515593110757
19.7875	0.1917693630375882
19.8	0.19473810649378584
19.8125	0.19775873887602416
19.825	0.2008322278003292
19.8375	0.20395955966930204
19.85	0.20714174004645008
19.8625	0.21037979403810156
19.875	0.21367476668306284
19.8875	0.21702772335017098
19.9	0.22043975014389858
19.9125	0.22391195431819838
19.925	0.22744546469871899
19.9375	0.2310414321136079
19.95	0.23470102983303417
19.9625	0.2384254540176459
19.975	0.24221592417611826
19.9875	0.24607368363199253
20.0	0.24999999999999828
