0.0	0.24999999999999922
0.000625	0.24991479345583473
0.00125	0.2498297167628762
0.001875	0.24974476982842603
0.0025	0.24965995255988813
0.003125	0.24957526486484707
0.00375	0.24949070665101417
0.004375	0.24940627782627178
0.005	0.24932197829864883
0.005625	0.24923780797631506
0.00625	0.24915376676760553
0.006875	0.2490698545809806
0.0075	0.24898607132507092
0.008125	0.2489024169086489
0.00875	0.24881889124063328
0.009375	0.24873549423010038
0.01	0.24865222578627214
0.010625	0.24856908581850817
0.01125	0.24848607423633445
0.011875	0.24840319094941635
0.0125	0.2483204358675679
0.013125	0.2482378089007535
0.01375	0.24815530995908244
0.014375	0.24807293895281082
0.015	0.24799069579235075
0.015625	0.24790858038824432
0.01625	0.2478265926512226
0.016875	0.24774473249210374
0.0175	0.24766299982189768
0.018125	0.24758139455175565
0.01875	0.24749991659295736
0.019375	0.2474185658569446
0.02	0.24733734225530923
0.020625	0.2472562456997708
0.02125	0.24717527610221446
0.021875	0.24709443337465534
0.0225	0.2470137174292852
0.023125	0.24693312817840252
0.02375	0.24685266553447474
0.024375	0.24677232941011587
0.025	0.246692119718073
0.025625	0.24661203637124698
0.02625	0.24653207928268644
0.026875	0.24645224836557958
0.0275	0.24637254353326515
0.028125	0.24629296469922357
0.02875	0.2462135117770728
0.029375	0.2461341846805994
0.03	0.24605498332370684
0.030625	0.24597590762045626
0.03125	0.24589695748505572
0.031875	0.24581813283185935
0.0325	0.24573943357535083
0.033125	0.2456608596301614
0.03375	0.24558241091108873
0.034375	0.24550408733304738
0.035	0.2454258888111056
0.035625	0.24534781526047694
0.03625	0.2452698665965198
0.036875	0.2451920427347273
0.0375	0.2451143435907421
0.038125	0.24503676908035046
0.03875	0.24495931911948238
0.039375	0.24488199362420224
0.04	0.24480479251073287
0.040625	0.24472771569541896
0.04125	0.2446507630947624
0.041875	0.24457393462540375
0.0425	0.2444972302041299
0.043125	0.24442064974786007
0.04375	0.2443441931736556
0.044375	0.24426786039873874
0.045	0.24419165134044987
0.045625	0.24411556591627345
0.04625	0.24403960404385652
0.046875	0.2439637656409695
0.0475	0.2438880506255224
0.048125	0.24381245891556733
0.04875	0.24373699042931218
0.049375	0.24366164508508484
0.05	0.24358642280137582
0.050625	0.2435113234967979
0.05125	0.24343634709010548
0.051875	0.24336149350019734
0.0525	0.24328676264613375
0.053125	0.24321215444706867
0.05375	0.24313766882233878
0.054375	0.24306330569139586
0.055	0.24298906497383435
0.055625	0.24291494658940627
0.05625	0.24284095045798137
0.056875	0.24276707649958174
0.0575	0.24269332463436427
0.058125	0.24261969478261994
0.05875	0.24254618686479085
0.059375	0.24247280080144626
0.06	0.24239953651329896
0.060625	0.24232639392121125
0.06125	0.24225337294615124
0.061875	0.24218047350926186
0.0625	0.2421076955318081
0.063125	0.24203503893519354
0.06375	0.24196250364095945
0.064375	0.2418900895707902
0.065	0.24181779664649952
0.065625	0.24174562479004444
0.06625	0.24167357392351937
0.066875	0.2416016439691565
0.0675	0.24152983484931972
0.068125	0.24145814648652364
0.06875	0.24138657880340061
0.069375	0.24131513172274166
0.07	0.24124380516745408
0.070625	0.2411725990605872
0.07125	0.24110151332534627
0.071875	0.24103054788504
0.0725	0.24095970266314962
0.073125	0.24088897758326333
0.07375	0.24081837256912172
0.074375	0.240747887544581
0.075	0.24067752243367968
0.075625	0.24060727716052394
0.07625	0.2405371516494182
0.076875	0.2404671458247762
0.0775	0.2403972596111336
0.078125	0.2403274929331832
0.07875	0.24025784571574701
0.079375	0.2401883178837827
0.08	0.24011890936237915
0.080625	0.24004962007675928
0.08125	0.23998044995229315
0.081875	0.23991139891446248
0.0825	0.23984246688891023
0.083125	0.23977365380139726
0.08375	0.2397049595778143
0.084375	0.23963638414420194
0.085	0.23956792742673436
0.085625	0.2394995893517012
0.08625	0.2394313698455446
0.086875	0.2393632688348324
0.0875	0.23929528624626195
0.088125	0.23922742200667813
0.08875	0.2391596760430503
0.089375	0.2390920482824793
0.09	0.23902453865220388
0.090625	0.23895714707959279
0.09125	0.23888987349214263
0.091875	0.23882271781750317
0.0925	0.23875567998343672
0.093125	0.23868875991784058
0.09375	0.23862195754875515
0.094375	0.23855527280434066
0.095	0.23848870561291022
0.095625	0.23842225590288502
0.09625	0.23835592360282934
0.096875	0.238289708641437
0.0975	0.23822361094754546
0.098125	0.2381576304501063
0.09875	0.23809176707821814
0.099375	0.23802602076109533
0.1	0.23796039142810102
0.100625	0.23789487900871847
0.10125	0.23782948343255764
0.101875	0.23776420462938197
0.1025	0.23769904252906474
0.103125	0.2376339970616215
0.10375	0.2375690681571862
0.104375	0.2375042557460315
0.105	0.23743955975858155
0.105625	0.23737498012535074
0.10625	0.2373105167770074
0.106875	0.23724616964434675
0.1075	0.23718193865830756
0.108125	0.23711782374992887
0.10875	0.23705382485040755
0.109375	0.23698994189105504
0.11	0.23692617480332567
0.110625	0.2368625235187838
0.11125	0.23679898796913695
0.111875	0.236735568086227
0.1125	0.23667226380201434
0.113125	0.23660907504859824
0.11375	0.23654600175820126
0.114375	0.23648304386317842
0.115	0.23642020129600055
0.115625	0.23635747398928772
0.11625	0.23629486187577886
0.116875	0.23623236488834215
0.1175	0.23616998295997987
0.118125	0.2361077160238131
0.11875	0.2360455640130936
0.119375	0.23598352686121066
0.12	0.23592160450167832
0.120625	0.23585979686812625
0.12125	0.2357981038943265
0.121875	0.23573652551418003
0.1225	0.23567506166170338
0.123125	0.2356137122710526
0.12375	0.23555247727650575
0.124375	0.23549135661246984
0.125	0.23543035021348452
0.125625	0.23536945801419923
0.12625	0.23530867994941695
0.126875	0.2352480159540453
0.1275	0.23518746596312948
0.128125	0.23512702991184709
0.12875	0.23506670773549157
0.129375	0.23500649936948032
0.13	0.23494640474937947
0.130625	0.23488642381085498
0.13125	0.23482655648970713
0.131875	0.23476680272188316
0.1325	0.23470716244343515
0.133125	0.23464763559053967
0.13375	0.23458822209951571
0.134375	0.23452892190679453
0.135	0.234469734948946
0.135625	0.23441066116264134
0.13625	0.2343517004847073
0.136875	0.2342928528520866
0.1375	0.23423411820183587
0.138125	0.23417549647114677
0.13875	0.23411698759734656
0.139375	0.23405859151785727
0.14	0.23400030817026415
0.140625	0.23394213749224185
0.14125	0.23388407942162442
0.141875	0.23382613389635185
0.1425	0.23376830085448103
0.143125	0.23371058023420677
0.14375	0.23365297197385623
0.144375	0.23359547601186098
0.145	0.23353809228678463
0.145625	0.23348082073732151
0.14625	0.23342366130228356
0.146875	0.23336661392062027
0.1475	0.23330967853138185
0.148125	0.23325285507375063
0.14875	0.2331961434870547
0.149375	0.23313954371072954
0.15	0.23308305568431562
0.150625	0.2330266793475093
0.15125	0.23297041464011017
0.151875	0.23291426150204853
0.1525	0.23285821987338257
0.153125	0.2328022896942803
0.15375	0.2327464709050521
0.154375	0.23269076344611878
0.155	0.2326351672580166
0.155625	0.23257968228142167
0.15625	0.2325243084571302
0.156875	0.23246904572604551
0.1575	0.2324138940292159
0.158125	0.23235885330779463
0.15875	0.23230392350306886
0.159375	0.23224910455644143
0.16	0.23219439640944736
0.160625	0.23213979900371523
0.16125	0.23208531228104642
0.161875	0.2320309361833172
0.1625	0.231976670652549
0.163125	0.23192251563087818
0.16375	0.2318684710605627
0.164375	0.23181453688398826
0.165	0.23176071304366033
0.165625	0.23170699948220885
0.16625	0.2316533961423673
0.166875	0.23159990296701033
0.1675	0.2315465198991388
0.168125	0.23149324688183712
0.16875	0.23144008385837064
0.169375	0.23138703077207082
0.17	0.2313340875664124
0.170625	0.2312812541850021
0.17125	0.23122853057154485
0.171875	0.2311759166698928
0.1725	0.23112341242399054
0.173125	0.2310710177779242
0.17375	0.23101873267587913
0.174375	0.23096655706219063
0.175	0.23091449088129434
0.175625	0.23086253407774787
0.17625	0.23081068659623072
0.176875	0.23075894838155553
0.1775	0.23070731937861488
0.178125	0.23065579953248044
0.17875	0.23060438878829648
0.179375	0.23055308709134434
0.18	0.2305018943870293
0.180625	0.23045081062086437
0.18125	0.2303998357384934
0.181875	0.23034896968567384
0.1825	0.2302982124082827
0.183125	0.23024756385231696
0.18375	0.23019702396390007
0.184375	0.23014659268925292
0.185	0.23009626997474658
0.185625	0.23004605576684456
0.18625	0.22999595001214151
0.186875	0.22994595265736167
0.1875	0.22989606364932083
0.188125	0.2298462829349714
0.18875	0.22979661046138267
0.189375	0.22974704617573982
0.19	0.2296975900253498
0.190625	0.22964824195763536
0.19125	0.22959900192013508
0.191875	0.22954986986050543
0.1925	0.2295008457265362
0.193125	0.22945192946611706
0.19375	0.22940312102726618
0.194375	0.22935442035810363
0.195	0.22930582740689118
0.195625	0.22925734212199125
0.19625	0.22920896445188801
0.196875	0.22916069434519273
0.1975	0.22911253175060936
0.198125	0.22906447661699067
0.19875	0.2290165288932885
0.199375	0.22896868852856958
0.2	0.22892095547202804
0.200625	0.22887332967296858
0.20125	0.2288258110808283
0.201875	0.22877839964513502
0.2025	0.2287310953155442
0.203125	0.22868389804183406
0.20375	0.22863680777389994
0.204375	0.22858982446174952
0.205	0.22854294805550543
0.205625	0.22849617850541795
0.20625	0.2284495157618224
0.206875	0.22840295977522124
0.2075	0.22835651049619357
0.208125	0.22831016787544126
0.20875	0.22826393186379318
0.209375	0.2282178024121903
0.21	0.22817177947168565
0.210625	0.22812586299345047
0.21125	0.22808005292877742
0.211875	0.22803434922906365
0.2125	0.2279887518458275
0.213125	0.22794326073070592
0.21375	0.2278978758354596
0.214375	0.227852597111935
0.215	0.22780742451213296
0.215625	0.22776235798813738
0.21625	0.22771739749216405
0.216875	0.22767254297654616
0.2175	0.22762779439371802
0.218125	0.22758315169624424
0.21875	0.22753861483678994
0.219375	0.22749418376815964
0.22	0.227449858443239
0.220625	0.22740563881505382
0.22125	0.22736152483673136
0.221875	0.22731751646153156
0.2225	0.2272736136427976
0.223125	0.22722981633403028
0.22375	0.2271861244887983
0.224375	0.22714253806081866
0.225	0.22709905700390517
0.225625	0.22705568127200007
0.22625	0.22701241081914503
0.226875	0.22696924559951356
0.2275	0.2269261855673694
0.228125	0.22688323067710373
0.22875	0.22684038088323577
0.229375	0.2267976361403727
0.23	0.22675499640324992
0.230625	0.22671246162671685
0.23125	0.22667003176572553
0.231875	0.22662770677535582
0.2325	0.22658548661079764
0.233125	0.2265433712273474
0.23375	0.2265013605804259
0.234375	0.22645945462554948
0.235	0.22641765331837188
0.235625	0.22637595661463347
0.23625	0.22633436447021826
0.236875	0.2262928768410927
0.2375	0.22625149368335834
0.238125	0.22621021495322874
0.23875	0.22616904060699894
0.239375	0.22612797060113088
0.24	0.22608700489215447
0.240625	0.22604614343673018
0.24125	0.22600538619162341
0.241875	0.22596473311372528
0.2425	0.22592418416003227
0.243125	0.22588373928764394
0.24375	0.22584339845379836
0.244375	0.2258031616158105
0.245	0.22576302873113607
0.245625	0.22572299975732601
0.24625	0.2256830746520528
0.246875	0.22564325337310867
0.2475	0.2256035358783754
0.248125	0.2255639221258671
0.24875	0.2255244120736826
0.249375	0.22548500568007948
0.25	0.22544570290338994
0.250625	0.22540650370205173
0.25125	0.22536740803465702
0.251875	0.22532841585985575
0.2525	0.22528952713645103
0.253125	0.22525074182334892
0.25375	0.22521205987954696
0.254375	0.22517348126417155
0.255	0.22513500593645844
0.255625	0.22509663385575326
0.25625	0.22505836498151938
0.256875	0.22502019927331074
0.2575	0.22498213669081166
0.258125	0.22494417719381074
0.25875	0.22490632074221684
0.259375	0.224868567296037
0.26	0.22483091681538503
0.260625	0.2247933692605031
0.26125	0.22475592459172908
0.261875	0.22471858276952378
0.2625	0.22468134375445398
0.263125	0.22464420750718955
0.26375	0.2246071739885222
0.264375	0.2245702431593467
0.265	0.22453341498066215
0.265625	0.2244966894135976
0.26625	0.22446006641937225
0.266875	0.22442354595932884
0.2675	0.2243871279949239
0.268125	0.2243508124876984
0.26875	0.2243145993993316
0.269375	0.22427848869159434
0.27	0.22424248032638014
0.270625	0.22420657426569468
0.27125	0.22417077047162925
0.271875	0.2241350689064116
0.2725	0.2240994695323664
0.273125	0.22406397231193995
0.27375	0.22402857720765498
0.274375	0.22399328418219486
0.275	0.22395809319830973
0.275625	0.22392300421888095
0.27625	0.22388801720688273
0.276875	0.2238531321254245
0.2775	0.2238183489376991
0.278125	0.22378366760701845
0.27875	0.22374908809681432
0.279375	0.223714610370611
0.28	0.22368023439203719
0.280625	0.22364596012485785
0.28125	0.22361178753292657
0.281875	0.22357771658020492
0.2825	0.22354374723076825
0.283125	0.22350987944879847
0.28375	0.2234761131986035
0.284375	0.22344244844457556
0.285	0.22340888515121876
0.285625	0.22337542328316068
0.28625	0.2233420628051271
0.286875	0.2233088036819438
0.2875	0.22327564587857113
0.288125	0.22324258936005448
0.28875	0.22320963409154923
0.289375	0.22317678003833
0.29	0.2231440271657823
0.290625	0.22311137543937504
0.29125	0.22307882482471605
0.291875	0.22304637528750165
0.2925	0.22301402679353763
0.293125	0.22298177930875257
0.29375	0.22294963279916047
0.294375	0.22291758723089988
0.295	0.2228856425702209
0.295625	0.22285379878346312
0.29625	0.22282205583707973
0.296875	0.222790413697645
0.2975	0.22275887233182415
0.298125	0.22272743170640172
0.29875	0.22269609178826932
0.299375	0.22266485254440965
0.3	0.22263371394193926
0.300625	0.22260267594804875
0.30125	0.2225717385300801
0.301875	0.22254090165543194
0.3025	0.22251016529166284
0.303125	0.22247952940638563
0.30375	0.22244899396736312
0.304375	0.22241855894244253
0.305	0.2223882242995869
0.305625	0.22235799000686143
0.30625	0.22232785603243949
0.306875	0.22229782234460768
0.3075	0.22226788891174282
0.308125	0.22223805570234645
0.30875	0.22220832268502272
0.309375	0.22217868982847946
0.31	0.22214915710152452
0.310625	0.22211972447308895
0.31125	0.22209039191219077
0.311875	0.22206115938797671
0.3125	0.2220320268696774
0.313125	0.22200299432664802
0.31375	0.22197406172833503
0.314375	0.22194522904430944
0.315	0.2219164962442279
0.315625	0.22188786329786878
0.31625	0.22185933017510873
0.316875	0.22183089684594207
0.3175	0.2218025632804426
0.318125	0.22177432944882375
0.31875	0.22174619532138715
0.319375	0.22171816086854354
0.32	0.2216902260608015
0.320625	0.22166239086878425
0.32125	0.2216346552632262
0.321875	0.22160701921495146
0.3225	0.2215794826949126
0.323125	0.22155204567413608
0.32375	0.22152470812379535
0.324375	0.22149747001512612
0.325	0.22147033131950997
0.325625	0.22144329200839905
0.32625	0.2214163520533734
0.326875	0.22138951142610644
0.3275	0.22136277009839306
0.328125	0.22133612804211486
0.32875	0.22130958522926494
0.329375	0.2212831416319489
0.33	0.2212567972223702
0.330625	0.22123055197284286
0.33125	0.2212044058557799
0.331875	0.22117835884370485
0.3325	0.22115241090924412
0.333125	0.22112656202512856
0.33375	0.22110081216419908
0.334375	0.22107516129938656
0.335	0.22104960940375526
0.335625	0.221024156450434
0.33625	0.22099880241269937
0.336875	0.22097354726390422
0.3375	0.22094839097751837
0.338125	0.22092333352711413
0.33875	0.22089837488635453
0.339375	0.2208735150290338
0.34	0.2208487539290424
0.340625	0.2208240915603482
0.34125	0.22079952789706841
0.341875	0.22077506291339022
0.3425	0.22075069658361574
0.343125	0.2207264288821582
0.34375	0.22070225978353553
0.344375	0.22067818926234767
0.345	0.22065421729333387
0.345625	0.22063034385131372
0.34625	0.22060656891121183
0.346875	0.22058289244806661
0.3475	0.22055931443701945
0.348125	0.22053583485330705
0.34875	0.22051245367228364
0.349375	0.2204891708693996
0.35	0.22046598642020182
0.350625	0.22044290030035232
0.35125	0.22041991248561982
0.351875	0.22039702295186742
0.3525	0.22037423167506567
0.353125	0.22035153863128581
0.35375	0.22032894379672174
0.354375	0.22030644714763542
0.355	0.22028404866042964
0.355625	0.2202617483115871
0.35625	0.2202395460777075
0.356875	0.22021744193547724
0.3575	0.22019543586171572
0.358125	0.22017352783330776
0.35875	0.2201517178272664
0.359375	0.2201300058207258
0.36	0.2201083917908751
0.360625	0.22008687571504643
0.36125	0.22006545757065468
0.361875	0.22004413733523512
0.3625	0.220022914986411
0.363125	0.22000179050192253
0.36375	0.21998076385959534
0.364375	0.21995983503737718
0.365	0.21993900401331265
0.365625	0.21991827076552767
0.36625	0.21989763527229642
0.366875	0.21987709751196913
0.3675	0.21985665746298055
0.368125	0.21983631510391052
0.36875	0.21981607041341336
0.369375	0.2197959233702556
0.37	0.21977587395330045
0.370625	0.2197559221415178
0.37125	0.21973606791399486
0.371875	0.21971631124989302
0.3725	0.21969665212850092
0.373125	0.21967709052919784
0.37375	0.2196576264314656
0.374375	0.21963825981490204
0.375	0.2196189906591922
0.375625	0.2195998189441303
0.37625	0.2195807446496107
0.376875	0.2195617677556359
0.3775	0.21954288824230644
0.378125	0.21952410608982562
0.37875	0.21950542127849848
0.379375	0.2194868337887461
0.38	0.21946834360106143
0.380625	0.21944995069607873
0.38125	0.21943165505450238
0.381875	0.21941345665715004
0.3825	0.21939535548496644
0.383125	0.219377351518948
0.38375	0.21935944474023444
0.384375	0.21934163513005409
0.385	0.2193239226697339
0.385625	0.2193063073407204
0.38625	0.21928878912454183
0.386875	0.21927136800282387
0.3875	0.21925404395732573
0.388125	0.21923681696988442
0.38875	0.2192196870224392
0.389375	0.2192026540970528
0.39	0.21918571817584753
0.390625	0.21916887924111045
0.39125	0.21915213727515773
0.391875	0.21913549226046833
0.3925	0.219118944179601
0.393125	0.21910249301519194
0.39375	0.21908613875002758
0.394375	0.21906988136696257
0.395	0.21905372084895355
0.395625	0.21903765717908233
0.39625	0.21902169034051044
0.396875	0.2190058203165022
0.3975	0.21899004709043968
0.398125	0.21897437064579392
0.39875	0.21895879096615103
0.399375	0.21894330803516757
0.4	0.21892792183663765
0.400625	0.2189126323544403
0.40125	0.21889743957255473
0.401875	0.21888234347507793
0.4025	0.2188673440461741
0.403125	0.21885244127015116
0.40375	0.21883763513138732
0.404375	0.21882292561437758
0.405	0.21880831270371115
0.405625	0.21879379638408747
0.40625	0.2187793766402994
0.406875	0.21876505345723982
0.4075	0.21875082681991692
0.408125	0.21873669671341953
0.40875	0.21872266312295868
0.409375	0.21870872603382618
0.41	0.21869488543143178
0.410625	0.21868114130128016
0.41125	0.2186674936289814
0.411875	0.21865394240023422
0.4125	0.21864048760085283
0.413125	0.2186271292167536
0.41375	0.2186138672339397
0.414375	0.21860070163852388
0.415	0.2185876324167277
0.415625	0.2185746595548574
0.41625	0.21856178303933388
0.416875	0.21854900285668286
0.4175	0.21853631899350226
0.418125	0.21852373143652665
0.41875	0.21851124017257673
0.419375	0.2184988451885685
0.42	0.2184865464715282
0.420625	0.21847434400857424
0.42125	0.2184622377869398
0.421875	0.21845022779394874
0.4225	0.2184383140170188
0.423125	0.2184264964436878
0.42375	0.21841477506158333
0.424375	0.21840314985842466
0.425	0.21839162082205865
0.425625	0.21838018794040537
0.42625	0.21836885120149585
0.426875	0.21835761059346803
0.4275	0.2183464661045556
0.428125	0.2183354177230867
0.42875	0.2183244654375124
0.429375	0.21831360923634174
0.43	0.21830284910824174
0.430625	0.21829218504192907
0.43125	0.21828161702624926
0.431875	0.21827114505013714
0.4325	0.21826076910264297
0.433125	0.21825048917289078
0.43375	0.21824030525013585
0.434375	0.2182302173237187
0.435	0.21822022538307384
0.435625	0.21821032941774626
0.43625	0.21820052941737925
0.436875	0.2181908253717244
0.4375	0.21818121727061696
0.438125	0.21817170510400333
0.43875	0.21816228886193081
0.439375	0.21815296853454605
0.44	0.21814374411210313
0.440625	0.21813461558493336
0.44125	0.2181255829434928
0.441875	0.21811664617833554
0.4425	0.21810780528009713
0.443125	0.2180990602395364
0.44375	0.2180904110474922
0.444375	0.21808185769493368
0.445	0.21807340017288934
0.445625	0.2180650384725204
0.44625	0.21805677258508038
0.446875	0.21804860250191177
0.4475	0.21804052821447467
0.448125	0.21803254971432307
0.44875	0.21802466699309628
0.449375	0.21801688004255151
0.45	0.21800918885454867
0.450625	0.2180015934210368
0.45125	0.2179940937340638
0.451875	0.21798668978579439
0.4525	0.21797938156847566
0.453125	0.21797216907446143
0.45375	0.2179650522962028
0.454375	0.21795803122626878
0.455	0.2179511058572954
0.455625	0.21794427618205092
0.45625	0.21793754219338235
0.456875	0.21793090388424924
0.4575	0.21792436124770925
0.458125	0.21791791427691728
0.45875	0.21791156296512068
0.459375	0.21790530730568497
0.46	0.217899147292059
0.460625	0.21789308291780796
0.46125	0.2178871141765815
0.461875	0.21788124106213286
0.4625	0.2178754635683295
0.463125	0.2178697816891088
0.46375	0.217864195418553
0.464375	0.21785870475080285
0.465	0.21785330968010902
0.465625	0.21784801020084402
0.46625	0.21784280630745811
0.466875	0.21783769799450364
0.4675	0.21783268525664004
0.468125	0.2178277680886243
0.46875	0.21782294648532288
0.469375	0.21781822044166824
0.47	0.21781358995274377
0.470625	0.21780905501369346
0.47125	0.21780461561977218
0.471875	0.21780027176634328
0.4725	0.21779602344885196
0.473125	0.21779187066286937
0.47375	0.21778781340404266
0.474375	0.21778385166812986
0.475	0.21777998545099553
0.475625	0.2177762147485833
0.47625	0.21777253955695297
0.476875	0.21776895987226658
0.4775	0.2177654756907703
0.478125	0.2177620870088283
0.47875	0.21775879382290272
0.479375	0.21775559612953102
0.48	0.21775249392538068
0.480625	0.21774948720720672
0.48125	0.21774657597185684
0.481875	0.21774376021630118
0.4825	0.21774103993758173
0.483125	0.21773841513285885
0.48375	0.21773588579938857
0.484375	0.21773345193451593
0.485	0.21773111353571412
0.485625	0.21772887060051316
0.48625	0.21772672312658745
0.486875	0.21772467111168348
0.4875	0.21772271455365613
0.488125	0.21772085345046002
0.48875	0.21771908780015478
0.489375	0.2177174176008764
0.49	0.21771584285088708
0.490625	0.21771436354854828
0.49125	0.21771297969230408
0.491875	0.2177116912807125
0.4925	0.2177104983124187
0.493125	0.2177094007861758
0.49375	0.21770839870084735
0.494375	0.2177074920553757
0.495	0.21770668084881659
0.495625	0.21770596508031678
0.49625	0.21770534474912903
0.496875	0.2177048198546105
0.4975	0.2177043903962051
0.498125	0.21770405637346105
0.49875	0.21770381778604653
0.499375	0.21770367463369147
0.5	0.21770362691625272
0.500625	0.21770367463369295
0.50125	0.21770381778604594
0.501875	0.21770405637346152
0.5025	0.21770439039620354
0.503125	0.2177048198546082
0.50375	0.21770534474913192
0.504375	0.21770596508031623
0.505	0.2177066808488177
0.505625	0.2177074920553737
0.50625	0.21770839870084618
0.506875	0.21770940078617712
0.5075	0.21771049831241887
0.508125	0.2177116912807087
0.50875	0.21771297969230632
0.509375	0.21771436354854853
0.51	0.21771584285088988
0.510625	0.21771741760087684
0.51125	0.2177190878001505
0.511875	0.21772085345045677
0.5125	0.21772271455365455
0.513125	0.2177246711116835
0.51375	0.21772672312658453
0.514375	0.21772887060051538
0.515	0.2177311135357107
0.515625	0.217733451934518
0.51625	0.21773588579938913
0.516875	0.2177384151328595
0.5175	0.21774103993758478
0.518125	0.21774376021630223
0.51875	0.21774657597185626
0.519375	0.21774948720720833
0.52	0.21775249392538126
0.520625	0.21775559612953246
0.52125	0.21775879382290356
0.521875	0.21776208700882946
0.5225	0.21776547569077426
0.523125	0.21776895987226802
0.52375	0.21777253955695686
0.524375	0.21777621474858247
0.525	0.21777998545099647
0.525625	0.21778385166813186
0.52625	0.21778781340404652
0.526875	0.21779187066287206
0.5275	0.21779602344885485
0.528125	0.2178002717663442
0.52875	0.21780461561977368
0.529375	0.2178090550136919
0.53	0.21781358995274344
0.530625	0.21781822044167085
0.53125	0.21782294648531744
0.531875	0.21782776808862742
0.5325	0.21783268525664243
0.533125	0.2178376979945035
0.53375	0.2178428063074557
0.534375	0.21784801020084532
0.535	0.21785330968010944
0.535625	0.2178587047508018
0.53625	0.21786419541855212
0.536875	0.21786978168911042
0.5375	0.21787546356832665
0.538125	0.2178812410621313
0.53875	0.21788711417658088
0.539375	0.21789308291780468
0.54	0.2178991472920603
0.540625	0.2179053073056834
0.54125	0.21791156296512088
0.541875	0.21791791427691687
0.5425	0.2179243612477108
0.543125	0.21793090388424805
0.54375	0.2179375421933817
0.544375	0.21794427618205067
0.545	0.21795110585729707
0.545625	0.2179580312262701
0.54625	0.21796505229620428
0.546875	0.21797216907446068
0.5475	0.21797938156847818
0.548125	0.21798668978579586
0.54875	0.2179940937340649
0.549375	0.21800159342103528
0.55	0.21800918885454992
0.550625	0.21801688004255126
0.55125	0.21802466699309497
0.551875	0.2180325497143197
0.5525	0.21804052821447542
0.553125	0.2180486025019127
0.55375	0.21805677258507983
0.554375	0.21806503847252026
0.555	0.21807340017288931
0.555625	0.2180818576949339
0.55625	0.21809041104749355
0.556875	0.2180990602395371
0.5575	0.218107805280094
0.558125	0.21811664617833545
0.55875	0.21812558294349343
0.559375	0.21813461558493633
0.56	0.21814374411210272
0.560625	0.21815296853455068
0.56125	0.21816228886193073
0.561875	0.21817170510400483
0.5625	0.21818121727061474
0.563125	0.2181908253717244
0.56375	0.2182005294173802
0.564375	0.21821032941774687
0.565	0.21822022538307165
0.565625	0.21823021732371692
0.56625	0.2182403052501317
0.566875	0.2182504891728897
0.5675	0.21826076910264294
0.568125	0.21827114505013898
0.56875	0.21828161702625
0.569375	0.21829218504192674
0.57	0.21830284910824305
0.570625	0.21831360923634152
0.57125	0.21832446543751016
0.571875	0.21833541772308668
0.5725	0.21834646610455571
0.573125	0.21835761059346595
0.57375	0.21836885120149815
0.574375	0.218380187940405
0.575	0.2183916208220591
0.575625	0.21840314985842482
0.57625	0.21841477506158466
0.576875	0.21842649644369172
0.5775	0.21843831401701932
0.578125	0.2184502277939439
0.57875	0.21846223778694077
0.579375	0.218474344008575
0.58	0.21848654647152677
0.580625	0.21849884518856663
0.58125	0.21851124017257964
0.581875	0.21852373143652815
0.5825	0.21853631899350198
0.583125	0.21854900285668208
0.58375	0.21856178303933707
0.584375	0.2185746595548561
0.585	0.2185876324167288
0.585625	0.2186007016385271
0.58625	0.21861386723394277
0.586875	0.21862712921675287
0.5875	0.21864048760085217
0.588125	0.2186539424002342
0.58875	0.21866749362898016
0.589375	0.218681141301279
0.59	0.21869488543143284
0.590625	0.21870872603382407
0.59125	0.2187226631229565
0.591875	0.2187366967134187
0.5925	0.2187508268199184
0.593125	0.21876505345724276
0.59375	0.21877937664029845
0.594375	0.2187937963840902
0.595	0.21880831270370985
0.595625	0.2188229256143783
0.59625	0.21883763513138635
0.596875	0.21885244127014972
0.5975	0.21886734404617308
0.598125	0.21888234347507599
0.59875	0.21889743957255464
0.599375	0.21891263235443903
0.6	0.21892792183663837
0.600625	0.21894330803516754
0.60125	0.21895879096615106
0.601875	0.21897437064579459
0.6025	0.21899004709044007
0.603125	0.21900582031650243
0.60375	0.21902169034051322
0.604375	0.21903765717908463
0.605	0.21905372084895372
0.605625	0.21906988136696184
0.60625	0.21908613875002841
0.606875	0.21910249301519052
0.6075	0.21911894417960068
0.608125	0.2191354922604686
0.60875	0.21915213727515775
0.609375	0.2191688792411072
0.61	0.21918571817584648
0.610625	0.21920265409705095
0.61125	0.21921968702244168
0.611875	0.21923681696988692
0.6125	0.2192540439573254
0.613125	0.21927136800282257
0.61375	0.21928878912453992
0.614375	0.21930630734071754
0.615	0.2193239226697364
0.615625	0.21934163513005533
0.61625	0.21935944474023514
0.616875	0.21937735151894794
0.6175	0.219395355484966
0.618125	0.21941345665715406
0.61875	0.21943165505450501
0.619375	0.2194499506960786
0.62	0.21946834360106685
0.620625	0.21948683378874737
0.62125	0.21950542127849856
0.621875	0.2195241060898254
0.6225	0.2195428882423085
0.623125	0.21956176775563144
0.62375	0.21958074464961008
0.624375	0.21959981894413164
0.625	0.21961899065918952
0.625625	0.21963825981489968
0.62625	0.21965762643146522
0.626875	0.21967709052919707
0.6275	0.21969665212849906
0.628125	0.21971631124989552
0.62875	0.21973606791399367
0.629375	0.2197559221415166
0.63	0.21977587395329895
0.630625	0.21979592337025464
0.63125	0.2198160704134165
0.631875	0.2198363151039103
0.6325	0.21985665746297747
0.633125	0.21987709751197063
0.63375	0.21989763527229472
0.634375	0.2199182707655277
0.635	0.21993900401331304
0.635625	0.21995983503737537
0.63625	0.21998076385959656
0.636875	0.22000179050192373
0.6375	0.22002291498641136
0.638125	0.22004413733523703
0.63875	0.22006545757065593
0.639375	0.22008687571504587
0.64	0.22010839179087455
0.640625	0.22013000582072667
0.64125	0.2201517178272693
0.641875	0.2201735278333056
0.6425	0.2201954358617119
0.643125	0.2202174419354768
0.64375	0.22023954607770665
0.644375	0.22026174831158424
0.645	0.22028404866042925
0.645625	0.2203064471476373
0.64625	0.22032894379671952
0.646875	0.2203515386312884
0.6475	0.22037423167506745
0.648125	0.22039702295186653
0.64875	0.22041991248562118
0.649375	0.22044290030035465
0.65	0.22046598642020285
0.650625	0.22048917086940026
0.65125	0.2205124536722829
0.651875	0.22053583485331035
0.6525	0.22055931443702007
0.653125	0.220582892448068
0.65375	0.22060656891121216
0.654375	0.22063034385131358
0.655	0.22065421729333448
0.655625	0.22067818926234867
0.65625	0.22070225978353558
0.656875	0.22072642888216282
0.6575	0.22075069658361213
0.658125	0.22077506291338858
0.65875	0.22079952789706314
0.659375	0.22082409156034818
0.66	0.22084875392904157
0.660625	0.22087351502903874
0.66125	0.2208983748863537
0.661875	0.2209233335271136
0.6625	0.22094839097751875
0.663125	0.2209735472639052
0.66375	0.22099880241269837
0.664375	0.22102415645043758
0.665	0.22104960940375293
0.665625	0.22107516129938656
0.66625	0.22110081216419653
0.666875	0.2211265620251317
0.6675	0.22115241090924323
0.668125	0.2211783588437037
0.66875	0.22120440585577725
0.669375	0.2212305519728404
0.67	0.22125679722236719
0.670625	0.22128314163194843
0.67125	0.22130958522926325
0.671875	0.22133612804211572
0.6725	0.22136277009839087
0.673125	0.221389511426107
0.67375	0.22141635205337484
0.674375	0.22144329200840088
0.675	0.22147033131950702
0.675625	0.22149747001512904
0.67625	0.22152470812379332
0.676875	0.22155204567413778
0.6775	0.22157948269491076
0.678125	0.2216070192149534
0.67875	0.22163465526322795
0.679375	0.2216623908687845
0.68	0.2216902260608005
0.680625	0.22171816086854335
0.68125	0.22174619532138612
0.681875	0.22177432944882303
0.6825	0.2218025632804408
0.683125	0.22183089684593796
0.68375	0.22185933017510973
0.684375	0.2218878632978682
0.685	0.22191649624422966
0.685625	0.2219452290443089
0.68625	0.22197406172833833
0.686875	0.2220029943266484
0.6875	0.22203202686967805
0.688125	0.22206115938797885
0.68875	0.22209039191219157
0.689375	0.22211972447308886
0.69	0.22214915710152608
0.690625	0.22217868982848094
0.69125	0.22220832268502697
0.691875	0.22223805570234556
0.6925	0.22226788891174168
0.693125	0.22229782234460777
0.69375	0.2223278560324386
0.694375	0.22235799000686296
0.695	0.22238822429958727
0.695625	0.22241855894244167
0.69625	0.22244899396736345
0.696875	0.22247952940638674
0.6975	0.2225101652916601
0.698125	0.22254090165543403
0.69875	0.2225717385300772
0.699375	0.22260267594805264
0.7	0.22263371394193843
0.700625	0.2226648525444095
0.70125	0.22269609178826616
0.701875	0.22272743170639855
0.7025	0.22275887233182443
0.703125	0.22279041369764555
0.70375	0.22282205583707992
0.704375	0.22285379878346118
0.705	0.2228856425702176
0.705625	0.22291758723089852
0.70625	0.2229496327991605
0.706875	0.2229817793087505
0.7075	0.223014026793538
0.708125	0.22304637528750332
0.70875	0.22307882482471833
0.709375	0.22311137543937618
0.71	0.2231440271657797
0.710625	0.2231767800383311
0.71125	0.22320963409154773
0.711875	0.22324258936005253
0.7125	0.2232756458785728
0.713125	0.22330880368194278
0.71375	0.22334206280512447
0.714375	0.22337542328315696
0.715	0.22340888515121876
0.715625	0.22344244844457603
0.71625	0.2234761131986061
0.716875	0.2235098794488028
0.7175	0.22354374723076964
0.718125	0.22357771658020212
0.71875	0.22361178753292302
0.719375	0.22364596012485605
0.72	0.22368023439203688
0.720625	0.2237146103706088
0.72125	0.22374908809681274
0.721875	0.22378366760701923
0.7225	0.22381834893769656
0.723125	0.22385313212542654
0.72375	0.22388801720688095
0.724375	0.2239230042188799
0.725	0.22395809319831075
0.725625	0.2239932841821931
0.72625	0.22402857720765665
0.726875	0.22406397231193653
0.7275	0.22409946953236562
0.728125	0.22413506890641152
0.72875	0.2241707704716269
0.729375	0.22420657426569385
0.73	0.22424248032637975
0.730625	0.22427848869159317
0.73125	0.22431459939933138
0.731875	0.2243508124876999
0.7325	0.22438712799492327
0.733125	0.22442354595932656
0.73375	0.2244600664193692
0.734375	0.2244966894135961
0.735	0.2245334149806619
0.735625	0.2245702431593455
0.73625	0.22460717398852184
0.736875	0.22464420750718903
0.7375	0.22468134375445817
0.738125	0.22471858276952583
0.73875	0.2247559245917334
0.739375	0.2247933692605014
0.74	0.22483091681538275
0.740625	0.22486856729603552
0.74125	0.22490632074221595
0.741875	0.22494417719381113
0.7425	0.22498213669081304
0.743125	0.2250201992733087
0.74375	0.2250583649815176
0.744375	0.2250966338557537
0.745	0.22513500593646057
0.745625	0.2251734812641719
0.74625	0.22521205987954532
0.746875	0.22525074182334562
0.7475	0.22528952713645328
0.748125	0.22532841585985694
0.74875	0.22536740803465455
0.749375	0.22540650370205323
0.75	0.22544570290338994
0.750625	0.22548500568008434
0.75125	0.22552441207368462
0.751875	0.22556392212586576
0.7525	0.22560353587837412
0.753125	0.22564325337310798
0.75375	0.22568307465205698
0.754375	0.22572299975732824
0.755	0.22576302873113396
0.755625	0.22580316161580932
0.75625	0.22584339845379586
0.756875	0.22588373928764552
0.7575	0.22592418416003307
0.758125	0.22596473311372767
0.75875	0.22600538619162305
0.759375	0.22604614343672777
0.76	0.22608700489215536
0.760625	0.2261279706011293
0.76125	0.22616904060700063
0.761875	0.22621021495322857
0.7625	0.22625149368335803
0.763125	0.22629287684109223
0.76375	0.22633436447021724
0.764375	0.226375956614634
0.765	0.22641765331837108
0.765625	0.22645945462555023
0.76625	0.22650136058042436
0.766875	0.22654337122734508
0.7675	0.22658548661079705
0.768125	0.22662770677535352
0.76875	0.22667003176572395
0.769375	0.22671246162671638
0.77	0.22675499640324914
0.770625	0.22679763614037446
0.77125	0.22684038088323594
0.771875	0.22688323067710453
0.7725	0.22692618556737282
0.773125	0.22696924559951195
0.77375	0.22701241081914678
0.774375	0.22705568127200076
0.775	0.22709905700390545
0.775625	0.22714253806082024
0.77625	0.2271861244887963
0.776875	0.227229816334028
0.7775	0.22727361364280263
0.778125	0.2273175164615289
0.77875	0.22736152483673228
0.779375	0.22740563881505266
0.78	0.22744985844324028
0.780625	0.2274941837681602
0.78125	0.2275386148367935
0.781875	0.22758315169624732
0.7825	0.22762779439371855
0.783125	0.22767254297654826
0.78375	0.22771739749216754
0.784375	0.22776235798814035
0.785	0.22780742451213085
0.785625	0.22785259711193556
0.78625	0.22789787583545557
0.786875	0.22794326073070648
0.7875	0.22798875184583006
0.788125	0.22803434922906377
0.78875	0.22808005292877823
0.789375	0.22812586299344886
0.79	0.2281717794716835
0.790625	0.2282178024121923
0.79125	0.228263931863795
0.791875	0.2283101678754421
0.7925	0.22835651049619218
0.793125	0.22840295977522285
0.79375	0.22844951576182493
0.794375	0.2284961785054142
0.795	0.22854294805550726
0.795625	0.2285898244617511
0.79625	0.22863680777389775
0.796875	0.2286838980418346
0.7975	0.22873109531554606
0.798125	0.22877839964513472
0.79875	0.22882581108082764
0.799375	0.22887332967297266
0.8	0.22892095547202973
0.800625	0.22896868852856805
0.80125	0.22901652889328575
0.801875	0.2290644766169908
0.8025	0.22911253175061047
0.803125	0.22916069434519015
0.80375	0.22920896445188782
0.804375	0.22925734212199425
0.805	0.2293058274068897
0.805625	0.22935442035810183
0.80625	0.22940312102726607
0.806875	0.22945192946611828
0.8075	0.22950084572653703
0.808125	0.22954986986050793
0.80875	0.22959900192013646
0.809375	0.22964824195763575
0.81	0.22969759002535145
0.810625	0.22974704617573596
0.81125	0.22979661046138272
0.811875	0.2298462829349707
0.8125	0.2298960636493244
0.813125	0.22994595265736475
0.81375	0.2299959500121426
0.814375	0.23004605576684484
0.815	0.23009626997474758
0.815625	0.23014659268925017
0.81625	0.23019702396389488
0.816875	0.23024756385231665
0.8175	0.23029821240828222
0.818125	0.23034896968567173
0.81875	0.23039983573849224
0.819375	0.23045081062086428
0.82	0.2305018943870253
0.820625	0.2305530870913456
0.82125	0.23060438878829578
0.821875	0.2306557995324804
0.8225	0.2307073193786148
0.823125	0.23075894838155356
0.82375	0.23081068659623225
0.824375	0.2308625340777503
0.825	0.23091449088129593
0.825625	0.23096655706219418
0.82625	0.2310187326758776
0.826875	0.2310710177779251
0.8275	0.23112341242398937
0.828125	0.23117591666989154
0.82875	0.23122853057154144
0.829375	0.23128125418500262
0.83	0.2313340875664132
0.830625	0.23138703077206846
0.83125	0.2314400838583667
0.831875	0.2314932468818398
0.8325	0.23154651989913796
0.833125	0.23159990296700939
0.83375	0.23165339614236416
0.834375	0.23170699948220916
0.835	0.23176071304366289
0.835625	0.23181453688398565
0.83625	0.23186847106055977
0.836875	0.23192251563087632
0.8375	0.2319766706525461
0.838125	0.2320309361833165
0.83875	0.23208531228104398
0.839375	0.23213979900371506
0.84	0.23219439640944717
0.840625	0.23224910455643838
0.84125	0.23230392350306647
0.841875	0.23235885330779704
0.8425	0.23241389402921328
0.843125	0.2324690457260481
0.84375	0.23252430845712754
0.844375	0.23257968228142248
0.845	0.2326351672580172
0.845625	0.23269076344611983
0.84625	0.23274647090505163
0.846875	0.23280228969428224
0.8475	0.23285821987338268
0.848125	0.2329142615020481
0.84875	0.23297041464010773
0.849375	0.2330266793475065
0.85	0.2330830556843161
0.850625	0.2331395437107256
0.85125	0.23319614348705842
0.851875	0.23325285507375093
0.8525	0.23330967853138038
0.853125	0.2333666139206186
0.85375	0.23342366130228612
0.854375	0.233480820737321
0.855	0.2335380922867842
0.855625	0.23359547601186123
0.85625	0.23365297197385632
0.856875	0.23371058023420535
0.8575	0.23376830085448103
0.858125	0.2338261338963487
0.85875	0.23388407942162492
0.859375	0.23394213749224266
0.86	0.2340003081702623
0.860625	0.2340585915178554
0.86125	0.23411698759734406
0.861875	0.23417549647114808
0.8625	0.2342341182018349
0.863125	0.23429285285208518
0.86375	0.2343517004847061
0.864375	0.2344106611626407
0.865	0.23446973494894577
0.865625	0.23452892190679533
0.86625	0.23458822209951477
0.866875	0.23464763559054044
0.8675	0.23470716244343423
0.868125	0.2347668027218857
0.86875	0.23482655648970732
0.869375	0.23488642381085295
0.87	0.2349464047493793
0.870625	0.23500649936948195
0.87125	0.23506670773548916
0.871875	0.23512702991184461
0.8725	0.23518746596312706
0.873125	0.23524801595405007
0.87375	0.23530867994941587
0.874375	0.2353694580141968
0.875	0.23543035021348216
0.875625	0.23549135661246842
0.87625	0.23555247727650416
0.876875	0.23561371227104932
0.8775	0.2356750616617036
0.878125	0.23573652551417693
0.87875	0.2357981038943243
0.879375	0.23585979686812408
0.88	0.23592160450167854
0.880625	0.23598352686121257
0.88125	0.2360455640130932
0.881875	0.23610771602381303
0.8825	0.2361699829599785
0.883125	0.23623236488834162
0.88375	0.2362948618757779
0.884375	0.23635747398928925
0.885	0.23642020129600141
0.885625	0.23648304386318
0.88625	0.236546001758202
0.886875	0.23660907504860035
0.8875	0.2366722638020144
0.888125	0.2367355680862273
0.88875	0.23679898796913704
0.889375	0.23686252351878376
0.89	0.2369261748033239
0.890625	0.2369899418910569
0.89125	0.2370538248504111
0.891875	0.23711782374993018
0.8925	0.2371819386583105
0.893125	0.23724616964434952
0.89375	0.2373105167770068
0.894375	0.23737498012535024
0.895	0.23743955975858475
0.895625	0.23750425574603526
0.89625	0.2375690681571864
0.896875	0.2376339970616193
0.8975	0.237699042529064
0.898125	0.23776420462938255
0.89875	0.23782948343255828
0.899375	0.23789487900871437
0.9	0.2379603914281014
0.900625	0.2380260207610908
0.90125	0.2380917670782193
0.901875	0.23815763045010654
0.9025	0.2382236109475451
0.903125	0.23828970864144014
0.90375	0.23835592360282723
0.904375	0.2384222559028838
0.905	0.23848870561290975
0.905625	0.23855527280434263
0.90625	0.2386219575487554
0.906875	0.23868875991784108
0.9075	0.23875567998343572
0.908125	0.23882271781750297
0.90875	0.23888987349214166
0.909375	0.2389571470795953
0.91	0.2390245386521975
0.910625	0.23909204828248018
0.91125	0.2391596760430497
0.911875	0.23922742200667657
0.9125	0.2392952862462626
0.913125	0.23936326883483164
0.91375	0.2394313698455441
0.914375	0.23949958935170296
0.915	0.23956792742673785
0.915625	0.2396363841442057
0.91625	0.23970495957781243
0.916875	0.23977365380139656
0.9175	0.23984246688891023
0.918125	0.23991139891446198
0.91875	0.23998044995229412
0.919375	0.24004962007675779
0.92	0.24011890936237906
0.920625	0.24018831788378153
0.92125	0.24025784571574355
0.921875	0.2403274929331826
0.9225	0.24039725961113215
0.923125	0.24046714582477327
0.92375	0.24053715164942038
0.924375	0.24060727716052208
0.925	0.24067752243367793
0.925625	0.2407478875445794
0.92625	0.2408183725691219
0.926875	0.24088897758326394
0.9275	0.24095970266315303
0.928125	0.24103054788504472
0.92875	0.2411015133253474
0.929375	0.24117259906058874
0.93	0.2412438051674519
0.930625	0.24131513172274158
0.93125	0.24138657880340103
0.931875	0.2414581464865246
0.9325	0.24152983484932442
0.933125	0.24160164396915354
0.93375	0.24167357392351863
0.934375	0.2417456247900451
0.935	0.24181779664649763
0.935625	0.24189008957079186
0.93625	0.24196250364096153
0.936875	0.24203503893519226
0.9375	0.24210769553180694
0.938125	0.2421804735092616
0.93875	0.24225337294615226
0.939375	0.24232639392120986
0.94	0.24239953651330148
0.940625	0.2424728008014489
0.94125	0.24254618686479196
0.941875	0.24261969478261777
0.9425	0.24269332463436555
0.943125	0.24276707649958112
0.94375	0.2428409504579811
0.944375	0.24291494658940743
0.945	0.24298906497383432
0.945625	0.24306330569139376
0.94625	0.24313766882233517
0.946875	0.24321215444706915
0.9475	0.24328676264613106
0.948125	0.24336149350019723
0.94875	0.24343634709010523
0.949375	0.2435113234967964
0.95	0.24358642280137796
0.950625	0.24366164508508661
0.95125	0.24373699042931365
0.951875	0.24381245891556796
0.9525	0.24388805062552152
0.953125	0.243963765640971
0.95375	0.24403960404385827
0.954375	0.2441155659162723
0.955	0.2441916513404446
0.955625	0.24426786039873838
0.95625	0.24434419317365652
0.956875	0.2444206497478589
0.9575	0.24449723020412925
0.958125	0.24457393462540344
0.95875	0.2446507630947616
0.959375	0.24472771569541635
0.96	0.24480479251073373
0.960625	0.24488199362420224
0.96125	0.24495931911948116
0.961875	0.24503676908034777
0.9625	0.24511434359074194
0.963125	0.2451920427347254
0.96375	0.24526986659651817
0.964375	0.24534781526047753
0.965	0.24542588881110558
0.965625	0.24550408733304796
0.96625	0.24558241091108804
0.966875	0.24566085963016024
0.9675	0.24573943357534964
0.968125	0.245818132831863
0.96875	0.2458969574850586
0.969375	0.24597590762045535
0.97	0.24605498332370843
0.970625	0.24613418468059983
0.97125	0.2462135117770733
0.971875	0.24629296469922626
0.9725	0.2463725435332671
0.973125	0.24645224836557772
0.97375	0.2465320792826855
0.974375	0.2466120363712486
0.975	0.2466921197180705
0.975625	0.24677232941011554
0.97625	0.24685266553447394
0.976875	0.24693312817840082
0.9775	0.2470137174292849
0.978125	0.24709443337465803
0.97875	0.24717527610221007
0.979375	0.2472562456997719
0.98	0.24733734225530582
0.980625	0.24741856585694266
0.98125	0.24749991659295392
0.981875	0.24758139455175504
0.9825	0.24766299982189963
0.983125	0.2477447324921037
0.98375	0.24782659265121912
0.984375	0.24790858038824448
0.985	0.24799069579234698
0.985625	0.24807293895280963
0.98625	0.24815530995908214
0.986875	0.24823780890074876
0.9875	0.24832043586756689
0.988125	0.24840319094941735
0.98875	0.24848607423633567
0.989375	0.24856908581850803
0.99	0.2486522257862711
0.990625	0.24873549423009936
0.99125	0.24881889124063167
0.991875	0.24890241690864837
0.9925	0.2489860713250686
0.993125	0.2490698545809798
0.99375	0.24915376676760517
0.994375	0.24923780797631565
0.995	0.2493219782986476
0.995625	0.24940627782627237
0.99625	0.24949070665101142
0.996875	0.24957526486484416
0.9975	0.24965995255989373
0.998125	0.24974476982842633
0.99875	0.24982971676287904
0.999375	0.2499147934558346
1.0	0.24999999999999586
