0.0	0.24999999999999833
0.025	0.2427698615951685
0.05	0.23581400907310424
0.075	0.22912068749247083
0.1	0.22267869029931292
0.125	0.21647733191547108
0.15	0.21050642178060294
0.175	0.2047562397666607
0.2	0.19921751288845715
0.225	0.19388139323837533
0.25	0.1887394370774452
0.275	0.18378358501895867
0.3	0.17900614324445507
0.325	0.1743997656953952
0.35	0.16995743718709258
0.375	0.16567245739452569
0.4	0.1615384256625647
0.425	0.15754922659579704
0.45	0.15369901638577255
0.475	0.14998220983578556
0.5	0.1463934680456563
0.525	0.1429276867210289
0.55	0.13957998507374275
0.575	0.13634569528170626
0.6	0.1332203524784411
0.625	0.13019968524418724
0.65	0.12727960657197174
0.675	0.12445620528356628
0.7	0.12172573787162365
0.725	0.11908462074560591
0.75	0.11652942286035085
0.775	0.11405685870728977
0.8	0.1116637816494234
0.825	0.10934717758220242
0.85	0.10710415890343053
0.875	0.10493195877622878
0.9	0.1028279256699664
0.925	0.10078951816488826
0.95	0.09881430000692795
0.975	0.09689993539993845
1.0	0.0950441845232435
1.025	0.0932448992630783
1.05	0.09150001914708633
1.075	0.08980756747162051
1.1	0.0881656476121489
1.125	0.08657243950756838
1.15	0.0850261963097312
1.175	0.08352524118993049
1.2	0.08206796429453926
1.225	0.08065281984240566
1.25	0.07927832335698669
1.275	0.07794304902657259
1.3	0.07664562718630978
1.325	0.07538474191604122
1.35	0.07415912874829975
1.375	0.07296757248109122
1.4	0.07180890509036723
1.425	0.07068200373734929
1.45	0.06958578886613247
1.475	0.06851922238720573
1.5	0.06748130594276554
1.525	0.0664710792499001
1.55	0.06548761851792524
1.575	0.06453003493634463
1.6	0.06359747323006254
1.625	0.06268911027868443
1.65	0.06180415379686484
1.675	0.06094184107282872
1.7	0.06010143776234324
1.725	0.05928223673553313
1.75	0.05848355697407689
1.775	0.057704742516439686
1.8	0.05694516144891379
1.825	0.05620420494033914
1.85	0.05548128631849905
1.875	0.054775840186263365
1.9	0.05408732157566306
1.925	0.05341520513815198
1.95	0.05275898436941538
1.975	0.0521181708671436
2.0	0.05149229362028034
2.025	0.0508808983283243
2.05	0.05028354674932109
2.075	0.04969981607526214
2.1	0.04912929833365917
2.125	0.048571599814120035
2.15	0.04802634051881739
2.175	0.04749315363578301
2.2	0.046971685034017635
2.225	0.046461592779449945
2.25	0.04596254667082783
2.275	0.04547422779466363
2.3	0.04499632809840048
2.325	0.044528549980997555
2.35	0.044070605900182004
2.375	0.04362221799563834
2.4	0.043183117727444625
2.425	0.04275304552909815
2.45	0.042331750474500704
2.475	0.04191898995830149
2.5	0.04151452938902904
2.525	0.04111814189446068
2.55	0.04072960803871145
2.575	0.04034871555054228
2.6	0.03997525906241266
2.625	0.039609039859821
2.65	0.03924986564050445
2.675	0.03889755028307574
2.7	0.03855191362470984
2.725	0.038212781247492916
2.75	0.03787998427308189
2.775	0.0375533591653197
2.8	0.037232747540482745
2.825	0.03691799598484284
2.85	0.036608955879239985
2.875	0.03630548323038071
2.9	0.036007438508582956
2.925	0.035714686491706414
2.95	0.03542709611501393
2.975	0.0351445403267234
3.0	0.03486689594901755
3.025	0.03459404354429496
3.05	0.03432586728644461
3.075	0.03406225483694694
3.1	0.03380309722560335
3.125	0.03354828873571371
3.15	0.03329772679351733
3.175	0.033051311861735606
3.2	0.032808947337044904
3.225	0.03257053945133155
3.25	0.03233599717657536
3.275	0.03210523213321628
3.3	0.03187815850187459
3.325	0.03165469293828481
3.35	0.03143475449132519
3.375	0.031218264524014144
3.4	0.03100514663736616
3.425	0.030795326596989348
3.45	0.030588732262323923
3.475	0.030385293518415367
3.5	0.030184942210127408
3.525	0.02998761207870011
3.55	0.029793238700562844
3.575	0.029601759428317144
3.6	0.029413113333805464
3.625	0.029227241153187155
3.65	0.02904408523394557
3.675	0.028863589483753355
3.7	0.028685699321125472
3.725	0.02851036162779249
3.75	0.028337524702730113
3.775	0.028167138217783504
3.8	0.0279991531748247
3.825	0.027833521864389008
3.85	0.027670197825731414
3.875	0.027509135808256424
3.9	0.02735029173426268
3.925	0.027193622662962238
3.95	0.02703908675571996
3.975	0.026886643242474334
4.0	0.02673625238929289
4.025	0.02658787546702177
4.05	0.026441474720990024
4.075	0.026297013341730638
4.1	0.026154455436679182
4.125	0.02601376600281794
4.15	0.02587491090022991
4.175	0.025737856826528672
4.2	0.025602571292135126
4.225	0.025469022596369333
4.25	0.025337179804329292
4.275	0.025207012724526728
4.3	0.02507849188725586
4.325	0.02495158852366689
4.35	0.024826274545520003
4.375	0.024702522525596488
4.4	0.02458030567874345
4.425	0.02445959784352912
4.45	0.024340373464488887
4.475	0.02422260757494029
4.5	0.024106275780347592
4.525	0.02399135424221725
4.55	0.02387781966250465
4.575	0.023765649268516136
4.6	0.023654820798287814
4.625	0.0235453124864254
4.65	0.023437103050389554
4.675	0.02333017167721065
4.7	0.023224498010619456
4.725	0.02312006213857802
4.75	0.023016844581199014
4.775	0.022914826279038535
4.8	0.022813988581751706
4.825	0.022714313237096835
4.85	0.022615782380277623
4.875	0.022518378523612572
4.9	0.022422084546518485
4.925	0.022326883685800568
4.95	0.0222327595262362
4.975	0.02213969599144441
5.0	0.022047677335030446
5.025	0.02195668813199783
5.05	0.02186671327041695
5.075	0.021777737943343402
5.1	0.02168974764097805
5.125	0.021602728143059465
5.15	0.021516665511481837
5.175	0.02143154608313207
5.2	0.02134735646293737
5.225	0.021264083517116797
5.25	0.021181714366631615
5.275	0.02110023638082578
5.3	0.021019637171252863
5.325	0.02093990458568102
5.35	0.020861026702272016
5.375	0.020782991823928974
5.4	0.02070578847280491
5.425	0.020629405384970826
5.45	0.02055383150523465
5.475	0.020479055982108852
5.5	0.020405068162920616
5.525	0.020331857589060535
5.55	0.020259413991365684
5.575	0.020187727285632458
5.6	0.020116787568255374
5.625	0.020046585111987883
5.65	0.019977110361821475
5.675	0.01990835393097926
5.7	0.019840306597020487
5.725	0.019772959298052572
5.75	0.019706303129047965
5.775	0.019640329338261178
5.8	0.019575029323744695
5.825	0.019510394629959127
5.85	0.019446416944476203
5.875	0.019383088094770354
5.9	0.019320400045097316
5.925	0.01925834489345723
5.95	0.019196914868637633
5.975	0.019136102327337253
6.0	0.019075899751365505
6.025	0.019016299744915987
6.05	0.018957295031913533
6.075	0.018898878453429583
6.1	0.01884104296516636
6.125	0.0187837816350071
6.15	0.01872708764062994
6.175	0.018670954267183647
6.2	0.018615374905023845
6.225	0.018560343047508088
6.25	0.01850585228884705
6.275	0.01845189632201119
6.3	0.018398468936691
6.325	0.01834556401730926
6.35	0.01829317554108305
6.375	0.01824129757613628
6.4	0.018189924279657866
6.425	0.018139049896107876
6.45	0.01808866875546767
6.475	0.01803877527153382
6.5	0.01798936394025479
6.525	0.017940429338107692
6.55	0.01789196612051697
6.575	0.0178439690203099
6.6	0.017796432846211643
6.625	0.017749352481375505
6.65	0.0177027228819504
6.675	0.017656539075681293
6.7	0.017610796160545592
6.725	0.01756548930341982
6.75	0.01752061373878025
6.775	0.01747616476743352
6.8	0.017432137755277955
6.825	0.017388528132093076
6.85	0.01734533139035952
6.875	0.01730254308410467
6.9	0.017260158827776977
6.925	0.01721817429514537
6.95	0.01717658521822483
6.975	0.017135387386226452
7.0	0.017094576644532226
7.025	0.01705414889369237
7.05	0.01701410008844677
7.075	0.016974426236767596
7.1	0.016935123398924688
7.125	0.016896187686570863
7.15	0.01685761526184897
7.175	0.01681940233651793
7.2	0.01678154517109909
7.225	0.01674404007404082
7.25	0.016706883400902327
7.275	0.016670071553554797
7.3	0.01663360097940049
7.325	0.016597468170608507
7.35	0.016561669663367928
7.375	0.016526202037155973
7.4	0.016491061914023396
7.425	0.01645624595789363
7.45	0.01642175087387848
7.475	0.016387573407607124
7.5	0.016353710344570546
7.525	0.016320158509478266
7.55	0.016286914765630472
7.575	0.01625397601430161
7.6	0.01622133919413805
7.625	0.01618900128056769
7.65	0.0161569592852215
7.675	0.01612521025536773
7.7	0.01609375127335718
7.725	0.01606257945607994
7.75	0.016031691954433217
7.775	0.01600108595279959
7.8	0.01597075866853652
7.825	0.015940707351475104
7.85	0.015910929283429912
7.875	0.01588142177771757
7.9	0.015852182178685385
7.925	0.015823207861249446
7.95	0.015794496230441255
7.975	0.01576604472096354
8.0	0.01573785079675462
8.025	0.01570991195056147
8.05	0.015682225703520212
8.075	0.01565478960474574
8.1	0.01562760123092824
8.125	0.015600658185937985
8.15	0.015573958100437288
8.175	0.015547498631500003
8.2	0.01552127746223759
8.225	0.015495292301433174
8.25	0.01546954088318126
8.275	0.015444020966535034
8.3	0.015418730335159569
8.325	0.015393666796991574
8.35	0.015368828183905465
8.375	0.015344212351385353
8.4	0.015319817178202924
8.425	0.015295640566101233
8.45	0.015271680439484066
8.475	0.015247934745110941
8.5	0.015224401451797315
8.525	0.015201078550120435
8.55	0.015177964052129879
8.575	0.015155055991063638
8.6	0.015132352421068739
8.625	0.015109851416927
8.65	0.015087551073785463
8.675	0.015065449506891114
8.7	0.015043544851330854
8.725	0.015021835261775002
8.75	0.0150003189122259
8.775	0.01497899399577039
8.8	0.014957858724336304
8.825	0.014936911328453562
8.85	0.01491615005701852
8.875	0.014895573177062778
8.9	0.0148751789735257
8.925	0.014854965749030368
8.95	0.014834931823663515
8.975	0.014815075534758753
9.0	0.014795395236683672
9.025	0.014775889300629914
9.05	0.014756556114407123
9.075	0.014737394082239494
9.1	0.014718401624566372
9.125	0.014699577177845364
9.15	0.014680919194358748
9.175	0.014662426142022957
9.2	0.014644096504201136
9.225	0.014625928779518182
9.25	0.01460792148167925
9.275	0.014590073139290477
9.3	0.014572382295682798
9.325	0.014554847508738408
9.35	0.01453746735071967
9.375	0.014520240408100816
9.4	0.014503165281401928
9.425	0.014486240585025885
9.45	0.014469464947097025
9.475	0.014452837009302952
9.5	0.014436355426737971
9.525	0.01442001886774945
9.55	0.014403826013786016
9.575	0.014387775559248034
9.6	0.014371866211340501
9.625	0.014356096689927725
9.65	0.014340465727390195
9.675	0.014324972068483845
9.7	0.014309614470200618
9.725	0.014294391701631715
9.75	0.014279302543832386
9.775	0.01426434578968875
9.8	0.014249520243786352
9.825	0.01423482472228081
9.85	0.014220258052769979
9.875	0.014205819074168015
9.9	0.014191506636581197
9.925	0.014177319601185463
9.95	0.014163256840105458
9.975	0.01414931723629546
10.0	0.014135499683421763
10.025	0.014121803085746648
10.05	0.014108226358014066
10.075	0.014094768425336576
10.1	0.014081428223084197
10.125	0.014068204696774207
10.15	0.014055096801962933
10.175	0.014042103504138597
10.2	0.01402922377861572
10.225	0.014016456610430853
10.25	0.014003800994239826
10.275	0.013991255934215976
10.3	0.01397882044395009
10.325	0.01396649354635146
10.35	0.013954274273549979
10.375	0.013942161666800056
10.4	0.013930154776385179
10.425	0.01391825266152394
10.45	0.013906454390277316
10.475	0.013894759039456946
10.5	0.013883165694534752
10.525	0.013871673449553404
10.55	0.013860281407038292
10.575	0.013848988677910219
10.6	0.013837794381399324
10.625	0.013826697644960197
10.65	0.013815697604187835
10.675	0.013804793402734673
10.7	0.013793984192228704
10.725	0.01378326913219249
10.75	0.013772647389963295
10.775	0.013762118140614015
10.8	0.013751680566875235
10.825	0.013741333859057995
10.85	0.01373107721497766
10.875	0.013720909839878783
10.9	0.013710830946360523
10.925	0.013700839754303187
10.95	0.013690935490795812
10.975	0.013681117390063995
11.0	0.01367138469339938
11.025	0.013661736649089212
11.05	0.013652172512347271
11.075	0.013642691545245257
11.1	0.013633293016645147
11.125	0.01362397620213227
11.15	0.013614740383949176
11.175	0.013605584850930292
11.2	0.013596508898437186
11.225	0.013587511828294738
11.25	0.01357859294872806
11.275	0.013569751574299804
11.3	0.013560987025848632
11.325	0.013552298630428191
11.35	0.013543685721246465
11.375	0.013535147637606444
11.4	0.013526683724846802
11.425	0.013518293334283853
11.45	0.013509975823153553
11.475	0.013501730554554564
11.5	0.013493556897391791
11.525	0.013485454226320632
11.55	0.013477421921691652
11.575	0.013469459369496195
11.6	0.013461565961312138
11.625	0.013453741094250647
11.65	0.013445984170903317
11.675	0.013438294599289996
11.7	0.01343067179280696
11.725	0.013423115170175907
11.75	0.013415624155393387
11.775	0.013408198177680665
11.8	0.013400836671434414
11.825	0.01339353907617765
11.85	0.013386304836511294
11.875	0.013379133402066269
11.9	0.013372024227456179
11.925	0.013364976772230329
11.95	0.013357990500827283
11.975	0.013351064882529143
12.0	0.013344199391415885
12.025	0.01333739350632064
12.05	0.013330646710785016
12.075	0.013323958493015228
12.1	0.013317328345838502
12.125	0.013310755766660059
12.15	0.01330424025742039
12.175	0.013297781324552999
12.2	0.013291378478942961
12.225	0.013285031235885206
12.25	0.013278739115043858
12.275	0.013272501640411648
12.3	0.013266318340270025
12.325	0.013260188747149355
12.35	0.013254112397789808
12.375	0.013248088833102363
12.4	0.013242117598130569
12.425	0.013236198242012392
12.45	0.013230330317942575
12.475	0.013224513383135456
12.5	0.013218746998787919
12.525	0.0132130307300431
12.55	0.013207364145954012
12.575	0.013201746819448025
12.6	0.013196178327291197
12.625	0.013190658250053354
12.65	0.013185186172073501
12.675	0.013179761681425171
12.7	0.013174384369882773
12.725	0.013169053832887608
12.75	0.013163769669514781
12.775	0.013158531482440058
12.8	0.013153338877907334
12.825	0.013148191465696136
12.85	0.01314308885908981
12.875	0.013138030674843584
12.9	0.013133016533153444
12.925	0.013128046057624868
12.95	0.013123118875242208
12.975	0.01311823461633816
13.0	0.013113392914563596
13.025	0.013108593406857749
13.05	0.013103835733418702
13.075	0.013099119537673983
13.1	0.013094444466251775
13.125	0.013089810168952021
13.15	0.013085216298718182
13.175	0.013080662511609028
13.2	0.013076148466770765
13.225	0.013071673826409549
13.25	0.013067238255763952
13.275	0.013062841423078253
13.3	0.013058482999575335
13.325	0.013054162659430454
13.35	0.013049880079744695
13.375	0.0130456349405192
13.4	0.013041426924629245
13.425	0.0130372557177989
13.45	0.013033121008575654
13.475	0.0130290224883055
13.5	0.013024959851108037
13.525	0.013020932793852125
13.55	0.013016941016131493
13.575	0.013012984220240683
13.6	0.013009062111151319
13.625	0.013005174396488335
13.65	0.013001320786506867
13.675	0.012997500994068944
13.7	0.012993714734620602
13.725	0.012989961726169343
13.75	0.012986241689261395
13.775	0.0129825543469597
13.8	0.012978899424821807
13.825	0.012975276650877882
13.85	0.012971685755609443
13.875	0.012968126471927617
13.9	0.012964598535152057
13.925	0.012961101682990053
13.95	0.01295763565551555
13.975	0.01295420019514861
14.0	0.012950795046635155
14.025	0.012947419957026536
14.05	0.012944074675659693
14.075	0.012940758954137268
14.1	0.012937472546307942
14.125	0.012934215208247097
14.15	0.01293098669823753
14.175	0.01292778677675026
14.2	0.012924615206425806
14.225	0.012921471752055423
14.25	0.012918356180562505
14.275	0.012915268260984363
14.3	0.012912207764453952
14.325	0.012909174464181881
14.35	0.012906168135438661
14.375	0.012903188555536967
14.4	0.01290023550381417
14.425	0.012897308761614988
14.45	0.01289440811227443
14.475	0.012891533341100646
14.5	0.012888684235358284
14.525	0.01288586058425165
14.55	0.012883062178908273
14.575	0.012880288812362601
14.6	0.012877540279539709
14.625	0.0128748163772393
14.65	0.012872116904119896
14.675	0.012869441660682927
14.7	0.01286679044925735
14.725	0.012864163073984015
14.75	0.01286155934080055
14.775	0.012858979057426072
14.8	0.012856422033346367
14.825	0.01285388807979885
14.85	0.012851377009757957
14.875	0.012848888637920526
14.9	0.012846422780691468
14.925	0.012843979256169346
14.95	0.012841557884132309
14.975	0.012839158486024032
15.0	0.012836780884939766
15.025	0.01283442490561286
15.05	0.012832090374400723
15.075	0.012829777119271716
15.1	0.01282748496979158
15.125	0.01282521375711024
15.15	0.012822963313948743
15.175	0.012820733474586336
15.2	0.012818524074847461
15.225	0.012816334952089175
15.25	0.012814165945188388
15.275	0.01281201689452962
15.3	0.012809887641992411
15.325	0.012807778030939168
15.35	0.012805687906203093
15.375	0.01280361711407606
15.4	0.012801565502296846
15.425	0.012799532920039306
15.45	0.012797519217900689
15.475	0.012795524247890102
15.5	0.012793547863417147
15.525	0.012791589919280496
15.55	0.012789650271656754
15.575	0.012787728778089319
15.6	0.012785825297477401
15.625	0.012783939690065147
15.65	0.01278207181743087
15.675	0.0127802215424763
15.7	0.012778388729416132
15.725	0.012776573243767497
15.75	0.01277477495233959
15.775	0.01277299372322345
15.8	0.012771229425781731
15.825	0.012769481930638768
15.85	0.012767751109670501
15.875	0.012766036835994707
15.9	0.012764338983961128
15.925	0.012762657429141957
15.95	0.012760992048322114
15.975	0.012759342719489869
16.0	0.012757709321827506
16.025	0.012756091735701898
16.05	0.012754489842655424
16.075	0.012752903525396875
16.1	0.012751332667792357
16.125	0.012749777154856532
16.15	0.012748236872743573
16.175	0.012746711708738631
16.2	0.012745201551249141
16.225	0.012743706289796132
16.25	0.012742225815005956
16.275	0.012740760018601716
16.3	0.01273930879339508
16.325	0.012737872033278095
16.35	0.012736449633214878
16.375	0.012735041489233831
16.4	0.012733647498419444
16.425	0.012732267558904492
16.45	0.012730901569862323
16.475	0.012729549431499029
16.5	0.012728211045045781
16.525	0.012726886312751505
16.55	0.012725575137875091
16.575	0.012724277424678188
16.6	0.012722993078417814
16.625	0.012721722005339157
16.65	0.012720464112668379
16.675	0.012719219308605468
16.7	0.012717987502317384
16.725	0.01271676860393087
16.75	0.012715562524525886
16.775	0.012714369176128566
16.8	0.012713188471704615
16.825	0.01271202032515266
16.85	0.01271086465129761
16.875	0.01270972136588425
16.9	0.012708590385570744
16.925	0.012707471627922339
16.95	0.012706365011404923
16.975	0.012705270455379001
17.0	0.01270418788009344
17.025	0.01270311720667938
17.05	0.012702058357144273
17.075	0.012701011254365862
17.1	0.0126999758220864
17.125	0.012698951984906691
17.15	0.012697939668280565
17.175	0.01269693879850896
17.2	0.012695949302734448
17.225	0.012694971108935665
17.25	0.01269400414592182
17.275	0.012693048343327218
17.3	0.01269210363160598
17.325	0.012691169942026738
17.35	0.012690247206667317
17.375	0.012689335358409682
17.4	0.012688434330934781
17.425	0.012687544058717453
17.45	0.012686664477021485
17.475	0.012685795521894735
17.5	0.012684937130164156
17.525	0.01268408923943109
17.55	0.012683251788066452
17.575	0.01268242471520607
17.6	0.012681607960746138
17.625	0.012680801465338466
17.65	0.012680005170386135
17.675	0.012679219018038975
17.7	0.012678442951189112
17.725	0.012677676913466792
17.75	0.01267692084923587
17.775	0.012676174703589841
17.8	0.012675438422347418
17.825	0.012674711952048598
17.85	0.012673995239950537
17.875	0.012673288234023486
17.9	0.012672590882946932
17.925	0.012671903136105719
17.95	0.012671224943586051
17.975	0.012670556256171863
18.0	0.012669897025341022
18.025	0.012669247203261614
18.05	0.012668606742788392
18.075	0.0126679755974591
18.1	0.012667353721491038
18.125	0.012666741069777531
18.15	0.01266613759788453
18.175	0.012665543262047222
18.2	0.01266495801916674
18.225	0.012664381826806891
18.25	0.012663814643190883
18.275	0.012663256427198219
18.3	0.012662707138361528
18.325	0.01266216673686357
18.35	0.012661635183534149
18.375	0.012661112439847124
18.4	0.012660598467917615
18.425	0.012660093230498977
18.45	0.012659596690980053
18.475	0.01265910881338242
18.5	0.012658629562357575
18.525	0.012658158903184401
18.55	0.012657696801766349
18.575	0.012657243224629017
18.6	0.012656798138917551
18.625	0.012656361512394094
18.65	0.012655933313435484
18.675	0.012655513511030695
18.7	0.012655102074778605
18.725	0.01265469897488572
18.75	0.012654304182163735
18.775	0.012653917668027552
18.8	0.012653539404492936
18.825	0.012653169364174483
18.85	0.012652807520283553
18.875	0.012652453846626196
18.9	0.01265210831760119
18.925	0.012651770908198082
18.95	0.012651441593995356
18.975	0.012651120351158536
19.0	0.01265080715643837
19.025	0.012650501987169055
19.05	0.012650204821266609
19.075	0.01264991563722714
19.1	0.01264963441412519
19.125	0.012649361131612203
19.15	0.012649095769914938
19.175	0.01264883830983407
19.2	0.012648588732742558
19.225	0.01264834702058444
19.25	0.012648113155873312
19.275	0.012647887121691057
19.3	0.012647668901686693
19.325	0.012647458480074798
19.35	0.012647255841634699
19.375	0.012647060971709072
19.4	0.012646873856202959
19.425	0.012646694481582644
19.45	0.012646522834874602
19.475	0.012646358903664596
19.5	0.01264620267609667
19.525	0.012646054140872342
19.55	0.01264591328724956
19.575	0.012645780105042108
19.6	0.01264565458461874
19.625	0.012645536716902476
19.65	0.012645426493369777
19.675	0.012645323906050127
19.7	0.012645228947525334
19.725	0.012645141610928841
19.75	0.012645061889945453
19.775	0.012644989778810563
19.8	0.012644925272310089
19.825	0.012644868365779686
19.85	0.012644819055104678
19.875	0.012644777336719613
19.9	0.01264474320760799
19.925	0.012644716665302128
19.95	0.012644697707882959
19.975	0.012644686333979669
20.0	0.012644682542769984
20.025	0.012644686333979669
20.05	0.012644697707882959
20.075	0.012644716665302128
20.1	0.01264474320760799
20.125	0.012644777336719613
20.15	0.012644819055104678
20.175	0.012644868365779686
20.2	0.012644925272310089
20.225	0.012644989778810563
20.25	0.012645061889945453
20.275	0.012645141610928841
20.3	0.012645228947525334
20.325	0.012645323906050127
20.35	0.012645426493369779
20.375	0.012645536716902476
20.4	0.01264565458461874
20.425	0.012645780105042108
20.45	0.01264591328724956
20.475	0.012646054140872342
20.5	0.01264620267609667
20.525	0.012646358903664596
20.55	0.012646522834874602
20.575	0.012646694481582644
20.6	0.012646873856202959
20.625	0.012647060971709072
20.65	0.012647255841634699
20.675	0.012647458480074798
20.7	0.012647668901686693
20.725	0.012647887121691057
20.75	0.012648113155873312
20.775	0.01264834702058444
20.8	0.012648588732742558
20.825	0.01264883830983407
20.85	0.012649095769914938
20.875	0.012649361131612203
20.9	0.01264963441412519
20.925	0.01264991563722714
20.95	0.012650204821266609
20.975	0.012650501987169055
21.0	0.01265080715643837
21.025	0.012651120351158536
21.05	0.012651441593995356
21.075	0.012651770908198082
21.1	0.01265210831760119
21.125	0.012652453846626196
21.15	0.012652807520283553
21.175	0.012653169364174483
21.2	0.012653539404492936
21.225	0.012653917668027552
21.25	0.012654304182163735
21.275	0.01265469897488572
21.3	0.012655102074778605
21.325	0.012655513511030695
21.35	0.012655933313435484
21.375	0.012656361512394094
21.4	0.012656798138917551
21.425	0.012657243224629017
21.45	0.012657696801766349
21.475	0.012658158903184401
21.5	0.012658629562357575
21.525	0.01265910881338242
21.55	0.012659596690980053
21.575	0.012660093230498977
21.6	0.012660598467917615
21.625	0.012661112439847124
21.65	0.012661635183534149
21.675	0.01266216673686357
21.7	0.012662707138361528
21.725	0.012663256427198219
21.75	0.012663814643190883
21.775	0.012664381826806891
21.8	0.01266495801916674
21.825	0.012665543262047222
21.85	0.01266613759788453
21.875	0.012666741069777531
21.9	0.012667353721491038
21.925	0.0126679755974591
21.95	0.012668606742788392
21.975	0.012669247203261614
22.0	0.012669897025341022
22.025	0.012670556256171863
22.05	0.012671224943586051
22.075	0.012671903136105719
22.1	0.012672590882946932
22.125	0.012673288234023486
22.15	0.012673995239950537
22.175	0.012674711952048598
22.2	0.012675438422347418
22.225	0.012676174703589841
22.25	0.01267692084923587
22.275	0.012677676913466792
22.3	0.012678442951189112
22.325	0.012679219018038975
22.35	0.012680005170386135
22.375	0.012680801465338466
22.4	0.012681607960746138
22.425	0.01268242471520607
22.45	0.012683251788066452
22.475	0.01268408923943109
22.5	0.012684937130164156
22.525	0.012685795521894735
22.55	0.012686664477021485
22.575	0.012687544058717453
22.6	0.012688434330934781
22.625	0.012689335358409682
22.65	0.012690247206667317
22.675	0.012691169942026738
22.7	0.01269210363160598
22.725	0.012693048343327218
22.75	0.01269400414592182
22.775	0.012694971108935665
22.8	0.012695949302734448
22.825	0.01269693879850896
22.85	0.012697939668280565
22.875	0.012698951984906691
22.9	0.0126999758220864
22.925	0.012701011254365862
22.95	0.012702058357144273
22.975	0.01270311720667938
23.0	0.01270418788009344
23.025	0.012705270455379001
23.05	0.012706365011404923
23.075	0.012707471627922339
23.1	0.012708590385570744
23.125	0.01270972136588425
23.15	0.01271086465129761
23.175	0.01271202032515266
23.2	0.012713188471704615
23.225	0.012714369176128566
23.25	0.012715562524525886
23.275	0.01271676860393087
23.3	0.012717987502317384
23.325	0.012719219308605468
23.35	0.012720464112668379
23.375	0.012721722005339157
23.4	0.012722993078417814
23.425	0.012724277424678188
23.45	0.012725575137875091
23.475	0.012726886312751507
23.5	0.012728211045045781
23.525	0.012729549431499029
23.55	0.012730901569862323
23.575	0.012732267558904492
23.6	0.012733647498419444
23.625	0.012735041489233831
23.65	0.012736449633214878
23.675	0.012737872033278095
23.7	0.01273930879339508
23.725	0.012740760018601716
23.75	0.012742225815005956
23.775	0.012743706289796132
23.8	0.012745201551249141
23.825	0.012746711708738631
23.85	0.012748236872743573
23.875	0.012749777154856532
23.9	0.012751332667792357
23.925	0.012752903525396875
23.95	0.012754489842655424
23.975	0.012756091735701898
24.0	0.012757709321827506
24.025	0.012759342719489867
24.05	0.012760992048322114
24.075	0.012762657429141957
24.1	0.012764338983961128
24.125	0.012766036835994707
24.15	0.012767751109670501
24.175	0.012769481930638768
24.2	0.012771229425781731
24.225	0.01277299372322345
24.25	0.01277477495233959
24.275	0.012776573243767497
24.3	0.012778388729416132
24.325	0.0127802215424763
24.35	0.01278207181743087
24.375	0.012783939690065148
24.4	0.012785825297477401
24.425	0.012787728778089319
24.45	0.012789650271656754
24.475	0.012791589919280496
24.5	0.012793547863417147
24.525	0.012795524247890102
24.55	0.012797519217900689
24.575	0.012799532920039306
24.6	0.012801565502296846
24.625	0.01280361711407606
24.65	0.012805687906203093
24.675	0.012807778030939168
24.7	0.012809887641992411
24.725	0.01281201689452962
24.75	0.012814165945188388
24.775	0.012816334952089175
24.8	0.012818524074847461
24.825	0.012820733474586336
24.85	0.012822963313948743
24.875	0.01282521375711024
24.9	0.01282748496979158
24.925	0.012829777119271716
24.95	0.012832090374400723
24.975	0.01283442490561286
25.0	0.012836780884939766
25.025	0.012839158486024032
25.05	0.012841557884132309
25.075	0.012843979256169346
25.1	0.012846422780691468
25.125	0.012848888637920526
25.15	0.012851377009757957
25.175	0.01285388807979885
25.2	0.012856422033346367
25.225	0.012858979057426072
25.25	0.012861559340800553
25.275	0.012864163073984015
25.3	0.01286679044925735
25.325	0.012869441660682926
25.35	0.012872116904119896
25.375	0.0128748163772393
25.4	0.012877540279539709
25.425	0.012880288812362601
25.45	0.012883062178908274
25.475	0.01288586058425165
25.5	0.012888684235358284
25.525	0.012891533341100646
25.55	0.01289440811227443
25.575	0.012897308761614988
25.6	0.01290023550381417
25.625	0.012903188555536967
25.65	0.012906168135438661
25.675	0.012909174464181881
25.7	0.012912207764453952
25.725	0.012915268260984363
25.75	0.012918356180562505
25.775	0.012921471752055423
25.8	0.012924615206425806
25.825	0.01292778677675026
25.85	0.01293098669823753
25.875	0.012934215208247097
25.9	0.012937472546307942
25.925	0.012940758954137268
25.95	0.012944074675659693
25.975	0.012947419957026536
26.0	0.012950795046635155
26.025	0.01295420019514861
26.05	0.01295763565551555
26.075	0.012961101682990053
26.1	0.012964598535152057
26.125	0.012968126471927617
26.15	0.012971685755609443
26.175	0.01297527665087788
26.2	0.012978899424821807
26.225	0.0129825543469597
26.25	0.012986241689261395
26.275	0.012989961726169343
26.3	0.012993714734620602
26.325	0.012997500994068946
26.35	0.013001320786506869
26.375	0.013005174396488335
26.4	0.013009062111151319
26.425	0.013012984220240683
26.45	0.013016941016131493
26.475	0.013020932793852125
26.5	0.013024959851108037
26.525	0.013029022488305498
26.55	0.013033121008575654
26.575	0.0130372557177989
26.6	0.013041426924629246
26.625	0.0130456349405192
26.65	0.013049880079744695
26.675	0.013054162659430454
26.7	0.013058482999575335
26.725	0.013062841423078253
26.75	0.013067238255763952
26.775	0.013071673826409547
26.8	0.013076148466770765
26.825	0.013080662511609028
26.85	0.013085216298718182
26.875	0.013089810168952021
26.9	0.013094444466251775
26.925	0.013099119537673983
26.95	0.013103835733418702
26.975	0.013108593406857749
27.0	0.013113392914563596
27.025	0.01311823461633816
27.05	0.013123118875242208
27.075	0.013128046057624866
27.1	0.013133016533153446
27.125	0.013138030674843584
27.15	0.013143088859089809
27.175	0.013148191465696136
27.2	0.013153338877907334
27.225	0.01315853148244006
27.25	0.013163769669514783
27.275	0.013169053832887608
27.3	0.013174384369882773
27.325	0.013179761681425171
27.35	0.013185186172073501
27.375	0.013190658250053354
27.4	0.013196178327291197
27.425	0.013201746819448025
27.45	0.013207364145954012
27.475	0.0132130307300431
27.5	0.013218746998787919
27.525	0.013224513383135456
27.55	0.013230330317942575
27.575	0.013236198242012392
27.6	0.013242117598130569
27.625	0.013248088833102363
27.65	0.013254112397789808
27.675	0.013260188747149355
27.7	0.013266318340270025
27.725	0.01327250164041165
27.75	0.013278739115043858
27.775	0.013285031235885205
27.8	0.013291378478942963
27.825	0.013297781324552999
27.85	0.01330424025742039
27.875	0.013310755766660057
27.9	0.013317328345838502
27.925	0.013323958493015228
27.95	0.013330646710785014
27.975	0.013337393506320641
28.0	0.013344199391415885
28.025	0.013351064882529141
28.05	0.013357990500827283
28.075	0.013364976772230329
28.1	0.01337202422745618
28.125	0.013379133402066269
28.15	0.013386304836511294
28.175	0.01339353907617765
28.2	0.013400836671434413
28.225	0.013408198177680667
28.25	0.013415624155393387
28.275	0.013423115170175907
28.3	0.01343067179280696
28.325	0.013438294599289996
28.35	0.013445984170903317
28.375	0.013453741094250649
28.4	0.01346156596131214
28.425	0.013469459369496194
28.45	0.01347742192169165
28.475	0.013485454226320632
28.5	0.013493556897391791
28.525	0.013501730554554562
28.55	0.013509975823153553
28.575	0.013518293334283853
28.6	0.013526683724846804
28.625	0.013535147637606446
28.65	0.013543685721246465
28.675	0.013552298630428193
28.7	0.013560987025848634
28.725	0.013569751574299804
28.75	0.01357859294872806
28.775	0.013587511828294738
28.8	0.013596508898437186
28.825	0.013605584850930292
28.85	0.013614740383949176
28.875	0.01362397620213227
28.9	0.013633293016645145
28.925	0.013642691545245257
28.95	0.013652172512347271
28.975	0.013661736649089212
29.0	0.01367138469339938
29.025	0.013681117390063995
29.05	0.013690935490795812
29.075	0.013700839754303187
29.1	0.013710830946360523
29.125	0.013720909839878783
29.15	0.01373107721497766
29.175	0.013741333859057995
29.2	0.013751680566875236
29.225	0.013762118140614017
29.25	0.013772647389963297
29.275	0.01378326913219249
29.3	0.013793984192228704
29.325	0.013804793402734671
29.35	0.013815697604187835
29.375	0.013826697644960197
29.4	0.013837794381399324
29.425	0.013848988677910219
29.45	0.013860281407038292
29.475	0.013871673449553406
29.5	0.013883165694534752
29.525	0.013894759039456946
29.55	0.013906454390277318
29.575	0.013918252661523942
29.6	0.013930154776385179
29.625	0.013942161666800056
29.65	0.013954274273549977
29.675	0.01396649354635146
29.7	0.01397882044395009
29.725	0.013991255934215976
29.75	0.014003800994239826
29.775	0.014016456610430853
29.8	0.01402922377861572
29.825	0.014042103504138597
29.85	0.014055096801962933
29.875	0.014068204696774207
29.9	0.014081428223084195
29.925	0.014094768425336576
29.95	0.014108226358014066
29.975	0.014121803085746648
30.0	0.014135499683421763
30.025	0.014149317236295459
30.05	0.01416325684010546
30.075	0.014177319601185465
30.1	0.014191506636581199
30.125	0.014205819074168017
30.15	0.014220258052769979
30.175	0.01423482472228081
30.2	0.014249520243786352
30.225	0.014264345789688751
30.25	0.014279302543832386
30.275	0.014294391701631713
30.3	0.014309614470200618
30.325	0.014324972068483845
30.35	0.014340465727390197
30.375	0.014356096689927727
30.4	0.014371866211340501
30.425	0.014387775559248032
30.45	0.014403826013786012
30.475	0.014420018867749452
30.5	0.01443635542673797
30.525	0.014452837009302947
30.55	0.014469464947097025
30.575	0.014486240585025885
30.6	0.01450316528140193
30.625	0.014520240408100816
30.65	0.014537467350719669
30.675	0.014554847508738412
30.7	0.0145723822956828
30.725	0.014590073139290477
30.75	0.014607921481679248
30.775	0.01462592877951818
30.8	0.014644096504201135
30.825	0.014662426142022957
30.85	0.01468091919435875
30.875	0.014699577177845364
30.9	0.014718401624566372
30.925	0.014737394082239494
30.95	0.014756556114407123
30.975	0.014775889300629914
31.0	0.014795395236683674
31.025	0.014815075534758753
31.05	0.014834931823663515
31.075	0.014854965749030368
31.1	0.0148751789735257
31.125	0.014895573177062778
31.15	0.014916150057018518
31.175	0.014936911328453564
31.2	0.014957858724336305
31.225	0.014978993995770393
31.25	0.015000318912225903
31.275	0.015021835261775002
31.3	0.015043544851330852
31.325	0.015065449506891112
31.35	0.015087551073785465
31.375	0.015109851416926999
31.4	0.015132352421068737
31.425	0.015155055991063638
31.45	0.015177964052129879
31.475	0.015201078550120439
31.5	0.015224401451797317
31.525	0.01524793474511094
31.55	0.015271680439484068
31.575	0.015295640566101235
31.6	0.015319817178202926
31.625	0.01534421235138535
31.65	0.015368828183905461
31.675	0.015393666796991574
31.7	0.015418730335159569
31.725	0.015444020966535035
31.75	0.015469540883181256
31.775	0.015495292301433173
31.8	0.015521277462237592
31.825	0.015547498631500003
31.85	0.015573958100437334
31.875	0.015600658185937965
31.9	0.01562760123092823
31.925	0.015654789604745728
31.95	0.015682225703520205
31.975	0.01570991195056147
32.0	0.01573785079675463
32.025	0.015766044720963542
32.05	0.01579449623044126
32.075	0.015823207861249442
32.1	0.015852182178685392
32.125	0.015881421777717564
32.15	0.015910929283429902
32.175	0.015940707351475104
32.2	0.015970758668536523
32.225	0.016001085952799605
32.25	0.01603169195443322
32.275	0.01606257945607994
32.3	0.016093751273357174
32.325	0.01612521025536774
32.35	0.016156959285221515
32.375	0.016189001280567696
32.4	0.01622133919413806
32.425	0.01625397601430159
32.45	0.016286914765630472
32.475	0.016320158509478266
32.5	0.016353710344570553
32.525	0.01638757340760712
32.55	0.01642175087387848
32.575	0.016456245957893627
32.6	0.016491061914023393
32.625	0.016526202037155973
32.65	0.016561669663367924
32.675	0.01659746817060851
32.7	0.016633600979400483
32.725	0.01667007155355479
32.75	0.016706883400902334
32.775	0.016744040074040813
32.8	0.01678154517109909
32.825	0.016819402336517936
32.85	0.016857615261848976
32.875	0.016896187686570866
32.9	0.016935123398924706
32.925	0.01697442623676761
32.95	0.01701410008844677
32.975	0.017054148893692393
33.0	0.017094576644532216
33.025	0.017135387386226462
33.05	0.017176585218224828
33.075	0.01721817429514536
33.1	0.01726015882777697
33.125	0.017302543084104675
33.15	0.017345331390359525
33.175	0.017388528132093076
33.2	0.017432137755277962
33.225	0.017476164767433532
33.25	0.01752061373878025
33.275	0.017565489303419817
33.3	0.01761079616054559
33.325	0.01765653907568129
33.35	0.017702722881950406
33.375	0.0177493524813755
33.4	0.017796432846211633
33.425	0.01784396902030989
33.45	0.01789196612051698
33.475	0.017940429338107702
33.5	0.01798936394025479
33.525	0.018038775271533816
33.55	0.018088668755467666
33.575	0.018139049896107894
33.6	0.018189924279657866
33.625	0.018241297576136278
33.65	0.018293175541083055
33.675	0.01834556401730924
33.7	0.018398468936691007
33.725	0.018451896322011194
33.75	0.018505852288847043
33.775	0.018560343047508084
33.8	0.018615374905023862
33.825	0.01867095426718366
33.85	0.01872708764062995
33.875	0.018783781635007105
33.9	0.018841042965166352
33.925	0.018898878453429586
33.95	0.018957295031913544
33.975	0.019016299744915997
34.0	0.019075899751365515
34.025	0.01913610232733726
34.05	0.019196914868637623
34.075	0.01925834489345724
34.1	0.01932040004509732
34.125	0.01938308809477037
34.15	0.019446416944476207
34.175	0.019510394629959127
34.2	0.019575029323744705
34.225	0.0196403293382612
34.25	0.01970630312904798
34.275	0.019772959298052558
34.3	0.019840306597020487
34.325	0.019908353930979273
34.35	0.019977110361821485
34.375	0.020046585111987886
34.4	0.02011678756825537
34.425	0.02018772728563245
34.45	0.020259413991365684
34.475	0.020331857589060538
34.5	0.020405068162920613
34.525	0.02047905598210884
34.55	0.020553831505234654
34.575	0.020629405384970843
34.6	0.020705788472804933
34.625	0.02078299182392898
34.65	0.020861026702272016
34.675	0.020939904585681006
34.7	0.021019637171252843
34.725	0.02110023638082577
34.75	0.02118171436663161
34.775	0.021264083517116786
34.8	0.021347356462937356
34.825	0.021431546083132087
34.85	0.021516665511481837
34.875	0.02160272814305946
34.9	0.021689747640978047
34.925	0.021777737943343395
34.95	0.021866713270416952
34.975	0.021956688131997828
35.0	0.022047677335030467
35.025	0.022139695991444396
35.05	0.022232759526236195
35.075	0.022326883685800568
35.1	0.022422084546518492
35.125	0.022518378523612555
35.15	0.022615782380277612
35.175	0.022714313237096814
35.2	0.022813988581751724
35.225	0.02291482627903854
35.25	0.023016844581199004
35.275	0.02312006213857801
35.3	0.02322449801061945
35.325	0.023330171677210656
35.35	0.02343710305038956
35.375	0.023545312486425395
35.4	0.0236548207982878
35.425	0.023765649268516122
35.45	0.02387781966250468
35.475	0.023991354242217273
35.5	0.02410627578034759
35.525	0.02422260757494028
35.55	0.024340373464488894
35.575	0.024459597843529125
35.6	0.02458030567874345
35.625	0.02470252252559648
35.65	0.024826274545519996
35.675	0.02495158852366687
35.7	0.025078491887255878
35.725	0.025207012724526738
35.75	0.025337179804329306
35.775	0.025469022596369326
35.8	0.025602571292135095
35.825	0.025737856826528693
35.85	0.025874910900229905
35.875	0.026013766002817934
35.9	0.026154455436679144
35.925	0.026297013341730627
35.95	0.02644147472099004
35.975	0.026587875467021776
36.0	0.026736252389292885
36.025	0.026886643242474327
36.05	0.027039086755719925
36.075	0.02719362266296223
36.1	0.02735029173426268
36.125	0.02750913580825644
36.15	0.02767019782573141
36.175	0.027833521864388994
36.2	0.0279991531748247
36.225	0.028167138217783494
36.25	0.0283375247027301
36.275	0.028510361627792462
36.3	0.028685699321125444
36.325	0.028863589483753376
36.35	0.029044085233945565
36.375	0.029227241153187145
36.4	0.029413113333805436
36.425	0.029601759428317134
36.45	0.02979323870056285
36.475	0.029987612078700113
36.5	0.030184942210127394
36.525	0.030385293518415336
36.55	0.030588732262323885
36.575	0.030795326596989366
36.6	0.03100514663736617
36.625	0.031218264524014192
36.65	0.03143475449132515
36.675	0.03165469293828481
36.7	0.031878158501874636
36.725	0.032105232133216276
36.75	0.03233599717657538
36.775	0.03257053945133152
36.8	0.03280894733704487
36.825	0.033051311861735655
36.85	0.03329772679351736
36.875	0.033548288735713694
36.9	0.03380309722560334
36.925	0.03406225483694694
36.95	0.034325867286444614
36.975	0.034594043544294975
37.0	0.034866895949017526
37.025	0.035144540326723386
37.05	0.03542709611501395
37.075	0.035714686491706456
37.1	0.03600743850858299
37.125	0.03630548323038072
37.15	0.03660895587923997
37.175	0.0369179959848428
37.2	0.03723274754048277
37.225	0.03755335916531971
37.25	0.03787998427308192
37.275	0.03821278124749291
37.3	0.03855191362470979
37.325	0.038897550283075746
37.35	0.03924986564050445
37.375	0.039609039859820984
37.4	0.039975259062412616
37.425	0.040348715550542244
37.45	0.04072960803871147
37.475	0.0411181418944607
37.5	0.04151452938902907
37.525	0.041918989958301456
37.55	0.04233175047450069
37.575	0.04275304552909819
37.6	0.043183117727444605
37.625	0.04362221799563835
37.65	0.04407060590018194
37.675	0.04452854998099749
37.7	0.044996328098400526
37.725	0.045474227794663674
37.75	0.04596254667082783
37.775	0.0464615927794499
37.8	0.04697168503401761
37.825	0.04749315363578306
37.85	0.048026340518817406
37.875	0.04857159981412001
37.9	0.04912929833365907
37.925	0.04969981607526211
37.95	0.05028354674932114
37.975	0.05088089832832431
38.0	0.051492293620280315
38.025	0.052118170867143515
38.05	0.052758984369415306
38.075	0.05341520513815199
38.1	0.054087321575663073
38.125	0.054775840186263365
38.15	0.055481286318498996
38.175	0.05620420494033904
38.2	0.05694516144891386
38.225	0.0577047425164397
38.25	0.05848355697407685
38.275	0.05928223673553302
38.3	0.06010143776234311
38.325	0.06094184107282882
38.35	0.0618041537968649
38.375	0.06268911027868465
38.4	0.06359747323006278
38.425	0.06453003493634459
38.45	0.06548761851792538
38.475	0.06647107924990014
38.5	0.06748130594276557
38.525	0.06851922238720573
38.55	0.0695857888661325
38.575	0.0706820037373495
38.6	0.0718089050903674
38.625	0.0729675724810914
38.65	0.0741591287482998
38.675	0.07538474191604112
38.7	0.07664562718631002
38.725	0.07794304902657267
38.75	0.07927832335698669
38.775	0.08065281984240556
38.8	0.08206796429453918
38.825	0.0835252411899306
38.85	0.08502619630973135
38.875	0.08657243950756843
38.9	0.08816564761214878
38.925	0.08980756747162041
38.95	0.09150001914708655
38.975	0.09324489926307845
39.0	0.0950441845232436
39.025	0.09689993539993842
39.05	0.09881430000692783
39.075	0.10078951816488854
39.1	0.10282792566996658
39.125	0.10493195877622885
39.15	0.10710415890343046
39.175	0.10934717758220222
39.2	0.11166378164942366
39.225	0.11405685870729002
39.25	0.11652942286035088
39.275	0.11908462074560591
39.3	0.12172573787162339
39.325	0.12445620528356657
39.35	0.12727960657197152
39.375	0.13019968524418737
39.4	0.13322035247844086
39.425	0.13634569528170593
39.45	0.1395799850737432
39.475	0.14292768672102887
39.5	0.14639346804565656
39.525	0.14998220983578542
39.55	0.15369901638577219
39.575	0.15754922659579745
39.6	0.16153842566256457
39.625	0.16567245739452566
39.65	0.16995743718709214
39.675	0.174399765695395
39.7	0.17900614324445543
39.725	0.1837835850189591
39.75	0.18873943707744545
39.775	0.1938813932383749
39.8	0.1992175128884564
39.825	0.2047562397666612
39.85	0.21050642178060297
39.875	0.216477331915471
39.9	0.22267869029931228
39.925	0.22912068749247028
39.95	0.23581400907310493
39.975	0.24276986159516917
40.0	0.249999999999999
