0.0	0.999999999999991
0.0125	0.9854212056780958
0.025	0.9711150323869013
0.0375	0.9570758732621423
0.05	0.9432982439193955
0.0625	0.9297767796559381
0.075	0.9165062327186932
0.0875	0.9034814696367938
0.1	0.8906974686170696
0.1125	0.8781493170010543
0.125	0.8658322087819345
0.1375	0.853741442180023
0.15	0.8418724172753403
0.1625	0.8302206336959072
0.175	0.8187816883604174
0.1875	0.807551273273974
0.2	0.7965251733755965
0.2125	0.7856992644362532
0.225	0.7750695110061934
0.2375	0.7646319644104232
0.25	0.7543827607911197
0.2625	0.7443181191958698
0.275	0.7344343397106374
0.2875	0.7247278016363847
0.3	0.7151949617082733
0.3125	0.7058323523564504
0.325	0.6966365800073987
0.3375	0.6876043234249043
0.35	0.6787323320896403
0.3625	0.6700174246164987
0.375	0.661456487208738
0.3875	0.6530464721480317
0.4	0.6447843963196472
0.4125	0.6366673397718096
0.425	0.628692444308493
0.4375	0.6208569121148545
0.45	0.613158004414461
0.4625	0.6055930401576285
0.475	0.5981593947400832
0.4875	0.5908544987512291
0.5	0.5836758367513252
0.5125	0.5766209460768862
0.525	0.5696874156736109
0.5375	0.5628728849562162
0.55	0.556175042694522
0.5625	0.5495916259251313
0.575	0.5431204188881855
0.5875	0.536759251988464
0.6	0.5305060007804222
0.6125	0.5243585849764002
0.625	0.5183149674776619
0.6375	0.5123731534275465
0.65	0.5065311892863336
0.6625	0.5007871619272067
0.675	0.4951391977529319
0.6875	0.48958546183264134
0.7	0.4841241570583362
0.7125	0.47875352332061033
0.725	0.4734718367031265
0.7375	0.4682774086954328
0.75	0.46316858542367695
0.7625	0.4581437468987799
0.775	0.4532013062816932
0.7875	0.4483397091653003
0.8	0.44355743287259586
0.8125	0.4388529857707581
0.825	0.4342249066007366
0.8375	0.42967176382198036
0.85	0.42519215497198143
0.8625	0.42078470604026025
0.875	0.4164480708564597
0.8875	0.4121809304922384
0.9	0.4079819926766028
0.9125	0.40384999122441095
0.925	0.39978368547769333
0.9375	0.3957818597595342
0.95	0.3918433228401843
0.9625	0.38796690741515405
0.975	0.38415146959497637
0.9875	0.3803958884063972
1.0	0.37669906530470376
1.0125	0.3730599236969458
1.025	0.3694774084757928
1.0375	0.3659504855637881
1.05	0.36247814146774615
1.0625	0.3590593828430599
1.075	0.35569323606770775
1.0875	0.3523787468257069
1.1	0.34911497969982197
1.1125	0.3459010177732975
1.125	0.3427359622403987
1.1375	0.3396189320256044
1.15	0.33654906341118296
1.1625	0.3335255096730153
1.175	0.3305474407244451
1.1875	0.3276140427679899
1.2	0.32472451795470897
1.2125	0.32187808405108775
1.225	0.3190739741132203
1.2375	0.3163114361681752
1.25	0.3135897329023291
1.2625	0.3109081413565503
1.275	0.30826595262804674
1.2875	0.30566247157874665
1.3	0.303097016550044
1.3125	0.30056891908377936
1.325	0.29807752364931317
1.3375	0.2956221873765371
1.35	0.29320227979469976
1.3625	0.2908171825769297
1.375	0.28846628929028706
1.3875	0.28614900515125813
1.4	0.2838647467865473
1.4125	0.2816129419990534
1.425	0.2793930295389119
1.4375	0.2772044588794856
1.45	0.2750466899982016
1.4625	0.27291919316210866
1.475	0.2708214487180615
1.4875	0.26875294688742724
1.5	0.2667131875652078
1.5125	0.26470168012348144
1.525	0.2627179432190582
1.5375	0.26076150460526376
1.55	0.25883190094776626
1.5625	0.25692867764433425
1.575	0.2550513886484467
1.5875	0.25319959629669264
1.6	0.25137287113982026
1.6125	0.24957079177742234
1.625	0.24779294469611732
1.6375	0.2460389241111848
1.65	0.24430833181156583
1.6625	0.2426007770081514
1.675	0.24091587618528632
1.6875	0.23925325295542316
1.7	0.2376125379168547
1.7125	0.235993368514444
1.725	0.2343953889033049
1.7375	0.232818249815357
1.75	0.2312616084286868
1.7625	0.2297251282396648
1.775	0.2282084789377529
1.7875	0.22671133628293078
1.8	0.2252333819857139
1.8125	0.22377430358966452
1.825	0.22233379435637582
1.8375	0.22091155315286204
1.85	0.21950728434129405
1.8625	0.21812069767104172
1.875	0.2167515081729684
1.8875	0.21539943605591275
1.9	0.2140642066053501
1.9125	0.21274555008413246
1.925	0.21144320163530686
1.9375	0.2101569011869402
1.95	0.20888639335891493
1.9625	0.20763142737165885
1.975	0.2063917569567601
1.9875	0.20516714026941535
2.0	0.20395733980270184
2.0125	0.20276212230359933
2.025	0.2015812586907536
2.0375	0.20041452397391313
2.05	0.19926169717503622
2.0625	0.19812256125100514
2.075	0.19699690301792872
2.0875	0.19588451307699034
2.1	0.19478518574180884
2.1125	0.19369871896729293
2.125	0.1926249142799329
2.1375	0.19156357670952034
2.15	0.1905145147222573
2.1625	0.18947754015521356
2.175	0.18845246815213473
2.1875	0.18743911710052705
2.2	0.186437308570042
2.2125	0.18544686725208068
2.225	0.18446762090064608
2.2375	0.18349940027436235
2.25	0.18254203907968417
2.2625	0.18159537391523803
2.275	0.18065924421728366
2.2875	0.17973349220627952
2.3	0.1788179628345079
2.3125	0.17791250373476147
2.325	0.1770169651700482
2.3375	0.17613119998430704
2.35	0.17525506355411033
2.3625	0.1743884137413203
2.375	0.1735311108466984
2.3875	0.1726830175644356
2.4	0.1718439989375839
2.4125	0.1710139223143747
2.425	0.17019265730540617
2.4375	0.1693800757416728
2.45	0.1685760516334332
2.4625	0.16778046112988382
2.475	0.16699318247963166
2.4875	0.16621409599195083
2.5	0.16544308399879507
2.5125	0.16468003081756044
2.525	0.16392482271458209
2.5375	0.16317734786934462
2.55	0.16243749633939472
2.5625	0.16170516002594523
2.575	0.1609802326401404
2.5875	0.16026260966999648
2.6	0.15955218834797355
2.6125	0.15884886761918712
2.625	0.1581525481102356
2.6375	0.15746313209863502
2.65	0.156780523482847
2.6625	0.1561046277528892
2.675	0.15543535196151156
2.6875	0.15477260469593748
2.7	0.15411629605014374
2.7125	0.15346633759768089
2.725	0.15282264236501453
2.7375	0.15218512480538235
2.75	0.15155370077315353
2.7625	0.15092828749868242
2.775	0.15030880356364057
2.7875	0.14969516887682444
2.8	0.1490873046504305
2.8125	0.1484851333767762
2.825	0.14788857880547193
2.8375	0.14729756592102577
2.85	0.1467120209208726
2.8625	0.14613187119383264
2.875	0.14555704529896366
2.8875	0.14498747294482736
2.9	0.1444230849691434
2.9125	0.14386381331882922
2.925	0.14330959103042087
2.9375	0.14276035221086242
2.95	0.14221603201865207
2.9625	0.14167656664535577
2.975	0.14114189329745938
2.9875	0.14061195017856604
3.0	0.14008667647192805
3.0125	0.1395660123233059
3.025	0.13904989882414945
3.0375	0.1385382779950939
3.05	0.13803109276976497
3.0625	0.13752828697888242
3.075	0.1370298053346699
3.0875	0.13653559341554447
3.1	0.13604559765109825
3.1125	0.13555976530735678
3.125	0.1350780444723135
3.1375	0.1346003840417269
3.15	0.13412673370518785
3.1625	0.13365704393244204
3.175	0.13319126595996333
3.1875	0.13272935177777778
3.2	0.13227125411653004
3.2125	0.13181692643478626
3.225	0.13136632290657418
3.2375	0.1309193984091505
3.25	0.13047610851098645
3.2625	0.13003640945999126
3.275	0.1296002581719309
3.2875	0.12916761221906822
3.3	0.12873842981901448
3.3125	0.12831266982377815
3.325	0.1278902917090165
3.3375	0.12747125556347766
3.35	0.12705552207864346
3.3625	0.12664305253855337
3.375	0.12623380880981921
3.3875	0.1258277533318116
3.4	0.1254248491070354
3.4125	0.12502505969167038
3.425	0.12462834918628773
3.4375	0.12423468222673076
3.45	0.12384402397516363
3.4625	0.12345634011127667
3.475	0.12307159682365736
3.4875	0.12268976080130338
3.5	0.12231079922530623
3.5125	0.12193467976066398
3.525	0.12156137054825596
3.5375	0.12119084019695321
3.55	0.12082305777587338
3.5625	0.12045799280676942
3.575	0.12009561525655923
3.5875	0.11973589552998488
3.6	0.11937880446240379
3.6125	0.119024313312707
3.625	0.11867239375636283
3.6375	0.11832301787858578
3.65	0.11797615816762388
3.6625	0.11763178750816645
3.675	0.117289879174867
3.6875	0.11695040682598162
3.7	0.1166133444971193
3.7125	0.11627866659509989
3.725	0.11594634789192458
3.7375	0.11561636351884698
3.75	0.11528868896055322
3.7625	0.11496330004943894
3.775	0.11464017295999242
3.7875	0.1143192842032696
3.8	0.11400061062147035
3.8125	0.11368412938260748
3.825	0.11336981797526688
3.8375	0.11305765420346355
3.85	0.11274761618158216
3.8625	0.11243968232940794
3.875	0.11213383136724368
3.8875	0.11183004231111025
3.9	0.11152829446803292
3.9125	0.11122856743140384
3.925	0.1109308410764302
3.9375	0.11063509555565854
3.95	0.11034131129457672
3.9625	0.11004946898728843
3.975	0.10975954959226683
3.9875	0.109471534328181
4.0	0.10918540466978757
4.0125	0.10890114234390053
4.025	0.10861872932542517
4.0375	0.10833814783346302
4.05	0.10805938032747833
4.0625	0.10778240950353894
4.075	0.10750721829060891
4.0875	0.10723378984691569
4.1	0.106962107556373
4.1125	0.10669215502506427
4.125	0.1064239160777899
4.1375	0.10615737475466798
4.15	0.10589251530779636
4.1625	0.10562932219796956
4.175	0.1053677800914513
4.1875	0.10510787385679994
4.2	0.10484958856175329
4.2125	0.10459290947015665
4.225	0.10433782203895081
4.2375	0.10408431191520667
4.25	0.10383236493320866
4.2625	0.10358196711159132
4.275	0.1033331046505192
4.2875	0.10308576392891813
4.3	0.10283993150174785
4.3125	0.10259559409732522
4.325	0.10235273861468859
4.3375	0.10211135212100714
4.35	0.10187142184903564
4.3625	0.10163293519460626
4.375	0.10139587971416651
4.3875	0.10116024312235794
4.4	0.10092601328963087
4.4125	0.10069317823990333
4.425	0.10046172614825721
4.4375	0.1002316453386698
4.45	0.10000292428178663
4.4625	0.09977555159272909
4.475	0.09954951602893806
4.4875	0.0993248064880539
4.5	0.09910141200582967
4.5125	0.09887932175408025
4.525	0.09865852503866546
4.5375	0.09843901129750314
4.55	0.09822077009861817
4.5625	0.09800379113822236
4.575	0.09778806423882308
4.5875	0.09757357934736817
4.6	0.09736032653341566
4.6125	0.0971482959873353
4.625	0.09693747801854201
4.6375	0.09672786305375143
4.65	0.09651944163527233
4.6625	0.09631220441931848
4.675	0.09610614217435345
4.6875	0.09590124577946074
4.7	0.09569750622273789
4.7125	0.09549491459971987
4.725	0.09529346211182557
4.7375	0.0950931400648313
4.75	0.09489393986736559
4.7625	0.09469585302943234
4.775	0.09449887116095451
4.7875	0.0943029859703419
4.8	0.09410818926308372
4.8125	0.09391447294036004
4.825	0.09372182899767904
4.8375	0.09353024952353367
4.85	0.09333972669808137
4.8625	0.0931502527918432
4.875	0.09296182016442384
4.8875	0.09277442126325573
4.9	0.09258804862235558
4.9125	0.09240269486110796
4.925	0.0922183526830652
4.9375	0.09203501487476452
4.95	0.09185267430456664
4.9625	0.09167132392151162
4.975	0.09149095675419451
4.9875	0.09131156590965327
5.0	0.0911331445722822
5.0125	0.09095568600275539
5.025	0.09077918353697094
5.0375	0.09060363058501068
5.05	0.09042902063011689
5.0625	0.09025534722768223
5.075	0.09008260400426205
5.0875	0.08991078465659205
5.1	0.08973988295063132
5.1125	0.08956989272061486
5.125	0.08940080786812116
5.1375	0.08923262236115544
5.15	0.0890653302332472
5.1625	0.08889892558256017
5.175	0.08873340257102007
5.1875	0.0885687554234493
5.2	0.08840497842672174
5.2125	0.08824206592892547
5.225	0.08808001233854361
5.2375	0.08791881212364071
5.25	0.0877584598110693
5.2625	0.08759894998568286
5.275	0.08744027728956527
5.2875	0.08728243642126793
5.3	0.08712542213506205
5.3125	0.08696922924019942
5.325	0.08681385260018776
5.3375	0.08665928713207535
5.35	0.08650552780574439
5.3625	0.08635256964322048
5.375	0.08620040771798824
5.3875	0.08604903715431736
5.4	0.08589845312660277
5.4125	0.08574865085871124
5.425	0.08559962562333732
5.4375	0.08545137274137343
5.45	0.08530388758128506
5.4625	0.08515716555849748
5.475	0.08501120213479085
5.4875	0.0848659928177057
5.5	0.08472153315995677
5.5125	0.08457781875885548
5.525	0.08443484525573841
5.5375	0.0842926083354116
5.55	0.08415110372559594
5.5625	0.08401032719638302
5.575	0.08387027455970264
5.5875	0.08373094166879191
5.6	0.08359232441767782
5.6125	0.0834544187406653
5.625	0.08331722061183332
5.6375	0.08318072604453569
5.65	0.08304493109091522
5.6625	0.08290983184142049
5.675	0.08277542442433011
5.6875	0.08264170500528482
5.7	0.08250866978682894
5.7125	0.08237631500795445
5.725	0.08224463694365367
5.7375	0.08211363190447801
5.75	0.08198329623610574
5.7625	0.08185362631891206
5.775	0.08172461856754881
5.7875	0.08159626943052875
5.8	0.08146857538981557
5.8125	0.081341532960422
5.825	0.08121513869001068
5.8375	0.08108938915850458
5.85	0.08096428097769992
5.8625	0.08083981079088638
5.875	0.08071597527247057
5.8875	0.08059277112761101
5.9	0.0804701950918493
5.9125	0.08034824393075643
5.925	0.08022691443957469
5.9375	0.08010620344287357
5.95	0.07998610779420298
5.9625	0.07986662437575792
5.975	0.07974775009804363
5.9875	0.0796294818995467
6.0	0.07951181674641232
6.0125	0.07939475163212481
6.025	0.079278283577192
6.0375	0.07916240962883718
6.05	0.0790471268606914
6.0625	0.07893243237249263
6.075	0.0788183232897912
6.0875	0.07870479676365301
6.1	0.07859184997037486
6.1125	0.07847948011119714
6.125	0.07836768441202567
6.1375	0.07825646012315374
6.15	0.0781458045189907
6.1625	0.07803571489779182
6.175	0.0779261885813965
6.1875	0.0778172229149642
6.2	0.07770881526671711
6.2125	0.07760096302769064
6.225	0.07749366361147728
6.2375	0.07738691445398373
6.25	0.07728071301318719
6.2625	0.0771750567688959
6.275	0.07706994322251048
6.2875	0.07696536989679424
6.3	0.07686133433564091
6.3125	0.07675783410384945
6.325	0.07665486678689853
6.3375	0.07655242999072986
6.35	0.07645052134152712
6.3625	0.07634913848550381
6.375	0.07624827908869233
6.3875	0.07614794083673418
6.4	0.07604812143467492
6.4125	0.07594881860676321
6.425	0.07585003009624873
6.4375	0.07575175366518641
6.45	0.0756539870942422
6.4625	0.07555672818250042
6.475	0.07545997474727617
6.4875	0.07536372462392797
6.5	0.07526797566567374
6.5125	0.07517272574341075
6.525	0.07507797274553521
6.5375	0.07498371457776695
6.55	0.07488994916297437
6.5625	0.07479667444100421
6.575	0.07470388836851176
6.5875	0.0746115889187921
6.6	0.07451977408161926
6.6125	0.07442844186307927
6.625	0.07433759028541366
6.6375	0.07424721738685842
6.65	0.07415732122149082
6.6625	0.07406789985907236
6.675	0.07397895138490053
6.6875	0.07389047389965532
6.7	0.07380246551925493
6.7125	0.07371492437470784
6.725	0.07362784861196896
6.7375	0.07354123639180016
6.75	0.07345508588962729
6.7625	0.07336939529540368
6.775	0.07328416281347344
6.7875	0.073199386662438
6.8	0.07311506507502212
6.8125	0.07303119629794247
6.825	0.072947778591781
6.8375	0.07286481023085631
6.85	0.07278228950309576
6.8625	0.07270021470991578
6.875	0.07261858416609462
6.8875	0.07253739619965602
6.9	0.072456649151745
6.9125	0.07237634137651618
6.925	0.07229647124101199
6.9375	0.072217037125052
6.95	0.07213803742111784
6.9625	0.07205947053424264
6.975	0.07198133488190007
6.9875	0.0719036288938964
7.0	0.0718263510122617
7.0125	0.07174949969114633
7.025	0.0716730733967147
7.0375	0.07159707060704266
7.05	0.0715214898120161
7.0625	0.07144632951322905
7.075	0.07137158822388583
7.0875	0.0712972644687037
7.1	0.07122335678381403
7.1125	0.07114986371666861
7.125	0.07107678382594605
7.1375	0.0710041156814561
7.15	0.07093185786405186
7.1625	0.07086000896553525
7.175	0.0707885675885699
7.1875	0.07071753234659314
7.2	0.07064690186372746
7.2125	0.07057667477469523
7.225	0.07050684972473419
7.2375	0.07043742536951263
7.25	0.07036840037504793
7.2625	0.07029977341762379
7.275	0.07023154318371018
7.2875	0.07016370836988227
7.3	0.07009626768274448
7.3125	0.07002921983885134
7.325	0.06996256356462985
7.3375	0.06989629759630549
7.35	0.06983042067982669
7.3625	0.06976493157079132
7.375	0.06969982903437436
7.3875	0.06963511184525441
7.4	0.069570778787544
7.4125	0.06950682865471923
7.425	0.06944326024954996
7.4375	0.06938007238403274
7.45	0.0693172638793227
7.4625	0.06925483356566568
7.475	0.06919278028233262
7.4875	0.06913110287755844
7.5	0.06906980020847102
7.5125	0.06900887114103416
7.525	0.0689483145499814
7.5375	0.06888812931875478
7.55	0.06882831433944431
7.5625	0.06876886851272819
7.575	0.0687097907478119
7.5875	0.06865107996237052
7.6	0.06859273508248948
7.6125	0.06853475504260885
7.625	0.06847713878546527
7.6375	0.06841988526203702
7.65	0.06836299343148818
7.6625	0.06830646226111317
7.675	0.06825029072628525
7.6875	0.06819447781040153
7.7	0.06813902250483114
7.7125	0.06808392380886229
7.725	0.06802918072965179
7.7375	0.0679747922821743
7.75	0.06792075748917345
7.7625	0.06786707538111016
7.775	0.06781374499611459
7.7875	0.06776076537993996
7.8	0.06770813558591146
7.8125	0.06765585467488347
7.825	0.06760392171518811
7.8375	0.0675523357825934
7.85	0.06750109596025716
7.8625	0.06745020133868038
7.875	0.06739965101566509
7.8875	0.0673494440962692
7.9	0.06729957969276579
7.9125	0.06725005692459665
7.925	0.06720087491833279
7.9375	0.0671520328076343
7.95	0.06710352973320564
7.9625	0.06705536484275706
7.975	0.06700753729096513
7.9875	0.06696004623943173
8.0	0.06691289085664658
8.0125	0.06686607031794635
8.025	0.06681958380547982
8.0375	0.06677343050816655
8.05	0.06672760962166205
8.0625	0.06668212034832117
8.075	0.0666369618971596
8.0875	0.06659213348382119
8.1	0.06654763433054026
8.1125	0.06650346366610663
8.125	0.06645962072583168
8.1375	0.06641610475151558
8.15	0.06637291499141094
8.1625	0.06633005070019111
8.175	0.06628751113891736
8.1875	0.06624529557500557
8.2	0.06620340328219447
8.2125	0.06616183354051541
8.225	0.06612058563625892
8.2375	0.06607965886194374
8.25	0.06603905251628929
8.2625	0.06599876590418183
8.275	0.06595879833664682
8.2875	0.0659191491308193
8.3	0.06587981760991496
8.3125	0.06584080310320031
8.325	0.06580210494596485
8.3375	0.06576372247949433
8.35	0.06572565505104216
8.3625	0.06568790201380137
8.375	0.06565046272687898
8.3875	0.06561333655526899
8.4	0.06557652286982604
8.4125	0.0655400210472397
8.425	0.0655038304700073
8.4375	0.06546795052641094
8.45	0.06543238061049203
8.4625	0.06539712012202553
8.475	0.0653621684664962
8.4875	0.06532752505507476
8.5	0.06529318930459334
8.5125	0.06525916063752456
8.525	0.06522543848195396
8.5375	0.0651920222715622
8.55	0.06515891144559813
8.5625	0.06512610544886023
8.575	0.06509360373167195
8.5875	0.06506140574986045
8.6	0.06502951096473737
8.6125	0.06499791884307463
8.625	0.0649666288570863
8.6375	0.06493564048440614
8.65	0.06490495320806744
8.6625	0.06487456651648404
8.675	0.06484447990343126
8.6875	0.06481469286802352
8.7	0.0647852049146971
8.7125	0.06475601555319128
8.725	0.06472712429852877
8.7375	0.06469853067099812
8.75	0.06467023419613396
8.7625	0.06464223440470179
8.775	0.06461453083267638
8.7875	0.06458712302122777
8.8	0.06456001051670207
8.8125	0.06453319287060531
8.825	0.06450666963958673
8.8375	0.06448044038542054
8.85	0.0644545046749925
8.8625	0.06442886208028131
8.875	0.06440351217834375
8.8875	0.06437845455129995
8.9	0.06435368878631512
8.9125	0.0643292144755885
8.925	0.06430503121633528
8.9375	0.06428113861077182
8.95	0.06425753626610335
8.9625	0.06423422379450855
8.975	0.06421120081312373
8.9875	0.06418846694403198
9.0	0.06416602181424752
9.0125	0.06414386505570223
9.025	0.06412199630523416
9.0375	0.06410041520457159
9.05	0.06407912140032217
9.0625	0.0640581145439602
9.075	0.06403739429181411
9.0875	0.06401696030505327
9.1	0.06399681224967681
9.1125	0.06397694979650141
9.125	0.06395737262114966
9.1375	0.06393808040403857
9.15	0.06391907283036814
9.1625	0.06390034959011134
9.175	0.0638819103780016
9.1875	0.06386375489352233
9.2	0.06384588284089811
9.2125	0.06382829392908179
9.225	0.06381098787174636
9.2375	0.06379396438727346
9.25	0.06377722319874517
9.2625	0.0637607640339326
9.275	0.06374458662528842
9.2875	0.06372869070993473
9.3	0.06371307602965762
9.3125	0.06369774233089537
9.325	0.06368268936473083
9.3375	0.06366791688688278
9.35	0.06365342465769673
9.3625	0.06363921244213813
9.375	0.06362528000978389
9.3875	0.06361162713481294
9.4	0.06359825359600053
9.4125	0.06358515917670976
9.425	0.06357234366488394
9.4375	0.0635598068530398
9.45	0.06354754853826142
9.4625	0.06353556852218988
9.475	0.06352386661102098
9.4875	0.06351244261549542
9.5	0.06350129635089426
9.5125	0.06349042763703079
9.525	0.0634798362982471
9.5375	0.0634695221634055
9.55	0.06345948506588407
9.5625	0.06344972484357093
9.575	0.06344024133885873
9.5875	0.06343103439863954
9.6	0.06342210387429839
9.6125	0.06341344962171117
9.625	0.06340507150123595
9.6375	0.06339696937771165
9.65	0.06338914312045242
9.6625	0.06338159260324171
9.675	0.06337431770433041
9.6875	0.06336731830643128
9.7	0.06336059429671563
9.7125	0.06335414556680975
9.725	0.06334797201279072
9.7375	0.06334207353518294
9.75	0.0633364500389547
9.7625	0.06333110143351685
9.775	0.06332602763271673
9.7875	0.06332122855483803
9.8	0.06331670412259634
9.8125	0.0633124542631372
9.825	0.06330847890803377
9.8375	0.06330477799328436
9.85	0.06330135145931072
9.8625	0.063298199250956
9.875	0.06329532131748082
9.8875	0.06329271761256573
9.9	0.06329038809430627
9.9125	0.06328833272521253
9.925	0.06328655147220888
9.9375	0.06328504430663083
9.95	0.06328381120422684
9.9625	0.0632828521451544
9.975	0.06328216711398207
9.9875	0.0632817560996877
10.0	0.0632816190956577
10.0125	0.06328175609968764
10.025	0.06328216711398212
10.0375	0.06328285214515451
10.05	0.06328381120422699
10.0625	0.06328504430663104
10.075	0.06328655147220896
10.0875	0.0632883327252126
10.1	0.0632903880943063
10.1125	0.06329271761256575
10.125	0.06329532131748085
10.1375	0.063298199250956
10.15	0.06330135145931096
10.1625	0.06330477799328443
10.175	0.06330847890803384
10.1875	0.06331245426313739
10.2	0.06331670412259621
10.2125	0.06332122855483803
10.225	0.0633260276327167
10.2375	0.06333110143351688
10.25	0.06333645003895459
10.2625	0.06334207353518297
10.275	0.06334797201279091
10.2875	0.06335414556680978
10.3	0.06336059429671567
10.3125	0.06336731830643116
10.325	0.06337431770433041
10.3375	0.06338159260324165
10.35	0.0633891431204524
10.3625	0.06339696937771169
10.375	0.0634050715012359
10.3875	0.06341344962171108
10.4	0.06342210387429846
10.4125	0.06343103439863955
10.425	0.06344024133885903
10.4375	0.063449724843571
10.45	0.06345948506588427
10.4625	0.06346952216340557
10.475	0.0634798362982471
10.4875	0.06349042763703099
10.5	0.06350129635089428
10.5125	0.0635124426154954
10.525	0.06352386661102094
10.5375	0.06353556852218994
10.55	0.06354754853826142
10.5625	0.06355980685304002
10.575	0.06357234366488394
10.5875	0.06358515917670983
10.6	0.06359825359600067
10.6125	0.0636116271348131
10.625	0.06362528000978404
10.6375	0.06363921244213827
10.65	0.06365342465769669
10.6625	0.06366791688688275
10.675	0.06368268936473082
10.6875	0.0636977423308955
10.7	0.06371307602965771
10.7125	0.06372869070993496
10.725	0.06374458662528834
10.7375	0.06376076403393269
10.75	0.06377722319874521
10.7625	0.06379396438727354
10.775	0.06381098787174634
10.7875	0.06382829392908185
10.8	0.06384588284089815
10.8125	0.06386375489352246
10.825	0.06388191037800152
10.8375	0.06390034959011118
10.85	0.06391907283036807
10.8625	0.06393808040403853
10.875	0.0639573726211497
10.8875	0.06397694979650159
10.9	0.06399681224967692
10.9125	0.0640169603050531
10.925	0.06403739429181408
10.9375	0.0640581145439601
10.95	0.06407912140032207
10.9625	0.06410041520457153
10.975	0.06412199630523406
10.9875	0.06414386505570226
11.0	0.06416602181424771
11.0125	0.06418846694403212
11.025	0.06421120081312381
11.0375	0.06423422379450856
11.05	0.06425753626610334
11.0625	0.06428113861077182
11.075	0.06430503121633532
11.0875	0.06432921447558858
11.1	0.0643536887863152
11.1125	0.06437845455129997
11.125	0.06440351217834357
11.1375	0.06442886208028138
11.15	0.06445450467499234
11.1625	0.06448044038542053
11.175	0.06450666963958679
11.1875	0.06453319287060526
11.2	0.06456001051670195
11.2125	0.06458712302122777
11.225	0.06461453083267656
11.2375	0.06464223440470164
11.25	0.0646702341961341
11.2625	0.06469853067099807
11.275	0.06472712429852882
11.2875	0.06475601555319119
11.3	0.06478520491469698
11.3125	0.0648146928680234
11.325	0.06484447990343117
11.3375	0.06487456651648416
11.35	0.0649049532080673
11.3625	0.06493564048440602
11.375	0.06496662885708619
11.3875	0.06499791884307457
11.4	0.0650295109647373
11.4125	0.06506140574986033
11.425	0.0650936037316719
11.4375	0.0651261054488601
11.45	0.06515891144559817
11.4625	0.06519202227156227
11.475	0.0652254384819538
11.4875	0.0652591606375246
11.5	0.06529318930459338
11.5125	0.06532752505507483
11.525	0.06536216846649626
11.5375	0.06539712012202545
11.55	0.065432380610492
11.5625	0.065467950526411
11.575	0.06550383047000725
11.5875	0.06554002104723985
11.6	0.0655765228698262
11.6125	0.06561333655526899
11.625	0.06565046272687891
11.6375	0.06568790201380122
11.65	0.06572565505104226
11.6625	0.06576372247949441
11.675	0.06580210494596478
11.6875	0.06584080310320027
11.7	0.06587981760991489
11.7125	0.06591914913081946
11.725	0.06595879833664695
11.7375	0.06599876590418183
11.75	0.0660390525162891
11.7625	0.06607965886194368
11.775	0.06612058563625893
11.7875	0.0661618335405156
11.8	0.0662034032821946
11.8125	0.06624529557500562
11.825	0.06628751113891745
11.8375	0.06633005070019114
11.85	0.06637291499141103
11.8625	0.0664161047515157
11.875	0.06645962072583166
11.8875	0.06650346366610659
11.9	0.06654763433054031
11.9125	0.0665921334838212
11.925	0.06663696189715954
11.9375	0.06668212034832104
11.95	0.06672760962166203
11.9625	0.06677343050816655
11.975	0.06681958380547977
11.9875	0.06686607031794654
12.0	0.0669128908566464
12.0125	0.06696004623943176
12.025	0.0670075372909653
12.0375	0.06705536484275704
12.05	0.06710352973320573
12.0625	0.06715203280763435
12.075	0.06720087491833301
12.0875	0.06725005692459668
12.1	0.06729957969276584
12.1125	0.06734944409626929
12.125	0.06739965101566515
12.1375	0.06745020133868038
12.15	0.06750109596025723
12.1625	0.06755233578259344
12.175	0.06760392171518817
12.1875	0.06765585467488368
12.2	0.0677081355859115
12.2125	0.0677607653799399
12.225	0.06781374499611448
12.2375	0.06786707538111018
12.25	0.06792075748917348
12.2625	0.06797479228217435
12.275	0.06802918072965172
12.2875	0.06808392380886231
12.3	0.06813902250483116
12.3125	0.06819447781040164
12.325	0.0682502907262853
12.3375	0.06830646226111306
12.35	0.068362993431488
12.3625	0.06841988526203702
12.375	0.06847713878546526
12.3875	0.06853475504260889
12.4	0.06859273508248952
12.4125	0.0686510799623706
12.425	0.06870979074781194
12.4375	0.06876886851272816
12.45	0.06882831433944434
12.4625	0.06888812931875472
12.475	0.06894831454998132
12.4875	0.06900887114103417
12.5	0.06906980020847106
12.5125	0.06913110287755846
12.525	0.06919278028233254
12.5375	0.06925483356566557
12.55	0.06931726387932267
12.5625	0.06938007238403275
12.575	0.06944326024954994
12.5875	0.06950682865471915
12.6	0.06957077878754388
12.6125	0.06963511184525449
12.625	0.06969982903437436
12.6375	0.06976493157079133
12.65	0.0698304206798266
12.6625	0.06989629759630553
12.675	0.06996256356462982
12.6875	0.07002921983885134
12.7	0.07009626768274449
12.7125	0.07016370836988227
12.725	0.0702315431837101
12.7375	0.07029977341762376
12.75	0.07036840037504793
12.7625	0.07043742536951253
12.775	0.07050684972473423
12.7875	0.07057667477469531
12.8	0.07064690186372746
12.8125	0.07071753234659318
12.825	0.07078856758856981
12.8375	0.07086000896553524
12.85	0.07093185786405194
12.8625	0.07100411568145633
12.875	0.0710767838259461
12.8875	0.07114986371666866
12.9	0.07122335678381397
12.9125	0.07129726446870377
12.925	0.07137158822388585
12.9375	0.07144632951322905
12.95	0.07152148981201605
12.9625	0.07159707060704266
12.975	0.07167307339671455
12.9875	0.0717494996911463
13.0	0.07182635101226166
13.0125	0.07190362889389629
13.025	0.07198133488190009
13.0375	0.07205947053424262
13.05	0.07213803742111789
13.0625	0.07221703712505192
13.075	0.07229647124101198
13.0875	0.07237634137651616
13.1	0.07245664915174503
13.1125	0.07253739619965607
13.125	0.07261858416609478
13.1375	0.0727002147099158
13.15	0.07278228950309579
13.1625	0.07286481023085636
13.175	0.07294777859178102
13.1875	0.07303119629794243
13.2	0.07311506507502197
13.2125	0.07319938666243798
13.225	0.0732841628134735
13.2375	0.07336939529540355
13.25	0.07345508588962722
13.2625	0.07354123639180016
13.275	0.07362784861196889
13.2875	0.07371492437470789
13.3	0.07380246551925489
13.3125	0.07389047389965532
13.325	0.07397895138490056
13.3375	0.07406789985907251
13.35	0.07415732122149098
13.3625	0.07424721738685848
13.375	0.07433759028541381
13.3875	0.07442844186307931
13.4	0.07451977408161928
13.4125	0.07461158891879219
13.425	0.07470388836851174
13.4375	0.0747966744410043
13.45	0.07488994916297446
13.4625	0.07498371457776692
13.475	0.07507797274553539
13.4875	0.07517272574341073
13.5	0.0752679756656737
13.5125	0.07536372462392807
13.525	0.07545997474727628
13.5375	0.07555672818250028
13.55	0.07565398709424231
13.5625	0.07575175366518642
13.575	0.07585003009624883
13.5875	0.07594881860676328
13.6	0.07604812143467495
13.6125	0.07614794083673428
13.625	0.07624827908869242
13.6375	0.07634913848550376
13.65	0.07645052134152723
13.6625	0.07655242999072988
13.675	0.07665486678689847
13.6875	0.07675783410384937
13.7	0.07686133433564084
13.7125	0.07696536989679419
13.725	0.07706994322251048
13.7375	0.07717505676889594
13.75	0.07728071301318713
13.7625	0.07738691445398371
13.775	0.07749366361147729
13.7875	0.07760096302769065
13.8	0.07770881526671716
13.8125	0.07781722291496412
13.825	0.07792618858139645
13.8375	0.07803571489779176
13.85	0.07814580451899071
13.8625	0.07825646012315379
13.875	0.07836768441202566
13.8875	0.0784794801111972
13.9	0.0785918499703748
13.9125	0.07870479676365306
13.925	0.07881832328979115
13.9375	0.07893243237249252
13.95	0.0790471268606916
13.9625	0.07916240962883717
13.975	0.07927828357719212
13.9875	0.07939475163212482
14.0	0.07951181674641232
14.0125	0.07962948189954665
14.025	0.07974775009804372
14.0375	0.07986662437575794
14.05	0.07998610779420294
14.0625	0.0801062034428737
14.075	0.08022691443957469
14.0875	0.08034824393075646
14.1	0.08047019509184919
14.1125	0.08059277112761094
14.125	0.0807159752724707
14.1375	0.08083981079088647
14.15	0.08096428097769987
14.1625	0.08108938915850467
14.175	0.08121513869001076
14.1875	0.08134153296042186
14.2	0.0814685753898154
14.2125	0.08159626943052858
14.225	0.08172461856754881
14.2375	0.08185362631891199
14.25	0.08198329623610576
14.2625	0.08211363190447804
14.275	0.08224463694365361
14.2875	0.08237631500795448
14.3	0.082508669786829
14.3125	0.08264170500528478
14.325	0.0827754244243301
14.3375	0.08290983184142033
14.35	0.08304493109091514
14.3625	0.08318072604453554
14.375	0.08331722061183318
14.3875	0.08345441874066521
14.4	0.08359232441767785
14.4125	0.08373094166879189
14.425	0.08387027455970275
14.4375	0.08401032719638303
14.45	0.08415110372559603
14.4625	0.08429260833541165
14.475	0.08443484525573838
14.4875	0.08457781875885548
14.5	0.0847215331599569
14.5125	0.08486599281770565
14.525	0.08501120213479085
14.5375	0.08515716555849749
14.55	0.0853038875812851
14.5625	0.08545137274137347
14.575	0.08559962562333727
14.5875	0.08574865085871128
14.6	0.08589845312660273
14.6125	0.0860490371543174
14.625	0.08620040771798818
14.6375	0.08635256964322054
14.65	0.08650552780574436
14.6625	0.08665928713207546
14.675	0.08681385260018779
14.6875	0.0869692292401995
14.7	0.08712542213506208
14.7125	0.08728243642126789
14.725	0.08744027728956522
14.7375	0.08759894998568284
14.75	0.08775845981106926
14.7625	0.08791881212364075
14.775	0.08808001233854353
14.7875	0.08824206592892546
14.8	0.08840497842672186
14.8125	0.08856875542344926
14.825	0.08873340257102
14.8375	0.0888989255825602
14.85	0.0890653302332473
14.8625	0.08923262236115558
14.875	0.08940080786812117
14.8875	0.08956989272061486
14.9	0.0897398829506313
14.9125	0.08991078465659212
14.925	0.090082604004262
14.9375	0.09025534722768229
14.95	0.0904290206301169
14.9625	0.09060363058501078
14.975	0.09077918353697108
14.9875	0.09095568600275535
15.0	0.09113314457228233
15.0125	0.09131156590965331
15.025	0.0914909567541946
15.0375	0.09167132392151164
15.05	0.09185267430456658
15.0625	0.0920350148747645
15.075	0.0922183526830652
15.0875	0.09240269486110796
15.1	0.09258804862235562
15.1125	0.09277442126325573
15.125	0.09296182016442382
15.1375	0.09315025279184312
15.15	0.09333972669808133
15.1625	0.09353024952353359
15.175	0.09372182899767902
15.1875	0.09391447294035986
15.2	0.09410818926308381
15.2125	0.09430298597034192
15.225	0.09449887116095465
15.2375	0.09469585302943237
15.25	0.09489393986736559
15.2625	0.09509314006483127
15.275	0.0952934621118257
15.2875	0.09549491459971995
15.3	0.0956975062227379
15.3125	0.0959012457794608
15.325	0.09610614217435351
15.3375	0.0963122044193185
15.35	0.09651944163527235
15.3625	0.09672786305375153
15.375	0.09693747801854206
15.3875	0.09714829598733533
15.4	0.0973603265334157
15.4125	0.09757357934736811
15.425	0.09778806423882322
15.4375	0.09800379113822225
15.45	0.09822077009861804
15.4625	0.09843901129750317
15.475	0.09865852503866544
15.4875	0.09887932175408028
15.5	0.09910141200582964
15.5125	0.09932480648805395
15.525	0.09954951602893802
15.5375	0.09977555159272912
15.55	0.10000292428178652
15.5625	0.1002316453386698
15.575	0.10046172614825721
15.5875	0.10069317823990337
15.6	0.10092601328963091
15.6125	0.10116024312235798
15.625	0.10139587971416646
15.6375	0.1016329351946061
15.65	0.10187142184903558
15.6625	0.10211135212100714
15.675	0.10235273861468862
15.6875	0.10259559409732524
15.7	0.10283993150174774
15.7125	0.10308576392891813
15.725	0.10333310465051924
15.7375	0.1035819671115913
15.75	0.10383236493320862
15.7625	0.10408431191520666
15.775	0.10433782203895071
15.7875	0.10459290947015672
15.8	0.10484958856175335
15.8125	0.10510787385679997
15.825	0.10536778009145126
15.8375	0.10562932219796957
15.85	0.10589251530779634
15.8625	0.10615737475466798
15.875	0.10642391607779003
15.8875	0.10669215502506427
15.9	0.10696210755637295
15.9125	0.10723378984691566
15.925	0.107507218290609
15.9375	0.10778240950353894
15.95	0.10805938032747836
15.9625	0.10833814783346292
15.975	0.10861872932542523
15.9875	0.1089011423439005
16.0	0.10918540466978764
16.0125	0.10947153432818103
16.025	0.10975954959226682
16.0375	0.11004946898728842
16.05	0.11034131129457678
16.0625	0.11063509555565852
16.075	0.11093084107643018
16.0875	0.11122856743140379
16.1	0.11152829446803293
16.1125	0.11183004231111028
16.125	0.11213383136724367
16.1375	0.112439682329408
16.15	0.1127476161815822
16.1625	0.11305765420346367
16.175	0.1133698179752669
16.1875	0.11368412938260747
16.2	0.11400061062147039
16.2125	0.1143192842032695
16.225	0.11464017295999257
16.2375	0.11496330004943896
16.25	0.11528868896055325
16.2625	0.11561636351884692
16.275	0.11594634789192461
16.2875	0.11627866659509989
16.3	0.11661334449711934
16.3125	0.11695040682598168
16.325	0.11728987917486688
16.3375	0.11763178750816634
16.35	0.11797615816762391
16.3625	0.1183230178785858
16.375	0.11867239375636279
16.3875	0.11902431331270712
16.4	0.11937880446240373
16.4125	0.11973589552998488
16.425	0.12009561525655923
16.4375	0.12045799280676946
16.45	0.12082305777587354
16.4625	0.12119084019695373
16.475	0.1215613705482564
16.4875	0.12193467976066387
16.5	0.12231079922530615
16.5125	0.12268976080130393
16.525	0.12307159682365708
16.5375	0.12345634011127696
16.55	0.12384402397516363
16.5625	0.12423468222673097
16.575	0.1246283491862884
16.5875	0.12502505969167083
16.6	0.12542484910703527
16.6125	0.12582775333181165
16.625	0.12623380880981944
16.6375	0.1266430525385539
16.65	0.1270555220786434
16.6625	0.12747125556347821
16.675	0.12789029170901672
16.6875	0.1283126698237784
16.7	0.1287384298190149
16.7125	0.12916761221906847
16.725	0.12960025817193088
16.7375	0.1300364094599914
16.75	0.13047610851098682
16.7625	0.13091939840915048
16.775	0.13136632290657427
16.7875	0.13181692643478643
16.8	0.13227125411653012
16.8125	0.13272935177777778
16.825	0.13319126595996345
16.8375	0.1336570439324421
16.85	0.13412673370518768
16.8625	0.13460038404172697
16.875	0.13507804447231342
16.8875	0.1355597653073569
16.9	0.1360455976510982
16.9125	0.13653559341554442
16.925	0.1370298053346701
16.9375	0.1375282869788825
16.95	0.1380310927697649
16.9625	0.1385382779950941
16.975	0.13904989882414953
16.9875	0.13956601232330576
17.0	0.14008667647192807
17.0125	0.14061195017856595
17.025	0.14114189329745946
17.0375	0.1416765666453559
17.05	0.14221603201865196
17.0625	0.1427603522108624
17.075	0.14330959103042087
17.0875	0.14386381331882936
17.1	0.1444230849691434
17.1125	0.14498747294482728
17.125	0.1455570452989637
17.1375	0.14613187119383242
17.15	0.14671202092087232
17.1625	0.14729756592102566
17.175	0.14788857880547193
17.1875	0.14848513337677638
17.2	0.14908730465043063
17.2125	0.14969516887682413
17.225	0.15030880356364057
17.2375	0.1509282874986825
17.25	0.1515537007731536
17.2625	0.15218512480538207
17.275	0.15282264236501444
17.2875	0.15346633759768102
17.3	0.15411629605014382
17.3125	0.15477260469593726
17.325	0.1554353519615115
17.3375	0.1561046277528892
17.35	0.15678052348284716
17.3625	0.15746313209863516
17.375	0.1581525481102356
17.3875	0.15884886761918732
17.4	0.15955218834797358
17.4125	0.16026260966999636
17.425	0.1609802326401405
17.4375	0.16170516002594537
17.45	0.1624374963393949
17.4625	0.16317734786934468
17.475	0.16392482271458206
17.4875	0.16468003081756039
17.5	0.1654430839987952
17.5125	0.1662140959919507
17.525	0.16699318247963155
17.5375	0.16778046112988393
17.55	0.16857605163343328
17.5625	0.16938007574167274
17.575	0.1701926573054063
17.5875	0.1710139223143748
17.6	0.1718439989375841
17.6125	0.1726830175644357
17.625	0.17353111084669837
17.6375	0.1743884137413203
17.65	0.17525506355411025
17.6625	0.1761311999843073
17.675	0.17701696517004814
17.6875	0.17791250373476136
17.7	0.1788179628345079
17.7125	0.17973349220627954
17.725	0.18065924421728397
17.7375	0.18159537391523806
17.75	0.18254203907968417
17.7625	0.1834994002743622
17.775	0.18446762090064608
17.7875	0.18544686725208073
17.8	0.186437308570042
17.8125	0.18743911710052732
17.825	0.18845246815213482
17.8375	0.1894775401552135
17.85	0.19051451472225772
17.8625	0.19156357670952043
17.875	0.1926249142799327
17.8875	0.19369871896729285
17.9	0.19478518574180886
17.9125	0.19588451307699045
17.925	0.19699690301792902
17.9375	0.1981225612510053
17.95	0.1992616971750363
17.9625	0.20041452397391288
17.975	0.2015812586907537
17.9875	0.2027621223035995
18.0	0.20395733980270192
18.0125	0.2051671402694154
18.025	0.20639175695676
18.0375	0.20763142737165913
18.05	0.20888639335891504
18.0625	0.2101569011869403
18.075	0.21144320163530692
18.0875	0.21274555008413232
18.1	0.2140642066053504
18.1125	0.215399436055913
18.125	0.2167515081729682
18.1375	0.21812069767104186
18.15	0.21950728434129388
18.1625	0.2209115531528623
18.175	0.22233379435637604
18.1875	0.22377430358966435
18.2	0.22523338198571402
18.2125	0.2267113362829307
18.225	0.2282084789377531
18.2375	0.22972512823966462
18.25	0.23126160842868687
18.2625	0.23281824981535715
18.275	0.23439538890330494
18.2875	0.23599336851444416
18.3	0.23761253791685472
18.3125	0.2392532529554233
18.325	0.2409158761852864
18.3375	0.24260077700815147
18.35	0.2443083318115668
18.3625	0.24603892411118514
18.375	0.2477929446961169
18.3875	0.24957079177742308
18.4	0.25137287113981993
18.4125	0.2531995962966928
18.425	0.2550513886484476
18.4375	0.2569286776443346
18.45	0.25883190094776704
18.4625	0.26076150460526365
18.475	0.2627179432190582
18.4875	0.26470168012348283
18.5	0.26671318756520923
18.5125	0.26875294688742685
18.525	0.27082144871806124
18.5375	0.2729191931621092
18.55	0.27504668999820303
18.5625	0.2772044588794858
18.575	0.2793930295389116
18.5875	0.28161294199905323
18.6	0.2838647467865485
18.6125	0.2861490051512589
18.625	0.28846628929028717
18.6375	0.2908171825769305
18.65	0.2932022797946998
18.6625	0.2956221873765374
18.675	0.2980775236493135
18.6875	0.30056891908377975
18.7	0.30309701655004384
18.7125	0.305662471578747
18.725	0.30826595262804757
18.7375	0.31090814135655026
18.75	0.3135897329023289
18.7625	0.31631143616817503
18.775	0.3190739741132198
18.7875	0.321878084051088
18.8	0.32472451795470936
18.8125	0.3276140427679903
18.825	0.3305474407244458
18.8375	0.3335255096730148
18.85	0.3365490634111839
18.8625	0.33961893202560484
18.875	0.34273596224039937
18.8875	0.34590101777329724
18.9	0.3491149796998225
18.9125	0.3523787468257074
18.925	0.3556932360677082
18.9375	0.35905938284305994
18.95	0.3624781414677461
18.9625	0.36595048556378823
18.975	0.3694774084757933
18.9875	0.3730599236969461
19.0	0.37669906530470343
19.0125	0.3803958884063974
19.025	0.3841514695949763
19.0375	0.38796690741515416
19.05	0.39184332284018475
19.0625	0.39578185975953484
19.075	0.39978368547769355
19.0875	0.40384999122441095
19.1	0.40798199267660346
19.1125	0.41218093049223914
19.125	0.4164480708564601
19.1375	0.4207847060402602
19.15	0.4251921549719814
19.1625	0.42967176382198086
19.175	0.43422490660073737
19.1875	0.4388529857707585
19.2	0.44355743287259497
19.2125	0.4483397091653005
19.225	0.4532013062816941
19.2375	0.45814374689878057
19.25	0.4631685854236767
19.2625	0.4682774086954329
19.275	0.47347183670312587
19.2875	0.4787535233206115
19.3	0.4841241570583395
19.3125	0.4895854618326404
19.325	0.4951391977529318
19.3375	0.5007871619272074
19.35	0.5065311892863346
19.3625	0.512373153427549
19.375	0.5183149674776629
19.3875	0.5243585849764006
19.4	0.5305060007804216
19.4125	0.5367592519884685
19.425	0.5431204188881859
19.4375	0.5495916259251342
19.45	0.5561750426945211
19.4625	0.5628728849562161
19.475	0.5696874156736126
19.4875	0.5766209460768869
19.5	0.5836758367513283
19.5125	0.5908544987512295
19.525	0.5981593947400847
19.5375	0.60559304015763
19.55	0.6131580044144622
19.5625	0.6208569121148556
19.575	0.628692444308494
19.5875	0.6366673397718094
19.6	0.6447843963196495
19.6125	0.653046472148034
19.625	0.6614564872087383
19.6375	0.6700174246165002
19.65	0.6787323320896412
19.6625	0.6876043234249055
19.675	0.6966365800074017
19.6875	0.7058323523564497
19.7	0.7151949617082739
19.7125	0.7247278016363838
19.725	0.7344343397106402
19.7375	0.7443181191958707
19.75	0.7543827607911224
19.7625	0.7646319644104235
19.775	0.7750695110061931
19.7875	0.7856992644362563
19.8	0.7965251733756005
19.8125	0.8075512732739767
19.825	0.8187816883604178
19.8375	0.8302206336959063
19.85	0.8418724172753429
19.8625	0.8537414421800243
19.875	0.8658322087819365
19.8875	0.8781493170010533
19.9	0.8906974686170691
19.9125	0.9034814696367967
19.925	0.9165062327186952
19.9375	0.9297767796559387
19.95	0.9432982439193962
19.9625	0.9570758732621438
19.975	0.9711150323869091
19.9875	0.9854212056780939
20.0	0.9999999999999925
