0.0	0.24999999999999897
0.01875	0.24456568401183046
0.0375	0.23928067443003942
0.05625	0.23414049768839726
0.075	0.2291408216690421
0.09375	0.22427745105101346
0.1125	0.2195463228163368
0.13125	0.21494350190819714
0.15	0.21046517703593803
0.16875	0.2061076566218102
0.1875	0.20186736488456675
0.20625	0.19774083805517279
0.225	0.1937247207200771
0.24375	0.18981576228763825
0.2625	0.1860108135734574
0.28125	0.18230682350052865
0.3	0.1787008359102369
0.31875	0.17518998648040793
0.3375	0.1717714997467135
0.35625	0.16844268622388447
0.375	0.16520093962330964
0.39375	0.16204373416370044
0.4125	0.15896862197164066
0.43125	0.15597323056892826
0.45	0.15305526044375167
0.46875	0.15021248270281753
0.4875	0.14744273680166672
0.50625	0.14474392835050445
0.525	0.14211402699297093
0.54375	0.13955106435534864
0.5625	0.13705313206382644
0.58125	0.13461837982747227
0.6	0.13224501358470517
0.61875	0.12993129371108708
0.6375	0.12767553328635023
0.65625	0.1254760964186588
0.675	0.12333139662414698
0.69375	0.12123989525987187
0.7125	0.11920010000835007
0.73125	0.1172105634119603
0.75	0.11526988145549218
0.76875	0.11337669219523214
0.7875	0.11152967443300951
0.80625	0.1097275464336804
0.825	0.10796906468458772
0.84375	0.10625302269557817
0.8625	0.10457824983821348
0.88125	0.10294361022285337
0.9	0.10134800161233808
0.91875	0.09979035437103843
0.9375	0.09826963044808756
0.95625	0.09678482239364655
0.975	0.09533495240709565
0.99375	0.09391907141608268
1.0125	0.09253625818539625
1.03125	0.0911856184546639
1.05	0.08986628410391438
1.06875	0.08857741234607353
1.0875	0.08731818494549412
1.10625	0.08608780746165264
1.125	0.08488550851717708
1.14375	0.08371053908939033
1.1625	0.08256217182459752
1.18125	0.08143970037435087
1.2	0.08034243875296891
1.21875	0.07926972071561028
1.2375	0.07822089915620735
1.25625	0.07719534552461864
1.275	0.07619244926235293
1.29375	0.075211617256258
1.3125	0.07425227330957795
1.33125	0.07331385762981
1.35	0.07239582633280413
1.36875	0.0714976509625735
1.3875	0.07061881802629814
1.40625	0.06975882854402254
1.425	0.06891719761256876
1.44375	0.06809345398319389
1.4625	0.06728713965254399
1.48125	0.06649780946647454
1.5	0.06572503073630769
1.51875	0.06496838286712715
1.5375	0.06422745699771928
1.55625	0.06350185565177319
1.575	0.06279119239998344
1.59375	0.06209509153269329
1.6125	0.06141318774273991
1.63125	0.06074512581817065
1.65	0.06009056034450748
1.66875	0.059449155416256776
1.6875	0.05882058435735789
1.70625	0.058204529450287076
1.725	0.05760068167353675
1.74375	0.05700874044719862
1.7625	0.056428413386389806
1.78125	0.05585941606227322
1.8	0.05530147177042376
1.81875	0.05475431130630627
1.8375	0.054217672747639806
1.85625	0.05369130124342298
1.875	0.05317494880941286
1.89375	0.052668374129846825
1.9125	0.05217134236521009
1.93125	0.05168362496585671
1.95	0.051204999491297434
1.96875	0.050735249434973165
1.9875	0.05027416405434143
2.00625	0.049821538206106734
2.025	0.04937717218643132
2.04375	0.04894087157597019
2.0625	0.048512447089575764
2.08125	0.04809171443052763
2.1	0.047678494149141666
2.11875	0.04727261150562377
2.1375	0.04687389633703146
2.15625	0.04648218292821752
2.175	0.04609730988662849
2.19375	0.04571912002083867
2.2125	0.04534746022270083
2.23125	0.04498218135300425
2.25	0.04462313813052588
2.26875	0.04427018902437241
2.2875	0.043923196149510554
2.30625	0.043582025165383995
2.325	0.04324654517752391
2.34375	0.042916628642058065
2.3625	0.04259215127303116
2.38125	0.04227299195244622
2.4	0.04195903264294743
2.41875	0.04165015830305705
2.4375	0.04134625680489425
2.45625	0.041047218854294104
2.475	0.04075293791325622
2.49375	0.04046331012465056
2.5125	0.04017823423911043
2.53125	0.039897611544048237
2.55	0.0396213457947248
2.56875	0.03934934314731567
2.5875	0.03908151209390735
2.60625	0.038817763399368176
2.625	0.03855801004003766
2.64375	0.03830216714417631
2.6625	0.03805015193412368
2.68125	0.03780188367011489
2.7	0.03755728359570268
2.71875	0.037316274884737176
2.7375	0.037078782589859256
2.75625	0.03684473359245727
2.775	0.03661405655404682
2.79375	0.03638668186903014
2.8125	0.03616254161879248
2.83125	0.03594156952709581
2.85	0.035723700916734095
2.86875	0.03550887266740663
2.8875	0.03529702317478002
2.90625	0.035088092310696664
2.925	0.034882021384501825
2.94375	0.03467875310545212
2.9625	0.03447823154617408
2.98125	0.034280402107143386
3.0	0.034085211482153294
3.01875	0.033892607624742534
3.0375	0.033702539715556736
3.05625	0.03351495813061251
3.075	0.033329814410442075
3.09375	0.033147061230087774
3.1125	0.03296665236992592
3.13125	0.032788542687293254
3.15	0.03261268808889236
3.16875	0.0324390455039565
3.1875	0.03226757285814624
3.20625	0.03209822904816363
3.225	0.03193097391705668
3.24375	0.0317657682301976
3.2625	0.03160257365191483
3.28125	0.031441352722760926
3.3	0.0312820688373944
3.31875	0.031124686223061866
3.3375	0.03096916991866216
3.35625	0.030815485754373942
3.375	0.030663600331832568
3.39375	0.03051348100484096
3.4125	0.0303650958605962
3.43125	0.030218413701420758
3.45	0.03007340402698212
3.46875	0.02993003701698699
3.4875	0.029788283514336718
3.50625	0.029648115008731248
3.525	0.02950950362070951
3.54375	0.029372422086111273
3.5625	0.029236843740952406
3.58125	0.029102742506698285
3.6	0.028970092875927073
3.61875	0.028838869898370416
3.6375	0.028709049167320606
3.65625	0.02858060680639498
3.675	0.02845351945664784
3.69375	0.028327764264018552
3.7125	0.0282033188671085
3.73125	0.028080161385275963
3.75	0.027958270407041113
3.76875	0.02783762497879277
3.7875	0.02771820459378799
3.80625	0.02759998918143586
3.825	0.027482959096859324
3.84375	0.027367095110725912
3.8625	0.02725237839934065
3.88125	0.027138790534993653
3.9	0.027026313476556024
3.91875	0.026914929560316093
3.9375	0.026804621491051023
3.95625	0.02669537233332596
3.975	0.02658716550301526
3.99375	0.026479984759039708
4.0125	0.02637381419531387
4.03125	0.026268638232897136
4.05	0.026164441612344564
4.06875	0.02606120938625075
4.0875	0.02595892691198134
4.10625	0.02585757984458912
4.125	0.025757154129906513
4.14375	0.02565763599781388
4.1625	0.025559011955674473
4.18125	0.02546126878193487
4.2	0.025364393519885335
4.21875	0.025268373471575723
4.2375	0.025173196191882328
4.25625	0.025078849482723386
4.275	0.024985321387417627
4.29375	0.02489260018518228
4.3125	0.024800674385767652
4.33125	0.024709532724224603
4.35	0.024619164155799525
4.36875	0.024529557850957392
4.3875	0.02444070319052448
4.40625	0.024352589760952722
4.425	0.024265207349697924
4.44375	0.024178545940712514
4.4625	0.02409259571004751
4.48125	0.024007347021561903
4.5	0.02392279042273685
4.51875	0.02383891664059041
4.5375	0.02375571657769262
4.55625	0.023673181308276225
4.575	0.023591302074441864
4.59375	0.023510070282454186
4.6125	0.023429477499127934
4.63125	0.023349515448300495
4.65	0.02327017600738922
4.66875	0.02319145120403098
4.6875	0.023113333212802872
4.70625	0.023035814352020404
4.725	0.022958887080612493
4.74375	0.022882543995070757
4.7625	0.022806777826471534
4.78125	0.022731581437567705
4.8	0.022656947819950837
4.81875	0.02258287009127926
4.8375	0.02250934149257181
4.85625	0.022436355385565845
4.875	0.022363905250136797
4.89375	0.02229198468177905
4.9125	0.02222058738914485
4.93125	0.022149707191642266
4.95	0.022079338017087932
4.96875	0.022009473899415117
4.9875	0.02194010897643576
5.00625	0.0218712374876533
5.025	0.02180285377212757
5.04375	0.021734952266388247
5.0625	0.021667527502397164
5.08125	0.021600574105557293
5.1	0.021534086792768158
5.11875	0.02146806037052523
5.1375	0.021402489733063856
5.15625	0.0213373698605456
5.175	0.02127269581728511
5.19375	0.021208462750019433
5.2125	0.021144665886215223
5.23125	0.021081300532415193
5.25	0.021018362072622327
5.26875	0.02095584596672004
5.2875	0.02089374774892968
5.30625	0.020832063026301282
5.325	0.020770787477239205
5.34375	0.020709916850061637
5.3625	0.02064944696159121
5.38125	0.020589373695778394
5.4	0.020529693002355628
5.41875	0.020470400895520862
5.4375	0.020411493452651912
5.45625	0.020352966813048292
5.475	0.020294817176701594
5.49375	0.020237040803093468
5.5125	0.02017963401002004
5.53125	0.02012259317244231
5.55	0.02006591472136242
5.56875	0.02000959514272464
5.5875	0.019953630976340078
5.60625	0.019898018814835914
5.625	0.01984275530262747
5.64375	0.019787837134912258
5.6625	0.01973326105668737
5.68125	0.01967902386178695
5.7	0.01962512239194161
5.71875	0.01957155353585839
5.7375	0.019518314228319837
5.75625	0.0194654014493042
5.775	0.019412812223123094
5.79375	0.019360543617578947
5.8125	0.01930859274314041
5.83125	0.019256956752135217
5.85	0.019205632837961017
5.86875	0.019154618234312585
5.8875	0.01910391021442635
5.90625	0.01905350609034016
5.925	0.019003403212170075
5.94375	0.018953598967401456
5.9625	0.018904090780195826
5.98125	0.01885487611071275
6.0	0.018805952454445093
6.01875	0.018757317341569643
6.0375	0.01870896833631055
6.05625	0.018660903036316633
6.075	0.018613119072051737
6.09375	0.0185656141061979
6.1125	0.018518385833071527
6.13125	0.018471431978050602
6.15	0.018424750297015458
6.16875	0.01837833857580016
6.1875	0.018332194629655935
6.20625	0.01828631630272494
6.225	0.018240701467526644
6.24375	0.01819534802445252
6.2625	0.018150253901273453
6.28125	0.01810541705265621
6.3	0.0180608354596895
6.31875	0.018016507129421194
6.3375	0.017972430094403732
6.35625	0.017928602412249344
6.375	0.01788502216519498
6.39375	0.017841687459674755
6.4125	0.017798596425902802
6.43125	0.017755747217463067
6.45	0.017713138010908857
6.46875	0.017670767005369212
6.4875	0.017628632422164222
6.50625	0.0175867325044279
6.525	0.01754506551673809
6.54375	0.01750362974475482
6.5625	0.01746242349486519
6.58125	0.01742144509383531
6.6	0.017380692888470228
6.61875	0.017340165245279253
6.6375	0.017299860550149065
6.65625	0.017259777208022707
6.675	0.0172199136425853
6.69375	0.017180268295955856
6.7125	0.0171408396283851
6.73125	0.017101626117959668
6.75	0.017062626260311534
6.76875	0.01702383856833344
6.7875	0.016985261571900483
6.80625	0.01694689381759589
6.825	0.016908733868443476
6.84375	0.0168707803036443
6.8625	0.016833031718319524
6.88125	0.016795486723256942
6.9	0.01675814394466372
6.91875	0.016721002023922744
6.9375	0.016684059617355054
6.95625	0.01664731539598554
6.975	0.016610768045313726
6.99375	0.016574416265089098
7.0125	0.016538258769090528
7.03125	0.016502294284910003
7.05	0.01646652155374035
7.06875	0.016430939330167045
7.0875	0.016395546381964318
7.10625	0.016360341489894407
7.125	0.016325323447511492
7.14375	0.016290491060968467
7.1625	0.016255843148828195
7.18125	0.016221378541877638
7.2	0.01618709608294564
7.21875	0.016152994626724336
7.2375	0.016119073039593926
7.25625	0.01608533019945031
7.275	0.016051764995536247
7.29375	0.016018376328275657
7.3125	0.015985163109110884
7.33125	0.015952124260342815
7.35	0.015919258714974675
7.36875	0.015886565416557336
7.3875	0.01585404331903903
7.40625	0.015821691386616564
7.425	0.01578950859359
7.44375	0.015757493924219802
7.4625	0.01572564637258618
7.48125	0.015693964942451608
7.5	0.01566244864712557
7.51875	0.015631096509331456
7.5375	0.015599907561076418
7.55625	0.015568880843523073
7.575	0.015538015406863752
7.59375	0.015507310310197076
7.6125	0.015476764621406383
7.63125	0.015446377417040734
7.65	0.01541614778219783
7.66875	0.015386074810408792
7.6875	0.015356157603525655
7.70625	0.015326395271609996
7.725	0.01529678693282386
7.74375	0.015267331713323104
7.7625	0.015238028747151848
7.78125	0.015208877176139193
7.8	0.015179876149797478
7.81875	0.015151024825222697
7.8375	0.015122322366996196
7.85625	0.015093767947088351
7.875	0.015065360744763981
7.89375	0.015037099946488976
7.9125	0.015008984745838925
7.93125	0.01498101434340928
7.95	0.014953187946726709
7.96875	0.014925504770162409
7.9875	0.014897964034846596
8.00625	0.014870564968584509
8.025	0.014843306805773969
8.04375	0.014816188787323943
8.0625	0.014789210160575115
8.08125	0.014762370179221086
8.1	0.01473566810323146
8.11875	0.014709103198775855
8.1375	0.014682674738149302
8.15625	0.014656381999698933
8.175	0.014630224267751785
8.19375	0.014604200832543896
8.2125	0.014578310990150467
8.23125	0.014552554042417154
8.25	0.014526929296892583
8.26875	0.014501436066762139
8.2875	0.014476073670782278
8.30625	0.0144508414332164
8.325	0.014425738683771769
8.34375	0.01440076475753695
8.3625	0.014375918994920918
8.38125	0.01435120074159271
8.4	0.01432660934842201
8.41875	0.014302144171421113
8.4375	0.01427780457168727
8.45625	0.01425358991534633
8.475	0.01422949957349717
8.49375	0.014205532922156911
8.5125	0.01418168934220714
8.53125	0.014157968219340874
8.55	0.01413436894401032
8.56875	0.014110890911375728
8.5875	0.014087533521254494
8.60625	0.014064296178071813
8.625	0.014041178290811267
8.64375	0.014018179272966778
8.6625	0.013995298542495137
8.68125	0.013972535521769136
8.7	0.013949889637531568
8.71875	0.013927360320849874
8.7375	0.013904947007071277
8.75625	0.013882649135779244
8.775	0.013860466150749687
8.79375	0.013838397499908511
8.8125	0.01381644263528955
8.83125	0.013794601012993301
8.85	0.01377287209314586
8.86875	0.01375125533985899
8.8875	0.013729750221190487
8.90625	0.013708356209105156
8.925	0.01368707277943637
8.94375	0.013665899411848278
8.9625	0.013644835589798553
8.98125	0.013623880800501559
9.0	0.013603034534892174
9.01875	0.013582296287590084
9.0375	0.013561665556864675
9.05625	0.013541141844600342
9.075	0.0135207246562624
9.09375	0.013500413500863222
9.1125	0.013480207890929236
9.13125	0.01346010734246829
9.15	0.013440111374937102
9.16875	0.013420219511209794
9.1875	0.013400431277546393
9.20625	0.013380746203561967
9.225	0.01336116382219618
9.24375	0.013341683669683265
9.2625	0.013322305285522367
9.28125	0.013303028212448486
9.3	0.013283851996403502
9.31875	0.013264776186507862
9.3375	0.013245800335032702
9.35625	0.013226923997371959
9.375	0.013208146732015426
9.39375	0.013189468100521757
9.4125	0.013170887667491938
9.43125	0.013152405000543245
9.45	0.013134019670283364
9.46875	0.013115731250285114
9.4875	0.013097539317061091
9.50625	0.013079443450039373
9.525	0.013061443231538596
9.54375	0.01304353824674412
9.5625	0.013025728083684275
9.58125	0.01300801233320689
9.6	0.012990390588956133
9.61875	0.012972862447349525
9.6375	0.012955427507555675
9.65625	0.0129380853714719
9.675	0.012920835643702227
9.69375	0.012903677931535821
9.7125	0.0128866118449255
9.73125	0.012869636996466788
9.75	0.012852753001376938
9.76875	0.012835959477474403
9.7875	0.012819256045158612
9.80625	0.012802642327389795
9.825	0.012786117949669365
9.84375	0.012769682540020264
9.8625	0.012753335728967656
9.88125	0.012737077149520073
9.9	0.012720906437150398
9.91875	0.012704823229777397
9.9375	0.012688827167747382
9.95625	0.012672917893816173
9.975	0.012657095053131243
9.99375	0.012641358293213749
10.0125	0.012625707263941601
10.03125	0.012610141617531797
10.05	0.012594661008523682
10.06875	0.012579265093762174
10.0875	0.012563953532380875
10.10625	0.012548725985786085
10.125	0.012533582117640232
10.14375	0.012518521593846242
10.1625	0.012503544082531444
10.18125	0.012488649254032102
10.2	0.012473836780878024
10.21875	0.01245910633777722
10.2375	0.01244445760160099
10.25625	0.01242989025136894
10.275	0.012415403968234342
10.29375	0.012400998435469613
10.3125	0.012386673338451858
10.33125	0.012372428364648884
10.35	0.012358263203605122
10.36875	0.012344177546927715
10.3875	0.01233017108827286
10.40625	0.012316243523332297
10.425	0.012302394549820047
10.44375	0.012288623867458923
10.4625	0.012274931177967855
10.48125	0.012261316185048674
10.5	0.012247778594373374
10.51875	0.012234318113571827
10.5375	0.012220934452218878
10.55625	0.012207627321822357
10.575	0.012194396435810665
10.59375	0.012181241509520924
10.6125	0.012168162260186889
10.63125	0.012155158406927364
10.65	0.012142229670734406
10.66875	0.012129375774461921
10.6875	0.012116596442814164
10.70625	0.012103891402334728
10.725	0.012091260381395116
10.74375	0.012078703110183968
10.7625	0.012066219320696065
10.78125	0.012053808746721632
10.8	0.012041471123835724
10.81875	0.012029206189387664
10.8375	0.012017013682490618
10.85625	0.012004893344011334
10.875	0.011992844916559928
10.89375	0.011980868144480001
10.9125	0.011968962773838441
10.93125	0.0119571285524157
10.95	0.011945365229696072
10.96875	0.01193367255685808
10.9875	0.011922050286764758
11.00625	0.011910498173954566
11.025	0.011899015974631827
11.04375	0.011887603446657504
11.0625	0.011876260349540157
11.08125	0.011864986444426986
11.1	0.011853781494094674
11.11875	0.011842645262940973
11.1375	0.011831577516975398
11.15625	0.0118205780238111
11.175	0.01180964655265607
11.19375	0.011798782874304617
11.2125	0.011787986761129299
11.23125	0.01177725798707231
11.25	0.011766596327637468
11.26875	0.011756001559882115
11.2875	0.011745473462408973
11.30625	0.011735011815358395
11.325	0.011724616400400293
11.34375	0.011714287000726593
11.3625	0.011704023401043376
11.38125	0.011693825387563493
11.4	0.011683692747998659
11.41875	0.011673625271552402
11.4375	0.011663622748912469
11.45625	0.0116536849722436
11.475	0.011643811735180363
11.49375	0.011634002832819814
11.5125	0.011624258061714732
11.53125	0.011614577219866404
11.55	0.011604960106717705
11.56875	0.011595406523146478
11.5875	0.011585916271458375
11.60625	0.011576489155380515
11.625	0.011567124980054707
11.64375	0.011557823552030798
11.6625	0.011548584679260274
11.68125	0.011539408171089869
11.7	0.011530293838255013
11.71875	0.01152124149287372
11.7375	0.011512250948440288
11.75625	0.011503322019819094
11.775	0.011494454523238502
11.79375	0.011485648276284904
11.8125	0.011476903097896557
11.83125	0.01146821880835781
11.85	0.011459595229293292
11.86875	0.011451032183661792
11.8875	0.011442529495750997
11.90625	0.011434086991171474
11.925	0.011425704496851074
11.94375	0.011417381841029531
11.9625	0.011409118853252792
11.98125	0.011400915364367676
12.0	0.011392771206516376
12.01875	0.011384686213131281
12.0375	0.011376660218929475
12.05625	0.011368693059907755
12.075	0.011360784573337253
12.09375	0.011352934597758348
12.1125	0.011345142972975793
12.13125	0.0113374095400534
12.15	0.011329734141309295
12.16875	0.011322116620311006
12.1875	0.011314556821870396
12.20625	0.011307054592039062
12.225	0.011299609778103504
12.24375	0.01129222222858045
12.2625	0.011284891793212092
12.28125	0.011277618322961598
12.3	0.011270401670008508
12.31875	0.011263241687744108
12.3375	0.011256138230767102
12.35625	0.011249091154879204
12.375	0.011242100317080629
12.39375	0.011235165575565847
12.4125	0.011228286789719297
12.43125	0.011221463820111136
12.45	0.011214696528493034
12.46875	0.01120798477779403
12.4875	0.01120132843211647
12.50625	0.011194727356731894
12.525	0.011188181418077012
12.54375	0.011181690483749758
12.5625	0.011175254422505361
12.58125	0.011168873104252523
12.6	0.011162546400049302
12.61875	0.011156274182099682
12.6375	0.011150056323749446
12.65625	0.01114389269948281
12.675	0.01113778318491845
12.69375	0.01113172765680597
12.7125	0.011125725993022332
12.73125	0.011119778072568236
12.75	0.011113883775564595
12.76875	0.01110804298324908
12.7875	0.011102255577972689
12.80625	0.01109652144319625
12.825	0.0110908404634872
12.84375	0.011085212524516087
12.8625	0.011079637513053391
12.88125	0.011074115316966272
12.9	0.011068645825215136
12.91875	0.011063228927850917
12.9375	0.011057864516011397
12.95625	0.011052552481918406
12.975	0.011047292718874696
12.99375	0.01104208512126089
13.0125	0.011036929584532477
13.03125	0.011031826005216804
13.05	0.011026774280910203
13.06875	0.011021774310275073
13.0875	0.011016825993037053
13.10625	0.011011929229982056
13.125	0.011007083922953664
13.14375	0.011002289974850239
13.1625	0.010997547289622205
13.18125	0.01099285577226949
13.2	0.01098821532883861
13.21875	0.010983625866420276
13.2375	0.010979087293146714
13.25625	0.010974599518189061
13.275	0.010970162451754948
13.29375	0.01096577600508576
13.3125	0.010961440090454537
13.33125	0.010957154621163236
13.35	0.010952919511540437
13.36875	0.010948734676939046
13.3875	0.010944600033733798
13.40625	0.01094051549931905
13.425	0.01093648099210649
13.44375	0.010932496431522895
13.4625	0.010928561738007912
13.48125	0.010924676833011867
13.5	0.010920841638993616
13.51875	0.010917056079418376
13.5375	0.010913320078755668
13.55625	0.010909633562477308
13.575	0.01090599645705528
13.59375	0.010902408689959748
13.6125	0.010898870189657083
13.63125	0.010895380885608048
13.65	0.010891940708265647
13.66875	0.010888549589073326
13.6875	0.010885207460463238
13.70625	0.010881914255854198
13.725	0.010878669909650123
13.74375	0.010875474357238017
13.7625	0.010872327534986393
13.78125	0.010869229380243402
13.8	0.010866179831335318
13.81875	0.010863178827564745
13.8375	0.010860226309209096
13.85625	0.01085732221751882
13.875	0.010854466494716013
13.89375	0.010851659083992691
13.9125	0.010848899929509381
13.93125	0.010846188976393598
13.95	0.010843526170738313
13.96875	0.01084091145960065
13.9875	0.010838344791000256
14.00625	0.0108358261139182
14.025	0.010833355378295264
14.04375	0.010830932535030898
14.0625	0.010828557535981779
14.08125	0.010826230333960572
14.1	0.010823950882734594
14.11875	0.010821719137024611
14.1375	0.010819535052503786
14.15625	0.010817398585796233
14.175	0.010815309694476086
14.19375	0.010813268337066294
14.2125	0.010811274473037414
14.23125	0.010809328062806805
14.25	0.010807429067737337
14.26875	0.010805577450136345
14.2875	0.01080377317325487
14.30625	0.010802016201286449
14.325	0.010800306499366343
14.34375	0.010798644033570524
14.3625	0.010797028770914709
14.38125	0.010795460679353603
14.4	0.01079393972778008
14.41875	0.010792465886024253
14.4375	0.01079103912485274
14.45625	0.010789659415967849
14.475	0.010788326732006961
14.49375	0.010787041046541535
14.5125	0.01078580233407679
14.53125	0.010784610570050708
14.55	0.010783465730833481
14.56875	0.010782367793727056
14.5875	0.010781316736964289
14.60625	0.010780312539708584
14.625	0.010779355182053044
14.64375	0.010778444645020454
14.6625	0.010777580910562166
14.68125	0.010776763961558243
14.7	0.010775993781816413
14.71875	0.010775270356072158
14.7375	0.010774593669988002
14.75625	0.010773963710153257
14.775	0.010773380464083573
14.79375	0.010772843920220687
14.8125	0.010772354067932208
14.83125	0.010771910897511106
14.85	0.010771514400175737
14.86875	0.0107711645680693
14.8875	0.010770861394259952
14.90625	0.01077060487274035
14.925	0.01077039499842768
14.94375	0.010770231767163472
14.9625	0.01077011517571345
14.98125	0.010770045221767461
15.0	0.010770021903939513
15.01875	0.010770045221767464
15.0375	0.010770115175713444
15.05625	0.010770231767163461
15.075	0.010770394998427675
15.09375	0.010770604872740355
15.1125	0.010770861394259954
15.13125	0.0107711645680693
15.15	0.010771514400175737
15.16875	0.010771910897511108
15.1875	0.010772354067932212
15.20625	0.010772843920220692
15.225	0.010773380464083571
15.24375	0.010773963710153258
15.2625	0.010774593669988005
15.28125	0.01077527035607216
15.3	0.010775993781816415
15.31875	0.010776763961558234
15.3375	0.010777580910562167
15.35625	0.010778444645020455
15.375	0.010779355182053047
15.39375	0.010780312539708582
15.4125	0.010781316736964293
15.43125	0.010782367793727056
15.45	0.010783465730833487
15.46875	0.010784610570050715
15.4875	0.010785802334076788
15.50625	0.010787041046541539
15.525	0.010788326732006968
15.54375	0.010789659415967849
15.5625	0.010791039124852731
15.58125	0.010792465886024243
15.6	0.010793939727780082
15.61875	0.010795460679353606
15.6375	0.010797028770914706
15.65625	0.010798644033570524
15.675	0.010800306499366343
15.69375	0.010802016201286447
15.7125	0.010803773173254875
15.73125	0.010805577450136345
15.75	0.010807429067737332
15.76875	0.01080932806280681
15.7875	0.01081127447303741
15.80625	0.010813268337066284
15.825	0.010815309694476081
15.84375	0.010817398585796235
15.8625	0.010819535052503782
15.88125	0.01082171913702461
15.9	0.010823950882734601
15.91875	0.010826230333960575
15.9375	0.010828557535981775
15.95625	0.010830932535030889
15.975	0.010833355378295282
15.99375	0.010835826113918206
16.0125	0.010838344791000263
16.03125	0.010840911459600651
16.05	0.010843526170738317
16.06875	0.0108461889763936
16.0875	0.010848899929509385
16.10625	0.010851659083992693
16.125	0.010854466494716013
16.14375	0.01085732221751882
16.1625	0.010860226309209093
16.18125	0.010863178827564749
16.2	0.010866179831335313
16.21875	0.010869229380243395
16.2375	0.01087232753498639
16.25625	0.010875474357238015
16.275	0.010878669909650118
16.29375	0.0108819142558542
16.3125	0.010885207460463233
16.33125	0.010888549589073327
16.35	0.010891940708265642
16.36875	0.010895380885608047
16.3875	0.010898870189657081
16.40625	0.010902408689959758
16.425	0.010905996457055282
16.44375	0.010909633562477308
16.4625	0.010913320078755668
16.48125	0.010917056079418369
16.5	0.010920841638993616
16.51875	0.010924676833011867
16.5375	0.010928561738007913
16.55625	0.010932496431522888
16.575	0.01093648099210649
16.59375	0.01094051549931905
16.6125	0.010944600033733801
16.63125	0.01094873467693905
16.65	0.010952919511540435
16.66875	0.010957154621163243
16.6875	0.01096144009045454
16.70625	0.010965776005085765
16.725	0.010970162451754946
16.74375	0.010974599518189063
16.7625	0.01097908729314672
16.78125	0.01098362586642028
16.8	0.010988215328838603
16.81875	0.01099285577226949
16.8375	0.010997547289622201
16.85625	0.011002289974850239
16.875	0.011007083922953667
16.89375	0.011011929229982058
16.9125	0.011016825993037053
16.93125	0.011021774310275078
16.95	0.011026774280910213
16.96875	0.011031826005216806
16.9875	0.011036929584532479
17.00625	0.011042085121260892
17.025	0.011047292718874698
17.04375	0.011052552481918415
17.0625	0.011057864516011394
17.08125	0.011063228927850915
17.1	0.011068645825215141
17.11875	0.01107411531696627
17.1375	0.011079637513053395
17.15625	0.011085212524516086
17.175	0.011090840463487201
17.19375	0.01109652144319625
17.2125	0.011102255577972689
17.23125	0.011108042983249078
17.25	0.011113883775564591
17.26875	0.01111977807256824
17.2875	0.011125725993022325
17.30625	0.011131727656805963
17.325	0.011137783184918452
17.34375	0.011143892699482811
17.3625	0.01115005632374944
17.38125	0.011156274182099683
17.4	0.011162546400049296
17.41875	0.011168873104252528
17.4375	0.011175254422505367
17.45625	0.011181690483749753
17.475	0.011188181418077018
17.49375	0.011194727356731903
17.5125	0.01120132843211647
17.53125	0.011207984777794023
17.55	0.01121469652849303
17.56875	0.011221463820111145
17.5875	0.01122828678971931
17.60625	0.011235165575565843
17.625	0.011242100317080625
17.64375	0.011249091154879211
17.6625	0.011256138230767104
17.68125	0.011263241687744105
17.7	0.011270401670008508
17.71875	0.011277618322961602
17.7375	0.011284891793212095
17.75625	0.011292222228580446
17.775	0.011299609778103497
17.79375	0.011307054592039062
17.8125	0.011314556821870396
17.83125	0.011322116620311004
17.85	0.011329734141309297
17.86875	0.011337409540053408
17.8875	0.011345142972975791
17.90625	0.011352934597758354
17.925	0.011360784573337253
17.94375	0.011368693059907757
17.9625	0.011376660218929472
17.98125	0.011384686213131278
18.0	0.011392771206516382
18.01875	0.011400915364367678
18.0375	0.011409118853252792
18.05625	0.011417381841029531
18.075	0.011425704496851074
18.09375	0.011434086991171469
18.1125	0.011442529495750994
18.13125	0.011451032183661789
18.15	0.01145959522929329
18.16875	0.011468218808357813
18.1875	0.011476903097896554
18.20625	0.011485648276284904
18.225	0.011494454523238508
18.24375	0.0115033220198191
18.2625	0.011512250948440288
18.28125	0.011521241492873716
18.3	0.011530293838255004
18.31875	0.011539408171089869
18.3375	0.011548584679260277
18.35625	0.011557823552030798
18.375	0.011567124980054704
18.39375	0.011576489155380504
18.4125	0.011585916271458373
18.43125	0.011595406523146471
18.45	0.011604960106717703
18.46875	0.011614577219866399
18.4875	0.011624258061714743
18.50625	0.011634002832819814
18.525	0.011643811735180363
18.54375	0.01165368497224361
18.5625	0.011663622748912467
18.58125	0.011673625271552409
18.6	0.011683692747998657
18.61875	0.011693825387563493
18.6375	0.01170402340104338
18.65625	0.011714287000726588
18.675	0.01172461640040029
18.69375	0.011735011815358394
18.7125	0.011745473462408975
18.73125	0.011756001559882117
18.75	0.011766596327637475
18.76875	0.011777257987072316
18.7875	0.011787986761129302
18.80625	0.011798782874304622
18.825	0.011809646552656077
18.84375	0.011820578023811094
18.8625	0.011831577516975406
18.88125	0.01184264526294098
18.9	0.011853781494094683
18.91875	0.011864986444426982
18.9375	0.011876260349540155
18.95625	0.011887603446657513
18.975	0.011899015974631832
18.99375	0.011910498173954568
19.0125	0.011922050286764765
19.03125	0.011933672556858076
19.05	0.011945365229696083
19.06875	0.011957128552415711
19.0875	0.011968962773838448
19.10625	0.011980868144480001
19.125	0.011992844916559933
19.14375	0.01200489334401133
19.1625	0.012017013682490623
19.18125	0.012029206189387662
19.2	0.012041471123835724
19.21875	0.012053808746721625
19.2375	0.012066219320696072
19.25625	0.012078703110183964
19.275	0.012091260381395113
19.29375	0.012103891402334735
19.3125	0.012116596442814157
19.33125	0.012129375774461921
19.35	0.012142229670734403
19.36875	0.012155158406927371
19.3875	0.012168162260186893
19.40625	0.012181241509520931
19.425	0.012194396435810669
19.44375	0.01220762732182236
19.4625	0.012220934452218885
19.48125	0.012234318113571832
19.5	0.012247778594373378
19.51875	0.012261316185048676
19.5375	0.012274931177967848
19.55625	0.012288623867458926
19.575	0.012302394549820043
19.59375	0.012316243523332309
19.6125	0.012330171088272866
19.63125	0.012344177546927718
19.65	0.01235826320360512
19.66875	0.012372428364648882
19.6875	0.012386673338451856
19.70625	0.012400998435469605
19.725	0.012415403968234345
19.74375	0.012429890251368949
19.7625	0.012444457601600992
19.78125	0.01245910633777722
19.8	0.012473836780878024
19.81875	0.012488649254032105
19.8375	0.01250354408253144
19.85625	0.012518521593846246
19.875	0.012533582117640229
19.89375	0.01254872598578608
19.9125	0.012563953532380875
19.93125	0.012579265093762166
19.95	0.012594661008523682
19.96875	0.012610141617531793
19.9875	0.012625707263941603
20.00625	0.012641358293213745
20.025	0.012657095053131234
20.04375	0.012672917893816178
20.0625	0.012688827167747373
20.08125	0.01270482322977741
20.1	0.012720906437150398
20.11875	0.012737077149520075
20.1375	0.012753335728967662
20.15625	0.012769682540020267
20.175	0.012786117949669367
20.19375	0.0128026423273898
20.2125	0.012819256045158607
20.23125	0.012835959477474401
20.25	0.012852753001376938
20.26875	0.012869636996466791
20.2875	0.012886611844925504
20.30625	0.01290367793153582
20.325	0.012920835643702227
20.34375	0.01293808537147191
20.3625	0.012955427507555684
20.38125	0.01297286244734953
20.4	0.012990390588956137
20.41875	0.013008012333206885
20.4375	0.013025728083684263
20.45625	0.013043538246744112
20.475	0.013061443231538595
20.49375	0.013079443450039361
20.5125	0.013097539317061093
20.53125	0.013115731250285104
20.55	0.013134019670283366
20.56875	0.01315240500054324
20.5875	0.013170887667491936
20.60625	0.013189468100521757
20.625	0.013208146732015421
20.64375	0.013226923997371971
20.6625	0.013245800335032696
20.68125	0.013264776186507865
20.7	0.013283851996403502
20.71875	0.013303028212448486
20.7375	0.013322305285522371
20.75625	0.013341683669683274
20.775	0.013361163822196181
20.79375	0.013380746203561965
20.8125	0.013400431277546395
20.83125	0.013420219511209792
20.85	0.013440111374937115
20.86875	0.013460107342468289
20.8875	0.013480207890929234
20.90625	0.013500413500863218
20.925	0.013520724656262402
20.94375	0.013541141844600353
20.9625	0.01356166555686468
20.98125	0.013582296287590096
21.0	0.013603034534892174
21.01875	0.01362388080050157
21.0375	0.013644835589798555
21.05625	0.01366589941184827
21.075	0.013687072779436366
21.09375	0.013708356209105165
21.1125	0.01372975022119049
21.13125	0.013751255339858999
21.15	0.013772872093145861
21.16875	0.013794601012993301
21.1875	0.013816442635289547
21.20625	0.013838397499908502
21.225	0.013860466150749692
21.24375	0.013882649135779237
21.2625	0.013904947007071277
21.28125	0.013927360320849878
21.3	0.013949889637531566
21.31875	0.013972535521769136
21.3375	0.01399529854249513
21.35625	0.014018179272966776
21.375	0.014041178290811269
21.39375	0.014064296178071815
21.4125	0.014087533521254504
21.43125	0.014110890911375736
21.45	0.014134368944010324
21.46875	0.01415796821934087
21.4875	0.01418168934220714
21.50625	0.014205532922156922
21.525	0.014229499573497168
21.54375	0.014253589915346332
21.5625	0.01427780457168727
21.58125	0.014302144171421113
21.6	0.014326609348422017
21.61875	0.014351200741592712
21.6375	0.014375918994920927
21.65625	0.014400764757536945
21.675	0.014425738683771774
21.69375	0.014450841433216403
21.7125	0.01447607367078228
21.73125	0.014501436066762134
21.75	0.014526929296892583
21.76875	0.014552554042417143
21.7875	0.014578310990150473
21.80625	0.014604200832543894
21.825	0.014630224267751783
21.84375	0.01465638199969893
21.8625	0.014682674738149302
21.88125	0.014709103198775862
21.9	0.014735668103231458
21.91875	0.014762370179221081
21.9375	0.014789210160575121
21.95625	0.014816188787323954
21.975	0.014843306805773972
21.99375	0.014870564968584507
22.0125	0.014897964034846594
22.03125	0.014925504770162407
22.05	0.014953187946726707
22.06875	0.014981014343409283
22.0875	0.015008984745838918
22.10625	0.01503709994648898
22.125	0.015065360744763993
22.14375	0.015093767947088362
22.1625	0.015122322366996193
22.18125	0.015151024825222697
22.2	0.015179876149797478
22.21875	0.01520887717613919
22.2375	0.01523802874715186
22.25625	0.01526733171332311
22.275	0.015296786932823858
22.29375	0.015326395271609995
22.3125	0.015356157603525676
22.33125	0.015386074810408802
22.35	0.015416147782197772
22.36875	0.015446377417040762
22.3875	0.015476764621406404
22.40625	0.01550731031019707
22.425	0.015538015406863769
22.44375	0.015568880843523083
22.4625	0.015599907561076445
22.48125	0.01563109650933144
22.5	0.01566244864712557
22.51875	0.01569396494245163
22.5375	0.01572564637258622
22.55625	0.01575749392421982
22.575	0.01578950859359001
22.59375	0.015821691386616536
22.6125	0.015854043319039026
22.63125	0.015886565416557325
22.65	0.01591925871497463
22.66875	0.0159521242603428
22.6875	0.015985163109110852
22.70625	0.016018376328275644
22.725	0.01605176499553623
22.74375	0.016085330199450285
22.7625	0.01611907303959393
22.78125	0.016152994626724346
22.8	0.01618709608294565
22.81875	0.016221378541877662
22.8375	0.016255843148828185
22.85625	0.016290491060968453
22.875	0.016325323447511482
22.89375	0.016360341489894403
22.9125	0.016395546381964304
22.93125	0.016430939330167035
22.95	0.016466521553740357
22.96875	0.01650229428491003
22.9875	0.01653825876909053
23.00625	0.016574416265089122
23.025	0.016610768045313706
23.04375	0.016647315395985542
23.0625	0.016684059617355057
23.08125	0.01672100202392274
23.1	0.016758143944663694
23.11875	0.01679548672325693
23.1375	0.0168330317183195
23.15625	0.016870780303644303
23.175	0.01690873386844346
23.19375	0.01694689381759587
23.2125	0.016985261571900508
23.23125	0.01702383856833345
23.25	0.017062626260311537
23.26875	0.017101626117959665
23.2875	0.017140839628385113
23.30625	0.017180268295955852
23.325	0.01721991364258529
23.34375	0.017259777208022672
23.3625	0.01729986055014907
23.38125	0.01734016524527926
23.4	0.01738069288847023
23.41875	0.017421445093835308
23.4375	0.017462423494865167
23.45625	0.01750362974475481
23.475	0.017545065516738095
23.49375	0.017586732504427906
23.5125	0.017628632422164205
23.53125	0.0176707670053692
23.55	0.01771313801090884
23.56875	0.01775574721746306
23.5875	0.01779859642590279
23.60625	0.017841687459674762
23.625	0.017885022165194976
23.64375	0.01792860241224936
23.6625	0.017972430094403746
23.68125	0.018016507129421197
23.7	0.018060835459689513
23.71875	0.01810541705265621
23.7375	0.01815025390127344
23.75625	0.018195348024452544
23.775	0.01824070146752664
23.79375	0.018286316302724964
23.8125	0.018332194629655917
23.83125	0.018378338575800162
23.85	0.018424750297015464
23.86875	0.018471431978050627
23.8875	0.01851838583307154
23.90625	0.018565614106197913
23.925	0.01861311907205175
23.94375	0.018660903036316637
23.9625	0.018708968336310517
23.98125	0.01875731734156962
24.0	0.018805952454445093
24.01875	0.018854876110712737
24.0375	0.018904090780195833
24.05625	0.018953598967401453
24.075	0.019003403212170096
24.09375	0.01905350609034019
24.1125	0.019103910214426346
24.13125	0.0191546182343126
24.15	0.019205632837961013
24.16875	0.019256956752135224
24.1875	0.019308592743140413
24.20625	0.019360543617578944
24.225	0.019412812223123115
24.24375	0.019465401449304195
24.2625	0.019518314228319823
24.28125	0.019571553535858387
24.3	0.019625122391941623
24.31875	0.019679023861786948
24.3375	0.01973326105668734
24.35625	0.01978783713491226
24.375	0.019842755302627454
24.39375	0.01989801881483595
24.4125	0.01995363097634009
24.43125	0.020009595142724622
24.45	0.02006591472136241
24.46875	0.020122593172442298
24.4875	0.02017963401002002
24.50625	0.020237040803093506
24.525	0.020294817176701587
24.54375	0.02035296681304826
24.5625	0.020411493452651894
24.58125	0.02047040089552086
24.6	0.02052969300235565
24.61875	0.020589373695778384
24.6375	0.020649446961591197
24.65625	0.020709916850061648
24.675	0.020770787477239212
24.69375	0.020832063026301292
24.7125	0.020893747748929672
24.73125	0.020955845966720038
24.75	0.02101836207262234
24.76875	0.021081300532415203
24.7875	0.021144665886215223
24.80625	0.021208462750019426
24.825	0.021272695817285085
24.84375	0.021337369860545585
24.8625	0.021402489733063874
24.88125	0.021468060370525236
24.9	0.021534086792768144
24.91875	0.021600574105557286
24.9375	0.02166752750239718
24.95625	0.021734952266388247
24.975	0.021802853772127567
24.99375	0.0218712374876533
25.0125	0.021940108976435738
25.03125	0.022009473899415103
25.05	0.02207933801708792
25.06875	0.02214970719164226
25.0875	0.022220587389144866
25.10625	0.022291984681779047
25.125	0.022363905250136804
25.14375	0.02243635538556585
25.1625	0.02250934149257183
25.18125	0.022582870091279243
25.2	0.022656947819950823
25.21875	0.022731581437567722
25.2375	0.022806777826471523
25.25625	0.022882543995070774
25.275	0.022958887080612472
25.29375	0.02303581435202041
25.3125	0.02311333321280284
25.33125	0.02319145120403099
25.35	0.023270176007389252
25.36875	0.0233495154483005
25.3875	0.023429477499127944
25.40625	0.02351007028245417
25.425	0.023591302074441843
25.44375	0.02367318130827625
25.4625	0.0237557165776926
25.48125	0.023838916640590402
25.5	0.023922790422736866
25.51875	0.02400734702156189
25.5375	0.024092595710047498
25.55625	0.02417854594071249
25.575	0.024265207349697917
25.59375	0.024352589760952732
25.6125	0.024440703190524476
25.63125	0.024529557850957364
25.65	0.024619164155799515
25.66875	0.02470953272422458
25.6875	0.024800674385767624
25.70625	0.02489260018518229
25.725	0.024985321387417624
25.74375	0.025078849482723348
25.7625	0.02517319619188233
25.78125	0.025268373471575716
25.8	0.025364393519885335
25.81875	0.02546126878193487
25.8375	0.02555901195567445
25.85625	0.025657635997813875
25.875	0.02575715412990649
25.89375	0.02585757984458911
25.9125	0.025958926911981366
25.93125	0.026061209386250735
25.95	0.026164441612344578
25.96875	0.02626863823289713
25.9875	0.026373814195313896
26.00625	0.026479984759039715
26.025	0.02658716550301524
26.04375	0.026695372333325956
26.0625	0.026804621491051017
26.08125	0.02691492956031611
26.1	0.02702631347655603
26.11875	0.027138790534993632
26.1375	0.027252378399340638
26.15625	0.027367095110725905
26.175	0.027482959096859327
26.19375	0.027599989181435882
26.2125	0.027718204593787994
26.23125	0.02783762497879278
26.25	0.02795827040704113
26.26875	0.028080161385275984
26.2875	0.02820331886710853
26.30625	0.02832776426401853
26.325	0.028453519456647838
26.34375	0.028580606806394977
26.3625	0.028709049167320602
26.38125	0.028838869898370433
26.4	0.028970092875927063
26.41875	0.029102742506698285
26.4375	0.029236843740952395
26.45625	0.029372422086111263
26.475	0.029509503620709518
26.49375	0.02964811500873124
26.5125	0.0297882835143367
26.53125	0.029930037016986967
26.55	0.030073404026982112
26.56875	0.030218413701420775
26.5875	0.03036509586059619
26.60625	0.030513481004840963
26.625	0.03066360033183258
26.64375	0.030815485754373872
26.6625	0.030969169918662217
26.68125	0.03112468622306193
26.7	0.03128206883739443
26.71875	0.031441352722760975
26.7375	0.03160257365191484
26.75625	0.03176576823019761
26.775	0.031930973917056786
26.79375	0.03209822904816369
26.8125	0.03226757285814625
26.83125	0.03243904550395662
26.85	0.03261268808889248
26.86875	0.03278854268729328
26.8875	0.03296665236992598
26.90625	0.033147061230087746
26.925	0.033329814410442124
26.94375	0.03351495813061258
26.9625	0.033702539715556826
26.98125	0.03389260762474256
27.0	0.03408521148215329
27.01875	0.03428040210714341
27.0375	0.034478231546174125
27.05625	0.034678753105452216
27.075	0.03488202138450189
27.09375	0.0350880923106967
27.1125	0.03529702317478009
27.13125	0.03550887266740668
27.15	0.035723700916734144
27.16875	0.03594156952709586
27.1875	0.0361625416187925
27.20625	0.03638668186903017
27.225	0.03661405655404686
27.24375	0.03684473359245732
27.2625	0.037078782589859256
27.28125	0.03731627488473722
27.3	0.037557283595702685
27.31875	0.0378018836701149
27.3375	0.03805015193412373
27.35625	0.03830216714417634
27.375	0.03855801004003767
27.39375	0.038817763399368266
27.4125	0.03908151209390745
27.43125	0.039349343147315675
27.45	0.03962134579472484
27.46875	0.039897611544048216
27.4875	0.04017823423911047
27.50625	0.04046331012465063
27.525	0.04075293791325621
27.54375	0.04104721885429412
27.5625	0.041346256804894344
27.58125	0.0416501583030571
27.6	0.041959032642947446
27.61875	0.042272991952446264
27.6375	0.042592151273031106
27.65625	0.04291662864205811
27.675	0.04324654517752395
27.69375	0.04358202516538401
27.7125	0.043923196149510534
27.73125	0.04427018902437242
27.75	0.04462313813052588
27.76875	0.04498218135300433
27.7875	0.045347460222700926
27.80625	0.0457191200208387
27.825	0.0460973098866285
27.84375	0.046482182928217576
27.8625	0.046873896337031526
27.88125	0.047272611505623806
27.9	0.04767849414914165
27.91875	0.048091714430527614
27.9375	0.04851244708957577
27.95625	0.0489408715759702
27.975	0.049377172186431284
27.99375	0.04982153820610665
28.0125	0.05027416405434146
28.03125	0.05073524943497318
28.05	0.051204999491297504
28.06875	0.051683624965856746
28.0875	0.052171342365210024
28.10625	0.052668374129846776
28.125	0.05317494880941284
28.14375	0.053691301243422924
28.1625	0.054217672747639827
28.18125	0.05475431130630622
28.2	0.055301471770423764
28.21875	0.05585941606227324
28.2375	0.05642841338638982
28.25625	0.057008740447198676
28.275	0.057600681673536755
28.29375	0.05820452945028702
28.3125	0.05882058435735785
28.33125	0.05944915541625683
28.35	0.060090560344507535
28.36875	0.060745125818170584
28.3875	0.06141318774273991
28.40625	0.06209509153269325
28.425	0.06279119239998351
28.44375	0.06350185565177345
28.4625	0.06422745699771922
28.48125	0.06496838286712711
28.5	0.06572503073630764
28.51875	0.06649780946647453
28.5375	0.06728713965254403
28.55625	0.06809345398319368
28.575	0.06891719761256868
28.59375	0.06975882854402261
28.6125	0.07061881802629807
28.63125	0.07149765096257359
28.65	0.07239582633280416
28.66875	0.07331385762981012
28.6875	0.07425227330957808
28.70625	0.0752116172562579
28.725	0.07619244926235307
28.74375	0.07719534552461856
28.7625	0.07822089915620732
28.78125	0.07926972071561025
28.8	0.080342438752969
28.81875	0.08143970037435085
28.8375	0.08256217182459749
28.85625	0.08371053908939038
28.875	0.0848855085171771
28.89375	0.08608780746165266
28.9125	0.08731818494549422
28.93125	0.08857741234607343
28.95	0.08986628410391427
28.96875	0.09118561845466379
28.9875	0.09253625818539629
29.00625	0.09391907141608283
29.025	0.09533495240709551
29.04375	0.0967848223936465
29.0625	0.09826963044808762
29.08125	0.09979035437103849
29.1	0.10134800161233809
29.11875	0.10294361022285323
29.1375	0.10457824983821325
29.15625	0.106253022695578
29.175	0.10796906468458785
29.19375	0.10972754643368048
29.2125	0.11152967443300926
29.23125	0.11337669219523197
29.25	0.1152698814554921
29.26875	0.11721056341196046
29.2875	0.11920010000835013
29.30625	0.12123989525987158
29.325	0.12333139662414774
29.34375	0.1254760964186592
29.3625	0.1276755332863507
29.38125	0.12993129371108753
29.4	0.13224501358470533
29.41875	0.13461837982747255
29.4375	0.13705313206382685
29.45625	0.13955106435534953
29.475	0.14211402699297154
29.49375	0.1447439283505047
29.5125	0.14744273680166683
29.53125	0.15021248270281806
29.55	0.15305526044375184
29.56875	0.15597323056892837
29.5875	0.15896862197164047
29.60625	0.16204373416370063
29.625	0.1652009396233099
29.64375	0.16844268622388503
29.6625	0.17177149974671396
29.68125	0.17518998648040793
29.7	0.17870083591023725
29.71875	0.1823068235005291
29.7375	0.1860108135734582
29.75625	0.18981576228763855
29.775	0.19372472072007696
29.79375	0.197740838055173
29.8125	0.20186736488456697
29.83125	0.2061076566218105
29.85	0.21046517703593848
29.86875	0.21494350190819686
29.8875	0.219546322816337
29.90625	0.22427745105101365
29.925	0.22914082166904262
29.94375	0.23414049768839812
29.9625	0.23928067443003934
29.98125	0.24456568401183046
30.0	0.24999999999999928
