0.0	0.2499999999999949
0.00625	0.24817686826878516
0.0125	0.24637124160609333
0.01875	0.2445829325971546
0.025	0.24281175598662097
0.03125	0.24105752865225688
0.0375	0.23932006957897994
0.04375	0.23759919983321767
0.05	0.23589474253760337
0.05625	0.23420652284599774
0.0625	0.23253436791880772
0.06875	0.230878106898634
0.075	0.2292375708862255
0.08125	0.22761259291673777
0.0875	0.226003007936292
0.09375	0.22440865277883387
0.1	0.22282936614327542
0.10625	0.22126498857094287
0.1125	0.2197153624232983
0.11875	0.21818033185994215
0.125	0.216659742816905
0.13125	0.2151534429852004
0.1375	0.21366128178965782
0.14375	0.21218311036801768
0.15	0.21071878155029972
0.15625	0.2092681498384114
0.1625	0.2078310713860389
0.16875	0.20640740397877466
0.175	0.20499700701449547
0.18125	0.2035997414840008
0.1875	0.20221546995187817
0.19375	0.20084405653762055
0.2	0.19948536689697857
0.20625	0.19813926820354302
0.2125	0.19680562913056796
0.21875	0.1954843198330077
0.225	0.19417521192979542
0.23125	0.1928781784863301
0.2375	0.19159309399719315
0.24375	0.19031983436907768
0.25	0.18905827690393118
0.25625	0.18780830028230486
0.2625	0.18656978454692466
0.26875	0.18534261108645333
0.275	0.18412666261946423
0.28125	0.18292182317860653
0.2875	0.18172797809498537
0.29375	0.18054501398271766
0.3	0.1793728187236878
0.30625	0.17821128145250212
0.3125	0.1770602925416151
0.31875	0.1759197435866535
0.325	0.17478952739191822
0.33125	0.17366953795606704
0.3375	0.17255967045797194
0.34375	0.17145982124276357
0.35	0.17036988780803397
0.35625	0.16928976879022303
0.3625	0.1682193639511669
0.36875	0.16715857416481392
0.375	0.1661073014041103
0.38125	0.1650654487280437
0.3875	0.16403292026884814
0.39375	0.1630096212193664
0.4	0.16199545782057442
0.40625	0.1609903373492523
0.4125	0.15999416810580958
0.41875	0.15900685940226783
0.425	0.15802832155038377
0.43125	0.1570584658499217
0.4375	0.15609720457706974
0.44375	0.15514445097300256
0.45	0.15420011923258067
0.45625	0.1532641244931894
0.4625	0.15233638282371703
0.46875	0.1514168112136741
0.475	0.15050532756243007
0.48125	0.14960185066860146
0.4875	0.14870630021955658
0.49375	0.14781859678105833
0.5	0.1469386617870268
0.50625	0.14606641752943128
0.5125	0.1452017871483064
0.51875	0.14434469462189095
0.525	0.1434950647568855
0.53125	0.14265282317882821
0.5375	0.14181789632259625
0.54375	0.14099021142300622
0.55	0.14016969650555858
0.55625	0.13935628037725822
0.5625	0.13854989261757913
0.56875	0.13775046356952
0.575	0.1369579243307827
0.58125	0.13617220674503847
0.5875	0.13539324339333067
0.59375	0.1346209675855441
0.6	0.13385531335201425
0.60625	0.13309621543521755
0.6125	0.13234360928156824
0.61875	0.131597431033314
0.625	0.13085761752053085
0.63125	0.13012410625321796
0.6375	0.12939683541348015
0.64375	0.12867574384781683
0.65	0.12796077105949377
0.65625	0.12725185720100862
0.6625	0.12654894306666067
0.66875	0.1258519700851924
0.675	0.12516088031252706
0.68125	0.12447561642460232
0.6875	0.12379612171027309
0.69375	0.12312234006432059
0.7	0.12245421598052603
0.70625	0.12179169454484175
0.7125	0.12113472142864151
0.71875	0.12048324288204441
0.725	0.11983720572733052
0.73125	0.11919655735243129
0.7375	0.11856124570448812
0.74375	0.11793121928350844
0.75	0.11730642713608098
0.75625	0.11668681884917588
0.7625	0.11607234454401064
0.76875	0.11546295487000348
0.775	0.11485860099878081
0.78125	0.11425923461827237
0.7875	0.11366480792687178
0.79375	0.1130752736276576
0.8	0.1124905849227048
0.80625	0.11191069550743891
0.8125	0.11133555956507893
0.81875	0.11076513176113256
0.825	0.11019936723796313
0.83125	0.10963822160942277
0.8375	0.10908165095554437
0.84375	0.10852961181730177
0.85	0.10798206119142519
0.85625	0.1074389565252901
0.8625	0.10690025571185637
0.86875	0.10636591708466887
0.875	0.10583589941292317
0.88125	0.10531016189658675
0.8875	0.1047886641615726
0.89375	0.1042713662549819
0.9	0.1037582286403889
0.90625	0.10324921219319581
0.9125	0.10274427819603152
0.91875	0.10224338833421025
0.925	0.10174650469124125
0.93125	0.10125358974439444
0.9375	0.10076460636031784
0.94375	0.10027951779070268
0.95	0.09979828766800333
0.95625	0.09932088000121152
0.9625	0.09884725917166906
0.96875	0.09837738992893821
0.975	0.09791123738672541
0.98125	0.09744876701883702
0.9875	0.09698994465519861
0.99375	0.09653473647791147
1.0	0.09608310901735963
1.00625	0.09563502914836126
1.0125	0.09519046408636468
1.01875	0.09474938138368919
1.025	0.09431174892581126
1.03125	0.09387753492769232
1.0375	0.09344670793014907
1.04375	0.09301923679627132
1.05	0.09259509070787325
1.05625	0.09217423916199327
1.0625	0.0917566519674297
1.06875	0.09134229924132346
1.075	0.0909311514057715
1.08125	0.09052317918448655
1.0875	0.09011835359949398
1.09375	0.08971664596786635
1.1	0.0893180278984967
1.10625	0.08892247128890648
1.1125	0.08852994832209794
1.11875	0.08814043146343153
1.125	0.08775389345755354
1.13125	0.08737030732534423
1.1375	0.08698964636091551
1.14375	0.08661188412863156
1.15	0.08623699446017287
1.15625	0.08586495145162859
1.1625	0.08549572946062488
1.16875	0.08512930310348499
1.175	0.08476564725242593
1.18125	0.08440473703278004
1.1875	0.08404654782025754
1.19375	0.08369105523823216
1.2	0.08333823515506607
1.20625	0.08298806368145821
1.2125	0.08264051716782764
1.21875	0.08229557220172513
1.225	0.08195320560527813
1.23125	0.08161339443265563
1.2375	0.0812761159675765
1.24375	0.08094134772083061
1.25	0.08060906742784195
1.25625	0.08027925304625132
1.2625	0.07995188275352685
1.26875	0.0796269349446103
1.275	0.07930438822957589
1.28125	0.07898422143133288
1.2875	0.07866641358333715
1.29375	0.07835094392734324
1.3	0.07803779191117398
1.30625	0.07772693718651605
1.3125	0.07741835960674265
1.31875	0.07711203922476574
1.325	0.07680795629089814
1.33125	0.07650609125075516
1.3375	0.07620642474317385
1.34375	0.07590893759815452
1.35	0.07561361083482662
1.35625	0.0753204256594411
1.3625	0.075029363463377
1.36875	0.07474040582118424
1.375	0.07445353448863344
1.38125	0.07416873140079688
1.3875	0.07388597867015237
1.39375	0.0736052585847
1.4	0.07332655360610903
1.40625	0.07304984636788045
1.4125	0.0727751196735333
1.41875	0.07250235649480859
1.425	0.0722315399698944
1.43125	0.07196265340167268
1.4375	0.0716956802559842
1.44375	0.0714306041599125
1.45	0.07116740890008869
1.45625	0.07090607842101197
1.4625	0.07064659682339614
1.46875	0.07038894836252439
1.475	0.07013311744663224
1.48125	0.06987908863530155
1.4875	0.06962684663787759
1.49375	0.06937637631189938
1.5	0.06912766266154982
1.50625	0.06888069083612619
1.5125	0.06863544612852043
1.51875	0.06839191397372095
1.525	0.06815007994733405
1.53125	0.06790992976411428
1.5375	0.06767144927651782
1.54375	0.06743462447326683
1.55	0.06719944147793588
1.55625	0.06696588654754668
1.5625	0.06673394607118512
1.56875	0.06650360656862932
1.575	0.06627485468899301
1.58125	0.06604767720938907
1.5875	0.06582206103359937
1.59375	0.06559799319076595
1.6	0.06537546083409823
1.60625	0.06515445123958297
1.6125	0.06493495180472453
1.61875	0.06471695004728593
1.625	0.0645004336040491
1.63125	0.06428539022959213
1.6375	0.06407180779507304
1.64375	0.06385967428702995
1.65	0.0636489778061977
1.65625	0.06343970656633069
1.6625	0.06323184889304607
1.66875	0.06302539322267355
1.675	0.0628203281011217
1.68125	0.06261664218275483
1.6875	0.0624143242292811
1.69375	0.062213363108658416
1.7	0.06201374779400323
1.70625	0.06181546736251963
1.7125	0.06161851099443514
1.71875	0.06142286797195156
1.725	0.061228527678203123
1.73125	0.06103547959622923
1.7375	0.0608437133079593
1.74375	0.06065321849320355
1.75	0.060463984928661035
1.75625	0.06027600248693313
1.7625	0.06008926113555253
1.76875	0.05990375093601852
1.775	0.059719462042845416
1.78125	0.059536384702620335
1.7875	0.059354509253071924
1.79375	0.05917382612214591
1.8	0.05899432582709995
1.80625	0.05881599897359246
1.8125	0.05863883625479762
1.81875	0.05846282845052152
1.825	0.058287966426325714
1.83125	0.058114241132668706
1.8375	0.05794164360404853
1.84375	0.05777016495815688
1.85	0.0575997963950474
1.85625	0.05743052919630486
1.8625	0.05726235472422569
1.86875	0.05709526442101851
1.875	0.056929249807989815
1.88125	0.05676430248476168
1.8875	0.05660041412848536
1.89375	0.05643757649306606
1.9	0.05627578140839706
1.90625	0.05611502077960017
1.9125	0.05595528658627601
1.91875	0.055796570881760967
1.925	0.05563886579239535
1.93125	0.055482163516792186
1.9375	0.055326456325121856
1.94375	0.055171736558401095
1.95	0.055017996627787814
1.95625	0.0548652290138844
1.9625	0.05471342626605173
1.96875	0.054562581001726077
1.975	0.05441268590574462
1.98125	0.054263733729680345
1.9875	0.05411571729118051
1.99375	0.053968629473313906
2.0	0.05382246322392577
2.00625	0.05367721155499908
2.0125	0.05353286754202079
2.01875	0.053389424323356534
2.025	0.05324687509963391
2.03125	0.0531052131331266
2.0375	0.052964431747150396
2.04375	0.052824524325463904
2.05	0.05268548431167391
2.05625	0.05254730520865054
2.0625	0.05240998057794372
2.06875	0.05227350403921098
2.075	0.052137869269646614
2.08125	0.05200307000342124
2.0875	0.051869100031124334
2.09375	0.05173595319921202
2.1	0.05160362340946359
2.10625	0.051472104618441324
2.1125	0.05134139083695755
2.11875	0.05121147612954586
2.125	0.05108235461393819
2.13125	0.05095402046054847
2.1375	0.050826467891960686
2.14375	0.050699691182422645
2.15	0.050573684657344395
2.15625	0.05044844269280246
2.1625	0.0503239597150499
2.16875	0.05020023020003032
2.175	0.05007724867289691
2.18125	0.04995500970753782
2.1875	0.04983350792610483
2.19375	0.0497127379985481
2.2	0.0495926946421556
2.20625	0.04947337262109672
2.2125	0.049354766745970634
2.21875	0.049236871873361024
2.225	0.04911968290539238
2.23125	0.04900319478929403
2.2375	0.04888740251696665
2.24375	0.048772301124553115
2.25	0.0486578856920172
2.25625	0.04854415134271991
2.2625	0.04843109324300802
2.26875	0.04831870660180178
2.275	0.04820698667018665
2.28125	0.048095928741013906
2.2875	0.04798552814849894
2.29375	0.04787578026783031
2.3	0.047766680514775874
2.30625	0.047658224345299746
2.3125	0.04755040725517909
2.31875	0.047443224779624836
2.325	0.04733667249290807
2.33125	0.04723074600799031
2.3375	0.04712544097615404
2.34375	0.04702075308664375
2.35	0.046916678066302564
2.35625	0.046813211679219216
2.3625	0.04671034972637469
2.36875	0.04660808804529505
2.375	0.04650642250970577
2.38125	0.04640534902919009
2.3875	0.046304863548852375
2.39375	0.046204962048983125
2.4	0.04610564054472717
2.40625	0.04600689508575685
2.4125	0.04590872175594901
2.41875	0.04581111667306113
2.425	0.04571407598841617
2.43125	0.04561759588658712
2.4375	0.04552167258508514
2.44375	0.04542630233405294
2.45	0.04533148141595805
2.45625	0.04523720614529183
2.4625	0.04514347286827097
2.46875	0.04505027796254063
2.475	0.044957617836882575
2.48125	0.04486548893092475
2.4875	0.04477388771485421
2.49375	0.04468281068913393
2.5	0.04459225438422065
2.50625	0.04450221536028647
2.5125	0.04441269020694429
2.51875	0.04432367554297499
2.525	0.044235168016055634
2.53125	0.044147164302494046
2.5375	0.04405966110696399
2.54375	0.04397265516224253
2.55	0.043886143228951256
2.55625	0.0438001220952984
2.5625	0.04371458857682674
2.56875	0.04362953951615996
2.575	0.04354497178275574
2.58125	0.043460882272656466
2.5875	0.043377267908247745
2.59375	0.04329412563801479
2.6	0.043211452436304455
2.60625	0.043129245303087566
2.6125	0.0430475012637255
2.61875	0.042966217368736265
2.625	0.042885390693566124
2.63125	0.04280501833836151
2.6375	0.042725097427744364
2.64375	0.04264562511058832
2.65	0.0425665985597973
2.65625	0.042488014972088956
2.6625	0.04240987156777694
2.66875	0.042332165590555575
2.675	0.04225489430728995
2.68125	0.042178055007804534
2.6875	0.04210164500467522
2.69375	0.0420256616330231
2.7	0.04195010225031204
2.70625	0.04187496423614528
2.7125	0.04180024499206632
2.71875	0.04172594194136063
2.725	0.041652052528860936
2.73125	0.0415785742207511
2.7375	0.0415055045043758
2.74375	0.04143284088804972
2.75	0.041360580900869214
2.75625	0.041288722092526785
2.7625	0.04121726203312483
2.76875	0.041146198312993855
2.775	0.04107552854251141
2.78125	0.041005250351923116
2.7875	0.040935361391164646
2.79375	0.04086585932968638
2.8	0.0407967418562799
2.80625	0.040728006678904013
2.8125	0.040659651524516685
2.81875	0.04059167413890394
2.825	0.04052407228651429
2.83125	0.04045684375029151
2.8375	0.0403899863315122
2.84375	0.04032349784962247
2.85	0.040257376142077445
2.85625	0.04019161906418193
2.8625	0.040126224488933236
2.86875	0.040061190306863975
2.875	0.03999651442588852
2.88125	0.039932194771150065
2.8875	0.039868229284867454
2.89375	0.03980461592618711
2.9	0.03974135267103308
2.90625	0.03967843751196019
2.9125	0.03961586845800841
2.91875	0.039553643534557946
2.925	0.03949176078318692
2.93125	0.03943021826152983
2.9375	0.03936901404313698
2.94375	0.03930814621733612
2.95	0.039247612889094736
2.95625	0.03918741217888244
2.9625	0.0391275422225398
2.96875	0.039068001171140586
2.975	0.03900878719086362
2.98125	0.03894989846285811
2.9875	0.03889133318311637
2.99375	0.03883308956234479
3.0	0.03877516582583644
3.00625	0.038717560213345416
3.0125	0.038660270978961735
3.01875	0.03860329639098821
3.025	0.03854663473181865
3.03125	0.03849028429781475
3.0375	0.038434243399188536
3.04375	0.03837851035988246
3.05	0.038323083517450555
3.05625	0.038267961222944145
3.0625	0.03821314184079525
3.06875	0.038158623748701825
3.075	0.03810440533751521
3.08125	0.03805048501112895
3.0875	0.037996861186365125
3.09375	0.037943532292867135
3.1	0.03789049677298905
3.10625	0.03783775308168869
3.1125	0.03778529968642018
3.11875	0.0377331350670283
3.125	0.03768125771564438
3.13125	0.037629666136581384
3.1375	0.037578358846231244
3.14375	0.03752733437296471
3.15	0.03747659125702829
3.15625	0.03742612805044578
3.1625	0.0373759433169189
3.16875	0.03732603563172933
3.175	0.037276403581642074
3.18125	0.03722704576480821
3.1875	0.037177960790671566
3.19375	0.037129147279872765
3.2	0.037080603864156854
3.20625	0.03703232918628068
3.2125	0.03698432189992009
3.21875	0.03693658066958176
3.225	0.03688910417051084
3.23125	0.036841891088603466
3.2375	0.03679494012031717
3.24375	0.03674824997258625
3.25	0.036701819362731126
3.25625	0.0366556470183776
3.2625	0.03660973167736826
3.26875	0.03656407208768004
3.275	0.03651866700734034
3.28125	0.036473515204345545
3.2875	0.036428615456578245
3.29375	0.03638396655172709
3.3	0.03633956728720727
3.30625	0.03629541647007907
3.3125	0.036251512916971526
3.31875	0.03620785545400383
3.325	0.036164442916707305
3.33125	0.03612127414995053
3.3375	0.03607834800786266
3.34375	0.036035663353759226
3.35	0.03599321906006743
3.35625	0.035951014008252014
3.3625	0.03590904708874446
3.36875	0.03586731720086891
3.375	0.03582582325277117
3.38125	0.03578456416134907
3.3875	0.03574353885218097
3.39375	0.035702746259456526
3.4	0.035662185325909826
3.40625	0.03562185500274801
3.4125	0.03558175424958694
3.41875	0.035541882034381585
3.425	0.03550223733336347
3.43125	0.0354628191309701
3.4375	0.03542362641978535
3.44375	0.035384658200471354
3.45	0.03534591348170614
3.45625	0.03530739128012094
3.4625	0.035269090620236615
3.46875	0.03523101053440313
3.475	0.03519315006273642
3.48125	0.035155508253059665
3.4875	0.0351180841608409
3.49375	0.03508087684913521
3.5	0.03504388538852602
3.50625	0.035007108857063755
3.5125	0.03497054634021121
3.51875	0.03493419693078441
3.525	0.034898059728896334
3.53125	0.03486213384189989
3.5375	0.03482641838433374
3.54375	0.034790912477865144
3.55	0.03475561525123624
3.55625	0.034720525840209994
3.5625	0.03468564338751706
3.56875	0.03465096704280037
3.575	0.034616495962565184
3.58125	0.03458222931012495
3.5875	0.03454816625555125
3.59375	0.03451430597562054
3.6	0.03448064765376582
3.60625	0.034447190480024564
3.6125	0.03441393365099064
3.61875	0.03438087636976353
3.625	0.03434801784589986
3.63125	0.034315357295366174
3.6375	0.03428289394048968
3.64375	0.034250627009910974
3.65	0.03421855573853904
3.65625	0.03418667936750255
3.6625	0.03415499714410294
3.66875	0.03412350832177289
3.675	0.03409221216002678
3.68125	0.03406110792441782
3.6875	0.03403019488649459
3.69375	0.0339994723237558
3.7	0.033968939519606015
3.70625	0.03393859576331519
3.7125	0.033908440349973396
3.71875	0.03387847258045016
3.725	0.033848691761351926
3.73125	0.03381909720498109
3.7375	0.03378968822929381
3.74375	0.033760464157861554
3.75	0.03373142431982783
3.75625	0.03370256804987121
3.7625	0.03367389468816332
3.76875	0.03364540358033163
3.775	0.03361709407742003
3.78125	0.033588965535850335
3.7875	0.03356101731738314
3.79375	0.033533248789083606
3.8	0.03350565932327999
3.80625	0.03347824829752961
3.8125	0.03345101509458062
3.81875	0.03342395910233696
3.825	0.0333970797138225
3.83125	0.033370376327144284
3.8375	0.03334384834545834
3.84375	0.0333174951769351
3.85	0.03329131623472345
3.85625	0.03326531093691876
3.8625	0.033239478706526805
3.86875	0.03321381897143231
3.875	0.03318833116436423
3.88125	0.03316301472286328
3.8875	0.03313786908924984
3.89375	0.03311289371059229
3.9	0.03308808803867258
3.90625	0.03306345152995815
3.9125	0.03303898364556805
3.91875	0.03301468385124271
3.925	0.032990551617313645
3.93125	0.03296658641867367
3.9375	0.0329427877347443
3.94375	0.03291915504944916
3.95	0.032895687851182145
3.95625	0.03287238563278044
3.9625	0.032849247891492635
3.96875	0.032826274128953205
3.975	0.03280346385115214
3.98125	0.03278081656840811
3.9875	0.032758331795339816
3.99375	0.03273600905083889
4.0	0.03271384785804348
4.00625	0.03269184774430925
4.0125	0.032670008241184885
4.01875	0.032648328884385104
4.025	0.03262680921376342
4.03125	0.03260544877328782
4.0375	0.03258424711101391
4.04375	0.032563203779060225
4.05	0.03254231833358403
4.05625	0.032521590334754054
4.0625	0.03250101934672861
4.06875	0.032480604937629096
4.075	0.03246034667951768
4.08125	0.032440244148371815
4.0875	0.0324202969240624
4.09375	0.03240050459032879
4.1	0.03238086673475713
4.10625	0.03236138294875591
4.1125	0.03234205282753555
4.11875	0.032322875970083036
4.125	0.032303851979143094
4.13125	0.032284980461193685
4.1375	0.03226626102642565
4.14375	0.032247693288720645
4.15	0.03222927686563012
4.15625	0.032211011378354165
4.1625	0.03219289645172143
4.16875	0.03217493171416706
4.175	0.03215711679771487
4.18125	0.03213945133795322
4.1875	0.032121934974019724
4.19375	0.0321045673485786
4.2	0.0320873481078015
4.20625	0.03207027690134889
4.2125	0.03205335338235143
4.21875	0.032036577207388894
4.225	0.03201994803647473
4.23125	0.03200346553303532
4.2375	0.03198712936389205
4.24375	0.03197093919924363
4.25	0.03195489471264919
4.25625	0.03193899558100803
4.2625	0.03192324148454566
4.26875	0.03190763210679289
4.275	0.03189216713457242
4.28125	0.03187684625797915
4.2875	0.031861669170363933
4.29375	0.031846635568319556
4.3	0.031831745151660915
4.30625	0.03181699762341148
4.3125	0.03180239268978608
4.31875	0.031787930060176384
4.325	0.0317736094471337
4.33125	0.03175943056635532
4.3375	0.03174539313666752
4.34375	0.03173149688001301
4.35	0.03171774152143405
4.35625	0.031704126789057575
4.3625	0.03169065241408366
4.36875	0.03167731813076727
4.375	0.03166412367640692
4.38125	0.03165106879133022
4.3875	0.03163815321888007
4.39375	0.03162537670539944
4.4	0.03161273900022106
4.40625	0.03160023985565034
4.4125	0.03158787902695701
4.41875	0.03157565627235777
4.425	0.031563571353005825
4.43125	0.031551624032977545
4.4375	0.03153981407926116
4.44375	0.03152814126174323
4.45	0.0315166053531963
4.45625	0.03150520612926911
4.4625	0.03149394336847222
4.46875	0.03148281685216729
4.475	0.03147182636455764
4.48125	0.03146097169267362
4.4875	0.031450252626363424
4.49375	0.0314396689582819
4.5	0.03142922048387911
4.50625	0.03141890700139067
4.5125	0.03140872831182634
4.51875	0.03139868421895983
4.525	0.03138877452931893
4.53125	0.03137899905217528
4.5375	0.031369357599533854
4.54375	0.03135984998612373
4.55	0.03135047602938936
4.55625	0.03134123554947911
4.5625	0.03133212836923708
4.56875	0.03132315431419449
4.575	0.03131431321255925
4.58125	0.031305604895207735
4.5875	0.03129702919567707
4.59375	0.03128858595015395
4.6	0.03128027499746945
4.60625	0.03127209617908767
4.6125	0.031264049339099
4.61875	0.03125613432421229
4.625	0.03124835098374697
4.63125	0.031240699169623957
4.6375	0.031233178736359418
4.64375	0.03122578954105688
4.65	0.03121853144339936
4.65625	0.031211404305643554
4.6625	0.03120440799261109
4.66875	0.031197542371682225
4.675	0.03119080731278898
4.68125	0.03118420268840964
4.6875	0.031177728373559557
4.69375	0.03117138424578753
4.7	0.031165170185167675
4.70625	0.031159086074294733
4.7125	0.03115313179827636
4.71875	0.031147307244728244
4.725	0.031141612303768735
4.73125	0.03113604686801267
4.7375	0.031130610832565277
4.74375	0.031125304095018045
4.75	0.03112012655544357
4.75625	0.031115078116387942
4.7625	0.031110158682869624
4.76875	0.0311053681623711
4.775	0.03110070646483671
4.78125	0.03109617350266667
4.7875	0.031091769190712926
4.79375	0.03108749344627411
4.8	0.03108334618909368
4.80625	0.031079327341352648
4.8125	0.031075436827667936
4.81875	0.031071674575087756
4.825	0.031068040513087706
4.83125	0.03106453457356741
4.8375	0.031061156690847126
4.84375	0.031057906801664478
4.85	0.031054784845170682
4.85625	0.03105179076292817
4.8625	0.031048924498907213
4.86875	0.03104618599948279
4.875	0.03104357521343336
4.88125	0.03104109209193524
4.8875	0.031038736588564108
4.89375	0.03103650865928904
4.9	0.031034408262472418
4.90625	0.031032435358867363
4.9125	0.031030589911615388
4.91875	0.03102887188624393
4.925	0.031027281250666523
4.93125	0.031025817975180017
4.9375	0.03102448203246248
4.94375	0.03102327339757141
4.95	0.031022192047946522
4.95625	0.031021237963402663
4.9625	0.031020411126132918
4.96875	0.031019711520706338
4.975	0.031019139134066925
4.98125	0.031018693955534252
4.9875	0.031018375976801633
4.99375	0.031018185191935117
5.0	0.031018121597374708
5.00625	0.031018185191935155
5.0125	0.031018375976801602
5.01875	0.031018693955534322
5.025	0.031019139134066957
5.03125	0.03101971152070636
5.0375	0.031020411126132956
5.04375	0.031021237963402625
5.05	0.03102219204794647
5.05625	0.03102327339757145
5.0625	0.031024482032462417
5.06875	0.031025817975179948
5.075	0.031027281250666644
5.08125	0.031028871886243904
5.0875	0.031030589911615374
5.09375	0.03103243535886732
5.1	0.03103440826247244
5.10625	0.03103650865928891
5.1125	0.031038736588564122
5.11875	0.031041092091935257
5.125	0.03104357521343332
5.13125	0.031046185999482803
5.1375	0.031048924498907098
5.14375	0.03105179076292813
5.15	0.031054784845170675
5.15625	0.03105790680166446
5.1625	0.03106115669084712
5.16875	0.031064534573567393
5.175	0.03106804051308776
5.18125	0.031071674575087724
5.1875	0.031075436827667943
5.19375	0.031079327341352624
5.2	0.031083346189093676
5.20625	0.03108749344627407
5.2125	0.031091769190712836
5.21875	0.031096173502666708
5.225	0.031100706464836796
5.23125	0.03110536816237117
5.2375	0.031110158682869576
5.24375	0.031115078116387994
5.25	0.031120126555443647
5.25625	0.03112530409501803
5.2625	0.031130610832565266
5.26875	0.031136046868012614
5.275	0.03114161230376876
5.28125	0.031147307244728206
5.2875	0.03115313179827636
5.29375	0.031159086074294743
5.3	0.031165170185167686
5.30625	0.031171384245787487
5.3125	0.03117772837355964
5.31875	0.031184202688409556
5.325	0.031190807312788962
5.33125	0.03119754237168227
5.3375	0.031204407992611108
5.34375	0.03121140430564351
5.35	0.03121853144339934
5.35625	0.031225789541056887
5.3625	0.031233178736359404
5.36875	0.03124069916962391
5.375	0.0312483509837469
5.38125	0.031256134324212294
5.3875	0.03126404933909906
5.39375	0.031272096179087626
5.4	0.031280274997469465
5.40625	0.031288585950153935
5.4125	0.031297029195677006
5.41875	0.03130560489520775
5.425	0.03131431321255922
5.43125	0.03132315431419454
5.4375	0.031332128369237155
5.44375	0.03134123554947906
5.45	0.031350476029389285
5.45625	0.03135984998612381
5.4625	0.03136935759953379
5.46875	0.031378999052175276
5.475	0.031388774529318875
5.48125	0.031398684218959846
5.4875	0.03140872831182633
5.49375	0.03141890700139059
5.5	0.03142922048387918
5.50625	0.031439668958281784
5.5125	0.03145025262636336
5.51875	0.03146097169267358
5.525	0.03147182636455768
5.53125	0.03148281685216725
5.5375	0.0314939433684722
5.54375	0.031505206129269034
5.55	0.031516605353196295
5.55625	0.03152814126174322
5.5625	0.03153981407926119
5.56875	0.03155162403297748
5.575	0.031563571353005845
5.58125	0.03157565627235777
5.5875	0.03158787902695699
5.59375	0.031600239855650344
5.6	0.031612739000220935
5.60625	0.0316253767053994
5.6125	0.03163815321888019
5.61875	0.031651068791330346
5.625	0.03166412367640696
5.63125	0.03167731813076727
5.6375	0.03169065241408363
5.64375	0.03170412678905765
5.65	0.03171774152143402
5.65625	0.03173149688001301
5.6625	0.031745393136667535
5.66875	0.03175943056635532
5.675	0.031773609447133734
5.68125	0.03178793006017629
5.6875	0.03180239268978604
5.69375	0.03181699762341151
5.7	0.03183174515166081
5.70625	0.031846635568319556
5.7125	0.03186166917036387
5.71875	0.03187684625797916
5.725	0.03189216713457246
5.73125	0.03190763210679283
5.7375	0.03192324148454564
5.74375	0.03193899558100803
5.75	0.0319548947126491
5.75625	0.03197093919924356
5.7625	0.031987129363891975
5.76875	0.03200346553303516
5.775	0.032019948036474705
5.78125	0.032036577207388936
5.7875	0.032053353382351366
5.79375	0.03207027690134889
5.8	0.03208734810780148
5.80625	0.032104567348578576
5.8125	0.032121934974019696
5.81875	0.03213945133795318
5.825	0.03215711679771482
5.83125	0.032174931714166945
5.8375	0.03219289645172138
5.84375	0.03221101137835417
5.85	0.03222927686563005
5.85625	0.032247693288720625
5.8625	0.03226626102642556
5.86875	0.03228498046119354
5.875	0.0323038519791431
5.88125	0.03232287597008299
5.8875	0.03234205282753555
5.89375	0.03236138294875585
5.9	0.032380866734757104
5.90625	0.032400504590328776
5.9125	0.03242029692406242
5.91875	0.03244024414837181
5.925	0.032460346679517714
5.93125	0.03248060493762897
5.9375	0.03250101934672851
5.94375	0.03252159033475411
5.95	0.032542318333584085
5.95625	0.03256320377906022
5.9625	0.03258424711101378
5.96875	0.03260544877328784
5.975	0.032626809213763354
5.98125	0.032648328884385125
5.9875	0.032670008241184885
5.99375	0.0326918477443093
6.0	0.0327138478580435
6.00625	0.032736009050838885
6.0125	0.03275833179533981
6.01875	0.032780816568408096
6.025	0.03280346385115207
6.03125	0.032826274128953226
6.0375	0.03284924789149256
6.04375	0.03287238563278045
6.05	0.03289568785118215
6.05625	0.03291915504944923
6.0625	0.032942787734744315
6.06875	0.03296658641867363
6.075	0.03299055161731367
6.08125	0.03301468385124265
6.0875	0.03303898364556807
6.09375	0.033063451529958106
6.1	0.03308808803867257
6.10625	0.033112893710592214
6.1125	0.0331378690892498
6.11875	0.03316301472286328
6.125	0.033188331164364225
6.13125	0.03321381897143231
6.1375	0.033239478706526805
6.14375	0.0332653109369188
6.15	0.03329131623472348
6.15625	0.03331749517693502
6.1625	0.03334384834545831
6.16875	0.03337037632714433
6.175	0.0333970797138225
6.18125	0.03342395910233689
6.1875	0.033451015094580594
6.19375	0.033478248297529475
6.2	0.03350565932328005
6.20625	0.03353324878908364
6.2125	0.03356101731738318
6.21875	0.03358896553585032
6.225	0.03361709407741999
6.23125	0.03364540358033164
6.2375	0.03367389468816334
6.24375	0.03370256804987123
6.25	0.033731424319827785
6.25625	0.03376046415786149
6.2625	0.033789688229293784
6.26875	0.03381909720498107
6.275	0.03384869176135193
6.28125	0.03387847258045009
6.2875	0.03390844034997337
6.29375	0.03393859576331507
6.3	0.03396893951960588
6.30625	0.033999472323755824
6.3125	0.03403019488649454
6.31875	0.03406110792441781
6.325	0.03409221216002679
6.33125	0.034123508321772876
6.3375	0.034154997144102965
6.34375	0.034186679367502575
6.35	0.03421855573853905
6.35625	0.03425062700991104
6.3625	0.03428289394048963
6.36875	0.034315357295366125
6.375	0.034348017845899845
6.38125	0.03438087636976355
6.3875	0.03441393365099061
6.39375	0.034447190480024543
6.4	0.03448064765376578
6.40625	0.03451430597562045
6.4125	0.03454816625555118
6.41875	0.034582229310125
6.425	0.034616495962565205
6.43125	0.03465096704280037
6.4375	0.03468564338751713
6.44375	0.034720525840210015
6.45	0.03475561525123625
6.45625	0.03479091247786518
6.4625	0.03482641838433375
6.46875	0.03486213384189983
6.475	0.03489805972889635
6.48125	0.034934196930784395
6.4875	0.03497054634021118
6.49375	0.03500710885706371
6.5	0.03504388538852595
6.50625	0.03508087684913518
6.5125	0.035118084160841015
6.51875	0.03515550825305959
6.525	0.035193150062736434
6.53125	0.03523101053440309
6.5375	0.03526909062023652
6.54375	0.03530739128012092
6.55	0.03534591348170616
6.55625	0.035384658200471306
6.5625	0.03542362641978534
6.56875	0.03546281913097
6.575	0.03550223733336343
6.58125	0.03554188203438162
6.5875	0.035581754249586955
6.59375	0.03562185500274795
6.6	0.03566218532590978
6.60625	0.03570274625945651
6.6125	0.035743538852180984
6.61875	0.0357845641613491
6.625	0.03582582325277117
6.63125	0.035867317200868894
6.6375	0.03590904708874444
6.64375	0.035951014008251944
6.65	0.0359932190600674
6.65625	0.036035663353759274
6.6625	0.0360783480078626
6.66875	0.036121274149950575
6.675	0.036164442916707285
6.68125	0.03620785545400381
6.6875	0.03625151291697149
6.69375	0.036295416470079084
6.7	0.03633956728720723
6.70625	0.03638396655172718
6.7125	0.036428615456578245
6.71875	0.03647351520434558
6.725	0.0365186670073403
6.73125	0.036564072087680054
6.7375	0.036609731677368244
6.74375	0.036655647018377625
6.75	0.03670181936273115
6.75625	0.03674824997258621
6.7625	0.036794940120317136
6.76875	0.03684189108860348
6.775	0.03688910417051086
6.78125	0.03693658066958178
6.7875	0.03698432189992012
6.79375	0.03703232918628071
6.8	0.03708060386415689
6.80625	0.03712914727987278
6.8125	0.03717796079067155
6.81875	0.03722704576480826
6.825	0.03727640358164211
6.83125	0.03732603563172935
6.8375	0.03737594331691889
6.84375	0.037426128050445796
6.85	0.0374765912570283
6.85625	0.03752733437296476
6.8625	0.03757835884623122
6.86875	0.03762966613658135
6.875	0.03768125771564439
6.88125	0.03773313506702831
6.8875	0.037785299686420165
6.89375	0.03783775308168864
6.9	0.03789049677298906
6.90625	0.037943532292867135
6.9125	0.037996861186365125
6.91875	0.038050485011128996
6.925	0.0381044053375152
6.93125	0.03815862374870184
6.9375	0.03821314184079528
6.94375	0.03826796122294417
6.95	0.038323083517450625
6.95625	0.03837851035988248
6.9625	0.038434243399188564
6.96875	0.03849028429781475
6.975	0.038546634731818644
6.98125	0.038603296390988244
6.9875	0.038660270978961755
6.99375	0.03871756021334531
7.0	0.03877516582583639
7.00625	0.0388330895623448
7.0125	0.0388913331831164
7.01875	0.038949898462858124
7.025	0.039008787190863696
7.03125	0.039068001171140655
7.0375	0.03912754222253983
7.04375	0.039187412178882434
7.05	0.03924761288909477
7.05625	0.03930814621733616
7.0625	0.03936901404313702
7.06875	0.03943021826152984
7.075	0.03949176078318691
7.08125	0.03955364353455789
7.0875	0.03961586845800843
7.09375	0.03967843751196017
7.1	0.039741352671033084
7.10625	0.039804615926187066
7.1125	0.039868229284867475
7.11875	0.03993219477115008
7.125	0.03999651442588853
7.13125	0.040061190306863906
7.1375	0.04012622448893321
7.14375	0.04019161906418193
7.15	0.04025737614207747
7.15625	0.04032349784962247
7.1625	0.040389986331512154
7.16875	0.040456843750291495
7.175	0.04052407228651425
7.18125	0.04059167413890409
7.1875	0.040659651524516664
7.19375	0.040728006678903986
7.2	0.04079674185627985
7.20625	0.04086585932968642
7.2125	0.040935361391164646
7.21875	0.0410052503519231
7.225	0.0410755285425114
7.23125	0.041146198312993904
7.2375	0.04121726203312478
7.24375	0.04128872209252678
7.25	0.04136058090086917
7.25625	0.041432840888049764
7.2625	0.041505504504375776
7.26875	0.04157857422075111
7.275	0.04165205252886093
7.28125	0.04172594194136065
7.2875	0.041800244992066346
7.29375	0.04187496423614524
7.3	0.04195010225031204
7.30625	0.04202566163302315
7.3125	0.0421016450046752
7.31875	0.04217805500780444
7.325	0.042254894307289924
7.33125	0.04233216559055557
7.3375	0.04240987156777695
7.34375	0.04248801497208895
7.35	0.04256659855979732
7.35625	0.042645625110588295
7.3625	0.04272509742774442
7.36875	0.0428050183383615
7.375	0.04288539069356614
7.38125	0.04296621736873629
7.3875	0.043047501263725516
7.39375	0.04312924530308759
7.4	0.04321145243630453
7.40625	0.04329412563801483
7.4125	0.04337726790824766
7.41875	0.04346088227265645
7.425	0.04354497178275574
7.43125	0.04362953951616001
7.4375	0.04371458857682678
7.44375	0.04380012209529841
7.45	0.04388614322895129
7.45625	0.04397265516224256
7.4625	0.04405966110696404
7.46875	0.044147164302494046
7.475	0.04423516801605566
7.48125	0.044323675542974984
7.4875	0.04441269020694434
7.49375	0.04450221536028649
7.5	0.04459225438422067
7.50625	0.044682810689133906
7.5125	0.04477388771485424
7.51875	0.04486548893092474
7.525	0.04495761783688253
7.53125	0.04505027796254052
7.5375	0.04514347286827093
7.54375	0.04523720614529179
7.55	0.04533148141595803
7.55625	0.04542630233405294
7.5625	0.04552167258508511
7.56875	0.04561759588658709
7.575	0.04571407598841619
7.58125	0.04581111667306116
7.5875	0.045908721755949046
7.59375	0.04600689508575689
7.6	0.04610564054472716
7.60625	0.04620496204898314
7.6125	0.04630486354885243
7.61875	0.04640534902919008
7.625	0.046506422509705776
7.63125	0.04660808804529506
7.6375	0.04671034972637468
7.64375	0.046813211679219216
7.65	0.046916678066302606
7.65625	0.047020753086643836
7.6625	0.04712544097615401
7.66875	0.047230746007990335
7.675	0.04733667249290807
7.68125	0.04744322477962489
7.6875	0.04755040725517908
7.69375	0.04765822434529978
7.7	0.047766680514775804
7.70625	0.047875780267830285
7.7125	0.047985528148499004
7.71875	0.048095928741013934
7.725	0.04820698667018665
7.73125	0.048318706601801764
7.7375	0.048431093243008046
7.74375	0.04854415134271996
7.75	0.04865788569201719
7.75625	0.04877230112455317
7.7625	0.048887402516966674
7.76875	0.049003194789294026
7.775	0.04911968290539247
7.78125	0.04923687187336106
7.7875	0.04935476674597073
7.79375	0.04947337262109672
7.8	0.04959269464215557
7.80625	0.0497127379985481
7.8125	0.049833507926104796
7.81875	0.049955009707537815
7.825	0.050077248672896923
7.83125	0.05020023020003029
7.8375	0.05032395971504995
7.84375	0.050448442692802485
7.85	0.05057368465734439
7.85625	0.050699691182422645
7.8625	0.05082646789196076
7.86875	0.05095402046054853
7.875	0.05108235461393817
7.88125	0.05121147612954592
7.8875	0.05134139083695753
7.89375	0.051472104618441344
7.9	0.05160362340946363
7.90625	0.05173595319921198
7.9125	0.05186910003112431
7.91875	0.05200307000342126
7.925	0.05213786926964659
7.93125	0.052273504039210925
7.9375	0.0524099805779437
7.94375	0.052547305208650565
7.95	0.05268548431167395
7.95625	0.05282452432546384
7.9625	0.05296443174715041
7.96875	0.053105213133126626
7.975	0.05324687509963394
7.98125	0.053389424323356506
7.9875	0.05353286754202072
7.99375	0.05367721155499901
8.0	0.0538224632239258
8.00625	0.053968629473313844
8.0125	0.0541157172911805
8.01875	0.05426373372968026
8.025	0.05441268590574462
8.03125	0.05456258100172605
8.0375	0.054713426266051725
8.04375	0.054865229013884284
8.05	0.0550179966277878
8.05625	0.05517173655840107
8.0625	0.05532645632512185
8.06875	0.05548216351679216
8.075	0.05563886579239539
8.08125	0.05579657088176101
8.0875	0.055955286586276035
8.09375	0.05611502077960016
8.1	0.056275781408397015
8.10625	0.05643757649306607
8.1125	0.05660041412848539
8.11875	0.056764302484761685
8.125	0.05692924980798979
8.13125	0.05709526442101868
8.1375	0.05726235472422638
8.14375	0.057430529196304494
8.15	0.05759979639504745
8.15625	0.05777016495815723
8.1625	0.057941643604048375
8.16875	0.058114241132668894
8.175	0.05828796642632588
8.18125	0.05846282845052152
8.1875	0.05863883625479758
8.19375	0.05881599897359229
8.2	0.05899432582710004
8.20625	0.05917382612214597
8.2125	0.05935450925307211
8.21875	0.05953638470262016
8.225	0.05971946204284524
8.23125	0.05990375093601842
8.2375	0.06008926113555283
8.24375	0.06027600248693322
8.25	0.060463984928660806
8.25625	0.06065321849320374
8.2625	0.06084371330795951
8.26875	0.061035479596229465
8.275	0.06122852767820309
8.28125	0.06142286797195185
8.2875	0.06161851099443525
8.29375	0.06181546736251947
8.3	0.06201374779400304
8.30625	0.06221336310865871
8.3125	0.06241432422928098
8.31875	0.06261664218275487
8.325	0.06282032810112156
8.33125	0.0630253932226738
8.3375	0.063231848893046
8.34375	0.0634397065663305
8.35	0.06364897780619751
8.35625	0.06385967428703007
8.3625	0.06407180779507293
8.36875	0.06428539022959229
8.375	0.06450043360404911
8.38125	0.0647169500472859
8.3875	0.06493495180472424
8.39375	0.06515445123958313
8.4	0.06537546083409812
8.40625	0.06559799319076592
8.4125	0.06582206103359924
8.41875	0.06604767720938905
8.425	0.06627485468899323
8.43125	0.06650360656862939
8.4375	0.06673394607118535
8.44375	0.06696588654754679
8.45	0.06719944147793608
8.45625	0.06743462447326685
8.4625	0.06767144927651779
8.46875	0.06790992976411431
8.475	0.06815007994733403
8.48125	0.0683919139737212
8.4875	0.06863544612852054
8.49375	0.06888069083612637
8.5	0.06912766266154982
8.50625	0.06937637631189933
8.5125	0.06962684663787744
8.51875	0.06987908863530162
8.525	0.07013311744663216
8.53125	0.0703889483625246
8.5375	0.07064659682339633
8.54375	0.07090607842101206
8.55	0.0711674089000887
8.55625	0.07143060415991288
8.5625	0.07169568025598427
8.56875	0.07196265340167292
8.575	0.07223153996989444
8.58125	0.07250235649480889
8.5875	0.07277511967353334
8.59375	0.07304984636788062
8.6	0.0733265536061092
8.60625	0.07360525858470011
8.6125	0.07388597867015273
8.61875	0.07416873140079701
8.625	0.07445353448863354
8.63125	0.0747404058211843
8.6375	0.07502936346337709
8.64375	0.07532042565944122
8.65	0.07561361083482691
8.65625	0.07590893759815452
8.6625	0.07620642474317368
8.66875	0.07650609125075525
8.675	0.07680795629089807
8.68125	0.07711203922476588
8.6875	0.07741835960674302
8.69375	0.07772693718651597
8.7	0.07803779191117394
8.70625	0.0783509439273435
8.7125	0.07866641358333729
8.71875	0.07898422143133295
8.725	0.07930438822957626
8.73125	0.07962693494461043
8.7375	0.07995188275352705
8.74375	0.08027925304625122
8.75	0.08060906742784221
8.75625	0.0809413477208307
8.7625	0.08127611596757665
8.76875	0.08161339443265563
8.775	0.08195320560527834
8.78125	0.08229557220172533
8.7875	0.0826405171678278
8.79375	0.08298806368145839
8.8	0.08333823515506615
8.80625	0.08369105523823253
8.8125	0.08404654782025771
8.81875	0.0844047370327801
8.825	0.08476564725242575
8.83125	0.08512930310348497
8.8375	0.08549572946062475
8.84375	0.0858649514516285
8.85	0.08623699446017288
8.85625	0.08661188412863144
8.8625	0.08698964636091554
8.86875	0.08737030732534437
8.875	0.08775389345755347
8.88125	0.08814043146343159
8.8875	0.08852994832209783
8.89375	0.0889224712889065
8.9	0.08931802789849667
8.90625	0.08971664596786649
8.9125	0.09011835359949379
8.91875	0.09052317918448653
8.925	0.09093115140577145
8.93125	0.09134229924132356
8.9375	0.09175665196742962
8.94375	0.09217423916199328
8.95	0.09259509070787329
8.95625	0.09301923679627139
8.9625	0.09344670793014918
8.96875	0.09387753492769235
8.975	0.09431174892581133
8.98125	0.09474938138368907
8.9875	0.09519046408636468
8.99375	0.09563502914836139
9.0	0.0960831090173597
9.00625	0.09653473647791144
9.0125	0.09698994465519845
9.01875	0.09744876701883705
9.025	0.09791123738672539
9.03125	0.09837738992893827
9.0375	0.09884725917166914
9.04375	0.09932088000121143
9.05	0.09979828766800339
9.05625	0.10027951779070277
9.0625	0.10076460636031787
9.06875	0.10125358974439441
9.075	0.10174650469124118
9.08125	0.10224338833421043
9.0875	0.1027442781960316
9.09375	0.10324921219319581
9.1	0.10375822864038886
9.10625	0.10427136625498178
9.1125	0.1047886641615727
9.11875	0.10531016189658672
9.125	0.10583589941292322
9.13125	0.10636591708466873
9.1375	0.10690025571185645
9.14375	0.10743895652529015
9.15	0.10798206119142528
9.15625	0.10852961181730171
9.1625	0.1090816509555445
9.16875	0.10963822160942283
9.175	0.11019936723796317
9.18125	0.11076513176113245
9.1875	0.11133555956507893
9.19375	0.11191069550743907
9.2	0.11249058492270486
9.20625	0.11307527362765757
9.2125	0.1136648079268718
9.21875	0.11425923461827255
9.225	0.11485860099878041
9.23125	0.11546295487000333
9.2375	0.11607234454401083
9.24375	0.11668681884917517
9.25	0.11730642713608005
9.25625	0.11793121928350847
9.2625	0.11856124570448746
9.26875	0.11919655735243138
9.275	0.11983720572733136
9.28125	0.12048324288204454
9.2875	0.12113472142864139
9.29375	0.12179169454484183
9.3	0.12245421598052612
9.30625	0.12312234006432013
9.3125	0.12379612171027325
9.31875	0.12447561642460225
9.325	0.12516088031252728
9.33125	0.12585197008519253
9.3375	0.12654894306666112
9.34375	0.12725185720100843
9.35	0.1279607710594937
9.35625	0.12867574384781688
9.3625	0.1293968354134807
9.36875	0.13012410625321816
9.375	0.130857617520531
9.38125	0.13159743103331434
9.3875	0.1323436092815682
9.39375	0.13309621543521757
9.4	0.1338553133520144
9.40625	0.13462096758554368
9.4125	0.13539324339333053
9.41875	0.13617220674503921
9.425	0.13695792433078224
9.43125	0.13775046356952048
9.4375	0.13854989261757883
9.44375	0.1393562803772585
9.45	0.1401696965055586
9.45625	0.1409902114230066
9.4625	0.1418178963225962
9.46875	0.14265282317882885
9.475	0.14349506475688556
9.48125	0.14434469462189117
9.4875	0.14520178714830653
9.49375	0.1460664175294314
9.5	0.14693866178702697
9.50625	0.14781859678105863
9.5125	0.14870630021955697
9.51875	0.14960185066860185
9.525	0.15050532756242976
9.53125	0.15141681121367398
9.5375	0.15233638282371711
9.54375	0.1532641244931891
9.55	0.1542001192325805
9.55625	0.15514445097300295
9.5625	0.15609720457706938
9.56875	0.15705846584992147
9.575	0.15802832155038385
9.58125	0.15900685940226808
9.5875	0.15999416810580933
9.59375	0.16099033734925225
9.6	0.16199545782057442
9.60625	0.1630096212193667
9.6125	0.16403292026884805
9.61875	0.16506544872804385
9.625	0.1661073014041102
9.63125	0.16715857416481428
9.6375	0.16821936395116674
9.64375	0.16928976879022342
9.65	0.17036988780803447
9.65625	0.17145982124276368
9.6625	0.17255967045797216
9.66875	0.1736695379560663
9.675	0.17478952739191853
9.68125	0.1759197435866536
9.6875	0.17706029254161532
9.69375	0.1782112814525022
9.7	0.17937281872368774
9.70625	0.18054501398271733
9.7125	0.18172797809498573
9.71875	0.18292182317860706
9.725	0.18412666261946428
9.73125	0.18534261108645358
9.7375	0.18656978454692494
9.74375	0.18780830028230552
9.75	0.1890582769039314
9.75625	0.19031983436907815
9.7625	0.19159309399719363
9.76875	0.1928781784863305
9.775	0.19417521192979512
9.78125	0.19548431983300768
9.7875	0.1968056291305679
9.79375	0.19813926820354325
9.8	0.1994853668969788
9.80625	0.200844056537621
9.8125	0.20221546995187828
9.81875	0.2035997414840015
9.825	0.20499700701449514
9.83125	0.2064074039787749
9.8375	0.20783107138603923
9.84375	0.20926814983841155
9.85	0.2107187815502997
9.85625	0.2121831103680177
9.8625	0.21366128178965835
9.86875	0.21515344298520042
9.875	0.21665974281690537
9.88125	0.2181803318599426
9.8875	0.21971536242329845
9.89375	0.2212649885709433
9.9	0.2228293661432757
9.90625	0.2244086527788337
9.9125	0.2260030079362916
9.91875	0.2276125929167376
9.925	0.22923757088622643
9.93125	0.2308781068986348
9.9375	0.23253436791880913
9.94375	0.2342065228459999
9.95	0.23589474253760537
9.95625	0.23759919983322
9.9625	0.23932006957898244
9.96875	0.24105752865225968
9.975	0.2428117559866227
9.98125	0.2445829325971553
9.9875	0.24637124160609228
9.99375	0.24817686826878785
10.0	0.2499999999999963
