-12.566370614359172	2.790436722643676e-6
-12.550662651091223	2.797044589048546e-6
-12.534954687823275	2.8036760746952135e-6
-12.519246724555325	2.810331292885135e-6
-12.503538761287377	2.8170103576036694e-6
-12.487830798019427	2.8237133835250885e-6
-12.47212283475148	2.8304404860176604e-6
-12.45641487148353	2.837191781148813e-6
-12.440706908215581	2.843967385690171e-6
-12.424998944947632	2.8507674171223397e-6
-12.409290981679682	2.8575919936411964e-6
-12.393583018411734	2.864441234161901e-6
-12.377875055143784	2.871315258324671e-6
-12.362167091875836	2.8782141865006514e-6
-12.346459128607886	2.8851381397965503e-6
-12.330751165339938	2.8920872400601856e-6
-12.315043202071989	2.8990616098864664e-6
-12.29933523880404	2.906061372622534e-6
-12.283627275536091	2.9130866523732527e-6
-12.267919312268143	2.920137574007175e-6
-12.252211349000193	2.9272142631618327e-6
-12.236503385732243	2.9343168462498446e-6
-12.220795422464295	2.941445450464538e-6
-12.205087459196346	2.9486002037857874e-6
-12.189379495928398	2.9557812349855157e-6
-12.173671532660448	2.9629886736345794e-6
-12.1579635693925	2.970222650107568e-6
-12.14225560612455	2.9774832955896378e-6
-12.126547642856602	2.9847707420825003e-6
-12.110839679588652	2.9920851224103868e-6
-12.095131716320704	2.9994265702262498e-6
-12.079423753052755	3.0067952200180555e-6
-12.063715789784805	3.014191207115138e-6
-12.048007826516857	3.0216146676945945e-6
-12.032299863248907	3.0290657387876055e-6
-12.01659189998096	3.036544558285818e-6
-12.00088393671301	3.0440512649482373e-6
-11.985175973445061	3.0515859984075177e-6
-11.969468010177112	3.0591488991765468e-6
-11.953760046909164	3.0667401086554693e-6
-11.938052083641214	3.074359769138196e-6
-11.922344120373264	3.0820080238193793e-6
-11.906636157105316	3.089685016801361e-6
-11.890928193837366	3.0973908931007737e-6
-11.875220230569418	3.1051257986561265e-6
-11.859512267301469	3.112889880334278e-6
-11.84380430403352	3.1206832859379825e-6
-11.82809634076557	3.1285061642132203e-6
-11.812388377497623	3.136358664855869e-6
-11.796680414229673	3.144240938519674e-6
-11.780972450961723	3.1521531368234705e-6
-11.765264487693775	3.160095412358313e-6
-11.749556524425826	3.168067918695528e-6
-11.733848561157878	3.17607081039424e-6
-11.718140597889928	3.1841042430085364e-6
-11.70243263462198	3.192168373095897e-6
-11.68672467135403	3.2002633582247665e-6
-11.671016708086082	3.208389356982033e-6
-11.655308744818132	3.2165465289818288e-6
-11.639600781550184	3.224735034872971e-6
-11.623892818282235	3.2329550363471045e-6
-11.608184855014285	3.24120669614708e-6
-11.592476891746337	3.249490178075205e-6
-11.576768928478387	3.2578056470015782e-6
-11.561060965210439	3.2661532688722877e-6
-11.54535300194249	3.274533210718295e-6
-11.529645038674541	3.2829456406636862e-6
-11.513937075406592	3.2913907279344593e-6
-11.498229112138644	3.2998686428672494e-6
-11.482521148870694	3.308379556918239e-6
-11.466813185602746	3.316923642671988e-6
-11.451105222334796	3.325501073850391e-6
-11.435397259066846	3.3341120253216263e-6
-11.419689295798898	3.3427566731096093e-6
-11.403981332530948	3.3514351944026098e-6
-11.388273369263	3.360147767563996e-6
-11.37256540599505	3.3688945721399034e-6
-11.356857442727103	3.3776757888697365e-6
-11.341149479459153	3.3864915996955985e-6
-11.325441516191205	3.3953421877719216e-6
-11.309733552923255	3.4042277374752017e-6
-11.294025589655305	3.413148434413931e-6
-11.278317626387357	3.4221044654387955e-6
-11.262609663119408	3.43109601865222e-6
-11.24690169985146	3.440123283418722e-6
-11.23119373658351	3.4491864503754848e-6
-11.215485773315562	3.458285711442382e-6
-11.199777810047612	3.4674212598325904e-6
-11.184069846779664	3.476593290062609e-6
-11.168361883511714	3.4858019979638656e-6
-11.152653920243765	3.4950475806926487e-6
-11.136945956975817	3.504330236741716e-6
-11.121237993707867	3.5136501659501426e-6
-11.105530030439919	3.5230075695152927e-6
-11.08982206717197	3.5324026500042325e-6
-11.074114103904021	3.541835611363674e-6
-11.058406140636071	3.5513066589329234e-6
-11.042698177368123	3.560815999454511e-6
-11.026990214100174	3.5703638410858508e-6
-11.011282250832226	3.579950393410812e-6
-10.995574287564276	3.589575867452447e-6
-10.979866324296326	3.599240475684172e-6
-10.964158361028378	3.608944432041766e-6
-10.948450397760428	3.6186879519357954e-6
-10.93274243449248	3.6284712522641756e-6
-10.91703447122453	3.6382945514243595e-6
-10.901326507956583	3.6481580693258086e-6
-10.885618544688633	3.6580620274025623e-6
-10.869910581420685	3.6680066486265908e-6
-10.854202618152735	3.6779921575203578e-6
-10.838494654884787	3.6880187801695074e-6
-10.822786691616837	3.6980867442367914e-6
-10.807078728348888	3.7081962789752307e-6
-10.79137076508094	3.7183476152408615e-6
-10.77566280181299	3.7285409855070186e-6
-10.759954838545042	3.7387766238780607e-6
-10.744246875277092	3.7490547661031994e-6
-10.728538912009144	3.759375649589694e-6
-10.712830948741194	3.769739513418425e-6
-10.697122985473246	3.780146598356731e-6
-10.681415022205297	3.7905971468739095e-6
-10.665707058937347	3.801091403155176e-6
-10.649999095669399	3.8116296131168336e-6
-10.634291132401449	3.8222120244207314e-6
-10.618583169133501	3.832838886488988e-6
-10.602875205865551	3.843510450520486e-6
-10.587167242597603	3.854226969504643e-6
-10.571459279329654	3.86498869823769e-6
-10.555751316061706	3.875795893338355e-6
-10.540043352793756	3.886648813263231e-6
-10.524335389525806	3.897547718323288e-6
-10.508627426257858	3.908492870699464e-6
-10.492919462989908	3.919484534458963e-6
-10.47721149972196	3.930522975572478e-6
-10.46150353645401	3.941608461929893e-6
-10.445795573186063	3.9527412633571325e-6
-10.430087609918113	3.963921651634261e-6
-10.414379646650165	3.9751499005108824e-6
-10.398671683382215	3.986426285724831e-6
-10.382963720114267	3.997751085019096e-6
-10.367255756846317	4.009124578160022e-6
-10.351547793578368	4.020547046953669e-6
-10.33583983031042	4.032018775266221e-6
-10.32013186704247	4.043540049040099e-6
-10.304423903774522	4.05511115631347e-6
-10.288715940506572	4.066732387238726e-6
-10.273007977238624	4.078404034101219e-6
-10.257300013970674	4.090126391338009e-6
-10.241592050702726	4.1018997555576566e-6
-10.225884087434777	4.113724425559064e-6
-10.210176124166829	4.125600702351613e-6
-10.194468160898879	4.137528889174126e-6
-10.178760197630929	4.149509291516321e-6
-10.163052234362981	4.1615422171378885e-6
-10.147344271095031	4.173627976088785e-6
-10.131636307827083	4.185766880731305e-6
-10.115928344559133	4.197959245759614e-6
-10.100220381291185	4.210205388221162e-6
-10.084512418023236	4.222505627539202e-6
-10.068804454755288	4.234860285532108e-6
-10.053096491487338	4.247269686437461e-6
-10.037388528219388	4.2597341569328245e-6
-10.02168056495144	4.2722540261580085e-6
-10.00597260168349	4.2848296257385605e-6
-9.990264638415542	4.297461289807245e-6
-9.974556675147593	4.3101493550281215e-6
-9.958848711879645	4.32289416061926e-6
-9.943140748611695	4.335696048376064e-6
-9.927432785343747	4.348555362695826e-6
-9.911724822075797	4.361472450600845e-6
-9.896016858807847	4.374447661763679e-6
-9.8803088955399	4.387481348530471e-6
-9.86460093227195	4.40057386594702e-6
-9.848892969004002	4.413725571782889e-6
-9.833185005736052	4.426936826557574e-6
-9.817477042468104	4.440207993565681e-6
-9.801769079200154	4.453539438902834e-6
-9.786061115932206	4.466931531491989e-6
-9.770353152664256	4.4803846431103114e-6
-9.754645189396308	4.493899148415087e-6
-9.738937226128359	4.507475424971986e-6
-9.723229262860409	4.521113853281333e-6
-9.707521299592461	4.53481481680687e-6
-9.691813336324511	4.5485787020026385e-6
-9.676105373056563	4.562405898342191e-6
-9.660397409788613	4.576296798346781e-6
-9.644689446520665	4.590251797614996e-6
-9.628981483252716	4.604271294850643e-6
-9.613273519984768	4.618355691893796e-6
-9.597565556716818	4.632505393750615e-6
-9.58185759344887	4.6467208086224515e-6
-9.56614963018092	4.661002347937689e-6
-9.55044166691297	4.6753504263819624e-6
-9.534733703645022	4.689765461930286e-6
-9.519025740377073	4.704247875877944e-6
-9.503317777109125	4.7187980928729664e-6
-9.487609813841175	4.733416540948508e-6
-9.471901850573227	4.748103651555233e-6
-9.456193887305277	4.7628598595952235e-6
-9.44048592403733	4.77768560345509e-6
-9.42477796076938	4.792581325039244e-6
-9.40906999750143	4.807547469805984e-6
-9.393362034233482	4.8225844868001455e-6
-9.377654070965532	4.837692828689488e-6
-9.361946107697584	4.85287295179996e-6
-9.346238144429634	4.868125316151751e-6
-9.330530181161686	4.883450385494925e-6
-9.314822217893736	4.8988486273469615e-6
-9.299114254625788	4.914320513029815e-6
-9.283406291357839	4.929866517707142e-6
-9.267698328089889	4.945487120423219e-6
-9.25199036482194	4.961182804140166e-6
-9.236282401553991	4.976954055777974e-6
-9.220574438286043	4.992801366253817e-6
-9.204866475018093	5.008725230521711e-6
-9.189158511750145	5.0247261476125145e-6
-9.173450548482196	5.040804620675474e-6
-9.157742585214248	5.05696115701906e-6
-9.142034621946298	5.07319626815327e-6
-9.12632665867835	5.0895104698312425e-6
-9.1106186954104	5.105904282092678e-6
-9.09491073214245	5.122378229307155e-6
-9.079202768874502	5.13893284021737e-6
-9.063494805606553	5.155568647984284e-6
-9.047786842338605	5.172286190230862e-6
-9.032078879070655	5.189086009089704e-6
-9.016370915802707	5.205968651246307e-6
-9.000662952534757	5.222934667987834e-6
-8.984954989266809	5.239984615248924e-6
-8.96924702599886	5.2571190536602304e-6
-8.953539062730911	5.274338548595148e-6
-8.937831099462962	5.291643670221381e-6
-8.922123136195012	5.30903499354746e-6
-8.906415172927064	5.326513098474764e-6
-8.890707209659114	5.344078569847282e-6
-8.874999246391166	5.361731997503452e-6
-8.859291283123216	5.379473976327241e-6
-8.843583319855268	5.397305106301515e-6
-8.827875356587318	5.415225992560884e-6
-8.81216739331937	5.433237245445486e-6
-8.79645943005142	5.4513394805561515e-6
-8.780751466783471	5.469533318808443e-6
-8.765043503515523	5.487819386489542e-6
-8.749335540247573	5.506198315314149e-6
-8.733627576979625	5.524670742482635e-6
-8.717919613711675	5.543237310738246e-6
-8.702211650443727	5.561898668425878e-6
-8.686503687175778	5.5806554695518825e-6
-8.67079572390783	5.599508373844418e-6
-8.65508776063988	5.618458046814024e-6
-8.63937979737193	5.637505159815447e-6
-8.623671834103982	5.6566503901104635e-6
-8.607963870836032	5.675894420930846e-6
-8.592255907568084	5.695237941542246e-6
-8.576547944300135	5.714681647310257e-6
-8.560839981032187	5.734226239765275e-6
-8.545132017764237	5.753872426668585e-6
-8.529424054496289	5.773620922081569e-6
-8.51371609122834	5.793472446432209e-6
-8.498008127960391	5.813427726585418e-6
-8.482300164692441	5.83348749591292e-6
-8.466592201424492	5.8536524943637695e-6
-8.450884238156544	5.873923468537133e-6
-8.435176274888594	5.89430117175446e-6
-8.419468311620646	5.914786364133205e-6
-8.403760348352696	5.935379812662722e-6
-8.388052385084748	5.956082291278197e-6
-8.372344421816798	5.97689458093936e-6
-8.35663645854885	5.997817469706536e-6
-8.3409284952809	6.018851752820358e-6
-8.325220532012953	6.039998232781552e-6
-8.309512568745003	6.061257719431352e-6
-8.293804605477053	6.082631030033753e-6
-8.278096642209105	6.104118989358238e-6
-8.262388678941155	6.125722429764373e-6
-8.246680715673207	6.14744219128652e-6
-8.230972752405258	6.169279121720322e-6
-8.21526478913731	6.1912340767107255e-6
-8.19955682586936	6.213307919839952e-6
-8.183848862601412	6.235501522717875e-6
-8.168140899333462	6.257815765072684e-6
-8.152432936065512	6.280251534843437e-6
-8.136724972797564	6.302809728274239e-6
-8.121017009529615	6.3254912500079164e-6
-8.105309046261667	6.348297013182725e-6
-8.089601082993717	6.371227939529904e-6
-8.073893119725769	6.394284959472471e-6
-8.058185156457819	6.417469012224839e-6
-8.042477193189871	6.440781045894751e-6
-8.026769229921921	6.464222017586108e-6
-8.011061266653972	6.4877928935028186e-6
-7.995353303386024	6.511494649054776e-6
-7.979645340118075	6.535328268965893e-6
-7.963937376850126	6.559294747380906e-6
-7.948229413582177	6.583395087977345e-6
-7.932521450314228	6.607630304076255e-6
-7.916813487046278	6.632001418755617e-6
-7.901105523778329	6.65650946496556e-6
-7.8853975605103805	6.6811554856445775e-6
-7.869689597242432	6.705940533836952e-6
-7.853981633974483	6.730865672813589e-6
-7.838273670706534	6.75593197619299e-6
-7.822565707438585	6.781140528063967e-6
-7.806857744170636	6.8064924231120905e-6
-7.791149780902687	6.831988766743726e-6
-7.7754418176347375	6.857630675216938e-6
-7.759733854366789	6.883419275770259e-6
-7.74402589109884	6.9093557067565795e-6
-7.728317927830891	6.9354411177743724e-6
-7.712609964562942	6.961676669807039e-6
-7.696902001294993	6.988063535358356e-6
-7.681194038027044	7.014602898593491e-6
-7.665486074759095	7.041295955480433e-6
-7.6497781114911465	7.068143913934294e-6
-7.634070148223198	7.095147993964421e-6
-7.618362184955249	7.122309427820518e-6
-7.602654221687299	7.149629460144628e-6
-7.58694625841935	7.177109348123274e-6
-7.571238295151401	7.204750361642413e-6
-7.555530331883452	7.232553783444111e-6
-7.5398223686155035	7.260520909287225e-6
-7.524114405347555	7.288653048107449e-6
-7.508406442079606	7.31695152218328e-6
-7.492698478811657	7.3454176673008185e-6
-7.476990515543708	7.374052832924916e-6
-7.461282552275758	7.402858382368873e-6
-7.445574589007809	7.4318356929699646e-6
-7.4298666257398605	7.460986156266256e-6
-7.414158662471912	7.490311178175734e-6
-7.398450699203963	7.5198121791774735e-6
-7.382742735936014	7.549490594499212e-6
-7.367034772668065	7.579347874302201e-6
-7.351326809400116	7.609385483873609e-6
-7.335618846132167	7.639604903820341e-6
-7.319910882864218	7.670007630264113e-6
-7.304202919596269	7.70059517504163e-6
-7.28849495632832	7.731369065907316e-6
-7.272786993060371	7.7623308467388e-6
-7.257079029792422	7.793482077745366e-6
-7.241371066524473	7.824824335680999e-6
-7.225663103256524	7.856359214059435e-6
-7.209955139988575	7.888088323371687e-6
-7.194247176720626	7.920013291310153e-6
-7.1785392134526775	7.9521357629929e-6
-7.162831250184729	7.984457401192597e-6
-7.147123286916779	8.016979886570435e-6
-7.13141532364883	8.04970491791253e-6
-7.115707360380881	8.082634212367644e-6
-7.099999397112932	8.115769505695008e-6
-7.084291433844983	8.149112552508642e-6
-7.0685834705770345	8.18266512653164e-6
-7.052875507309086	8.216429020850234e-6
-7.037167544041137	8.250406048175093e-6
-7.021459580773188	8.284598041104811e-6
-7.005751617505239	8.319006852393527e-6
-6.99004365423729	8.353634355225515e-6
-6.97433569096934	8.388482443490144e-6
-6.9586277277013915	8.423553032064813e-6
-6.942919764433443	8.458848057100631e-6
-6.927211801165494	8.49436947631385e-6
-6.911503837897545	8.530119269280765e-6
-6.895795874629596	8.566099437738517e-6
-6.880087911361647	8.60231200589138e-6
-6.864379948093698	8.638759020718777e-6
-6.848671984825749	8.675442552294103e-6
-6.8329640215578	8.712364694103664e-6
-6.817256058289851	8.749527563372876e-6
-6.801548095021902	8.786933301399155e-6
-6.785840131753953	8.824584073887856e-6
-6.770132168486004	8.86248207129606e-6
-6.754424205218055	8.900629509181236e-6
-6.738716241950106	8.939028628554578e-6
-6.7230082786821574	8.977681696243653e-6
-6.707300315414209	9.016591005258423e-6
-6.69159235214626	9.055758875162121e-6
-6.675884388878311	9.095187652454458e-6
-6.660176425610361	9.134879710954855e-6
-6.644468462342412	9.174837452195044e-6
-6.628760499074463	9.215063305819897e-6
-6.613052535806514	9.255559729992434e-6
-6.5973445725385655	9.296329211807079e-6
-6.581636609270617	9.337374267711438e-6
-6.565928646002668	9.378697443932955e-6
-6.550220682734719	9.420301316914297e-6
-6.53451271946677	9.46218849375732e-6
-6.51880475619882	9.504361612672061e-6
-6.503096792930871	9.54682334343809e-6
-6.4873888296629225	9.589576387870034e-6
-6.471680866394974	9.632623480291899e-6
-6.455972903127025	9.675967388023066e-6
-6.440264939859076	9.71961091186874e-6
-6.424556976591127	9.763556886623046e-6
-6.408849013323178	9.807808181577736e-6
-6.393141050055229	9.852367701042301e-6
-6.37743308678728	9.897238384873885e-6
-6.3617251235193315	9.942423209014954e-6
-6.346017160251382	9.98792518604179e-6
-6.330309196983433	1.0033747365724131e-5
-6.314601233715484	1.0079892835591924e-5
-6.298893270447535	1.0126364721517123e-5
-6.283185307179586	1.017316618830252e-5
-6.267477343911637	1.0220300440282052e-5
-6.2517693806436885	1.0267770721934948e-5
-6.23606141737574	1.0315580318507607e-5
-6.220353454107791	1.036373255665044e-5
-6.204645490839841	1.0412230805063753e-5
-6.188937527571892	1.0461078475158889e-5
-6.173229564303943	1.051027902172994e-5
-6.157521601035994	1.0559835943637484e-5
-6.1418136377680455	1.0609752784507916e-5
-6.126105674500097	1.066003313344562e-5
-6.110397711232148	1.0710680625754888e-5
-6.094689747964199	1.07616989436829e-5
-6.07898178469625	1.0813091817170013e-5
-6.063273821428301	1.0864863024619303e-5
-6.047565858160352	1.0917016393680039e-5
-6.031857894892402	1.096955580204502e-5
-6.0161499316244536	1.1022485178264578e-5
-6.000441968356505	1.107580850257726e-5
-5.984734005088556	1.1129529807756424e-5
-5.969026041820607	1.1183653179973062e-5
-5.953318078552658	1.1238182759678285e-5
-5.937610115284709	1.1293122742498425e-5
-5.92190215201676	1.1348477380153097e-5
-5.906194188748811	1.1404250981390801e-5
-5.890486225480862	1.1460447912941133e-5
-5.874778262212913	1.1517072600489056e-5
-5.859070298944964	1.1574129529666415e-5
-5.843362335677015	1.1631623247066578e-5
-5.827654372409066	1.1689558361279202e-5
-5.811946409141117	1.1747939543942642e-5
-5.796238445873168	1.1806771530824648e-5
-5.7805304826052195	1.1866059122921351e-5
-5.764822519337271	1.1925807187578339e-5
-5.749114556069322	1.1986020659639444e-5
-5.733406592801373	1.2046704542615547e-5
-5.717698629533423	1.2107863909880715e-5
-5.701990666265474	1.2169503905892288e-5
-5.686282702997525	1.2231629747437567e-5
-5.6705747397295765	1.2294246724908116e-5
-5.654866776461628	1.2357360203599543e-5
-5.639158813193679	1.2420975625040311e-5
-5.62345084992573	1.2485098508349915e-5
-5.607742886657781	1.2549734451626516e-5
-5.592034923389832	1.261488913336373e-5
-5.576326960121882	1.2680568313898668e-5
-5.5606189968539335	1.2746777836895601e-5
-5.544911033585985	1.2813523630855948e-5
-5.529203070318036	1.2880811710668434e-5
-5.513495107050087	1.294864817918954e-5
-5.497787143782138	1.3017039228861635e-5
-5.482079180514189	1.3085991143367128e-5
-5.46637121724624	1.3155510299321884e-5
-5.450663253978291	1.3225603168003856e-5
-5.4349552907103424	1.3296276317129894e-5
-5.419247327442394	1.3367536412665614e-5
-5.403539364174444	1.343939022069388e-5
-5.387831400906495	1.3511844609328603e-5
-5.372123437638546	1.3584906550715626e-5
-5.356415474370597	1.3658583123180571e-5
-5.340707511102648	1.3732881513853959e-5
-5.324999547834699	1.3807809023747665e-5
-5.3092915845667505	1.3883373100920387e-5
-5.293583621298802	1.3959599374972905e-5
-5.277875658030853	1.4036440919858683e-5
-5.262167694762903	1.411396006597709e-5
-5.246459731494954	1.4192146793914932e-5
-5.230751768227005	1.4271010044598972e-5
-5.215043804959056	1.4350553662100185e-5
-5.1993358416911075	1.4430790567735813e-5
-5.183627878423159	1.451172761424421e-5
-5.16791991515521	1.459337328542681e-5
-5.152211951887261	1.4675736233510176e-5
-5.136503988619312	1.4758825254518878e-5
-5.120796025351363	1.4842649287746799e-5
-5.105088062083414	1.4927217417976842e-5
-5.0893800988154645	1.5012538878333118e-5
-5.073672135547516	1.5098623053428325e-5
-5.057964172279567	1.5185479482836227e-5
-5.042256209011618	1.5273117865216923e-5
-5.026548245743669	1.5361548064395442e-5
-5.01084028247572	1.5450780123640803e-5
-4.995132319207771	1.5540824336887698e-5
-4.979424355939822	1.5631693097470496e-5
-4.9637163926718735	1.5723447079916625e-5
-4.948008429403924	1.581593385947337e-5
-4.932300466135975	1.5909330306894164e-5
-4.916592502868026	1.6003593193314685e-5
-4.900884539600077	1.6098733144695016e-5
-4.885176576332128	1.6194762392052234e-5
-4.869468613064179	1.629169291439586e-5
-4.8537606497962305	1.638952981808191e-5
-4.838052686528282	1.6488293779538828e-5
-4.822344723260333	1.6587994239763116e-5
-4.806636759992384	1.6688647041118544e-5
-4.790928796724435	1.6790256008529145e-5
-4.775220833456485	1.6892890806499634e-5
-4.759512870188536	1.6996414136662912e-5
-4.743804906920587	1.7100985901945578e-5
-4.7280969436526386	1.72065741523263e-5
-4.71238898038469	1.7313191506060835e-5
-4.696681017116741	1.742085208344163e-5
-4.680973053848792	1.752960377242844e-5
-4.665265090580843	1.763936115137284e-5
-4.649557127312894	1.7750243493527825e-5
-4.633849164044944	1.7862404852471608e-5
-4.6181412007769955	1.7975366932109825e-5
-4.602433237509047	1.808954664330076e-5
-4.586725274241098	1.8204926175789247e-5
-4.571017310973149	1.8321488348073303e-5
-4.5553093477052	1.8439255317523607e-5
-4.539601384437251	1.8558602290764402e-5
-4.523893421169302	1.8678290705192845e-5
-4.508185457901353	1.879966517722775e-5
-4.4924774946334045	1.8922307185283063e-5
-4.476769531365456	1.9047216234580706e-5
-4.461061568097506	1.917154380611226e-5
-4.445353604829557	1.9298231216700568e-5
-4.429645641561608	1.9425776401515773e-5
-4.413937678293659	1.955501350532183e-5
-4.39822971502571	1.968555074878609e-5
-4.3825217517577615	1.9817486880209218e-5
-4.366813788489813	1.995090796267547e-5
-4.351105825221864	2.0096043345016397e-5
-4.335397861953915	2.0224688439495767e-5
-4.319689898685965	2.035970320521618e-5
-4.303981935418016	2.049961120466866e-5
-4.288273972150067	2.0639788876218845e-5
-4.2725660088821185	2.0781981851052508e-5
-4.25685804561417	2.0925869461521745e-5
-4.241150082346221	2.1071382605021994e-5
-4.225442119078272	2.1218945090465342e-5
-4.209734155810323	2.1367558920108716e-5
-4.194026192542374	2.151965058375522e-5
-4.178318229274425	2.1680696970728546e-5
-4.162610266006476	2.1824304263351384e-5
-4.146902302738527	2.1983178909446766e-5
-4.131194339470578	2.2138569780623257e-5
-4.115486376202629	2.2297300557207977e-5
-4.09977841293468	2.2473354899278483e-5
-4.084070449666731	2.266347208497321e-5
-4.068362486398782	2.2787343558218496e-5
-4.052654523130833	2.2954046587484607e-5
-4.036946559862884	2.3245233704052237e-5
-4.0212385965949355	2.3341320771610915e-5
-4.005530633326986	2.346552941852417e-5
-3.9898226700590373	2.364116877483275e-5
-3.9741147067910885	2.382160808390359e-5
-3.958406743523139	2.4002806807452412e-5
-3.9426987802551903	2.419948004124477e-5
-3.9269908169872414	2.4363239892668542e-5
-3.9112828537192925	2.4549026371441806e-5
-3.8955748904513436	2.4738388396247668e-5
-3.8798669271833943	2.4970772243001442e-5
-3.8641589639154454	2.5424018347938368e-5
-3.8484510006474966	2.5320937465289457e-5
-3.8327430373795477	2.5520809892552866e-5
-3.817035074111599	2.5756774679317713e-5
-3.8013271108436495	2.596751363950156e-5
-3.7856191475757006	2.6197127214922942e-5
-3.7699111843077517	2.695724825416585e-5
-3.754203221039803	2.655167048324676e-5
-3.738495257771854	2.6774029510242816e-5
-3.7227872945039047	2.698687494601895e-5
-3.707079331235956	2.721282771592527e-5
-3.691371367968007	2.74719132532258e-5
-3.675663404700058	2.7691332676495905e-5
-3.659955441432109	2.9126600883806432e-5
-3.64424747816416	2.819484249854587e-5
-3.628539514896211	2.8419692357331538e-5
-3.612831551628262	2.864860965451542e-5
-3.597123588360313	2.883833438785935e-5
-3.5814156250923643	2.9137981045952587e-5
-3.565707661824415	2.98594667681106e-5
-3.549999698556466	2.9739390746144765e-5
-3.5342917352885173	3.12156605714476e-5
-3.5185837720205684	3.0199658305873477e-5
-3.5028758087526195	3.066642127219649e-5
-3.48716784548467	3.081300635008853e-5
-3.4714598822167213	3.5878346341701884e-5
-3.4557519189487724	3.13296600648836e-5
-3.4400439556808236	3.1658509958132045e-5
-3.4243359924128747	3.228256179313557e-5
-3.4086280291449254	3.26317481759699e-5
-3.3929200658769765	3.267600078764999e-5
-3.3772121026090276	3.765330664123682e-5
-3.3615041393410787	3.320041268781037e-5
-3.34579617607313	3.749977926420907e-5
-3.3300882128051805	3.4031919508323696e-5
-3.3143802495372316	3.5268868153387295e-5
-3.2986722862692828	3.795133881607745e-5
-3.282964323001334	3.4771460414918284e-5
-3.267256359733385	3.704493357261967e-5
-3.2515483964654357	3.543168669814973e-5
-3.235840433197487	4.0097102184885525e-5
-3.220132469929538	3.7976707622576403e-5
-3.204424506661589	3.655967694056422e-5
-3.18871654339364	3.7030037591898245e-5
-3.173008580125691	3.9490357030034656e-5
-3.157300616857742	3.906559121432227e-5
-3.141592653589793	3.942099723805482e-5
-3.1258846903218442	8.06464739527514e-5
-3.1101767270538954	4.208824992430058e-5
-3.094468763785946	4.608892662639191e-5
-3.078760800517997	4.529926728523638e-5
-3.0630528372500483	4.07292250225178e-5
-3.0473448739820994	4.121820119114571e-5
-3.0316369107141505	4.616055510838262e-5
-3.015928947446201	5.17088503265906e-5
-3.0002209841782523	5.406912896579836e-5
-2.9845130209103035	5.675615153234846e-5
-2.9688050576423546	5.280832720678282e-5
-2.9530970943744057	5.942317516763144e-5
-2.9373891311064564	4.71826131758445e-5
-2.9216811678385075	5.317033287688696e-5
-2.9059732045705586	5.875759934741113e-5
-2.8902652413026098	0.00019554306431250477
-2.874557278034661	8.893370671533447e-5
-2.8588493147667116	0.0009211910336099012
-2.8431413514987627	0.00011019220931168049
-2.827433388230814	0.000117676936154584
-2.811725424962865	0.0002234012849329606
-2.796017461694916	9.337166062427497e-5
-2.7803094984269667	5.5756055138185175e-5
-2.764601535159018	6.418261108943627e-5
-2.748893571891069	7.655995379915443e-5
-2.73318560862312	9.814983922951548e-5
-2.7174776453551712	0.009361380587928349
-2.701769682087222	0.0002870902660035265
-2.686061718819273	0.00010069633469746037
-2.670353755551324	0.00017602690511608307
-2.6546457922833753	0.00016662561297626043
-2.6389378290154264	7.343796895878277e-5
-2.623229865747477	8.464351470406214e-5
-2.607521902479528	0.00022601827759616624
-2.5918139392115793	0.00014505839628518437
-2.5761059759436304	0.00012334626453015986
-2.5603980126756816	0.0002998768327617703
-2.5446900494077322	0.0002169162026105464
-2.5289820861397834	0.00022906738715337767
-2.5132741228718345	0.0004085996222819354
-2.4975661596038856	0.00012191769173625253
-2.4818581963359367	0.0002491088548420152
-2.4661502330679874	0.002782726563456864
-2.4504422698000385	0.00026334185430356463
-2.4347343065320897	0.0005998969740849865
-2.419026343264141	0.000810393489619475
-2.403318379996192	0.00013555390451741635
-2.3876104167282426	0.00021412394925241892
-2.3719024534602937	0.00014793728441786047
-2.356194490192345	0.002733782935621327
-2.340486526924396	0.0012393909120856218
-2.324778563656447	0.0009079691375813823
-2.3090706003884978	0.00040108480941125873
-2.293362637120549	0.000506818759919435
-2.2776546738526	0.0011893909672591866
-2.261946710584651	0.00026298637362794075
-2.2462387473167023	0.0011872376792451953
-2.230530784048753	0.0002566108889902244
-2.214822820780804	0.00034446573406883877
-2.199114857512855	0.00040603841171648903
-2.1834068942449063	0.0011911238436589197
-2.1676989309769574	0.0049706986245822
-2.151990967709008	0.0011411836186418203
-2.1362830044410592	0.0009087571357423056
-2.1205750411731104	0.0006258289446219345
-2.1048670779051615	0.0008280180634412011
-2.0891591146372126	0.00042610340160044154
-2.0734511513692633	0.004140191464504845
-2.0577431881013144	0.0014912430950725427
-2.0420352248333655	0.002321974877306777
-2.0263272615654166	0.005532927397558064
-2.0106192982974678	0.0055990412313336665
-1.9949113350295187	0.0015728035879396128
-1.9792033717615696	0.01064822770852978
-1.9634954084936207	0.001237484573224658
-1.9477874452256718	0.013104734061585206
-1.9320794819577227	0.0035178506203555684
-1.9163715186897738	0.06434896012459712
-1.9006635554218247	0.002291368459705913
-1.8849555921538759	0.005612949974446105
-1.869247628885927	0.0017551438660705055
-1.853539665617978	0.020956891996097377
-1.837831702350029	0.008422053701234106
-1.82212373908208	0.0036936000609650434
-1.806415775814131	0.011556328280351436
-1.7907078125461822	0.00873891870057511
-1.774999849278233	0.0054982522639409
-1.7592918860102842	0.019282968962086453
-1.743583922742335	0.0024828313061374223
-1.7278759594743862	0.010019080197576222
-1.7121679962064373	0.004402615547927106
-1.6964600329384882	0.009164155611682614
-1.6807520696705394	0.013236431154340204
-1.6650441064025903	0.0039225484838852544
-1.6493361431346414	0.004819676118055807
-1.6336281798666925	0.017974673228155165
-1.6179202165987434	0.0026128677167341872
-1.6022122533307945	0.01329482106844174
-1.5865042900628454	0.0039999695229233365
-1.5707963267948966	0.005281621749477485
-1.5550883635269477	0.005998287948422021
-1.5393804002589986	0.002276929831985356
-1.5236724369910497	0.004154411267937447
-1.5079644737231006	0.0039323535933244985
-1.4922565104551517	0.007976984761221113
-1.4765485471872029	0.020118396881380278
-1.4608405839192538	0.2364835272306097
-1.4451326206513049	0.009179959197065116
-1.4294246573833558	0.04783085296171819
-1.413716694115407	0.031102141593344148
-1.398008730847458	0.0188286868073024
-1.382300767579509	0.022756991993400887
-1.36659280431156	0.01298869485552206
-1.350884841043611	0.0401549434920734
-1.335176877775662	0.014823971652156423
-1.3194689145077132	0.01546934204501636
-1.303760951239764	0.01843030816841375
-1.2880529879718152	0.09033485025258133
-1.2723450247038661	0.7091032139141308
-1.2566370614359172	0.01211963260782485
-1.2409290981679684	0.013154736104708645
-1.2252211349000193	0.20803672825437525
-1.2095131716320704	0.04689259411651497
-1.1938052083641213	0.14781442644066686
-1.1780972450961724	0.007653349521630334
-1.1623892818282235	0.019023723384452355
-1.1466813185602744	0.011813246702571127
-1.1309733552923256	0.005770414963341035
-1.1152653920243765	0.008632038951058421
-1.0995574287564276	0.02668654409653793
-1.0838494654884787	0.004134188951920125
-1.0681415022205296	0.035063842283708284
-1.0524335389525807	0.010110456958596168
-1.0367255756846316	0.030031947083863083
-1.0210176124166828	0.0329819201654151
-1.0053096491487339	0.024282866189765707
-0.9896016858807848	0.008276898662954248
-0.9738937226128359	0.05969206346436308
-0.9581857593448869	0.01826137305833936
-0.9424777960769379	0.017043498688256102
-0.926769832808989	0.018045140753571158
-0.91106186954104	0.03698608725049219
-0.8953539062730911	0.0062200490105955636
-0.8796459430051421	0.007951693781649139
-0.8639379797371931	0.010406446940093416
-0.8482300164692441	0.3831955508600638
-0.8325220532012951	0.19457515475069742
-0.8168140899333463	0.0647092516588217
-0.8011061266653973	0.024066752408644893
-0.7853981633974483	2.582207000600933
-0.7696902001294993	0.0389953534851438
-0.7539822368615503	0.12305146292864602
-0.7382742735936014	0.04532806499837508
-0.7225663103256524	0.31583826127611636
-0.7068583470577035	0.04094347046450494
-0.6911503837897545	0.055805902113569034
-0.6754424205218055	1.7590643046875165
-0.6597344572538566	0.16658768450291458
-0.6440264939859076	0.07873302769246608
-0.6283185307179586	0.09267893953008763
-0.6126105674500096	0.1896102703875366
-0.5969026041820606	0.21689513899247279
-0.5811946409141118	0.3482757978579244
-0.5654866776461628	0.18360659378858832
-0.5497787143782138	0.030633443099137653
-0.5340707511102648	0.039436465329201635
-0.5183627878423158	0.02776349201719558
-0.5026548245743669	0.03368200886418
-0.48694686130641796	1.3373329276110022
-0.47123889803846897	0.03061085686967575
-0.45553093477052	0.2762031842257368
-0.43982297150257105	0.029261965686526316
-0.42411500823462206	0.058104105339927666
-0.4084070449666731	0.01716246703147522
-0.39269908169872414	0.031682788280446426
-0.37699111843077515	0.023461145364028897
-0.3612831551628262	0.009806405286672704
-0.34557519189487723	0.0878793899812172
-0.3298672286269283	0.02957625537179726
-0.3141592653589793	0.0579302850327263
-0.2984513020910303	0.09979342354737229
-0.2827433388230814	0.0472917328083189
-0.2670353755551324	0.009485468077507669
-0.25132741228718347	0.039118559209448046
-0.23561944901923448	1.5190598233971322
-0.21991148575128552	0.02126722458904793
-0.20420352248333656	0.014027396144981623
-0.18849555921538758	0.01965428454547483
-0.17278759594743862	0.12823573145702954
-0.15707963267948966	0.27593904926340584
-0.1413716694115407	0.0526853459139185
-0.12566370614359174	0.17481172479011042
-0.10995574287564276	0.10348589631346161
-0.09424777960769379	0.05945485661554884
-0.07853981633974483	0.04637213849251877
-0.06283185307179587	0.05102142064497963
-0.047123889803846894	0.05821192825218478
-0.031415926535897934	0.10031314206803596
-0.015707963267948967	0.6263129970069055
0.0	52.770592086217185
0.015707963267948967	0.6382757860440333
0.031415926535897934	0.10327909272117032
0.047123889803846894	0.061795213957813885
0.06283185307179587	0.05607685082704655
0.07853981633974483	0.05289130062150606
0.09424777960769379	0.07070540138794107
0.10995574287564276	0.12858799837308496
0.12566370614359174	0.22409477825665583
0.1413716694115407	0.06984940367306132
0.15707963267948966	0.37457436339022077
0.17278759594743862	0.1800806410034546
0.18849555921538758	0.027657357982570338
0.20420352248333656	0.020452457743659454
0.21991148575128552	0.03269065470534949
0.23561944901923448	2.4331827190018807
0.25132741228718347	0.06378778059987081
0.2670353755551324	0.015632303299173856
0.2827433388230814	0.08252405754235624
0.2984513020910303	0.18095389484306296
0.3141592653589793	0.10805937683982902
0.3298672286269283	0.05704974346801423
0.34557519189487723	0.17507763912699825
0.3612831551628262	0.019876947159923154
0.37699111843077515	0.04968979339470395
0.39269908169872414	0.06938655887818201
0.4084070449666731	0.03897593208498779
0.42411500823462206	0.13567593542137765
0.43982297150257105	0.07086883666916538
0.45553093477052	0.6891010698299839
0.47123889803846897	0.07881801728451049
0.48694686130641796	3.5439019460279395
0.5026548245743669	0.0915387991826458
0.5183627878423158	0.07830630071812689
0.5340707511102648	0.1151760622545118
0.5497787143782138	0.09205442469922626
0.5654866776461628	0.5709980659788786
0.5811946409141118	1.1141960755357274
0.5969026041820606	0.7145102024773858
0.6126105674500096	0.646175028718785
0.6283185307179586	0.3281430992260777
0.6440264939859076	0.28894704984336594
0.6597344572538566	0.6195234528862652
0.6754424205218055	6.773608696820634
0.6911503837897545	0.21955724804070237
0.7068583470577035	0.166737998048761
0.7225663103256524	1.3396628866904652
0.7382742735936014	0.19743777594346312
0.7539822368615503	0.5559830602893422
0.7696902001294993	0.18193887134413186
0.7853981633974483	12.415288545574676
0.8011061266653973	0.11800343879985224
0.8168140899333463	0.3338843531259927
0.8325220532012951	1.017225250990035
0.8482300164692441	2.0863311874128976
0.8639379797371931	0.05510667852644735
0.8796459430051421	0.04360514269399468
0.8953539062730911	0.03489908328538661
0.91106186954104	0.2271815164970864
0.926769832808989	0.11334613242609214
0.9424777960769379	0.10977210962793477
0.9581857593448869	0.1223479205566954
0.9738937226128359	0.41669636608814425
0.9896016858807848	0.05847153875883741
1.0053096491487339	0.18049241088709223
1.0210176124166828	0.25269722515426857
1.0367255756846316	0.23769172779560443
1.0524335389525807	0.08121546654671229
1.0681415022205296	0.295095843252421
1.0838494654884787	0.03438913551083616
1.0995574287564276	0.23887584937704132
1.1152653920243765	0.07928849024542384
1.1309733552923256	0.05420676082629197
1.1466813185602744	0.11645087400179065
1.1623892818282235	0.19449631590194552
1.1780972450961724	0.08076605809117389
1.1938052083641213	1.6057841268751143
1.2095131716320704	0.529157178972701
1.2252211349000193	2.402083542173786
1.2409290981679684	0.1561357751063915
1.2566370614359172	0.1496472887946279
1.2723450247038661	9.05027488788767
1.2880529879718152	1.1842814436582496
1.303760951239764	0.24825873342396956
1.3194689145077132	0.2154047244915405
1.335176877775662	0.21377880336286653
1.350884841043611	0.593410933733645
1.36659280431156	0.19897998700609917
1.382300767579509	0.3556703409033905
1.398008730847458	0.30708730627576913
1.413716694115407	0.526933392701619
1.4294246573833558	0.8237853595451344
1.4451326206513049	0.161436606461336
1.4608405839192538	4.374195457728225
1.4765485471872029	0.3798758969829634
1.4922565104551517	0.15295279970792872
1.5079644737231006	0.07563626215233975
1.5236724369910497	0.08318806280500299
1.5393804002589986	0.0454443279372577
1.5550883635269477	0.13048216921348893
1.5707963267948966	0.1191549692128375
1.5865042900628454	0.09139061841626402
1.6022122533307945	0.325526095089033
1.6179202165987434	0.062248718825697526
1.6336281798666925	0.4670821842375384
1.6493361431346414	0.126257422077294
1.6650441064025903	0.10641610116136248
1.6807520696705394	0.3775359284257648
1.6964600329384882	0.26975382679284343
1.7121679962064373	0.13160876542024302
1.7278759594743862	0.3145753134843549
1.743583922742335	0.07749967731640443
1.7592918860102842	0.6481891748447669
1.774999849278233	0.18864309123870418
1.7907078125461822	0.3120238321129169
1.806415775814131	0.4196166842202364
1.82212373908208	0.13623332313414227
1.837831702350029	0.32756185989024317
1.853539665617978	0.8487263275444399
1.869247628885927	0.06939560838946518
1.8849555921538759	0.24032317258668817
1.9006635554218247	0.09901315140394205
1.9163715186897738	2.9744056441293205
1.9320794819577227	0.16119525399136672
1.9477874452256718	0.640245853269883
1.9634954084936207	0.05743127753445085
1.9792033717615696	0.5517994809419025
1.9949113350295187	0.08053183290641915
2.0106192982974678	0.3107399434904103
2.0263272615654166	0.3094127136112584
2.0420352248333655	0.1307724846221896
2.0577431881013144	0.08511907641635304
2.0734511513692633	0.2545065266435205
2.0891591146372126	0.02152936696462011
2.1048670779051615	0.04946387565194066
2.1205750411731104	0.03748291514436968
2.1362830044410592	0.05898719377809576
2.151990967709008	0.07872359026626694
2.1676989309769574	0.3757304948292206
2.1834068942449063	0.08607851993805639
2.199114857512855	0.025829140369126112
2.214822820780804	0.021903729381671004
2.230530784048753	0.015278030025372752
2.2462387473167023	0.09876937816068546
2.261946710584651	0.017096071672955414
2.2776546738526	0.10581538718279214
2.293362637120549	0.04279903916170966
2.3090706003884978	0.03342816117122052
2.324778563656447	0.0874905515423426
2.340486526924396	0.1262631672409987
2.356194490192345	0.2966521858695913
2.3719024534602937	0.008966208981336333
2.3876104167282426	0.017403031280055208
2.403318379996192	0.008604906821667816
2.419026343264141	0.09480873354118413
2.4347343065320897	0.06921699089928748
2.4504422698000385	0.02694519532197504
2.4661502330679874	0.3760670787804422
2.4818581963359367	0.02665463145423134
2.4975661596038856	0.009015608397694032
2.5132741228718345	0.05321624767708296
2.5289820861397834	0.02671318371496988
2.5446900494077322	0.026041558687764935
2.5603980126756816	0.040290135009834506
2.5761059759436304	0.011491837495458268
2.5918139392115793	0.01608920131775643
2.607521902479528	0.031072244823156576
2.623229865747477	0.005645627347070014
2.6389378290154264	0.003832834780655676
2.6546457922833753	0.023000518691437793
2.670353755551324	0.025775024933359786
2.686061718819273	0.010627708522485917
2.701769682087222	0.052788367071644686
2.7174776453551712	2.1331946495226752
2.73318560862312	0.011105609187736974
2.748893571891069	0.00651963991794777
2.764601535159018	0.0038024538243752706
2.7803094984269667	0.0019376746051141974
2.796017461694916	0.01226633844610844
2.811725424962865	0.04883188903239025
2.827433388230814	0.02039638194957533
2.8431413514987627	0.01889204083384523
2.8588493147667116	0.26664037042176336
2.874557278034661	0.013840617344314944
2.8902652413026098	0.04851359725216587
2.9059732045705586	0.004839432752083688
2.9216811678385075	0.0032858012496754384
2.9373891311064564	0.0014729264131148577
2.9530970943744057	0.0062233734072258216
2.9688050576423546	0.004037975795987363
2.9845130209103035	0.0059588000192104884
3.0002209841782523	0.00517773370366965
3.015928947446201	0.004584786409582814
3.0316369107141505	0.0025090941002641545
3.0473448739820994	0.0005945025348171002
3.0630528372500483	0.0005879905479329832
3.078760800517997	0.002963995062635225
3.094468763785946	0.0036416177129047224
3.1101767270538954	0.0019422089458715917
3.1258846903218442	0.022242938469213634
3.141592653589793	0.0010408967229101201
3.157300616857742	0.001091563227388558
3.173008580125691	0.0015594342941553834
3.18871654339364	0.00038207945865490064
3.204424506661589	0.0003270263285134085
3.220132469929538	0.0014485495096569986
3.235840433197487	0.0030792895138368687
3.2515483964654357	0.00029536357566966454
3.267256359733385	0.0016444508349760674
3.282964323001334	0.00031341020141982317
3.2986722862692828	0.002897405805820783
3.3143802495372316	0.001199169475146811
3.3300882128051805	0.0005029749186179093
3.34579617607313	0.0035668258005416295
3.3615041393410787	0.00035460707617028834
3.3772121026090276	0.004460653273159663
3.3929200658769765	0.00042953442982400747
3.4086280291449254	0.0006741496446070665
3.4243359924128747	0.0006249934332147406
3.4400439556808236	0.00031077164595336886
3.4557519189487724	0.00026980023253455926
3.4714598822167213	0.005267872222661018
3.48716784548467	0.00031324318522432253
3.5028758087526195	0.00044991186275693924
3.5185837720205684	0.00023030461937394376
3.5342917352885173	0.0017282213660948142
3.549999698556466	0.0003039467970912852
3.565707661824415	0.0007752122538264383
3.5814156250923643	0.0001868490612359017
3.597123588360313	0.00011726538836277472
3.612831551628262	0.0001896303727649843
3.628539514896211	0.00020564081261616277
3.64424747816416	0.00022457494677564625
3.659955441432109	0.001990811639232423
3.675663404700058	0.00016243811463510522
3.691371367968007	0.0001749823063288042
3.707079331235956	0.00011660067984990368
3.7227872945039047	0.0001066236370239163
3.738495257771854	0.00011364190644743009
3.754203221039803	9.890788480615726e-5
3.7699111843077517	0.0012610709920519256
3.7856191475757006	0.00022443489618232589
3.8013271108436495	0.00018103695646683974
3.817035074111599	0.000168192004771129
3.8327430373795477	9.401274991967705e-5
3.8484510006474966	8.996059500315882e-5
3.8641589639154454	0.0007693218546305687
3.8798669271833943	0.00017894329035815653
3.8955748904513436	8.055769522355126e-5
3.9112828537192925	7.745185387410434e-5
3.9269908169872414	7.740184854693707e-5
3.9426987802551903	0.00012948598044953174
3.958406743523139	8.902589198148445e-5
3.9741147067910885	8.353309376827911e-5
3.9898226700590373	7.347333255111213e-5
4.005530633326986	7.092428966580736e-5
4.0212385965949355	0.00022172499680842892
4.036946559862884	0.0004658300699607646
4.052654523130833	7.247826482787167e-5
4.068362486398782	7.262011172373304e-5
4.084070449666731	0.00021735396434006553
4.09977841293468	0.00012178439097159399
4.115486376202629	6.694475331097183e-5
4.131194339470578	6.844468153428892e-5
4.146902302738527	7.617676174195166e-5
4.162610266006476	6.268899841705652e-5
4.178318229274425	0.0001061275532899015
4.194026192542374	6.731531466956028e-5
4.209734155810323	5.94947467802334e-5
4.225442119078272	5.959836397833629e-5
4.241150082346221	5.6850231427437136e-5
4.25685804561417	5.608131579947183e-5
4.2725660088821185	5.544629507800165e-5
4.288273972150067	5.54653197596631e-5
4.303981935418016	5.801804734259966e-5
4.319689898685965	5.377335785248589e-5
4.335397861953915	6.908001999246036e-5
4.351105825221864	0.0001146147483899592
4.366813788489813	5.196908319880117e-5
4.3825217517577615	5.105527058855604e-5
4.39822971502571	5.060417020015512e-5
4.413937678293659	5.020928839518438e-5
4.429645641561608	4.935288470617918e-5
4.445353604829557	5.097823751457765e-5
4.461061568097506	4.917929920743202e-5
4.476769531365456	5.542581061844339e-5
4.4924774946334045	4.719590539722828e-5
4.508185457901353	4.665772788264971e-5
4.523893421169302	4.6244092583925904e-5
4.539601384437251	4.977439457199336e-5
4.5553093477052	4.567632295338494e-5
4.571017310973149	4.487091513725282e-5
4.586725274241098	4.427041882977334e-5
4.602433237509047	4.382906861318955e-5
4.6181412007769955	4.39110194430212e-5
4.633849164044944	4.4894591706788446e-5
4.649557127312894	4.254725687607454e-5
4.665265090580843	4.2063140927057364e-5
4.680973053848792	4.202103496982162e-5
4.696681017116741	4.1214234130548596e-5
4.71238898038469	4.080587774099943e-5
4.7280969436526386	4.040783938828396e-5
4.743804906920587	4.0021340061383826e-5
4.759512870188536	3.966436362485611e-5
4.775220833456485	3.998355287007854e-5
4.790928796724435	3.890809192895043e-5
4.806636759992384	3.856590261455924e-5
4.822344723260333	3.8148968461397965e-5
4.838052686528282	3.7790542166987455e-5
4.8537606497962305	3.744133399989963e-5
4.869468613064179	3.715040033016459e-5
4.885176576332128	3.677014806531537e-5
4.900884539600077	3.6416623870493906e-5
4.916592502868026	3.608445477365738e-5
4.932300466135975	3.5760718856177746e-5
4.948008429403924	3.545875224353824e-5
4.9637163926718735	3.628733339114633e-5
4.979424355939822	3.485865698547455e-5
4.995132319207771	3.4500665448636615e-5
5.01084028247572	3.419224240315673e-5
5.026548245743669	3.389096809103795e-5
5.042256209011618	3.359457975403632e-5
5.057964172279567	3.3302532257741036e-5
5.073672135547516	3.3014596735655795e-5
5.0893800988154645	3.273063620209863e-5
5.105088062083414	3.245054879077473e-5
5.120796025351363	3.2174249565253805e-5
5.136503988619312	3.190166436579816e-5
5.152211951887261	3.1632729386119216e-5
5.16791991515521	3.136739730383362e-5
5.183627878423159	3.110566257100613e-5
5.1993358416911075	3.084768074200322e-5
5.215043804959056	3.0594735309734425e-5
5.230751768227005	3.040090898132756e-5
5.246459731494954	3.0101677522134433e-5
5.262167694762903	2.9848081039702634e-5
5.277875658030853	2.9607161363030024e-5
5.293583621298802	3.008845255328505e-5
5.3092915845667505	2.9130929682450636e-5
5.324999547834699	2.8895283649261414e-5
5.340707511102648	2.8664430594416255e-5
5.356415474370597	2.8436733389182456e-5
5.372123437638546	2.8211937153178927e-5
5.387831400906495	2.798994066909141e-5
5.403539364174444	2.777067783795889e-5
5.419247327442394	2.7554094330207495e-5
5.4349552907103424	2.7340141008134513e-5
5.450663253978291	2.7128771601324462e-5
5.46637121724624	2.6919941739466717e-5
5.482079180514189	2.671360849614462e-5
5.497787143782138	2.6509730147104317e-5
5.513495107050087	2.6308266030474586e-5
5.529203070318036	2.610917645729969e-5
5.544911033585985	2.591242264952751e-5
5.5606189968539335	2.5717966693608467e-5
5.576326960121882	2.5525771503525186e-5
5.592034923389832	2.5335800789785594e-5
5.607742886657781	2.514801903239148e-5
5.62345084992573	2.4962391456577103e-5
5.639158813193679	2.477888401057181e-5
5.654866776461628	2.4597463344913695e-5
5.6705747397295765	2.4418096792982245e-5
5.686282702997525	2.424075235254804e-5
5.701990666265474	2.406539866817522e-5
5.717698629533423	2.3892005014374747e-5
5.733406592801373	2.3720541279422556e-5
5.749114556069322	2.3550977949777077e-5
5.764822519337271	2.338328609505175e-5
5.7805304826052195	2.3217437353503322e-5
5.796238445873168	2.3053403917992157e-5
5.811946409141117	2.2891158522403464e-5
5.827654372409066	2.2730674428491963e-5
5.843362335677015	2.257192541313263e-5
5.859070298944964	2.2414885755959457e-5
5.874778262212913	2.2259530227378017e-5
5.890486225480862	2.2105834076928068e-5
5.906194188748811	2.1953773021993813e-5
5.92190215201676	2.1803323236835248e-5
5.937610115284709	2.165446134193565e-5
5.953318078552658	2.150716439365977e-5
5.969026041820607	2.1361409874191083e-5
5.984734005088556	2.1217175681767853e-5
6.000441968356505	2.107444012117569e-5
6.0161499316244536	2.0933181894513738e-5
6.031857894892402	2.0793380092210458e-5
6.047565858160352	2.065501418428637e-5
6.063273821428301	2.0518064011851747e-5
6.07898178469625	2.0382509778837574e-5
6.094689747964199	2.0248332043945446e-5
6.110397711232148	2.0115511712816173e-5
6.126105674500097	1.9984030030401306e-5
6.1418136377680455	1.9853868573537998e-5
6.157521601035994	1.9725009243724477e-5
6.173229564303943	1.959743426007641e-5
6.188937527571892	1.9471126152470025e-5
6.204645490839841	1.9346067754865196e-5
6.220353454107791	1.9222242198793752e-5
6.23606141737574	1.9099632907025343e-5
6.2517693806436885	1.8978223587384186e-5
6.267477343911637	1.885799822672817e-5
6.283185307179586	1.8738941085078754e-5
6.298893270447535	1.8621036689902395e-5
6.314601233715484	1.850426983052892e-5
6.330309196983433	1.83886255527127e-5
6.346017160251382	1.827408915332883e-5
6.3617251235193315	1.8160646175199766e-5
6.37743308678728	1.8048282402047904e-5
6.393141050055229	1.7936983853577108e-5
6.408849013323178	1.7826736780665e-5
6.424556976591127	1.7717527660680398e-5
6.440264939859076	1.7609343192911193e-5
6.455972903127025	1.7502170294099846e-5
6.471680866394974	1.7395996094089324e-5
6.4873888296629225	1.729080793157263e-5
6.503096792930871	1.7186593349939336e-5
6.51880475619882	1.7083340093225922e-5
6.53451271946677	1.698103610216032e-5
6.550220682734719	1.6879669510295787e-5
6.565928646002668	1.677922864023753e-5
6.581636609270617	1.667970199996078e-5
6.5973445725385655	1.6581078279206128e-5
6.613052535806514	1.648334634596826e-5
6.628760499074463	1.638649524305469e-5
6.644468462342412	1.6290514184732493e-5
6.660176425610361	1.619539255344746e-5
6.675884388878311	1.6101119896616866e-5
6.69159235214626	1.6007685923500244e-5
6.707300315414209	1.5915080502131524e-5
6.7230082786821574	1.582329365632965e-5
6.738716241950106	1.5732315562771458e-5
6.754424205218055	1.56421365481291e-5
6.770132168486004	1.555274708627655e-5
6.785840131753953	1.546413779554904e-5
6.801548095021902	1.5376299436070628e-5
6.817256058289851	1.5289222907138032e-5
6.8329640215578	1.5202899244661391e-5
6.848671984825749	1.5117319618660627e-5
6.864379948093698	1.5032475330817634e-5
6.880087911361647	1.494835781207986e-5
6.895795874629596	1.4864958620315305e-5
6.911503837897545	1.4782269438023498e-5
6.927211801165494	1.4700282070084448e-5
6.942919764433443	1.461898844156856e-5
6.9586277277013915	1.4538380595583238e-5
6.97433569096934	1.4458450691170017e-5
6.99004365423729	1.4379191001244232e-5
7.005751617505239	1.430059391057973e-5
7.021459580773188	1.422265191383505e-5
7.037167544041137	1.4145357613618933e-5
7.052875507309086	1.4068703718600807e-5
7.0685834705770345	1.3992683041655955e-5
7.084291433844983	1.3917288498050904e-5
7.099999397112932	1.3842513103665986e-5
7.115707360380881	1.3768349973254765e-5
7.13141532364883	1.3694792318741643e-5
7.147123286916779	1.3621833447545557e-5
7.162831250184729	1.3549466760949768e-5
7.1785392134526775	1.3477685752497025e-5
7.194247176720626	1.3406484006416477e-5
7.209955139988575	1.3335855196087696e-5
7.225663103256524	1.3265793082531008e-5
7.241371066524473	1.3196291512931052e-5
7.257079029792422	1.3127344419184956e-5
7.272786993060371	1.3058945816487117e-5
7.28849495632832	1.2991089801936547e-5
7.304202919596269	1.2923770553170488e-5
7.319910882864218	1.2856982327030361e-5
7.335618846132167	1.2790719458248277e-5
7.351326809400116	1.272497635816501e-5
7.367034772668065	1.2659747513466196e-5
7.382742735936014	1.2595027484950126e-5
7.398450699203963	1.253081090631401e-5
7.414158662471912	1.2467092482966912e-5
7.4298666257398605	1.24038669908631e-5
7.445574589007809	1.2341129275360976e-5
7.461282552275758	1.2278874250099951e-5
7.476990515543708	1.2217096895903805e-5
7.492698478811657	1.2155792259697223e-5
7.508406442079606	1.2094955453452843e-5
7.524114405347555	1.2034581653149131e-5
7.5398223686155035	1.1974666097754029e-5
7.555530331883452	1.1915204088223767e-5
7.571238295151401	1.185619098652305e-5
7.58694625841935	1.179762221466307e-5
7.602654221687299	1.1739493253756137e-5
7.618362184955249	1.168179964308805e-5
7.634070148223198	1.1624536979210604e-5
7.6497781114911465	1.1567700915046352e-5
7.665486074759095	1.1511287159012803e-5
7.681194038027044	1.1455291474163098e-5
7.696902001294993	1.139970967733872e-5
7.712609964562942	1.1344537638343342e-5
7.728317927830891	1.128977127912623e-5
7.74402589109884	1.1235406572983276e-5
7.759733854366789	1.1181439543773257e-5
7.7754418176347375	1.1127866265145818e-5
7.791149780902687	1.1074682859784413e-5
7.806857744170636	1.102188549866373e-5
7.822565707438585	1.0969470400320729e-5
7.838273670706534	1.0917433830133573e-5
7.853981633974483	1.0865772099621783e-5
7.869689597242432	1.0814481565752742e-5
7.8853975605103805	1.0763558630260872e-5
7.901105523778329	1.071299973898184e-5
7.916813487046278	1.0662801381196763e-5
7.932521450314228	1.0612960088986224e-5
7.948229413582177	1.0563472436598648e-5
7.963937376850126	1.0514335039827885e-5
7.979645340118075	1.0465544555402092e-5
7.995353303386024	1.0417097680383168e-5
8.011061266653972	1.0368991151575171e-5
8.026769229921921	1.0321221744947489e-5
8.042477193189871	1.0273786275061376e-5
8.058185156457819	1.0226681594511597e-5
8.073893119725769	1.0179904593375504e-5
8.089601082993717	1.0133452198671048e-5
8.105309046261667	1.008732137382698e-5
8.121017009529615	1.0041509118154728e-5
8.136724972797564	9.996012466340543e-6
8.152432936065512	9.950828487935948e-6
8.168140899333462	9.905954286861444e-6
8.183848862601412	9.861387000919052e-6
8.19955682586936	9.817123801310272e-6
8.21526478913731	9.773161892164994e-6
8.230972752405258	9.72949851007634e-6
8.246680715673207	9.686130923643048e-6
8.262388678941155	9.6430564330222e-6
8.278096642209105	9.600272369485999e-6
8.293804605477053	9.557776094986718e-6
8.309512568745003	9.515565001730666e-6
8.325220532012953	9.473636511757026e-6
8.3409284952809	9.431988076524635e-6
8.35663645854885	9.390617176504759e-6
8.372344421816798	9.349521320781692e-6
8.388052385084748	9.308698046658241e-6
8.403760348352696	9.268144919269668e-6
8.419468311620646	9.227859531200983e-6
8.435176274888594	9.187839502114113e-6
8.450884238156544	9.148082478377006e-6
8.466592201424492	9.108586132702934e-6
8.482300164692441	9.069348163791097e-6
8.498008127960391	9.030366295976262e-6
8.51371609122834	8.991638278884001e-6
8.529424054496289	8.95316188708825e-6
8.545132017764237	8.914934919778095e-6
8.560839981032187	8.876955200427465e-6
8.576547944300135	8.839220576470207e-6
8.592255907568084	8.801728918981063e-6
8.607963870836032	8.76447812236254e-6
8.623671834103982	8.727466104033204e-6
8.63937979737193	8.690690804125644e-6
8.65508776063988	8.654150185183585e-6
8.67079572390783	8.617842231869629e-6
8.686503687175778	8.581764950673591e-6
8.702211650443727	8.545916369624864e-6
8.717919613711675	8.510294538013404e-6
8.733627576979625	8.474897526109806e-6
8.749335540247573	8.439723424894353e-6
8.765043503515523	8.404770345786043e-6
8.780751466783471	8.370036420379782e-6
8.79645943005142	8.335519800183945e-6
8.81216739331937	8.301218656364393e-6
8.827875356587318	8.267131179490824e-6
8.843583319855268	8.233255579289451e-6
8.859291283123216	8.199590084394785e-6
8.874999246391166	8.16613294211089e-6
8.890707209659114	8.132882418170798e-6
8.906415172927064	8.099836796504213e-6
8.922123136195012	8.066994379005583e-6
8.937831099462962	8.03435348530659e-6
8.953539062730911	8.001912452551367e-6
8.96924702599886	7.969669635177604e-6
8.984954989266809	7.937623404696844e-6
9.000662952534757	7.905772149482386e-6
9.016370915802707	7.874114274556363e-6
9.032078879070655	7.842648201381751e-6
9.047786842338605	7.81137236765979e-6
9.063494805606553	7.7802852271242e-6
9.079202768874502	7.749385249345788e-6
9.09491073214245	7.718670919533898e-6
9.1106186954104	7.688140738344156e-6
9.12632665867835	7.657793221688069e-6
9.142034621946298	7.627626900545445e-6
9.157742585214248	7.59764032077879e-6
9.173450548482196	7.567832042951295e-6
9.189158511750145	7.538200642147143e-6
9.204866475018093	7.508744707795176e-6
9.220574438286043	7.47946284349262e-6
9.236282401553991	7.4503536668349815e-6
9.25199036482194	7.421415809244484e-6
9.267698328089889	7.392647915804966e-6
9.283406291357839	7.364048645095137e-6
9.299114254625788	7.335616669027947e-6
9.314822217893736	7.307350672688201e-6
9.330530181161686	7.279249354175938e-6
9.346238144429634	7.251311424451579e-6
9.361946107697584	7.22353560718065e-6
9.377654070965532	7.195920638584463e-6
9.393362034233482	7.16846526728706e-6
9.40906999750143	7.141168254172824e-6
9.42477796076938	7.114028372238924e-6
9.44048592403733	7.0870444064516604e-6
9.456193887305277	7.060215153607092e-6
9.471901850573227	7.033539422190287e-6
9.487609813841175	7.007016032238909e-6
9.503317777109125	6.980643815208251e-6
9.519025740377073	6.95442161383618e-6
9.534733703645022	6.9283482820143325e-6
9.55044166691297	6.90242268465467e-6
9.56614963018092	6.876643697564515e-6
9.58185759344887	6.851010207318203e-6
9.597565556716818	6.825521111134217e-6
9.613273519984768	6.800175316750451e-6
9.628981483252716	6.774971742304091e-6
9.644689446520665	6.749909316212012e-6
9.660397409788613	6.7249869770529765e-6
9.676105373056563	6.700203673449637e-6
9.691813336324511	6.675558363955949e-6
9.707521299592461	6.651050016942711e-6
9.723229262860409	6.6266776104857525e-6
9.738937226128359	6.602440132256217e-6
9.754645189396308	6.578336579410438e-6
9.770353152664256	6.5543659584844815e-6
9.786061115932206	6.530527285286975e-6
9.801769079200154	6.50681958479498e-6
9.817477042468104	6.483241891050705e-6
9.833185005736052	6.459793247059831e-6
9.848892969004002	6.436472704690987e-6
9.86460093227195	6.41327932457648e-6
9.8803088955399	6.390212176015247e-6
9.896016858807847	6.367270336875022e-6
9.911724822075797	6.344452893498288e-6
9.927432785343747	6.321758940607527e-6
9.943140748611695	6.299187581212803e-6
9.958848711879645	6.276737926519871e-6
9.974556675147593	6.254409095839995e-6
9.990264638415542	6.23220021650049e-6
10.00597260168349	6.210110423756822e-6
10.02168056495144	6.188138860705436e-6
10.037388528219388	6.166284678198445e-6
10.053096491487338	6.1445470347582185e-6
10.068804454755288	6.1229250964942605e-6
10.084512418023236	6.10141803702008e-6
10.100220381291185	6.080025037372487e-6
10.115928344559133	6.058745285930186e-6
10.131636307827083	6.037577978335173e-6
10.147344271095031	6.016522317413819e-6
10.163052234362981	5.995577513099241e-6
10.178760197630929	5.974742782355315e-6
10.194468160898879	5.954017349100903e-6
10.210176124166829	5.933400444135286e-6
10.225884087434777	5.912891305064672e-6
10.241592050702726	5.892489176229328e-6
10.257300013970674	5.872193308631933e-6
10.273007977238624	5.852002959866522e-6
10.288715940506572	5.831917394048838e-6
10.304423903774522	5.811935881746811e-6
10.32013186704247	5.792057699912469e-6
10.33583983031042	5.772282131814484e-6
10.351547793578368	5.752608466971859e-6
10.367255756846317	5.733036001087212e-6
10.382963720114267	5.713564035983431e-6
10.398671683382215	5.6941918795377324e-6
10.414379646650165	5.674918845619847e-6
10.430087609918113	5.65574425402841e-6
10.445795573186063	5.6366674304294935e-6
10.46150353645401	5.617687706295691e-6
10.47721149972196	5.598804418845154e-6
10.492919462989908	5.5800169109834015e-6
10.508627426257858	5.56132453124274e-6
10.524335389525806	5.542726633725232e-6
10.540043352793756	5.5242225780451154e-6
10.555751316061706	5.505811729271639e-6
10.571459279329654	5.487493457873338e-6
10.587167242597603	5.469267139662577e-6
10.602875205865551	5.451132155740851e-6
10.618583169133501	5.433087892444751e-6
10.634291132401449	5.415133741292507e-6
10.649999095669399	5.39726909893114e-6
10.665707058937347	5.379493367084167e-6
10.681415022205297	5.36180595250084e-6
10.697122985473246	5.344206266904244e-6
10.712830948741194	5.326693726941596e-6
10.728538912009144	5.309267754134337e-6
10.744246875277092	5.291927774828987e-6
10.759954838545042	5.27467322014908e-6
10.77566280181299	5.257503525946394e-6
10.79137076508094	5.2404181327537305e-6
10.807078728348888	5.2234164857388366e-6
10.822786691616837	5.2064980346571946e-6
10.838494654884787	5.189662233806884e-6
10.854202618152735	5.172908541982753e-6
10.869910581420685	5.156236422432437e-6
10.885618544688633	5.139645342811635e-6
10.901326507956583	5.1231347751404285e-6
10.91703447122453	5.1067041957609285e-6
10.93274243449248	5.090353085293707e-6
10.948450397760428	5.074080928595809e-6
10.964158361028378	5.057887214719598e-6
10.979866324296326	5.04177143687088e-6
10.995574287564276	5.02573309236893e-6
11.011282250832226	5.009771682605377e-6
11.026990214100174	4.993886713005324e-6
11.042698177368123	4.9780776929871345e-6
11.058406140636071	4.962344135924509e-6
11.074114103904021	4.946685559106942e-6
11.08982206717197	4.931101483703055e-6
11.105530030439919	4.915591434721309e-6
11.121237993707867	4.9001549409748025e-6
11.136945956975817	4.88479153504293e-6
11.152653920243765	4.86950075323603e-6
11.168361883511714	4.8542821355590955e-6
11.184069846779664	4.83913522567656e-6
11.199777810047612	4.824059570876488e-6
11.215485773315562	4.809054722037263e-6
11.23119373658351	4.794120233591915e-6
11.24690169985146	4.779255663494291e-6
11.262609663119408	4.764460573187069e-6
11.278317626387357	4.7497345275663085e-6
11.294025589655305	4.735077094950455e-6
11.309733552923255	4.7204878470473945e-6
11.325441516191205	4.705966358921455e-6
11.341149479459153	4.691512208963187e-6
11.356857442727103	4.67712497885711e-6
11.37256540599505	4.6628042535507016e-6
11.388273369263	4.648549621223917e-6
11.403981332530948	4.634360673258847e-6
11.419689295798898	4.620237004209596e-6
11.435397259066846	4.60617821177282e-6
11.451105222334796	4.592183896758213e-6
11.466813185602746	4.5782536630593186e-6
11.482521148870694	4.564387117624983e-6
11.498229112138644	4.550583870431271e-6
11.513937075406592	4.5368435344527654e-6
11.529645038674541	4.523165725635189e-6
11.54535300194249	4.509550062867964e-6
11.561060965210439	4.4959961679564205e-6
11.576768928478387	4.482503665595689e-6
11.592476891746337	4.4690721833437214e-6
11.608184855014285	4.455701351595225e-6
11.623892818282235	4.442390803554805e-6
11.639600781550184	4.429140175212672e-6
11.655308744818132	4.415949105317384e-6
11.671016708086082	4.402817235352596e-6
11.68672467135403	4.389744209510051e-6
11.70243263462198	4.376729674666843e-6
11.718140597889928	4.363773280359833e-6
11.733848561157878	4.350874678761592e-6
11.749556524425826	4.338033524657168e-6
11.765264487693775	4.325249475419661e-6
11.780972450961723	4.312522190987263e-6
11.796680414229673	4.2998513338404935e-6
11.812388377497623	4.287236568978112e-6
11.82809634076557	4.274677563895818e-6
11.84380430403352	4.262173988563084e-6
11.859512267301469	4.24972551540122e-6
11.875220230569418	4.237331819261119e-6
11.890928193837366	4.2249925774021415e-6
11.906636157105316	4.212707469469962e-6
11.922344120373264	4.200476177475578e-6
11.938052083641214	4.188298385774823e-6
11.953760046909164	4.17617378104642e-6
11.969468010177112	4.164102052272291e-6
11.985175973445061	4.152082890716758e-6
12.00088393671301	4.140115989906667e-6
12.01659189998096	4.128201045611142e-6
12.032299863248907	4.116337755821816e-6
12.048007826516857	4.104525820733013e-6
12.063715789784805	4.092764942723739e-6
12.079423753052755	4.081054826336405e-6
12.095131716320704	4.0693951782597524e-6
12.110839679588652	4.0577857073089615e-6
12.126547642856602	4.0462261244075234e-6
12.14225560612455	4.03471614256873e-6
12.1579635693925	4.023255476877489e-6
12.173671532660448	4.011843844472602e-6
12.189379495928398	4.000480964527975e-6
12.205087459196346	3.989166558236667e-6
12.220795422464295	3.9779003487914604e-6
12.236503385732243	3.966682061368979e-6
12.252211349000193	3.955511423112232e-6
12.267919312268143	3.944388163113204e-6
12.283627275536091	3.933312012396991e-6
12.29933523880404	3.9222827039040105e-6
12.315043202071989	3.911299972474183e-6
12.330751165339938	3.900363554831501e-6
12.346459128607886	3.8894731895663e-6
12.362167091875836	3.878628617120216e-6
12.377875055143784	3.867829579770657e-6
12.393583018411734	3.857075821614515e-6
12.409290981679682	3.8463670885528755e-6
12.424998944947632	3.835703128276204e-6
12.440706908215581	3.8250836902484305e-6
12.45641487148353	3.8145085256924024e-6
12.47212283475148	3.8039773875748666e-6
12.487830798019427	3.7934900305916875e-6
12.503538761287377	3.7830462111535608e-6
12.519246724555325	3.7726456873713955e-6
12.534954687823275	3.7622882190418143e-6
12.550662651091223	3.7519735676329735e-6
12.566370614359172	3.741701496271603e-6
