-12.566370614359172	-6.139311843636256e-5
-12.550662651091223	-6.16292590026856e-5
-12.534954687823275	-6.18666192401576e-5
-12.519246724555325	-6.210520707954999e-5
-12.503538761287377	-6.23450305139581e-5
-12.487830798019427	-6.258609759937718e-5
-12.47212283475148	-6.28284164552847e-5
-12.45641487148353	-6.307199526522735e-5
-12.440706908215581	-6.331684227741626e-5
-12.424998944947632	-6.356296580532567e-5
-12.409290981679682	-6.381037422830067e-5
-12.393583018411734	-6.40590759921719e-5
-12.377875055143784	-6.430907960987304e-5
-12.362167091875836	-6.456039366206816e-5
-12.346459128607886	-6.481302679778595e-5
-12.330751165339938	-6.506698773505845e-5
-12.315043202071989	-6.53222852615692e-5
-12.29933523880404	-6.557892823530577e-5
-12.283627275536091	-6.583692558522313e-5
-12.267919312268143	-6.609628631190912e-5
-12.252211349000193	-6.635701948826155e-5
-12.236503385732243	-6.66191342601709e-5
-12.220795422464295	-6.688263984720949e-5
-12.205087459196346	-6.714754554333087e-5
-12.189379495928398	-6.741386071757351e-5
-12.173671532660448	-6.768159481477407e-5
-12.1579635693925	-6.795075735628992e-5
-12.14225560612455	-6.822135794072493e-5
-12.126547642856602	-6.849340624466823e-5
-12.110839679588652	-6.876691202343964e-5
-12.095131716320704	-6.90418851118398e-5
-12.079423753052755	-6.931833542491377e-5
-12.063715789784805	-6.95962729587206e-5
-12.048007826516857	-6.987570779110996e-5
-12.032299863248907	-7.01566500825105e-5
-12.01659189998096	-7.043911007672379e-5
-12.00088393671301	-7.07230981017311e-5
-11.985175973445061	-7.100862457050376e-5
-11.969468010177112	-7.12956999818269e-5
-11.953760046909164	-7.158433492113101e-5
-11.938052083641214	-7.187454006133197e-5
-11.922344120373264	-7.216632616368222e-5
-11.906636157105316	-7.245970407862956e-5
-11.890928193837366	-7.27546847466858e-5
-11.875220230569418	-7.305127919930764e-5
-11.859512267301469	-7.33494985597841e-5
-11.84380430403352	-7.36493540441361e-5
-11.82809634076557	-7.395085696202434e-5
-11.812388377497623	-7.425401871767083e-5
-11.796680414229673	-7.455885081078657e-5
-11.780972450961723	-7.486536483751306e-5
-11.765264487693775	-7.517357249137186e-5
-11.749556524425826	-7.548348556422736e-5
-11.733848561157878	-7.579511594726004e-5
-11.718140597889928	-7.610847563194778e-5
-11.70243263462198	-7.642357671106415e-5
-11.68672467135403	-7.674043137968139e-5
-11.671016708086082	-7.705905193619064e-5
-11.655308744818132	-7.737945078333024e-5
-11.639600781550184	-7.770164042922771e-5
-11.623892818282235	-7.802563348845273e-5
-11.608184855014285	-7.835144268308228e-5
-11.592476891746337	-7.86790808437784e-5
-11.576768928478387	-7.90085609108804e-5
-11.561060965210439	-7.933989593550335e-5
-11.54535300194249	-7.967309908065752e-5
-11.529645038674541	-8.000818362237516e-5
-11.513937075406592	-8.034516295085282e-5
-11.498229112138644	-8.0684050571606e-5
-11.482521148870694	-8.102486010663606e-5
-11.466813185602746	-8.136760529561452e-5
-11.451105222334796	-8.171229999707798e-5
-11.435397259066846	-8.20589581896382e-5
-11.419689295798898	-8.240759397320398e-5
-11.403981332530948	-8.275822157022252e-5
-11.388273369263	-8.311085532693239e-5
-11.37256540599505	-8.346550971462744e-5
-11.356857442727103	-8.382219933094429e-5
-11.341149479459153	-8.418093890115701e-5
-11.325441516191205	-8.454174327949081e-5
-11.309733552923255	-8.490462745045371e-5
-11.294025589655305	-8.5269606530176e-5
-11.278317626387357	-8.563669576777533e-5
-11.262609663119408	-8.600591054673042e-5
-11.24690169985146	-8.637726638627753e-5
-11.23119373658351	-8.675077894281666e-5
-11.215485773315562	-8.712646401134118e-5
-11.199777810047612	-8.750433752687987e-5
-11.184069846779664	-8.788441556595876e-5
-11.168361883511714	-8.826671434808103e-5
-11.152653920243765	-8.865125023722126e-5
-11.136945956975817	-8.903803974334223e-5
-11.121237993707867	-8.942709952392644e-5
-11.105530030439919	-8.981844638552869e-5
-11.08982206717197	-9.02120972853451e-5
-11.074114103904021	-9.060806933280502e-5
-11.058406140636071	-9.100637979117614e-5
-11.042698177368123	-9.140704607919698e-5
-11.026990214100174	-9.181008577272031e-5
-11.011282250832226	-9.221551660638585e-5
-10.995574287564276	-9.26233564753076e-5
-10.979866324296326	-9.303362343678186e-5
-10.964158361028378	-9.344633571202087e-5
-10.948450397760428	-9.386151168790011e-5
-10.93274243449248	-9.427916991873664e-5
-10.91703447122453	-9.469932912808114e-5
-10.901326507956583	-9.512200821053688e-5
-10.885618544688633	-9.554722623359827e-5
-10.869910581420685	-9.597500243951567e-5
-10.854202618152735	-9.64053562471796e-5
-10.838494654884787	-9.683830725403123e-5
-10.822786691616837	-9.727387523799588e-5
-10.807078728348888	-9.771208015943886e-5
-10.79137076508094	-9.815294216314911e-5
-10.77566280181299	-9.859648158034558e-5
-10.759954838545042	-9.904271893070798e-5
-10.744246875277092	-9.949167492443657e-5
-10.728538912009144	-9.994337046433133e-5
-10.712830948741194	-0.00010039782664790783
-10.697122985473246	-0.00010085506476952803
-10.681415022205297	-0.00010131510632256646
-10.665707058937347	-0.00010177797300160047
-10.649999095669399	-0.00010224368670462783
-10.634291132401449	-0.00010271226953531597
-10.618583169133501	-0.00010318374380527496
-10.602875205865551	-0.00010365813203636347
-10.587167242597603	-0.00010413545696302243
-10.571459279329654	-0.00010461574153463923
-10.555751316061706	-0.00010509900891794159
-10.540043352793756	-0.00010558528249942252
-10.524335389525806	-0.00010607458588779717
-10.508627426257858	-0.00010656694291649024
-10.492919462989908	-0.00010706237764615556
-10.47721149972196	-0.00010756091436723101
-10.46150353645401	-0.00010806257760252143
-10.445795573186063	-0.00010856739210982003
-10.430087609918113	-0.00010907538288456117
-10.414379646650165	-0.00010958657516250807
-10.398671683382215	-0.00011010099442247723
-10.382963720114267	-0.0001106186663890954
-10.367255756846317	-0.00011113961703559653
-10.351547793578368	-0.00011166387258665078
-10.33583983031042	-0.00011219145952123664
-10.32013186704247	-0.00011272240457554442
-10.304423903774522	-0.00011325673474592388
-10.288715940506572	-0.00011379447729186624
-10.273007977238624	-0.00011433565973902794
-10.257300013970674	-0.00011488030988229556
-10.241592050702726	-0.00011542845578888827
-10.225884087434777	-0.00011598012580150453
-10.210176124166829	-0.0001165353485415099
-10.194468160898879	-0.00011709415291216526
-10.178760197630929	-0.00011765656810190233
-10.163052234362981	-0.00011822262358764132
-10.147344271095031	-0.00011879234913814943
-10.131636307827083	-0.00011936577481745144
-10.115928344559133	-0.00011994293098828107
-10.100220381291185	-0.00012052384831558088
-10.084512418023236	-0.00012110855777004956
-10.068804454755288	-0.00012169709063173665
-10.053096491487338	-0.00012228947849368695
-10.037388528219388	-0.00012288575326563394
-10.02168056495144	-0.0001234859471777419
-10.00597260168349	-0.0001240900927844046
-9.990264638415542	-0.00012469822296808905
-9.974556675147593	-0.00012531037094323533
-9.958848711879645	-0.00012592657026021223
-9.943140748611695	-0.00012654685480932207
-9.927432785343747	-0.00012717125882486462
-9.911724822075797	-0.00012779981688925725
-9.896016858807847	-0.00012843256393720818
-9.8803088955399	-0.00012906953525995254
-9.86460093227195	-0.00012971076650954442
-9.848892969004002	-0.00013035629370320735
-9.833185005736052	-0.00013100615322775205
-9.817477042468104	-0.00013166038184404355
-9.801769079200154	-0.000132319016691547
-9.786061115932206	-0.00013298209529292077
-9.770353152664256	-0.00013364965555868853
-9.754645189396308	-0.0001343217357919644
-9.738937226128359	-0.0001349983746932548
-9.723229262860409	-0.00013567961136532332
-9.707521299592461	-0.00013636548531812371
-9.691813336324511	-0.0001370560364738052
-9.676105373056563	-0.00013775130517178888
-9.660397409788613	-0.00013845133217391413
-9.644689446520665	-0.00013915615866966062
-9.628981483252716	-0.00013986582628144456
-9.613273519984768	-0.00014058037706998695
-9.597565556716818	-0.00014129985353976787
-9.58185759344887	-0.00014202429864454958
-9.56614963018092	-0.0001427537557929839
-9.55044166691297	-0.0001434882688543001
-9.534733703645022	-0.00014422788216407427
-9.519025740377073	-0.00014497264053008442
-9.503317777109125	-0.0001457225892382449
-9.487609813841175	-0.00014647777405863614
-9.471901850573227	-0.00014723824125161222
-9.456193887305277	-0.00014800403757400627
-9.44048592403733	-0.0001487752102854209
-9.42477796076938	-0.00014955180715461435
-9.40906999750143	-0.00015033387646597865
-9.393362034233482	-0.00015112146702611073
-9.377654070965532	-0.0001519146281704882
-9.361946107697584	-0.00015271340977023463
-9.346238144429634	-0.00015351786223899278
-9.330530181161686	-0.0001543280365398936
-9.314822217893736	-0.00015514398419263063
-9.299114254625788	-0.000155965757280643
-9.283406291357839	-0.00015679340845840535
-9.267698328089889	-0.00015762699095881813
-9.25199036482194	-0.0001584665586007212
-9.236282401553991	-0.00015931216579651188
-9.220574438286043	-0.00016016386755988223
-9.204866475018093	-0.00016102171951366804
-9.189158511750145	-0.00016188577789782137
-9.173450548482196	-0.00016275609957750207
-9.157742585214248	-0.00016363274205129217
-9.142034621946298	-0.00016451576345953196
-9.12632665867835	-0.00016540522259279102
-9.1106186954104	-0.00016630117890045938
-9.09491073214245	-0.0001672036924994776
-9.079202768874502	-0.0001681128241831952
-9.063494805606553	-0.00016902863543036994
-9.047786842338605	-0.00016995118841430228
-9.032078879070655	-0.0001708805460121103
-9.016370915802707	-0.00017181677181415491
-9.000662952534757	-0.00017275993013359968
-8.984954989266809	-0.00017371008601613016
-8.96924702599886	-0.00017466730524981752
-8.953539062730911	-0.0001756316543751393
-8.937831099462962	-0.00017660320069515483
-8.922123136195012	-0.00017758201228584332
-8.906415172927064	-0.00017856815800659952
-8.890707209659114	-0.00017956170751089726
-8.874999246391166	-0.00018056273125712316
-8.859291283123216	-0.0001815713005195785
-8.843583319855268	-0.0001825874873996535
-8.827875356587318	-0.00018361136483718444
-8.81216739331937	-0.00018464300662198862
-8.79645943005142	-0.00018568248740558107
-8.780751466783471	-0.00018672988271308235
-8.765043503515523	-0.0001877852689553156
-8.749335540247573	-0.00018884872344109428
-8.733627576979625	-0.000189920324389715
-8.717919613711675	-0.0001910001509436444
-8.702211650443727	-0.0001920882831814138
-8.686503687175778	-0.00019318480213072518
-8.67079572390783	-0.00019428978978176388
-8.65508776063988	-0.0001954033291007332
-8.63937979737193	-0.00019652550404361123
-8.623671834103982	-0.00019765639957012137
-8.607963870836032	-0.00019879610165794592
-8.592255907568084	-0.00019994469731716137
-8.576547944300135	-0.00020110227460492174
-8.560839981032187	-0.00020226892264037105
-8.545132017764237	-0.00020344473161981657
-8.529424054496289	-0.00020462979283213987
-8.51371609122834	-0.0002058241986744763
-8.498008127960391	-0.000207028042668142
-8.482300164692441	-0.0002082414194748415
-8.466592201424492	-0.00020946442491313145
-8.450884238156544	-0.00021069715597517194
-8.435176274888594	-0.0002119397108437522
-8.419468311620646	-0.0002131921889096037
-8.403760348352696	-0.0002144546907890122
-8.388052385084748	-0.00021572731834171608
-8.372344421816798	-0.00021701017468911762
-8.35663645854885	-0.00021830336423279834
-8.3409284952809	-0.0002196069926733542
-8.325220532012953	-0.00022092116702954838
-8.309512568745003	-0.00022224599565779524
-8.293804605477053	-0.0002235815882719713
-8.278096642209105	-0.00022492805596358107
-8.262388678941155	-0.00022628551122225442
-8.246680715673207	-0.00022765406795660818
-8.230972752405258	-0.00022903384151546646
-8.21526478913731	-0.00023042494870945083
-8.19955682586936	-0.0002318275078329401
-8.183848862601412	-0.00023324163868642528
-8.168140899333462	-0.00023466746259924115
-8.152432936065512	-0.00023610510245270739
-8.136724972797564	-0.00023755468270367398
-8.121017009529615	-0.00023901632940847445
-8.105309046261667	-0.00024049017024731635
-8.089601082993717	-0.00024197633454908654
-8.073893119725769	-0.00024347495331661302
-8.058185156457819	-0.00024498615925236205
-8.042477193189871	-0.00024651008678460817
-8.026769229921921	-0.0002480468720940577
-8.011061266653972	-0.00024959665314096074
-7.995353303386024	-0.00025115956969270467
-7.979645340118075	-0.0002527357633519087
-7.963937376850126	-0.0002543253775850238
-7.948229413582177	-0.00025592855775144767
-7.932521450314228	-0.0002575454511331761
-7.916813487046278	-0.00025917620696498856
-7.901105523778329	-0.00026082097646518707
-7.8853975605103805	-0.00026247991286689154
-7.869689597242432	-0.0002641531714499228
-7.853981633974483	-0.0002658409095732586
-7.838273670706534	-0.0002675432867080936
-7.822565707438585	-0.0002692604644715152
-7.806857744170636	-0.00027099260666079366
-7.791149780902687	-0.0002727398792883187
-7.7754418176347375	-0.0002745024506171841
-7.759733854366789	-0.00027628049119743353
-7.74402589109884	-0.00027807417390299553
-7.728317927830891	-0.0002798836739693022
-7.712609964562942	-0.0002817091690316196
-7.696902001294993	-0.0002835508391641042
-7.681194038027044	-0.0002854088669196009
-7.665486074759095	-0.00028728343737018927
-7.6497781114911465	-0.0002891747381485088
-7.634070148223198	-0.00029108295948987266
-7.618362184955249	-0.00029300829427518157
-7.602654221687299	-0.00029495093807467034
-7.58694625841935	-0.0002969110891924926
-7.571238295151401	-0.00029888894871216246
-7.555530331883452	-0.00030088472054288226
-7.5398223686155035	-0.0003028986114667651
-7.524114405347555	-0.00030493083118697973
-7.508406442079606	-0.0003069815923768312
-7.492698478811657	-0.000309051110729809
-7.476990515543708	-0.00031113960501060974
-7.461282552275758	-0.0003132472971071673
-7.445574589007809	-0.00031537441208371485
-7.4298666257398605	-0.0003175211782348882
-7.414158662471912	-0.00031968782714090913
-7.398450699203963	-0.00032187459372387095
-7.382742735936014	-0.00032408171630513846
-7.367034772668065	-0.00032630943666390284
-7.351326809400116	-0.00032855800009691164
-7.335618846132167	-0.00033082765547940476
-7.319910882864218	-0.0003331186553272741
-7.304202919596269	-0.00033543125586049096
-7.28849495632832	-0.0003377657170678122
-7.272786993060371	-0.0003401223027728166
-7.257079029792422	-0.0003425012807012809
-7.241371066524473	-0.0003449029225499411
-7.225663103256524	-0.0003473275040566672
-7.209955139988575	-0.000349775305072085
-7.194247176720626	-0.0003522466096326773
-7.1785392134526775	-0.0003547417060354038
-7.162831250184729	-0.00035726088691387305
-7.147123286916779	-0.0003598044493161022
-7.13141532364883	-0.0003623726947839064
-7.115707360380881	-0.0003649659294339518
-7.099999397112932	-0.0003675844640405235
-7.084291433844983	-0.000370228614120032
-7.0685834705770345	-0.0003728987000173129
-7.052875507309086	-0.00037559504699376944
-7.037167544041137	-0.0003783179853173809
-7.021459580773188	-0.00038106785035464647
-7.005751617505239	-0.0003838449826644971
-6.99004365423729	-0.0003866497280942299
-6.97433569096934	-0.00038948243787751086
-6.9586277277013915	-0.00039234346873450354
-6.942919764433443	-0.00039523318297417736
-6.927211801165494	-0.0003981519485988336
-6.911503837897545	-0.0004011001394109222
-6.895795874629596	-0.00040407813512221386
-6.880087911361647	-0.0004070863214653535
-6.864379948093698	-0.00041012509030789447
-6.848671984825749	-0.0004131948397688479
-6.8329640215578	-0.00041629597433782625
-6.817256058289851	-0.0004194289049968427
-6.801548095021902	-0.0004225940493448364
-6.785840131753953	-0.00042579183172498556
-6.770132168486004	-0.00042902268335490184
-6.754424205218055	-0.0004322870424597483
-6.738716241950106	-0.00043558535440838605
-6.7230082786821574	-0.00043891807185261566
-6.707300315414209	-0.00044228565486959594
-6.69159235214626	-0.00044568857110751937
-6.675884388878311	-0.00044912729593463857
-6.660176425610361	-0.0004526023125917344
-6.644468462342412	-0.0004561141123480949
-6.628760499074463	-0.00045966319466113397
-6.613052535806514	-0.00046325006733971216
-6.5973445725385655	-0.0004668752467112866
-6.581636609270617	-0.000470539257792972
-6.565928646002668	-0.00047424263446664176
-6.550220682734719	-0.00047798591965814066
-6.53451271946677	-0.0004817696655207791
-6.51880475619882	-0.00048559443362316445
-6.503096792930871	-0.0004894607951415287
-6.4873888296629225	-0.0004933693310566601
-6.471680866394974	-0.0004973206323555793
-6.455972903127025	-0.0005013153002380703
-6.440264939859076	-0.0005053539463282176
-6.424556976591127	-0.0005094371928910894
-6.408849013323178	-0.0005135656730547057
-6.393141050055229	-0.0005177400310374372
-6.37743308678728	-0.000521960922381003
-6.3617251235193315	-0.0005262290141892013
-6.346017160251382	-0.0005305449853725666
-6.330309196983433	-0.0005349095268991014
-6.314601233715484	-0.0005393233420512601
-6.298893270447535	-0.0005437871466893709
-6.283185307179586	-0.0005483016695216883
-6.267477343911637	-0.0005528676523812404
-6.2517693806436885	-0.0005574858505097084
-6.23606141737574	-0.0005621570328485175
-6.220353454107791	-0.0005668819823373536
-6.204645490839841	-0.0005716614962203368
-6.188937527571892	-0.0005764963863600729
-6.173229564303943	-0.0005813874795598093
-6.157521601035994	-0.0005863356178939512
-6.1418136377680455	-0.0005913416590471796
-6.126105674500097	-0.0005964064766624372
-6.110397711232148	-0.0006015309606980412
-6.094689747964199	-0.0006067160177941955
-6.07898178469625	-0.0006119625716492422
-6.063273821428301	-0.0006172715634058468
-6.047565858160352	-0.0006226439520475283
-6.031857894892402	-0.0006280807148058003
-6.0161499316244536	-0.0006335828475782458
-6.000441968356505	-0.0006391513653579068
-5.984734005088556	-0.0006447873026742954
-5.969026041820607	-0.0006504917140464363
-5.953318078552658	-0.0006562656744482799
-5.937610115284709	-0.0006621102797869092
-5.92190215201676	-0.0006680266473939466
-5.906194188748811	-0.0006740159165305432
-5.890486225480862	-0.0006800792489064482
-5.874778262212913	-0.0006862178292135681
-5.859070298944964	-0.0006924328656745006
-5.843362335677015	-0.0006987255906065306
-5.827654372409066	-0.0007050972610016062
-5.811946409141117	-0.0007115491591227851
-5.796238445873168	-0.00071808259311774
-5.7805304826052195	-0.0007246988976498588
-5.764822519337271	-0.0007313994345475458
-5.749114556069322	-0.0007381855934723002
-5.733406592801373	-0.0007450587926062672
-5.717698629533423	-0.0007520204793598378
-5.701990666265474	-0.0007590721311000566
-5.686282702997525	-0.0007662152559004995
-5.6705747397295765	-0.0007734513933133664
-5.654866776461628	-0.0007807821151645852
-5.639158813193679	-0.0007882090263726725
-5.62345084992573	-0.0007957337657922298
-5.607742886657781	-0.000803358007082906
-5.592034923389832	-0.0008110834596047327
-5.576326960121882	-0.000818911869340765
-5.5606189968539335	-0.0008268450198479971
-5.544911033585985	-0.000834884733237573
-5.529203070318036	-0.0008430328711853133
-5.513495107050087	-0.0008512913359736997
-5.497787143782138	-0.0008596620715664163
-5.482079180514189	-0.0008681470647166621
-5.46637121724624	-0.0008767483461104587
-5.450663253978291	-0.0008854679915462479
-5.4349552907103424	-0.0008943081231521379
-5.419247327442394	-0.0009032709106421775
-5.403539364174444	-0.0009123585726131339
-5.387831400906495	-0.0009215733778833078
-5.372123437638546	-0.0009309176468749573
-5.356415474370597	-0.000940393753042022
-5.340707511102648	-0.0009500041243448642
-5.324999547834699	-0.000959751244773814
-5.3092915845667505	-0.0009696376559234857
-5.293583621298802	-0.0009796659586197626
-5.277875658030853	-0.0009898388146015635
-5.262167694762903	-0.0010001589482595261
-5.246459731494954	-0.0010106291484338966
-5.230751768227005	-0.0010212522702739528
-5.215043804959056	-0.0010320312371614499
-5.1993358416911075	-0.0010429690427006747
-5.183627878423159	-0.001054068752777822
-5.16791991515521	-0.0010653335076924895
-5.152211951887261	-0.0010767665243643283
-5.136503988619312	-0.0010883710986178713
-5.120796025351363	-0.0011001506075488871
-5.105088062083414	-0.001112108511975602
-5.0893800988154645	-0.001124248358978424
-5.073672135547516	-0.0011365737845318777
-5.057964172279567	-0.0011490885162327652
-5.042256209011618	-0.0011617963761285874
-5.026548245743669	-0.0011747012836506817
-5.01084028247572	-0.0011878072586565544
-4.995132319207771	-0.001201118424586242
-4.979424355939822	-0.0012146390117377481
-4.9637163926718735	-0.0012283733606668096
-4.948008429403924	-0.0012423259257166347
-4.932300466135975	-0.0012565012786834
-4.916592502868026	-0.0012709041126237382
-4.900884539600077	-0.0012855392458107
-4.885176576332128	-0.001300411625845
-4.869468613064179	-0.0013155263339288206
-4.8537606497962305	-0.0013308885893097493
-4.838052686528282	-0.00134650375390284
-4.822344723260333	-0.0013623773370993475
-4.806636759992384	-0.0013785150007709587
-4.790928796724435	-0.001394922564479069
-4.775220833456485	-0.0014116060108989709
-4.759512870188536	-0.0014285714914695513
-4.743804906920587	-0.0014458253322796647
-4.7280969436526386	-0.0014633740402028468
-4.71238898038469	-0.001481224309293019
-4.696681017116741	-0.0014993830274542506
-4.680973053848792	-0.0015178572833986852
-4.665265090580843	-0.0015366543739073898
-4.649557127312894	-0.0015557818114099718
-4.633849164044944	-0.0015752473318995895
-4.6181412007769955	-0.0015950589032011583
-4.602433237509047	-0.0016152247336115944
-4.586725274241098	-0.0016357532809321608
-4.571017310973149	-0.001656653261914249
-4.5553093477052	-0.0016779336621412684
-4.539601384437251	-0.0016996037463709577
-4.523893421169302	-0.001721673069363769
-4.508185457901353	-0.0017441514872249312
-4.4924774946334045	-0.0017670491692895831
-4.476769531365456	-0.0017903766105823238
-4.461061568097506	-0.0018141446448847551
-4.445353604829557	-0.0018383644584469931
-4.429645641561608	-0.0018630476043815529
-4.413937678293659	-0.0018882060177809155
-4.39822971502571	-0.0019138520316030316
-4.3825217517577615	-0.0019399983933722643
-4.366813788489813	-0.001966658282747025
-4.351105825221864	-0.0019938453300089773
-4.335397861953915	-0.0020215736355332693
-4.319689898685965	-0.002049857790303665
-4.303981935418016	-0.0020787128975418277
-4.288273972150067	-0.0021081545955254116
-4.2725660088821185	-0.0021381990816761536
-4.25685804561417	-0.002168863138005602
-4.241150082346221	-0.002200164158014295
-4.225442119078272	-0.0022321201751480998
-4.209734155810323	-0.002264749892925213
-4.194026192542374	-0.0022980727168577185
-4.178318229274425	-0.0023321087883031947
-4.162610266006476	-0.002366879020395331
-4.146902302738527	-0.002402405136217245
-4.131194339470578	-0.002438709709397974
-4.115486376202629	-0.002475816207331951
-4.09977841293468	-0.002513749037242988
-4.084070449666731	-0.0025525335953393126
-4.068362486398782	-0.002592196319335177
-4.052654523130833	-0.002632764744648065
-4.036946559862884	-0.002674267564619332
-4.0212385965949355	-0.0027167346951521994
-4.005530633326986	-0.002760197344214837
-3.9898226700590373	-0.002804688086720861
-3.9741147067910885	-0.0028502409453763995
-3.958406743523139	-0.0028968914781764827
-3.9426987802551903	-0.002944676873346913
-3.9269908169872414	-0.002993636052667745
-3.9112828537192925	-0.0030438097842882743
-3.8955748904513436	-0.0030952408063615816
-3.8798669271833943	-0.003147973963103344
-3.8641589639154454	-0.0032020563552348316
-3.8484510006474966	-0.003257537507231082
-3.8327430373795477	-0.003314469554401807
-3.817035074111599	-0.003372907453640241
-3.8013271108436495	-0.0034329092227671013
-3.7856191475757006	-0.0034945362148925347
-3.7699111843077517	-0.003557853436302308
-3.754203221039803	-0.003622929919320725
-3.738495257771854	-0.0036898391658433537
-3.7227872945039047	-0.0037586596834403244
-3.707079331235956	-0.003829475645176867
-3.691371367968007	-0.0039023777182629303
-3.675663404700058	-0.003977464127858801
-3.659955441432109	-0.004054842053974904
-3.64424747816416	-0.004134629502285978
-3.628539514896211	-0.004216957828379681
-3.612831551628262	-0.004301975053542715
-3.597123588360313	-0.004389849852021248
-3.5814156250923643	-0.004480776414417984
-3.565707661824415	-0.0045749857989117616
-3.549999698556466	-0.004672774042177007
-3.5342917352885173	-0.0047745354719560705
-3.5185837720205684	-0.004880795611233497
-3.5028758087526195	-0.004992263244040539
-3.48716784548467	-0.00510986070152974
-3.4714598822167213	-0.005234532753738006
-3.4557519189487724	-0.005366350252493093
-3.4400439556808236	-0.0055031024987655126
-3.4243359924128747	-0.005642319146886287
-3.4086280291449254	-0.005786818496597778
-3.3929200658769765	-0.005940850166575208
-3.3772121026090276	-0.006100035926296733
-3.3615041393410787	-0.006251873930912746
-3.34579617607313	-0.006393940794438075
-3.3300882128051805	-0.006539053896836115
-3.3143802495372316	-0.006697913068597163
-3.2986722862692828	-0.006874860039571204
-3.282964323001334	-0.0070708607769159855
-3.267256359733385	-0.007281091286178563
-3.2515483964654357	-0.007493385125898195
-3.235840433197487	-0.007700213849202244
-3.220132469929538	-0.007910118400785397
-3.204424506661589	-0.008137862298383905
-3.18871654339364	-0.0083934406230604
-3.173008580125691	-0.008683001988848941
-3.157300616857742	-0.009013600379585691
-3.141592653589793	-0.009395306968862321
-3.1258846903218442	-0.009839555100454339
-3.1101767270538954	-0.010352725833397924
-3.094468763785946	-0.010920586708258639
-3.078760800517997	-0.011477214573791758
-3.0630528372500483	-0.011940461739508657
-3.0473448739820994	-0.012350223442127387
-3.0316369107141505	-0.012819996834282277
-3.015928947446201	-0.013380098489160892
-3.0002209841782523	-0.013999967111967047
-2.9845130209103035	-0.014714801186081759
-2.9688050576423546	-0.015623274949656348
-2.9530970943744057	-0.016769204482765764
-2.9373891311064564	-0.017999782911872927
-2.9216811678385075	-0.01897196741082422
-2.9059732045705586	-0.01961018400836776
-2.8902652413026098	-0.020243893345885534
-2.874557278034661	-0.021002318630752505
-2.8588493147667116	-0.021623031458986263
-2.8431413514987627	-0.021992141566324102
-2.827433388230814	-0.02241996013207506
-2.811725424962865	-0.0232024479147322
-2.796017461694916	-0.024403338818384305
-2.7803094984269667	-0.025883355136095732
-2.764601535159018	-0.02737898459884065
-2.748893571891069	-0.02883686603994917
-2.73318560862312	-0.03053419029403509
-2.7174776453551712	-0.032617366778387294
-2.701769682087222	-0.03481341781414177
-2.686061718819273	-0.03677150139850537
-2.670353755551324	-0.0386992618076575
-2.6546457922833753	-0.04111389907090727
-2.6389378290154264	-0.04433563726276765
-2.623229865747477	-0.048526693802863195
-2.607521902479528	-0.053864190199389116
-2.5918139392115793	-0.06064425420285164
-2.5761059759436304	-0.06933124626392746
-2.5603980126756816	-0.08059743246241292
-2.5446900494077322	-0.09538997508844327
-2.5289820861397834	-0.11508375055276325
-2.5132741228718345	-0.1418190636542922
-2.4975661596038856	-0.17885363584345837
-2.4818581963359367	-0.2308078116376087
-2.4661502330679874	-0.30271802677605214
-2.4504422698000385	-0.39465799405736923
-2.4347343065320897	-0.4879549487209173
-2.419026343264141	-0.5339851026741685
-2.403318379996192	-0.5004396925929303
-2.3876104167282426	-0.42418445367385
-2.3719024534602937	-0.353700409714495
-2.356194490192345	-0.30253239684642075
-2.340486526924396	-0.2679741056015545
-2.324778563656447	-0.25039401082901797
-2.3090706003884978	-0.2509963539452656
-2.293362637120549	-0.26647009791129916
-2.2776546738526	-0.28493098115622106
-2.261946710584651	-0.28573714079704887
-2.2462387473167023	-0.2615998485145225
-2.230530784048753	-0.22972464784791324
-2.214822820780804	-0.20489953277305364
-2.199114857512855	-0.18680749749197187
-2.1834068942449063	-0.16947545773804193
-2.1676989309769574	-0.15268128438941234
-2.151990967709008	-0.1400755409331876
-2.1362830044410592	-0.13329251271800358
-2.1205750411731104	-0.13219454258157357
-2.1048670779051615	-0.13649434100507926
-2.0891591146372126	-0.1463772390204134
-2.0734511513692633	-0.16248075720655564
-2.0577431881013144	-0.18548974184278458
-2.0420352248333655	-0.21614323505306712
-2.0263272615654166	-0.2575265094671724
-2.0106192982974678	-0.316631993052014
-1.9949113350295187	-0.39921911422487916
-1.9792033717615696	-0.49679843080705743
-1.9634954084936207	-0.5692709520086552
-1.9477874452256718	-0.5684500930113047
-1.9320794819577227	-0.5071965066681033
-1.9163715186897738	-0.4370016808001053
-1.9006635554218247	-0.3856015888706908
-1.8849555921538759	-0.35941619304705863
-1.869247628885927	-0.3568940370475421
-1.853539665617978	-0.36783354450687994
-1.837831702350029	-0.37470332896197817
-1.82212373908208	-0.3713810105190368
-1.806415775814131	-0.37193496897907263
-1.7907078125461822	-0.3915704106506622
-1.774999849278233	-0.43890409137721464
-1.7592918860102842	-0.5199883282019299
-1.743583922742335	-0.636878844852201
-1.7278759594743862	-0.7777298961794362
-1.7121679962064373	-0.9161748649133424
-1.6964600329384882	-1.0240524735607133
-1.6807520696705394	-1.052441190309417
-1.6650441064025903	-0.9738994059454459
-1.6493361431346414	-0.8530752490759735
-1.6336281798666925	-0.7657585296668235
-1.6179202165987434	-0.7381991454002279
-1.6022122533307945	-0.7616160151535473
-1.5865042900628454	-0.7987767153269091
-1.5707963267948966	-0.8001784852046516
-1.5550883635269477	-0.7640132222967592
-1.5393804002589986	-0.7361342088957007
-1.5236724369910497	-0.7512299081409215
-1.5079644737231006	-0.8242831282270751
-1.4922565104551517	-0.9672725211018849
-1.4765485471872029	-1.1973690071938898
-1.4608405839192538	-1.5332959773658497
-1.4451326206513049	-1.9624450426827185
-1.4294246573833558	-2.357757192079472
-1.413716694115407	-2.4886105514298347
-1.398008730847458	-2.320754206157804
-1.382300767579509	-2.0868077224681145
-1.36659280431156	-1.9499547409337405
-1.350884841043611	-1.8739966002490716
-1.335176877775662	-1.7170604375197502
-1.3194689145077132	-1.4383823680774315
-1.303760951239764	-1.1405683042023487
-1.2880529879718152	-0.9034004284231307
-1.2723450247038661	-0.7405002156695226
-1.2566370614359172	-0.6408558904355367
-1.2409290981679684	-0.5923608788425282
-1.2252211349000193	-0.5840810776780081
-1.2095131716320704	-0.5956415788229499
-1.1938052083641213	-0.5882725558451419
-1.1780972450961724	-0.5362017362338544
-1.1623892818282235	-0.46120457370101725
-1.1466813185602744	-0.39501609787622044
-1.1309733552923256	-0.3495220486980126
-1.1152653920243765	-0.32401979913773726
-1.0995574287564276	-0.31289658715202945
-1.0838494654884787	-0.30832481432127373
-1.0681415022205296	-0.30737960927671454
-1.0524335389525807	-0.316286935494856
-1.0367255756846316	-0.3435744052128255
-1.0210176124166828	-0.39685743678491914
-1.0053096491487339	-0.48378798586723193
-0.9896016858807848	-0.6064984021696218
-0.9738937226128359	-0.7389846770285133
-0.9581857593448869	-0.8049022596130737
-0.9424777960769379	-0.7433214665279415
-0.926769832808989	-0.6024116905194625
-0.91106186954104	-0.4626737551844149
-0.8953539062730911	-0.3558314434074937
-0.8796459430051421	-0.2807824325066214
-0.8639379797371931	-0.2288782689223077
-0.8482300164692441	-0.19254347884847423
-0.8325220532012951	-0.1665586896776037
-0.8168140899333463	-0.1477181910284988
-0.8011061266653973	-0.13408448786703717
-0.7853981633974483	-0.1243880104976411
-0.7696902001294993	-0.11777358335165192
-0.7539822368615503	-0.1136837844086914
-0.7382742735936014	-0.11180940363299781
-0.7225663103256524	-0.1120856540164461
-0.7068583470577035	-0.1146441670221341
-0.6911503837897545	-0.11971775612244155
-0.6754424205218055	-0.12740493402998107
-0.6597344572538566	-0.13700782269716005
-0.6440264939859076	-0.146484251438783
-0.6283185307179586	-0.15464717164518726
-0.6126105674500096	-0.1637650815627312
-0.5969026041820606	-0.17705915686842208
-0.5811946409141118	-0.19670156467620625
-0.5654866776461628	-0.2246600736813763
-0.5497787143782138	-0.2635924833573007
-0.5340707511102648	-0.317015626830882
-0.5183627878423158	-0.38805769776172894
-0.5026548245743669	-0.4754122515895949
-0.48694686130641796	-0.5714623421672625
-0.47123889803846897	-0.6787024026028147
-0.45553093477052	-0.8260692881347833
-0.43982297150257105	-1.0529770065035002
-0.42411500823462206	-1.3907208245884457
-0.4084070449666731	-1.830356769930215
-0.39269908169872414	-2.2366853924035794
-0.37699111843077515	-2.3357436332455612
-0.3612831551628262	-2.032738196173928
-0.34557519189487723	-1.56439705127489
-0.3298672286269283	-1.1493193755125286
-0.3141592653589793	-0.8441190963823276
-0.2984513020910303	-0.6315583421318868
-0.2827433388230814	-0.4838466006671553
-0.2670353755551324	-0.3795229934652475
-0.25132741228718347	-0.3043373336786907
-0.23561944901923448	-0.24919267226153594
-0.21991148575128552	-0.2082164262727268
-0.20420352248333656	-0.17715506771960612
-0.18849555921538758	-0.1520286083862032
-0.17278759594743862	-0.12943294727795446
-0.15707963267948966	-0.10853738473714121
-0.1413716694115407	-0.09017496879867555
-0.12566370614359174	-0.07460205704961148
-0.10995574287564276	-0.06140184816207306
-0.09424777960769379	-0.05002359313824172
-0.07853981633974483	-0.040000769221513674
-0.06283185307179587	-0.03097415901489703
-0.047123889803846894	-0.022666872574248514
-0.031415926535897934	-0.014856819687492272
-0.015707963267948967	-0.007355842383992711
0.0	-2.6555320537317967e-17
0.015707963267948967	0.007355842383992802
0.031415926535897934	0.014856819687492296
0.047123889803846894	0.022666872574248632
0.06283185307179587	0.030974159014897047
0.07853981633974483	0.040000769221513674
0.09424777960769379	0.05002359313824189
0.10995574287564276	0.06140184816207304
0.12566370614359174	0.07460205704961155
0.1413716694115407	0.0901749687986756
0.15707963267948966	0.1085373847371411
0.17278759594743862	0.12943294727795435
0.18849555921538758	0.15202860838620313
0.20420352248333656	0.1771550677196059
0.21991148575128552	0.20821642627272655
0.23561944901923448	0.24919267226153594
0.25132741228718347	0.30433733367869076
0.2670353755551324	0.379522993465248
0.2827433388230814	0.48384660066715546
0.2984513020910303	0.6315583421318869
0.3141592653589793	0.8441190963823288
0.3298672286269283	1.1493193755125282
0.34557519189487723	1.564397051274889
0.3612831551628262	2.032738196173932
0.37699111843077515	2.335743633245561
0.39269908169872414	2.236685392403579
0.4084070449666731	1.830356769930214
0.42411500823462206	1.3907208245884457
0.43982297150257105	1.0529770065035011
0.45553093477052	0.8260692881347823
0.47123889803846897	0.6787024026028146
0.48694686130641796	0.5714623421672624
0.5026548245743669	0.4754122515895944
0.5183627878423158	0.38805769776172844
0.5340707511102648	0.3170156268308821
0.5497787143782138	0.2635924833573003
0.5654866776461628	0.2246600736813763
0.5811946409141118	0.19670156467620678
0.5969026041820606	0.1770591568684223
0.6126105674500096	0.16376508156273098
0.6283185307179586	0.15464717164518746
0.6440264939859076	0.14648425143878271
0.6597344572538566	0.1370078226971602
0.6754424205218055	0.12740493402998115
0.6911503837897545	0.11971775612244168
0.7068583470577035	0.11464416702213422
0.7225663103256524	0.11208565401644671
0.7382742735936014	0.11180940363299788
0.7539822368615503	0.1136837844086916
0.7696902001294993	0.11777358335165235
0.7853981633974483	0.12438801049764113
0.8011061266653973	0.13408448786703764
0.8168140899333463	0.1477181910284989
0.8325220532012951	0.16655868967760398
0.8482300164692441	0.19254347884847411
0.8639379797371931	0.22887826892230811
0.8796459430051421	0.28078243250662177
0.8953539062730911	0.3558314434074943
0.91106186954104	0.46267375518441656
0.926769832808989	0.6024116905194625
0.9424777960769379	0.7433214665279428
0.9581857593448869	0.8049022596130764
0.9738937226128359	0.7389846770285143
0.9896016858807848	0.6064984021696225
1.0053096491487339	0.4837879858672335
1.0210176124166828	0.39685743678492097
1.0367255756846316	0.34357440521282573
1.0524335389525807	0.3162869354948561
1.0681415022205296	0.3073796092767149
1.0838494654884787	0.3083248143212743
1.0995574287564276	0.3128965871520302
1.1152653920243765	0.3240197991377376
1.1309733552923256	0.349522048698013
1.1466813185602744	0.3950160978762209
1.1623892818282235	0.46120457370101764
1.1780972450961724	0.5362017362338549
1.1938052083641213	0.5882725558451433
1.2095131716320704	0.5956415788229503
1.2252211349000193	0.5840810776780095
1.2409290981679684	0.5923608788425285
1.2566370614359172	0.6408558904355375
1.2723450247038661	0.7405002156695233
1.2880529879718152	0.9034004284231326
1.303760951239764	1.1405683042023507
1.3194689145077132	1.4383823680774301
1.335176877775662	1.7170604375197525
1.350884841043611	1.8739966002490744
1.36659280431156	1.9499547409337405
1.382300767579509	2.086807722468118
1.398008730847458	2.3207542061578033
1.413716694115407	2.488610551429838
1.4294246573833558	2.3577571920794766
1.4451326206513049	1.9624450426827253
1.4608405839192538	1.5332959773658525
1.4765485471872029	1.1973690071938912
1.4922565104551517	0.967272521101885
1.5079644737231006	0.8242831282270768
1.5236724369910497	0.7512299081409229
1.5393804002589986	0.7361342088957014
1.5550883635269477	0.7640132222967603
1.5707963267948966	0.8001784852046547
1.5865042900628454	0.7987767153269097
1.6022122533307945	0.7616160151535489
1.6179202165987434	0.7381991454002291
1.6336281798666925	0.7657585296668245
1.6493361431346414	0.8530752490759732
1.6650441064025903	0.9738994059454478
1.6807520696705394	1.0524411903094195
1.6964600329384882	1.0240524735607128
1.7121679962064373	0.916174864913344
1.7278759594743862	0.7777298961794359
1.743583922742335	0.6368788448522014
1.7592918860102842	0.5199883282019312
1.774999849278233	0.4389040913772151
1.7907078125461822	0.39157041065066167
1.806415775814131	0.3719349689790732
1.82212373908208	0.37138101051903744
1.837831702350029	0.37470332896197867
1.853539665617978	0.36783354450688116
1.869247628885927	0.356894037047542
1.8849555921538759	0.35941619304705896
1.9006635554218247	0.38560158887069157
1.9163715186897738	0.4370016808001062
1.9320794819577227	0.5071965066681033
1.9477874452256718	0.5684500930113047
1.9634954084936207	0.5692709520086568
1.9792033717615696	0.4967984308070576
1.9949113350295187	0.3992191142248818
2.0106192982974678	0.3166319930520145
2.0263272615654166	0.25752650946717287
2.0420352248333655	0.21614323505306754
2.0577431881013144	0.18548974184278433
2.0734511513692633	0.16248075720655566
2.0891591146372126	0.14637723902041327
2.1048670779051615	0.13649434100507946
2.1205750411731104	0.13219454258157354
2.1362830044410592	0.13329251271800377
2.151990967709008	0.14007554093318758
2.1676989309769574	0.15268128438941223
2.1834068942449063	0.16947545773804196
2.199114857512855	0.18680749749197195
2.214822820780804	0.20489953277305395
2.230530784048753	0.22972464784791366
2.2462387473167023	0.26159984851452267
2.261946710584651	0.28573714079704954
2.2776546738526	0.2849309811562213
2.293362637120549	0.2664700979112999
2.3090706003884978	0.2509963539452659
2.324778563656447	0.25039401082901813
2.340486526924396	0.2679741056015544
2.356194490192345	0.30253239684642036
2.3719024534602937	0.35370040971449546
2.3876104167282426	0.42418445367385
2.403318379996192	0.5004396925929315
2.419026343264141	0.5339851026741702
2.4347343065320897	0.48795494872091805
2.4504422698000385	0.39465799405736995
2.4661502330679874	0.30271802677605264
2.4818581963359367	0.23080781163760905
2.4975661596038856	0.17885363584345845
2.5132741228718345	0.14181906365429212
2.5289820861397834	0.1150837505527635
2.5446900494077322	0.09538997508844327
2.5603980126756816	0.08059743246241302
2.5761059759436304	0.06933124626392762
2.5918139392115793	0.06064425420285175
2.607521902479528	0.05386419019938916
2.623229865747477	0.04852669380286302
2.6389378290154264	0.04433563726276766
2.6546457922833753	0.04111389907090716
2.670353755551324	0.03869926180765748
2.686061718819273	0.036771501398505366
2.701769682087222	0.034813417814141843
2.7174776453551712	0.03261736677838736
2.73318560862312	0.03053419029403513
2.748893571891069	0.0288368660399492
2.764601535159018	0.027378984598840708
2.7803094984269667	0.025883355136095704
2.796017461694916	0.024403338818384315
2.811725424962865	0.0232024479147322
2.827433388230814	0.02241996013207508
2.8431413514987627	0.021992141566324095
2.8588493147667116	0.021623031458986267
2.874557278034661	0.02100231863075253
2.8902652413026098	0.02024389334588557
2.9059732045705586	0.019610184008367785
2.9216811678385075	0.018971967410824235
2.9373891311064564	0.01799978291187295
2.9530970943744057	0.016769204482765768
2.9688050576423546	0.015623274949656344
2.9845130209103035	0.014714801186081802
3.0002209841782523	0.013999967111967057
3.015928947446201	0.013380098489160885
3.0316369107141505	0.012819996834282277
3.0473448739820994	0.012350223442127403
3.0630528372500483	0.011940461739508699
3.078760800517997	0.011477214573791722
3.094468763785946	0.010920586708258628
3.1101767270538954	0.010352725833397917
3.1258846903218442	0.009839555100454339
3.141592653589793	0.00939530696886231
3.157300616857742	0.009013600379585714
3.173008580125691	0.008683001988848908
3.18871654339364	0.008393440623060414
3.204424506661589	0.008137862298383921
3.220132469929538	0.007910118400785385
3.235840433197487	0.007700213849202251
3.2515483964654357	0.007493385125898181
3.267256359733385	0.007281091286178553
3.282964323001334	0.0070708607769159855
3.2986722862692828	0.0068748600395712135
3.3143802495372316	0.0066979130685971625
3.3300882128051805	0.006539053896836108
3.34579617607313	0.006393940794438064
3.3615041393410787	0.006251873930912761
3.3772121026090276	0.0061000359262967105
3.3929200658769765	0.0059408501665752025
3.4086280291449254	0.005786818496597778
3.4243359924128747	0.005642319146886279
3.4400439556808236	0.00550310249876552
3.4557519189487724	0.005366350252493099
3.4714598822167213	0.005234532753738012
3.48716784548467	0.0051098607015297205
3.5028758087526195	0.004992263244040544
3.5185837720205684	0.004880795611233501
3.5342917352885173	0.004774535471956071
3.549999698556466	0.004672774042177019
3.565707661824415	0.0045749857989117685
3.5814156250923643	0.004480776414417993
3.597123588360313	0.004389849852021253
3.612831551628262	0.004301975053542712
3.628539514896211	0.004216957828379677
3.64424747816416	0.004134629502285979
3.659955441432109	0.004054842053974902
3.675663404700058	0.003977464127858805
3.691371367968007	0.003902377718262933
3.707079331235956	0.003829475645176868
3.7227872945039047	0.0037586596834403275
3.738495257771854	0.0036898391658433524
3.754203221039803	0.0036229299193207398
3.7699111843077517	0.0035578534363023056
3.7856191475757006	0.003494536214892538
3.8013271108436495	0.0034329092227671
3.817035074111599	0.003372907453640253
3.8327430373795477	0.0033144695544018174
3.8484510006474966	0.0032575375072311018
3.8641589639154454	0.003202056355234835
3.8798669271833943	0.003147973963103353
3.8955748904513436	0.0030952408063615786
3.9112828537192925	0.0030438097842882795
3.9269908169872414	0.002993636052667753
3.9426987802551903	0.002944676873346916
3.958406743523139	0.00289689147817649
3.9741147067910885	0.0028502409453764004
3.9898226700590373	0.0028046880867208693
4.005530633326986	0.002760197344214836
4.0212385965949355	0.002716734695152197
4.036946559862884	0.00267426756461934
4.052654523130833	0.00263276474464808
4.068362486398782	0.002592196319335188
4.084070449666731	0.0025525335953393096
4.09977841293468	0.002513749037242979
4.115486376202629	0.0024758162073319516
4.131194339470578	0.0024387097093979755
4.146902302738527	0.002402405136217246
4.162610266006476	0.0023668790203953383
4.178318229274425	0.0023321087883032025
4.194026192542374	0.0022980727168577203
4.209734155810323	0.0022647498929252163
4.225442119078272	0.0022321201751480967
4.241150082346221	0.002200164158014291
4.25685804561417	0.0021688631380056013
4.2725660088821185	0.0021381990816761545
4.288273972150067	0.0021081545955254155
4.303981935418016	0.002078712897541828
4.319689898685965	0.0020498577903036645
4.335397861953915	0.0020215736355332697
4.351105825221864	0.001993845330008984
4.366813788489813	0.001966658282747022
4.3825217517577615	0.001939998393372263
4.39822971502571	0.0019138520316030264
4.413937678293659	0.0018882060177809184
4.429645641561608	0.0018630476043815546
4.445353604829557	0.0018383644584469895
4.461061568097506	0.0018141446448847558
4.476769531365456	0.0017903766105823247
4.4924774946334045	0.0017670491692895808
4.508185457901353	0.0017441514872249303
4.523893421169302	0.0017216730693637656
4.539601384437251	0.0016996037463709577
4.5553093477052	0.0016779336621412636
4.571017310973149	0.0016566532619142474
4.586725274241098	0.0016357532809321612
4.602433237509047	0.0016152247336115879
4.6181412007769955	0.0015950589032011557
4.633849164044944	0.00157524733189959
4.649557127312894	0.0015557818114099687
4.665265090580843	0.0015366543739073805
4.680973053848792	0.0015178572833986883
4.696681017116741	0.0014993830274542506
4.71238898038469	0.0014812243092930137
4.7280969436526386	0.0014633740402028486
4.743804906920587	0.0014458253322796562
4.759512870188536	0.0014285714914695517
4.775220833456485	0.0014116060108989733
4.790928796724435	0.0013949225644790725
4.806636759992384	0.0013785150007709608
4.822344723260333	0.0013623773370993475
4.838052686528282	0.001346503753902843
4.8537606497962305	0.0013308885893097522
4.869468613064179	0.0013155263339288206
4.885176576332128	0.0013004116258450015
4.900884539600077	0.0012855392458106982
4.916592502868026	0.0012709041126237402
4.932300466135975	0.0012565012786833988
4.948008429403924	0.0012423259257166354
4.9637163926718735	0.0012283733606668044
4.979424355939822	0.0012146390117377442
4.995132319207771	0.0012011184245862454
5.01084028247572	0.001187807258656552
5.026548245743669	0.0011747012836506785
5.042256209011618	0.0011617963761285871
5.057964172279567	0.0011490885162327642
5.073672135547516	0.0011365737845318812
5.0893800988154645	0.001124248358978423
5.105088062083414	0.0011121085119755996
5.120796025351363	0.0011001506075488925
5.136503988619312	0.0010883710986178716
5.152211951887261	0.001076766524364329
5.16791991515521	0.0010653335076924895
5.183627878423159	0.0010540687527778206
5.1993358416911075	0.0010429690427006808
5.215043804959056	0.0010320312371614496
5.230751768227005	0.001021252270273954
5.246459731494954	0.0010106291484338979
5.262167694762903	0.001000158948259527
5.277875658030853	0.000989838814601561
5.293583621298802	0.0009796659586197617
5.3092915845667505	0.0009696376559234831
5.324999547834699	0.0009597512447738101
5.340707511102648	0.000950004124344865
5.356415474370597	0.0009403937530420232
5.372123437638546	0.0009309176468749599
5.387831400906495	0.0009215733778833113
5.403539364174444	0.0009123585726131351
5.419247327442394	0.0009032709106421814
5.4349552907103424	0.0008943081231521369
5.450663253978291	0.0008854679915462487
5.46637121724624	0.0008767483461104591
5.482079180514189	0.0008681470647166626
5.497787143782138	0.0008596620715664203
5.513495107050087	0.000851291335973699
5.529203070318036	0.0008430328711853163
5.544911033585985	0.0008348847332375728
5.5606189968539335	0.000826845019847996
5.576326960121882	0.0008189118693407623
5.592034923389832	0.0008110834596047333
5.607742886657781	0.0008033580070829054
5.62345084992573	0.0007957337657922322
5.639158813193679	0.0007882090263726704
5.654866776461628	0.0007807821151645867
5.6705747397295765	0.0007734513933133653
5.686282702997525	0.0007662152559004928
5.701990666265474	0.0007590721311000562
5.717698629533423	0.0007520204793598337
5.733406592801373	0.0007450587926062677
5.749114556069322	0.000738185593472301
5.764822519337271	0.0007313994345475428
5.7805304826052195	0.0007246988976498583
5.796238445873168	0.0007180825931177382
5.811946409141117	0.0007115491591227839
5.827654372409066	0.000705097261001608
5.843362335677015	0.000698725590606533
5.859070298944964	0.0006924328656744962
5.874778262212913	0.0006862178292135677
5.890486225480862	0.0006800792489064499
5.906194188748811	0.0006740159165305429
5.92190215201676	0.0006680266473939471
5.937610115284709	0.0006621102797869071
5.953318078552658	0.0006562656744482786
5.969026041820607	0.0006504917140464337
5.984734005088556	0.0006447873026742921
6.000441968356505	0.0006391513653579065
6.0161499316244536	0.0006335828475782443
6.031857894892402	0.0006280807148057991
6.047565858160352	0.0006226439520475309
6.063273821428301	0.0006172715634058461
6.07898178469625	0.0006119625716492417
6.094689747964199	0.0006067160177941947
6.110397711232148	0.0006015309606980366
6.126105674500097	0.000596406476662438
6.1418136377680455	0.0005913416590471775
6.157521601035994	0.0005863356178939497
6.173229564303943	0.0005813874795598113
6.188937527571892	0.0005764963863600722
6.204645490839841	0.0005716614962203364
6.220353454107791	0.000566881982337353
6.23606141737574	0.0005621570328485199
6.2517693806436885	0.0005574858505097088
6.267477343911637	0.0005528676523812386
6.283185307179586	0.0005483016695216867
6.298893270447535	0.0005437871466893709
6.314601233715484	0.0005393233420512596
6.330309196983433	0.0005349095268991018
6.346017160251382	0.0005305449853725689
6.3617251235193315	0.0005262290141891999
6.37743308678728	0.0005219609223810024
6.393141050055229	0.0005177400310374373
6.408849013323178	0.0005135656730547038
6.424556976591127	0.000509437192891087
6.440264939859076	0.0005053539463282152
6.455972903127025	0.0005013153002380702
6.471680866394974	0.0004973206323555795
6.4873888296629225	0.0004933693310566597
6.503096792930871	0.0004894607951415291
6.51880475619882	0.0004855944336231652
6.53451271946677	0.00048176966552077814
6.550220682734719	0.00047798591965813816
6.565928646002668	0.00047424263446664154
6.581636609270617	0.0004705392577929735
6.5973445725385655	0.00046687524671128563
6.613052535806514	0.0004632500673397112
6.628760499074463	0.0004596631946611338
6.644468462342412	0.0004561141123480943
6.660176425610361	0.0004526023125917344
6.675884388878311	0.0004491272959346386
6.69159235214626	0.0004456885711075188
6.707300315414209	0.00044228565486959475
6.7230082786821574	0.00043891807185261663
6.738716241950106	0.00043558535440838393
6.754424205218055	0.00043228704245974785
6.770132168486004	0.00042902268335490195
6.785840131753953	0.00042579183172498615
6.801548095021902	0.00042259404934483495
6.817256058289851	0.0004194289049968417
6.8329640215578	0.0004162959743378252
6.848671984825749	0.00041319483976884786
6.864379948093698	0.00041012509030789463
6.880087911361647	0.00040708632146535604
6.895795874629596	0.000404078135122213
6.911503837897545	0.00040110013941092306
6.927211801165494	0.00039815194859883454
6.942919764433443	0.0003952331829741784
6.9586277277013915	0.00039234346873450414
6.97433569096934	0.00038948243787751015
6.99004365423729	0.00038664972809422936
7.005751617505239	0.00038384498266449675
7.021459580773188	0.0003810678503546461
7.037167544041137	0.0003783179853173806
7.052875507309086	0.0003755950469937682
7.0685834705770345	0.00037289870001731254
7.084291433844983	0.00037022861412003066
7.099999397112932	0.00036758446404052205
7.115707360380881	0.0003649659294339515
7.13141532364883	0.00036237269478390415
7.147123286916779	0.000359804449316102
7.162831250184729	0.00035726088691387294
7.1785392134526775	0.0003547417060354047
7.194247176720626	0.0003522466096326755
7.209955139988575	0.0003497753050720853
7.225663103256524	0.00034732750405666704
7.241371066524473	0.00034490292254994
7.257079029792422	0.0003425012807012813
7.272786993060371	0.0003401223027728157
7.28849495632832	0.00033776571706781215
7.304202919596269	0.00033543125586048993
7.319910882864218	0.0003331186553272737
7.335618846132167	0.000330827655479406
7.351326809400116	0.00032855800009691164
7.367034772668065	0.00032630943666390143
7.382742735936014	0.0003240817163051381
7.398450699203963	0.00032187459372387057
7.414158662471912	0.0003196878271409083
7.4298666257398605	0.00031752117823488684
7.445574589007809	0.00031537441208371274
7.461282552275758	0.00031324729710716765
7.476990515543708	0.0003111396050106091
7.492698478811657	0.0003090511107298088
7.508406442079606	0.0003069815923768302
7.524114405347555	0.00030493083118697826
7.5398223686155035	0.0003028986114667646
7.555530331883452	0.0003008847205428822
7.571238295151401	0.00029888894871216235
7.58694625841935	0.00029691108919249125
7.602654221687299	0.00029495093807466925
7.618362184955249	0.00029300829427518043
7.634070148223198	0.00029108295948987174
7.6497781114911465	0.00028917473814850836
7.665486074759095	0.0002872834373701894
7.681194038027044	0.00028540886691960166
7.696902001294993	0.00028355083916410483
7.712609964562942	0.0002817091690316191
7.728317927830891	0.0002798836739693007
7.74402589109884	0.00027807417390299683
7.759733854366789	0.0002762804911974317
7.7754418176347375	0.00027450245061718276
7.791149780902687	0.0002727398792883191
7.806857744170636	0.00027099260666079366
7.822565707438585	0.0002692604644715146
7.838273670706534	0.0002675432867080951
7.853981633974483	0.00026584090957325763
7.869689597242432	0.00026415317144992304
7.8853975605103805	0.00026247991286689154
7.901105523778329	0.00026082097646518853
7.916813487046278	0.00025917620696498976
7.932521450314228	0.00025754545113317696
7.948229413582177	0.0002559285577514478
7.963937376850126	0.0002543253775850236
7.979645340118075	0.0002527357633519089
7.995353303386024	0.00025115956969270456
8.011061266653972	0.0002495966531409608
8.026769229921921	0.00024804687209405764
8.042477193189871	0.00024651008678460904
8.058185156457819	0.0002449861592523628
8.073893119725769	0.0002434749533166117
8.089601082993717	0.00024197633454908676
8.105309046261667	0.0002404901702473161
8.121017009529615	0.00023901632940847496
8.136724972797564	0.00023755468270367352
8.152432936065512	0.00023610510245270695
8.168140899333462	0.0002346674625992397
8.183848862601412	0.00023324163868642506
8.19955682586936	0.00023182750783294002
8.21526478913731	0.00023042494870944994
8.230972752405258	0.0002290338415154673
8.246680715673207	0.00022765406795660805
8.262388678941155	0.00022628551122225524
8.278096642209105	0.00022492805596358085
8.293804605477053	0.00022358158827197162
8.309512568745003	0.00022224599565779602
8.325220532012953	0.0002209211670295489
8.3409284952809	0.00021960699267335398
8.35663645854885	0.00021830336423279718
8.372344421816798	0.0002170101746891174
8.388052385084748	0.00021572731834171562
8.403760348352696	0.0002144546907890124
8.419468311620646	0.00021319218890960377
8.435176274888594	0.0002119397108437516
8.450884238156544	0.0002106971559751722
8.466592201424492	0.00020946442491313088
8.482300164692441	0.00020824141947483978
8.498008127960391	0.00020702804266814123
8.51371609122834	0.0002058241986744754
8.529424054496289	0.00020462979283214
8.545132017764237	0.00020344473161981538
8.560839981032187	0.0002022689226403705
8.576547944300135	0.00020110227460492044
8.592255907568084	0.0001999446973171613
8.607963870836032	0.00019879610165794514
8.623671834103982	0.00019765639957012093
8.63937979737193	0.00019652550404361129
8.65508776063988	0.00019540332910073405
8.67079572390783	0.00019428978978176383
8.686503687175778	0.00019318480213072518
8.702211650443727	0.00019208828318141368
8.717919613711675	0.00019100015094364436
8.733627576979625	0.0001899203243897148
8.749335540247573	0.0001888487234410943
8.765043503515523	0.00018778526895531453
8.780751466783471	0.00018672988271308284
8.79645943005142	0.0001856824874055804
8.81216739331937	0.0001846430066219885
8.827875356587318	0.00018361136483718453
8.843583319855268	0.00018258748739965414
8.859291283123216	0.00018157130051957814
8.874999246391166	0.00018056273125712305
8.890707209659114	0.0001795617075108982
8.906415172927064	0.00017856815800660003
8.922123136195012	0.00017758201228584326
8.937831099462962	0.00017660320069515464
8.953539062730911	0.00017563165437513878
8.96924702599886	0.0001746673052498171
8.984954989266809	0.00017371008601612994
9.000662952534757	0.0001727599301335988
9.016370915802707	0.0001718167718141544
9.032078879070655	0.00017088054601211008
9.047786842338605	0.00016995118841430185
9.063494805606553	0.0001690286354303693
9.079202768874502	0.0001681128241831952
9.09491073214245	0.000167203692499478
9.1106186954104	0.00016630117890046098
9.12632665867835	0.00016540522259279037
9.142034621946298	0.00016451576345953168
9.157742585214248	0.00016363274205129263
9.173450548482196	0.00016275609957750158
9.189158511750145	0.00016188577789782107
9.204866475018093	0.00016102171951366695
9.220574438286043	0.00016016386755988215
9.236282401553991	0.0001593121657965119
9.25199036482194	0.0001584665586007202
9.267698328089889	0.00015762699095881757
9.283406291357839	0.0001567934084584058
9.299114254625788	0.00015596575728064316
9.314822217893736	0.00015514398419262998
9.330530181161686	0.00015432803653989417
9.346238144429634	0.00015351786223899224
9.361946107697584	0.00015271340977023504
9.377654070965532	0.0001519146281704886
9.393362034233482	0.00015112146702611043
9.40906999750143	0.0001503338764659782
9.42477796076938	0.00014955180715461492
9.44048592403733	0.00014877521028542072
9.456193887305277	0.00014800403757400646
9.471901850573227	0.00014723824125161233
9.487609813841175	0.0001464777740586356
9.503317777109125	0.0001457225892382447
9.519025740377073	0.0001449726405300846
9.534733703645022	0.00014422788216407416
9.55044166691297	0.0001434882688543004
9.56614963018092	0.0001427537557929835
9.58185759344887	0.00014202429864454915
9.597565556716818	0.0001412998535397676
9.613273519984768	0.00014058037706998706
9.628981483252716	0.00013986582628144363
9.644689446520665	0.0001391561586696604
9.660397409788613	0.0001384513321739141
9.676105373056563	0.00013775130517178823
9.691813336324511	0.00013705603647380475
9.707521299592461	0.0001363654853181225
9.723229262860409	0.00013567961136532326
9.738937226128359	0.00013499837469325442
9.754645189396308	0.0001343217357919639
9.770353152664256	0.00013364965555868864
9.786061115932206	0.0001329820952929211
9.801769079200154	0.00013231901669154655
9.817477042468104	0.00013166038184404385
9.833185005736052	0.00013100615322775153
9.848892969004002	0.00013035629370320776
9.86460093227195	0.00012971076650954402
9.8803088955399	0.00012906953525995257
9.896016858807847	0.00012843256393720704
9.911724822075797	0.000127799816889257
9.927432785343747	0.00012717125882486435
9.943140748611695	0.000126546854809322
9.958848711879645	0.00012592657026021107
9.974556675147593	0.0001253103709432352
9.990264638415542	0.0001246982229680885
10.00597260168349	0.00012409009278440425
10.02168056495144	0.00012348594717774138
10.037388528219388	0.00012288575326563375
10.053096491487338	0.00012228947849368766
10.068804454755288	0.000121697090631736
10.084512418023236	0.00012110855777004885
10.100220381291185	0.00012052384831557998
10.115928344559133	0.00011994293098828058
10.131636307827083	0.00011936577481745152
10.147344271095031	0.00011879234913814919
10.163052234362981	0.00011822262358764122
10.178760197630929	0.00011765656810190203
10.194468160898879	0.00011709415291216458
10.210176124166829	0.0001165353485415099
10.225884087434777	0.00011598012580150453
10.241592050702726	0.00011542845578888808
10.257300013970674	0.00011488030988229463
10.273007977238624	0.00011433565973902706
10.288715940506572	0.00011379447729186567
10.304423903774522	0.00011325673474592353
10.32013186704247	0.00011272240457554422
10.33583983031042	0.00011219145952123637
10.351547793578368	0.00011166387258665096
10.367255756846317	0.00011113961703559675
10.382963720114267	0.00011061866638909576
10.398671683382215	0.00011010099442247737
10.414379646650165	0.0001095865751625081
10.430087609918113	0.0001090753828845607
10.445795573186063	0.00010856739210981997
10.46150353645401	0.00010806257760252124
10.47721149972196	0.00010756091436723055
10.492919462989908	0.0001070623776461554
10.508627426257858	0.00010656694291649056
10.524335389525806	0.00010607458588779728
10.540043352793756	0.00010558528249942226
10.555751316061706	0.00010509900891794207
10.571459279329654	0.00010461574153463858
10.587167242597603	0.0001041354569630222
10.602875205865551	0.00010365813203636238
10.618583169133501	0.00010318374380527528
10.634291132401449	0.0001027122695353158
10.649999095669399	0.00010224368670462753
10.665707058937347	0.00010177797300160004
10.681415022205297	0.00010131510632256668
10.697122985473246	0.00010085506476952753
10.712830948741194	0.00010039782664790828
10.728538912009144	9.994337046433171e-5
10.744246875277092	9.94916749244361e-5
10.759954838545042	9.904271893070783e-5
10.77566280181299	9.859648158034608e-5
10.79137076508094	9.815294216314903e-5
10.807078728348888	9.771208015943809e-5
10.822786691616837	9.727387523799555e-5
10.838494654884787	9.683830725403112e-5
10.854202618152735	9.640535624717984e-5
10.869910581420685	9.597500243951544e-5
10.885618544688633	9.554722623359814e-5
10.901326507956583	9.512200821053681e-5
10.91703447122453	9.469932912808069e-5
10.93274243449248	9.427916991873611e-5
10.948450397760428	9.386151168789978e-5
10.964158361028378	9.344633571202084e-5
10.979866324296326	9.303362343678217e-5
10.995574287564276	9.262335647530736e-5
11.011282250832226	9.221551660638575e-5
11.026990214100174	9.181008577271998e-5
11.042698177368123	9.140704607919675e-5
11.058406140636071	9.100637979117624e-5
11.074114103904021	9.060806933280474e-5
11.08982206717197	9.021209728534496e-5
11.105530030439919	8.981844638552803e-5
11.121237993707867	8.942709952392653e-5
11.136945956975817	8.903803974334246e-5
11.152653920243765	8.86512502372209e-5
11.168361883511714	8.826671434808153e-5
11.184069846779664	8.788441556595848e-5
11.199777810047612	8.75043375268794e-5
11.215485773315562	8.71264640113409e-5
11.23119373658351	8.675077894281656e-5
11.24690169985146	8.637726638627703e-5
11.262609663119408	8.600591054673025e-5
11.278317626387357	8.5636695767775e-5
11.294025589655305	8.526960653017567e-5
11.309733552923255	8.490462745045406e-5
11.325441516191205	8.45417432794909e-5
11.341149479459153	8.418093890115657e-5
11.356857442727103	8.38221993309441e-5
11.37256540599505	8.346550971462709e-5
11.388273369263	8.311085532693219e-5
11.403981332530948	8.275822157022263e-5
11.419689295798898	8.24075939732036e-5
11.435397259066846	8.205895818963833e-5
11.451105222334796	8.171229999707818e-5
11.466813185602746	8.136760529561499e-5
11.482521148870694	8.102486010663575e-5
11.498229112138644	8.068405057160577e-5
11.513937075406592	8.034516295085252e-5
11.529645038674541	8.000818362237521e-5
11.54535300194249	7.96730990806573e-5
11.561060965210439	7.933989593550335e-5
11.576768928478387	7.90085609108806e-5
11.592476891746337	7.86790808437787e-5
11.608184855014285	7.835144268308237e-5
11.623892818282235	7.802563348845292e-5
11.639600781550184	7.770164042922776e-5
11.655308744818132	7.737945078333029e-5
11.671016708086082	7.705905193619052e-5
11.68672467135403	7.674043137968114e-5
11.70243263462198	7.642357671106436e-5
11.718140597889928	7.6108475631948e-5
11.733848561157878	7.579511594725954e-5
11.749556524425826	7.548348556422748e-5
11.765264487693775	7.517357249137183e-5
11.780972450961723	7.486536483751259e-5
11.796680414229673	7.455885081078677e-5
11.812388377497623	7.425401871767034e-5
11.82809634076557	7.39508569620237e-5
11.84380430403352	7.364935404413534e-5
11.859512267301469	7.334949855978388e-5
11.875220230569418	7.305127919930723e-5
11.890928193837366	7.275468474668529e-5
11.906636157105316	7.245970407862938e-5
11.922344120373264	7.216632616368216e-5
11.938052083641214	7.187454006133175e-5
11.953760046909164	7.158433492113096e-5
11.969468010177112	7.129569998182682e-5
11.985175973445061	7.100862457050374e-5
12.00088393671301	7.072309810173125e-5
12.01659189998096	7.043911007672425e-5
12.032299863248907	7.015665008251015e-5
12.048007826516857	6.987570779111003e-5
12.063715789784805	6.959627295872027e-5
12.079423753052755	6.931833542491364e-5
12.095131716320704	6.904188511183898e-5
12.110839679588652	6.876691202343964e-5
12.126547642856602	6.849340624466853e-5
12.14225560612455	6.822135794072519e-5
12.1579635693925	6.795075735628971e-5
12.173671532660448	6.768159481477417e-5
12.189379495928398	6.741386071757312e-5
12.205087459196346	6.71475455433311e-5
12.220795422464295	6.688263984720999e-5
12.236503385732243	6.661913426017044e-5
12.252211349000193	6.635701948826135e-5
12.267919312268143	6.609628631190856e-5
12.283627275536091	6.5836925585223e-5
12.29933523880404	6.557892823530556e-5
12.315043202071989	6.532228526156855e-5
12.330751165339938	6.506698773505785e-5
12.346459128607886	6.481302679778601e-5
12.362167091875836	6.456039366206798e-5
12.377875055143784	6.430907960987246e-5
12.393583018411734	6.405907599217188e-5
12.409290981679682	6.381037422830069e-5
12.424998944947632	6.356296580532509e-5
12.440706908215581	6.331684227741596e-5
12.45641487148353	6.307199526522746e-5
12.47212283475148	6.282841645528473e-5
12.487830798019427	6.258609759937739e-5
12.503538761287377	6.23450305139582e-5
12.519246724555325	6.21052070795501e-5
12.534954687823275	6.186661924015752e-5
12.550662651091223	6.162925900268508e-5
12.566370614359172	6.139311843636256e-5
