-12.566370614359172	0.0001331528269410917
-12.550662651091223	0.00013345968550267033
-12.534954687823275	0.00013376760846225874
-12.519246724555325	0.000134076600759455
-12.503538761287377	0.00013438666736261085
-12.487830798019427	0.00013469781326902805
-12.47212283475148	0.00013501004350516832
-12.45641487148353	0.00013532336312685236
-12.440706908215581	0.00013563777721947154
-12.424998944947632	0.00013595329089819108
-12.409290981679682	0.00013626990930816097
-12.393583018411734	0.00013658763762473266
-12.377875055143784	0.00013690648105366823
-12.362167091875836	0.0001372264448313521
-12.346459128607886	0.00013754753422501578
-12.330751165339938	0.0001378697545329521
-12.315043202071989	0.00013819311108473632
-12.29933523880404	0.00013851760924144758
-12.283627275536091	0.00013884325439589632
-12.267919312268143	0.00013917005197284688
-12.252211349000193	0.00013949800742924832
-12.236503385732243	0.00013982712625446134
-12.220795422464295	0.00014015741397049416
-12.205087459196346	0.00014048887613223209
-12.189379495928398	0.00014082151832767577
-12.173671532660448	0.00014115534617817872
-12.1579635693925	0.00014149036533868563
-12.14225560612455	0.00014182658149797673
-12.126547642856602	0.00014216400037890902
-12.110839679588652	0.00014250262773866308
-12.095131716320704	0.00014284246936898946
-12.079423753052755	0.00014318353109646427
-12.063715789784805	0.00014352581878273425
-12.048007826516857	0.0001438693383247722
-12.032299863248907	0.0001442140956551399
-12.01659189998096	0.00014456009674223866
-12.00088393671301	0.00014490734759057522
-11.985175973445061	0.0001452558542410199
-11.969468010177112	0.00014560562277108013
-11.953760046909164	0.0001459566592951569
-11.938052083641214	0.00014630896996482623
-11.922344120373264	0.00014666256096910205
-11.906636157105316	0.000147017438534714
-11.890928193837366	0.00014737360892638597
-11.875220230569418	0.00014773107844711335
-11.859512267301469	0.00014808985343844552
-11.84380430403352	0.00014844994028076806
-11.82809634076557	0.00014881134539359168
-11.812388377497623	0.0001491740752358384
-11.796680414229673	0.0001495381363061384
-11.780972450961723	0.00014990353514311535
-11.765264487693775	0.00015027027832568952
-11.749556524425826	0.00015063837247337834
-11.733848561157878	0.00015100782424658986
-11.718140597889928	0.0001513786403469358
-11.70243263462198	0.00015175082751753272
-11.68672467135403	0.00015212439254331581
-11.671016708086082	0.00015249934225134711
-11.655308744818132	0.0001528756835111335
-11.639600781550184	0.00015325342323494368
-11.623892818282235	0.00015363256837812875
-11.608184855014285	0.000154013125939446
-11.592476891746337	0.00015439510296138547
-11.576768928478387	0.0001547785065304976
-11.561060965210439	0.0001551633437777259
-11.54535300194249	0.00015554962187874465
-11.529645038674541	0.00015593734805429207
-11.513937075406592	0.00015632652957051494
-11.498229112138644	0.0001567171737393108
-11.482521148870694	0.00015710928791867632
-11.466813185602746	0.00015750287951305495
-11.451105222334796	0.00015789795597369373
-11.435397259066846	0.00015829452479899748
-11.419689295798898	0.0001586925935348863
-11.403981332530948	0.0001590921697751639
-11.388273369263	0.00015949326116187796
-11.37256540599505	0.0001598958753856922
-11.356857442727103	0.00016030002018625877
-11.341149479459153	0.00016070570335259313
-11.325441516191205	0.00016111293272345518
-11.309733552923255	0.0001615217161877307
-11.294025589655305	0.00016193206168481716
-11.278317626387357	0.0001623439772050134
-11.262609663119408	0.00016275747078991457
-11.24690169985146	0.00016317255053280633
-11.23119373658351	0.00016358922457906732
-11.215485773315562	0.00016400750112657188
-11.199777810047612	0.00016442738842609896
-11.184069846779664	0.00016484889478173925
-11.168361883511714	0.00016527202855131732
-11.152653920243765	0.00016569679814680414
-11.136945956975817	0.0001661232120347449
-11.121237993707867	0.00016655127873667824
-11.105530030439919	0.00016698100682957582
-11.08982206717197	0.00016741240494627072
-11.074114103904021	0.00016784548177589703
-11.058406140636071	0.00016828024606433238
-11.042698177368123	0.00016871670661464493
-11.026990214100174	0.0001691548722875447
-11.011282250832226	0.00016959475200183544
-10.995574287564276	0.00017003635473487636
-10.979866324296326	0.00017047968952304445
-10.964158361028378	0.0001709247654622016
-10.948450397760428	0.00017137159170816865
-10.93274243449248	0.00017182017747719583
-10.91703447122453	0.00017227053204645177
-10.901326507956583	0.00017272266475450084
-10.885618544688633	0.00017317658500179775
-10.869910581420685	0.00017363230225118093
-10.854202618152735	0.00017408982602836766
-10.838494654884787	0.00017454916592246392
-10.822786691616837	0.00017501033158646864
-10.807078728348888	0.0001754733327377851
-10.79137076508094	0.00017593817915874415
-10.77566280181299	0.00017640488069712134
-10.759954838545042	0.0001768734472666702
-10.744246875277092	0.00017734388884764823
-10.728538912009144	0.00017781621548736105
-10.712830948741194	0.0001782904373006999
-10.697122985473246	0.00017876656447069492
-10.681415022205297	0.00017924460724906145
-10.665707058937347	0.00017972457595676796
-10.649999095669399	0.00018020648098458745
-10.634291132401449	0.00018069033279367836
-10.618583169133501	0.000181176141916151
-10.602875205865551	0.00018166391895565312
-10.587167242597603	0.0001821536745879493
-10.571459279329654	0.00018264541956151948
-10.555751316061706	0.00018313916469814867
-10.540043352793756	0.00018363492089353603
-10.524335389525806	0.00018413269911789773
-10.508627426257858	0.00018463251041658587
-10.492919462989908	0.00018513436591070424
-10.47721149972196	0.00018563827679773866
-10.46150353645401	0.00018614425435218632
-10.445795573186063	0.0001866523099261954
-10.430087609918113	0.00018716245495021023
-10.414379646650165	0.00018767470093362153
-10.398671683382215	0.00018818905946542253
-10.382963720114267	0.00018870554221487432
-10.367255756846317	0.0001892241609321763
-10.351547793578368	0.00018974492744914054
-10.33583983031042	0.0001902678536798765
-10.32013186704247	0.00019079295162148155
-10.304423903774522	0.0001913202333547355
-10.288715940506572	0.0001918497110448116
-10.273007977238624	0.00019238139694197407
-10.257300013970674	0.00019291530338230628
-10.241592050702726	0.00019345144278843212
-10.225884087434777	0.00019398982767025171
-10.210176124166829	0.00019453047062566826
-10.194468160898879	0.00019507338434135205
-10.178760197630929	0.00019561858159347767
-10.163052234362981	0.00019616607524849838
-10.147344271095031	0.00019671587826390561
-10.131636307827083	0.0001972680036890158
-10.115928344559133	0.0001978224646657405
-10.100220381291185	0.0001983792744293917
-10.084512418023236	0.00019893844630947734
-10.068804454755288	0.00019949999373050767
-10.053096491487338	0.00020006393021281143
-10.037388528219388	0.00020063026937336642
-10.02168056495144	0.00020119902492662486
-10.00597260168349	0.00020177021068536213
-9.990264638415542	0.00020234384056151886
-9.974556675147593	0.0002029199285670606
-9.958848711879645	0.00020349848881485492
-9.943140748611695	0.00020407953551953174
-9.927432785343747	0.00020466308299838153
-9.911724822075797	0.0002052491456722422
-9.896016858807847	0.0002058377380664043
-9.8803088955399	0.0002064288748115223
-9.86460093227195	0.00020702257064453695
-9.848892969004002	0.00020761884040960496
-9.833185005736052	0.0002082176990590444
-9.817477042468104	0.00020881916165427515
-9.801769079200154	0.0002094232433667908
-9.786061115932206	0.00021002995947911726
-9.770353152664256	0.00021063932538580423
-9.754645189396308	0.00021125135659440505
-9.738937226128359	0.00021186606872648092
-9.723229262860409	0.0002124834775186181
-9.707521299592461	0.0002131035988234372
-9.691813336324511	0.00021372644861063117
-9.676105373056563	0.00021435204296801224
-9.660397409788613	0.00021498039810255608
-9.644689446520665	0.0002156115303414751
-9.628981483252716	0.00021624545613328796
-9.613273519984768	0.00021688219204891115
-9.597565556716818	0.0002175217547827524
-9.58185759344887	0.00021816416115382685
-9.56614963018092	0.00021880942810686984
-9.55044166691297	0.00021945757271348275
-9.534733703645022	0.00022010861217326786
-9.519025740377073	0.00022076256381498786
-9.503317777109125	0.00022141944509774045
-9.487609813841175	0.00022207927361214027
-9.471901850573227	0.00022274206708150355
-9.456193887305277	0.00022340784336306936
-9.44048592403733	0.00022407662044921382
-9.42477796076938	0.00022474841646868165
-9.40906999750143	0.00022542324968783796
-9.393362034233482	0.0002261011385119236
-9.377654070965532	0.00022678210148632883
-9.361946107697584	0.0002274661572978904
-9.346238144429634	0.0002281533247761754
-9.330530181161686	0.0002288436228948127
-9.314822217893736	0.00022953707077281028
-9.299114254625788	0.0002302336876759126
-9.283406291357839	0.00023093349301794467
-9.267698328089889	0.0002316365063621929
-9.25199036482194	0.00023234274742279184
-9.236282401553991	0.00023305223606613117
-9.220574438286043	0.0002337649923122616
-9.204866475018093	0.0002344810363363473
-9.189158511750145	0.00023520038847010165
-9.173450548482196	0.00023592306920325453
-9.157742585214248	0.00023664909918504282
-9.142034621946298	0.00023737849922569578
-9.12632665867835	0.0002381112902979634
-9.1106186954104	0.0002388474935386339
-9.09491073214245	0.00023958713025009105
-9.079202768874502	0.0002403302219018737
-9.063494805606553	0.00024107679013226618
-9.047786842338605	0.00024182685674989076
-9.032078879070655	0.00024258044373532677
-9.016370915802707	0.00024333757324275287
-9.000662952534757	0.00024409826760159113
-8.984954989266809	0.0002448625493181892
-8.96924702599886	0.000245630441077506
-8.953539062730911	0.0002464019657448268
-8.937831099462962	0.00024717714636748867
-8.922123136195012	0.0002479560061766311
-8.906415172927064	0.00024873856858896403
-8.890707209659114	0.0002495248572085581
-8.874999246391166	0.0002503148958286557
-8.859291283123216	0.00025110870843349665
-8.843583319855268	0.00025190631920016785
-8.827875356587318	0.0002527077525004779
-8.81216739331937	0.0002535130329028517
-8.79645943005142	0.00025432218517423664
-8.780751466783471	0.0002551352342820445
-8.765043503515523	0.00025595220539611444
-8.749335540247573	0.0002567731238906793
-8.733627576979625	0.0002575980153463833
-8.717919613711675	0.00025842690555230233
-8.702211650443727	0.00025925982050799176
-8.686503687175778	0.0002600967864255648
-8.67079572390783	0.0002609378297317885
-8.65508776063988	0.000261782977070203
-8.63937979737193	0.0002626322553032684
-8.623671834103982	0.0002634856915145377
-8.607963870836032	0.0002643433130108551
-8.592255907568084	0.00026520514732457313
-8.576547944300135	0.00026607122221580456
-8.560839981032187	0.0002669415656746941
-8.545132017764237	0.00026781620592372305
-8.529424054496289	0.00026869517142003203
-8.51371609122834	0.0002695784908577828
-8.498008127960391	0.00027046619317053677
-8.482300164692441	0.00027135830753366674
-8.466592201424492	0.00027225486336680154
-8.450884238156544	0.00027315589033628606
-8.435176274888594	0.0002740614183576858
-8.419468311620646	0.00027497147759831327
-8.403760348352696	0.0002758860984797852
-8.388052385084748	0.00027680531168060974
-8.372344421816798	0.0002777291481388091
-8.35663645854885	0.00027865763905456277
-8.3409284952809	0.00027959081589290025
-8.325220532012953	0.0002805287103864068
-8.309512568745003	0.0002814713545379733
-8.293804605477053	0.0002824187806235801
-8.278096642209105	0.0002833710211951023
-8.262388678941155	0.00028432810908316636
-8.246680715673207	0.0002852900774000331
-8.230972752405258	0.00028625695954250126
-8.21526478913731	0.0002872287891948792
-8.19955682586936	0.00028820560033195747
-8.183848862601412	0.0002891874272220485
-8.168140899333462	0.00029017430443003487
-8.152432936065512	0.00029116626682048046
-8.136724972797564	0.0002921633495607593
-8.121017009529615	0.00029316558812424116
-8.105309046261667	0.00029417301829349747
-8.089601082993717	0.0002951856761635649
-8.073893119725769	0.0002962035981452319
-8.058185156457819	0.00029722682096838484
-8.042477193189871	0.0002982553816853814
-8.026769229921921	0.0002992893176744645
-8.011061266653972	0.0003003286666432328
-7.995353303386024	0.00030137346663214033
-7.979645340118075	0.00030242375601805254
-7.963937376850126	0.000303479573517829
-7.948229413582177	0.0003045409581919736
-7.932521450314228	0.0003056079494483132
-7.916813487046278	0.0003066805870457239
-7.901105523778329	0.0003077589110979183
-7.8853975605103805	0.00030884296207726663
-7.869689597242432	0.0003099327808186695
-7.853981633974483	0.00031102840852348195
-7.838273670706534	0.00031212988676348764
-7.822565707438585	0.000313237257484924
-7.806857744170636	0.0003143505630125495
-7.791149780902687	0.00031546984605377806
-7.7754418176347375	0.00031659514970286135
-7.759733854366789	0.0003177265174451101
-7.74402589109884	0.00031886399316119544
-7.728317927830891	0.00032000762113148346
-7.712609964562942	0.0003211574460404401
-7.696902001294993	0.0003223135129810795
-7.681194038027044	0.00032347586745948525
-7.665486074759095	0.0003246445553993785
-7.6497781114911465	0.00032581962314675813
-7.634070148223198	0.0003270011174745745
-7.618362184955249	0.0003281890855875046
-7.602654221687299	0.00032938357512674835
-7.58694625841935	0.0003305846341749251
-7.571238295151401	0.0003317923112609984
-7.555530331883452	0.0003330066553653036
-7.5398223686155035	0.00033422771592459883
-7.524114405347555	0.000335455542837225
-7.508406442079606	0.0003366901864683077
-7.492698478811657	0.00033793169765502915
-7.476990515543708	0.00033918012771198743
-7.461282552275758	0.0003404355284366048
-7.445574589007809	0.0003416979521146293
-7.4298666257398605	0.0003429674515256883
-7.414158662471912	0.0003442440799489368
-7.398450699203963	0.00034552789116877114
-7.382742735936014	0.00034681893948061465
-7.367034772668065	0.0003481172796967968
-7.351326809400116	0.00034942296715249357
-7.335618846132167	0.0003507360577117619
-7.319910882864218	0.0003520566077736496
-7.304202919596269	0.00035338467427838984
-7.28849495632832	0.0003547203147136783
-7.272786993060371	0.000356063587121041
-7.257079029792422	0.00035741455010228194
-7.241371066524473	0.00035877326282602137
-7.225663103256524	0.00036013978503432833
-7.209955139988575	0.00036151417704943995
-7.194247176720626	0.0003628964997805741
-7.1785392134526775	0.0003642868147308337
-7.162831250184729	0.0003656851840042132
-7.147123286916779	0.0003670916703126941
-7.13141532364883	0.0003685063369834466
-7.115707360380881	0.00036992924796612454
-7.099999397112932	0.0003713604678402665
-7.084291433844983	0.000372800061822803
-7.0685834705770345	0.0003742480957756555
-7.052875507309086	0.00037570463621346405
-7.037167544041137	0.00037716975031139966
-7.021459580773188	0.0003786435059131045
-7.005751617505239	0.000380125971538737
-6.99004365423729	0.0003816172163931305
-6.97433569096934	0.00038311731037406834
-6.9586277277013915	0.0003846263240806847
-6.942919764433443	0.0003861443288219634
-6.927211801165494	0.0003876713966253862
-6.911503837897545	0.00038920760024567806
-6.895795874629596	0.00039075301317369974
-6.880087911361647	0.0003923077096454575
-6.864379948093698	0.00039387176465123687
-6.848671984825749	0.000395445253944885
-6.8329640215578	0.00039702825405321
-6.817256058289851	0.0003986208422855251
-6.801548095021902	0.00040022309674333264
-6.785840131753953	0.0004018350963301441
-6.770132168486004	0.00040345692076144415
-6.754424205218055	0.0004050886505748094
-6.738716241950106	0.00040673036714015167
-6.7230082786821574	0.0004083821526701518
-6.707300315414209	0.00041004409023079693
-6.69159235214626	0.0004117162637521179
-6.675884388878311	0.0004133987580390588
-6.660176425610361	0.0004150916587825147
-6.644468462342412	0.00041679505257053416
-6.628760499074463	0.0004185090268996986
-6.613052535806514	0.0004202336701866335
-6.5973445725385655	0.0004219690717797512
-6.581636609270617	0.0004237153219711132
-6.565928646002668	0.00042547251200850914
-6.550220682734719	0.0004272407341076918
-6.53451271946677	0.00042902008146481564
-6.51880475619882	0.00043081064826904874
-6.503096792930871	0.00043261252971538904
-6.4873888296629225	0.00043442582201766217
-6.471680866394974	0.00043625062242172083
-6.455972903127025	0.00043808702921886114
-6.440264939859076	0.00043993514175941304
-6.424556976591127	0.0004417950604665699
-6.408849013323178	0.00044366688685041174
-6.393141050055229	0.00044555072352214613
-6.37743308678728	0.00044744667420858024
-6.3617251235193315	0.0004493548437667946
-6.346017160251382	0.0004512753381990861
-6.330309196983433	0.00045320826466807714
-6.314601233715484	0.00045515373151212564
-6.298893270447535	0.00045711184826094435
-6.283185307179586	0.0004590827256514537
-6.267477343911637	0.0004610664756439182
-6.2517693806436885	0.0004630632114382975
-6.23606141737574	0.00046507304749088604
-6.220353454107791	0.0004670960995311952
-6.204645490839841	0.00046913248457910913
-6.188937527571892	0.00047118232096232736
-6.173229564303943	0.00047324572833405595
-6.157521601035994	0.00047532282769099867
-6.1418136377680455	0.00047741374139164387
-6.126105674500097	0.00047951859317482145
-6.110397711232148	0.0004816375081785758
-6.094689747964199	0.0004837706129593349
-6.07898178469625	0.0004859180355113878
-6.063273821428301	0.00048807990528669016
-6.047565858160352	0.0004902563532149643
-6.031857894892402	0.0004924475117241588
-6.0161499316244536	0.0004946535147612129
-6.000441968356505	0.0004968744978131803
-5.984734005088556	0.0004991105979286828
-5.969026041820607	0.0005013619537397254
-5.953318078552658	0.0005036287054838791
-5.937610115284709	0.000505910995026801
-5.92190215201676	0.0005082089658851691
-5.906194188748811	0.0005105227632499512
-5.890486225480862	0.0005128525340100885
-5.874778262212913	0.0005151984267765837
-5.859070298944964	0.000517560591906951
-5.843362335677015	0.0005199391815301212
-5.827654372409066	0.0005223343495717298
-5.811946409141117	0.0005247462517798557
-5.796238445873168	0.0005271750457511804
-5.7805304826052195	0.0005296208909575852
-5.764822519337271	0.0005320839487732186
-5.749114556069322	0.0005345643825020101
-5.733406592801373	0.0005370623574056471
-5.717698629533423	0.0005395780407320557
-5.701990666265474	0.0005421116017443252
-5.686282702997525	0.0005446632117501883
-5.6705747397295765	0.0005472330441319527
-5.654866776461628	0.0005498212743769896
-5.639158813193679	0.0005524280801087285
-5.62345084992573	0.0005550536411181938
-5.607742886657781	0.0005576981393961045
-5.592034923389832	0.0005603617591655039
-5.576326960121882	0.0005630446869150044
-5.5606189968539335	0.0005657471114325626
-5.544911033585985	0.0005684692238399074
-5.529203070318036	0.0005712112176275109
-5.513495107050087	0.0005739732886902446
-5.497787143782138	0.0005767556353635994
-5.482079180514189	0.0005795584584606217
-5.46637121724624	0.00058238196130944
-5.450663253978291	0.0005852263497915215
-5.4349552907103424	0.0005880918323805572
-5.419247327442394	0.0005909786201821088
-5.403539364174444	0.0005938869269738998
-5.387831400906495	0.0005968169692469119
-5.372123437638546	0.0005997689662471532
-5.356415474370597	0.000602743140018237
-5.340707511102648	0.0006057397154447171
-5.324999547834699	0.0006087589202962124
-5.3092915845667505	0.0006118009852723381
-5.293583621298802	0.0006148661440484841
-5.277875658030853	0.0006179546333224167
-5.262167694762903	0.0006210666928617276
-5.246459731494954	0.0006242025655522172
-5.230751768227005	0.0006273624974471058
-5.215043804959056	0.000630546737817225
-5.1993358416911075	0.0006337555392020961
-5.183627878423159	0.0006369891574620083
-5.16791991515521	0.0006402478518310454
-5.152211951887261	0.0006435318849711342
-5.136503988619312	0.000646841523027093
-5.120796025351363	0.0006501770356827415
-5.105088062083414	0.0006535386962180746
-5.0893800988154645	0.000656926781567511
-5.073672135547516	0.0006603415723792922
-5.057964172279567	0.000663783353075964
-5.042256209011618	0.000667252411916087
-5.026548245743669	0.0006707490410570846
-5.01084028247572	0.0006742735366193447
-4.995132319207771	0.0006778261987515251
-4.979424355939822	0.0006814073316971829
-4.9637163926718735	0.0006850172438626553
-4.948008429403924	0.0006886562478863073
-4.932300466135975	0.0006923246607091092
-4.916592502868026	0.0006960228036466262
-4.900884539600077	0.0006997510024624183
-4.885176576332128	0.0007035095874429169
-4.869468613064179	0.0007072988934737473
-4.8537606497962305	0.0007111192601176191
-4.838052686528282	0.0007149710316937527
-4.822344723260333	0.0007188545573588893
-4.806636759992384	0.0007227701911899589
-4.790928796724435	0.0007267182922683963
-4.775220833456485	0.0007306992247661732
-4.759512870188536	0.0007347133580335729
-4.743804906920587	0.000738761066688753
-4.7280969436526386	0.0007428427307091573
-4.71238898038469	0.0007469587355247704
-4.696681017116741	0.0007511094721133207
-4.680973053848792	0.000755295337097429
-4.665265090580843	0.0007595167328437758
-4.649557127312894	0.000763774067564328
-4.633849164044944	0.0007680677554196719
-4.6181412007769955	0.0007723982166245267
-4.602433237509047	0.0007767658775554066
-4.586725274241098	0.0007811711708606447
-4.571017310973149	0.000785614535572661
-4.5553093477052	0.0007900964172226232
-4.539601384437251	0.0007946172679575917
-4.523893421169302	0.0007991775466600862
-4.508185457901353	0.0008037777190702635
-4.4924774946334045	0.0008084182579107131
-4.476769531365456	0.0008130996430138836
-4.461061568097506	0.0008178223614523425
-4.445353604829557	0.0008225869076718257
-4.429645641561608	0.0008273937836271211
-4.413937678293659	0.0008322434989210315
-4.39822971502571	0.0008371365709462822
-4.3825217517577615	0.0008420735250305645
-4.366813788489813	0.0008470548945848316
-4.351105825221864	0.0008520812212548145
-4.335397861953915	0.0008571530550758923
-4.319689898685965	0.0008622709546314873
-4.303981935418016	0.0008674354872149053
-4.288273972150067	0.0008726472289948642
-4.2725660088821185	0.0008779067651847282
-4.25685804561417	0.0008832146902155601
-4.241150082346221	0.0008885716079131118
-4.225442119078272	0.0008939781316787873
-4.209734155810323	0.0008994348846748413
-4.194026192542374	0.0009049425000136509
-4.178318229274425	0.0009105016209515254
-4.162610266006476	0.0009161129010868373
-4.146902302738527	0.0009217770045628264
-4.131194339470578	0.0009274946062750412
-4.115486376202629	0.0009332663920837112
-4.09977841293468	0.0009390930590309889
-4.084070449666731	0.0009449753155633573
-4.068362486398782	0.0009509138817592721
-4.052654523130833	0.000956909489562122
-4.036946559862884	0.0009629628830188287
-4.0212385965949355	0.0009690748185240342
-4.005530633326986	0.0009752460650702101
-3.9898226700590373	0.0009814774045036677
-3.9741147067910885	0.0009877696317868731
-3.958406743523139	0.0009941235552669491
-3.9426987802551903	0.001000539996950864
-3.9269908169872414	0.001007019792787159
-3.9112828537192925	0.001013563792954702
-3.8955748904513436	0.0010201728621584702
-3.8798669271833943	0.001026847879932609
-3.8641589639154454	0.0010335897409510337
-3.8484510006474966	0.0010403993553457186
-3.8327430373795477	0.0010472776490329599
-3.817035074111599	0.0010542255640476916
-3.8013271108436495	0.0010612440588864177
-3.7856191475757006	0.0010683341088585493
-3.7699111843077517	0.001075496706446854
-3.754203221039803	0.0010827328616769018
-3.738495257771854	0.0010900436024961087
-3.7227872945039047	0.0010974299751623378
-3.707079331235956	0.001104893044642625
-3.691371367968007	0.0011124338950221347
-3.675663404700058	0.0011200536299237863
-3.659955441432109	0.0011277533729387485
-3.64424747816416	0.0011355342680682697
-3.628539514896211	0.0011433974801770346
-3.612831551628262	0.0011513441954585685
-3.597123588360313	0.0011593756219128754
-3.5814156250923643	0.0011674929898368713
-3.565707661824415	0.0011756975523278521
-3.549999698556466	0.0011839905858004967
-3.5342917352885173	0.0011923733905177469
-3.5185837720205684	0.0012008472911361726
-3.5028758087526195	0.001209413637266003
-3.48716784548467	0.0012180738040465067
-3.4714598822167213	0.0012268291927371548
-3.4557519189487724	0.0012356812313250303
-3.4400439556808236	0.0012446313751490053
-3.4243359924128747	0.001253681107541293
-3.4086280291449254	0.00126283194048684
-3.3929200658769765	0.0012720854153012032
-3.3772121026090276	0.0012814431033275212
-3.3615041393410787	0.0012909066066531321
-3.34579617607313	0.001300477558846546
-3.3300882128051805	0.0013101576257154581
-3.3143802495372316	0.0013199485060864196
-3.2986722862692828	0.001329851932606981
-3.282964323001334	0.0013398696725709634
-3.267256359733385	0.001350003528767773
-3.2515483964654357	0.0013602553403563782
-3.235840433197487	0.0013706269837650143
-3.220132469929538	0.0013811203736172515
-3.204424506661589	0.001391737463685559
-3.18871654339364	0.0014024802478731222
-3.173008580125691	0.0014133507612250152
-3.157300616857742	0.0014243510809697052
-3.141592653589793	0.0014354833275919251
-3.1258846903218442	0.0014467496659380428
-3.1101767270538954	0.0014581523063550966
-3.094468763785946	0.001469693505864622
-3.078760800517997	0.00148137556937256
-3.0630528372500483	0.0014932008509165543
-3.0473448739820994	0.0015051717549519022
-3.0316369107141505	0.0015172907376776546
-3.015928947446201	0.001529560308404225
-3.0002209841782523	0.0015419830309641935
-2.9845130209103035	0.001554561525167526
-2.9688050576423546	0.0015672984683033993
-2.9530970943744057	0.001580196596689842
-2.9373891311064564	0.0015932587072731994
-2.9216811678385075	0.0016064876592794236
-2.9059732045705586	0.001619886375918782
-2.8902652413026098	0.00163345784614637
-2.874557278034661	0.0016472051264803515
-2.8588493147667116	0.00166113134288009
-2.8431413514987627	0.0016752396926867413
-2.827433388230814	0.001689533446628346
-2.811725424962865	0.0017040159508923676
-2.796017461694916	0.0017186906292677203
-2.7803094984269667	0.0017335609853597522
-2.764601535159018	0.0017486306048804538
-2.748893571891069	0.001763903158017171
-2.73318560862312	0.0017793824018828494
-2.7174776453551712	0.0017950721830512248
-2.701769682087222	0.0018109764401803058
-2.686061718819273	0.001827099206727574
-2.670353755551324	0.0018434446137610048
-2.6546457922833753	0.0018600168928695525
-2.6389378290154264	0.0018768203791773245
-2.623229865747477	0.0018938595144657366
-2.607521902479528	0.0019111388504081765
-2.5918139392115793	0.0019286630519219203
-2.5761059759436304	0.0019464369006422233
-2.5603980126756816	0.001964465298523789
-2.5446900494077322	0.0019827532715751594
-2.5289820861397834	0.0020013059737316
-2.5132741228718345	0.0020201286908726047
-2.4975661596038856	0.002039226844990302
-2.4818581963359367	0.0020586059985153375
-2.4661502330679874	0.002078271858807187
-2.4504422698000385	0.0020982302828163506
-2.4347343065320897	0.002118487281925831
-2.419026343264141	0.002139049026980204
-2.403318379996192	0.0021599218535106983
-2.3876104167282426	0.0021811122671651618
-2.3719024534602937	0.0022026269493523546
-2.356194490192345	0.0022244727631104745
-2.340486526924396	0.0022466567592102117
-2.324778563656447	0.0022691861825035377
-2.3090706003884978	0.0022920684785294665
-2.293362637120549	0.002315311300389291
-2.2776546738526	0.0023389225159038216
-2.261946710584651	0.002362910215066421
-2.2462387473167023	0.002387282717806104
-2.230530784048753	0.0024120485820754525
-2.214822820780804	0.0024372166122798382
-2.199114857512855	0.002462795868064244
-2.1834068942449063	0.002488795673475784
-2.1676989309769574	0.0025152256265205813
-2.151990967709008	0.0025420956091348717
-2.1362830044410592	0.0025694157975913786
-2.1205750411731104	0.0025971966733632323
-2.1048670779051615	0.002625449034468864
-2.0891591146372126	0.002654184007322971
-2.0734511513692633	0.0026834130591197884
-2.0577431881013144	0.002713148010776901
-2.0420352248333655	0.0027434010504690603
-2.0263272615654166	0.0027741847477837003
-2.0106192982974678	0.0028055120685315104
-1.9949113350295187	0.002837396390247568
-1.9792033717615696	0.0028698515184208072
-1.9634954084936207	0.0029028917034918337
-1.9477874452256718	0.002936531658661775
-1.9320794819577227	0.0029707865785576154
-1.9163715186897738	0.0030056721588019165
-1.9006635554218247	0.0030412046165387463
-1.8849555921538759	0.003077400711970283
-1.869247628885927	0.0031142777709626287
-1.853539665617978	0.0031518537087826476
-1.837831702350029	0.0031901470550329113
-1.82212373908208	0.0032291769798548403
-1.806415775814131	0.003268963321476312
-1.7907078125461822	0.003309526615184267
-1.774999849278233	0.003350888123809017
-1.7592918860102842	0.0033930698698125964
-1.743583922742335	0.0034360946690800646
-1.7278759594743862	0.0034799861665203193
-1.7121679962064373	0.0035247688735894496
-1.6964600329384882	0.003570468207858826
-1.6807520696705394	0.003617110534758783
-1.6650441064025903	0.003664723211637801
-1.6493361431346414	0.0037133346342886862
-1.6336281798666925	0.0037629742861029977
-1.6179202165987434	0.003813672790028949
-1.6022122533307945	0.0038654619635197195
-1.5865042900628454	0.003918374876674743
-1.5707963267948966	0.0039724459137917235
-1.5550883635269477	0.00402771083856438
-1.5393804002589986	0.0040842068631792156
-1.5236724369910497	0.004141972721585875
-1.5079644737231006	0.004201048747236515
-1.4922565104551517	0.004261476955614852
-1.4765485471872029	0.004323301131901554
-1.4608405839192538	0.004386566924151378
-1.4451326206513049	0.004451321942389468
-1.4294246573833558	0.004517615864068996
-1.413716694115407	0.00458550054636917
-1.398008730847458	0.004655030145856656
-1.382300767579509	0.004726261246076314
-1.36659280431156	0.004799252993690506
-1.350884841043611	0.004874067243839335
-1.335176877775662	0.0049507687154568495
-1.3194689145077132	0.005029425157344858
-1.303760951239764	0.005110107525881002
-1.2880529879718152	0.005192890175319173
-1.2723450247038661	0.0052778510617327926
-1.2566370614359172	0.005365071961751028
-1.2409290981679684	0.0054546387073506515
-1.2252211349000193	0.005546641438090392
-1.2095131716320704	0.005641174872312866
-1.1938052083641213	0.0057383385989925135
-1.1780972450961724	0.005838237392080278
-1.1623892818282235	0.005940981549385985
-1.1466813185602744	0.0060466872582539966
-1.1309733552923256	0.00615547699052676
-1.1152653920243765	0.006267479929558499
-1.0995574287564276	0.006382832432342709
-1.0838494654884787	0.0065016785301547355
-1.0681415022205296	0.006624170471491602
-1.0524335389525807	0.006750469311520185
-1.0367255756846316	0.0068807455527281755
-1.0210176124166828	0.007015179842021735
-1.0053096491487339	0.007153963730132481
-0.9896016858807848	0.007297300499901525
-0.9738937226128359	0.007445406070808225
-0.9581857593448869	0.007598509988022773
-0.9424777960769379	0.007756856505302133
-0.926769832808989	0.007920705772238211
-0.91106186954104	0.008090335137727982
-0.8953539062730911	0.008266040583101347
-0.8796459430051421	0.008448138300140177
-0.8639379797371931	0.008636966431296755
-0.8482300164692441	0.008832886991818948
-0.8325220532012951	0.009036287996265909
-0.8168140899333463	0.009247585815126642
-0.8011061266653973	0.009467227791010785
-0.7853981633974483	0.009695695148268728
-0.7696902001294993	0.009933506235038168
-0.7539822368615503	0.01018122014275339
-0.7382742735936014	0.010439440755267154
-0.7225663103256524	0.010708821288146576
-0.7068583470577035	0.010990069388691345
-0.6911503837897545	0.011283952879109313
-0.6754424205218055	0.01159130623951078
-0.6597344572538566	0.011913037944455394
-0.6440264939859076	0.012250138787375
-0.6283185307179586	0.0126036913520561
-0.6126105674500096	0.012974880820329963
-0.5969026041820606	0.013365007341111962
-0.5811946409141118	0.013775500231885195
-0.5654866776461628	0.014207934354612426
-0.5497787143782138	0.014664049091014713
-0.5340707511102648	0.015145770366793493
-0.5183627878423158	0.015655236303686485
-0.5026548245743669	0.016194827320873902
-0.48694686130641796	0.016767201643194587
-0.47123889803846897	0.017375337407885084
-0.45553093477052	0.018022582932418502
-0.43982297150257105	0.018712717191350963
-0.42411500823462206	0.019450023224774213
-0.4084070449666731	0.020239378163421154
-0.39269908169872414	0.0210863649219991
-0.37699111843077515	0.02199741264344972
-0.3612831551628262	0.0229799761992514
-0.34557519189487723	0.024042771026800358
-0.3298672286269283	0.0251960898459375
-0.3141592653589793	0.026452237486601138
-0.2984513020910303	0.027826139560806224
-0.2827433388230814	0.029336226115452908
-0.2670353755551324	0.031005739209305917
-0.25132741228718347	0.032864624147343764
-0.23561944901923448	0.03495187276258701
-0.21991148575128552	0.037316568735305665
-0.20420352248333656	0.04000967894786946
-0.18849555921538758	0.04304535085285047
-0.17278759594743862	0.04633156455306859
-0.15707963267948966	0.04973297610857734
-0.1413716694115407	0.05334540936145515
-0.12566370614359174	0.05747519841744963
-0.10995574287564276	0.062385130591274915
-0.09424777960769379	0.06827121093907543
-0.07853981633974483	0.07534918047951905
-0.06283185307179587	0.08391227886999345
-0.047123889803846894	0.09435870000155307
-0.031415926535897934	0.10717544763780755
-0.015707963267948967	0.1228273948205193
0.0	0.14171322752217846
0.015707963267948967	0.16482390036292602
0.031415926535897934	0.19457662531903097
0.047123889803846894	0.23459986265555585
0.06283185307179587	0.2898426609596876
0.07853981633974483	0.36767017390482887
0.09424777960769379	0.4792549093153304
0.10995574287564276	0.6399913755588698
0.12566370614359174	0.8637391923155986
0.1413716694115407	1.1360445119052611
0.15707963267948966	1.3602373558647747
0.17278759594743862	1.3798838461776795
0.18849555921538758	1.179580093079755
0.20420352248333656	0.9109977655303347
0.21991148575128552	0.68500415811037
0.23561944901923448	0.5234341315075178
0.25132741228718347	0.4135959861883371
0.2670353755551324	0.3394592100837826
0.2827433388230814	0.2893115602083305
0.2984513020910303	0.25601201870170426
0.3141592653589793	0.23523800622280688
0.3298672286269283	0.22344219251873093
0.34557519189487723	0.21679927902127438
0.3612831551628262	0.2129508285423052
0.37699111843077515	0.21299547960507806
0.39269908169872414	0.21909993174897494
0.4084070449666731	0.23264970602995458
0.42411500823462206	0.2548591076994125
0.43982297150257105	0.2878020875827888
0.45553093477052	0.3353357619338861
0.47123889803846897	0.4037906686039132
0.48694686130641796	0.5030063073548341
0.5026548245743669	0.6477538348720238
0.5183627878423158	0.8571591345030185
0.5340707511102648	1.1429703511069442
0.5497787143782138	1.4656524312458787
0.5654866776461628	1.673635943179034
0.5811946409141118	1.6034197837950253
0.5969026041820606	1.3200959630387155
0.6126105674500096	1.0115281627930375
0.6283185307179586	0.7705125154920375
0.6440264939859076	0.6037426703475471
0.6597344572538566	0.4935077887508281
0.6754424205218055	0.4230713425761266
0.6911503837897545	0.3814484299947377
0.7068583470577035	0.3624264217657067
0.7225663103256524	0.3633054647894561
0.7382742735936014	0.38490086896919334
0.7539822368615503	0.43195397931701107
0.7696902001294993	0.5125914641312664
0.7853981633974483	0.634810168067923
0.8011061266653973	0.791435246754729
0.8168140899333463	0.9274265152878869
0.8325220532012951	0.9482123330095455
0.8482300164692441	0.8405105559058993
0.8639379797371931	0.6959093654628092
0.8796459430051421	0.5847136055982779
0.8953539062730911	0.5217826563255586
0.91106186954104	0.4927285461900648
0.926769832808989	0.4671091592140706
0.9424777960769379	0.4218247160641853
0.9581857593448869	0.3663198336460081
0.9738937226128359	0.31998078334416546
0.9896016858807848	0.28977698287814535
1.0053096491487339	0.2744037691531648
1.0210176124166828	0.2715880559933528
1.0367255756846316	0.28105318931512185
1.0524335389525807	0.30414167839795153
1.0681415022205296	0.34175349251572656
1.0838494654884787	0.39033026703245344
1.0995574287564276	0.4409764774160066
1.1152653920243765	0.4928589453603749
1.1309733552923256	0.5604789133630479
1.1466813185602744	0.6517434925046081
1.1623892818282235	0.7427103808974449
1.1780972450961724	0.792376582715822
1.1938052083641213	0.8074005171815183
1.2095131716320704	0.8361667936383056
1.2252211349000193	0.9051432934519872
1.2409290981679684	0.9918897504279163
1.2566370614359172	1.0226720426359064
1.2723450247038661	0.9582898679389668
1.2880529879718152	0.861252271653753
1.303760951239764	0.802638600068527
1.3194689145077132	0.7999649119845407
1.335176877775662	0.823142807941422
1.350884841043611	0.8156997234931735
1.36659280431156	0.7611288695996449
1.382300767579509	0.7036214523308932
1.398008730847458	0.6835630751076802
1.413716694115407	0.7160206852007842
1.4294246573833558	0.8025850042325473
1.4451326206513049	0.9299307909594807
1.4608405839192538	1.0665342795837207
1.4765485471872029	1.1787751874319956
1.4922565104551517	1.228719505697611
1.5079644737231006	1.2078243242757614
1.5236724369910497	1.1847815463891285
1.5393804002589986	1.2205036056395302
1.5550883635269477	1.2962006254630856
1.5707963267948966	1.3369155610194976
1.5865042900628454	1.3181528997109055
1.6022122533307945	1.2819509920395586
1.6179202165987434	1.2356407181221756
1.6336281798666925	1.158714294739347
1.6493361431346414	1.0522544047659106
1.6650441064025903	0.9229675913931644
1.6807520696705394	0.7750935889560668
1.6964600329384882	0.6366407874072324
1.7121679962064373	0.5319675583551238
1.7278759594743862	0.46418836792400836
1.743583922742335	0.42743387513691206
1.7592918860102842	0.4159264963487553
1.774999849278233	0.4261377494013956
1.7907078125461822	0.4577501841325833
1.806415775814131	0.5125463884253001
1.82212373908208	0.5935296938070599
1.837831702350029	0.6968390962104416
1.853539665617978	0.7938707471652207
1.869247628885927	0.8488606812368387
1.8849555921538759	0.849308430616906
1.9006635554218247	0.7943230398623974
1.9163715186897738	0.704183825636116
1.9320794819577227	0.6148238996206677
1.9477874452256718	0.5440740214604625
1.9634954084936207	0.48065668700181735
1.9792033717615696	0.411628779354832
1.9949113350295187	0.34482177338691694
2.0106192982974678	0.29306313793256605
2.0263272615654166	0.26034022835801385
2.0420352248333655	0.2453276391301017
2.0577431881013144	0.24528681379204775
2.0734511513692633	0.2546825332264385
2.0891591146372126	0.2611792499877031
2.1048670779051615	0.2521156608940651
2.1205750411731104	0.23177615143132363
2.1362830044410592	0.21489609016421996
2.151990967709008	0.21016835282458834
2.1676989309769574	0.2188724693659357
2.1834068942449063	0.2364700311400612
2.199114857512855	0.2526988535828673
2.214822820780804	0.25914152126713424
2.230530784048753	0.2556305631978104
2.2462387473167023	0.24364178748429488
2.261946710584651	0.22295639393474723
2.2776546738526	0.1991331310250555
2.293362637120549	0.181459086823717
2.3090706003884978	0.1731249077004255
2.324778563656447	0.1693089067857733
2.340486526924396	0.16094883981174402
2.356194490192345	0.14590883570770102
2.3719024534602937	0.1307121639918366
2.3876104167282426	0.12017322909621236
2.403318379996192	0.11517139910051204
2.419026343264141	0.11427461024619073
2.4347343065320897	0.11469576576805339
2.4504422698000385	0.11515076479982297
2.4661502330679874	0.11573291808419855
2.4818581963359367	0.11619308986220937
2.4975661596038856	0.1179159116479655
2.5132741228718345	0.12353350752617141
2.5289820861397834	0.13383232720992305
2.5446900494077322	0.14767632067857453
2.5603980126756816	0.16445249010449328
2.5761059759436304	0.18573082002758476
2.5918139392115793	0.20966068148311318
2.607521902479528	0.2226195268205532
2.623229865747477	0.21269564653928627
2.6389378290154264	0.18914654737402348
2.6546457922833753	0.16693943900444677
2.670353755551324	0.1507673223693917
2.686061718819273	0.13741670203527015
2.701769682087222	0.12402386942794727
2.7174776453551712	0.11265234628268515
2.73318560862312	0.10567063232948978
2.748893571891069	0.10301730871429787
2.764601535159018	0.1026380576166691
2.7803094984269667	0.100319023599434
2.796017461694916	0.09271514406693657
2.811725424962865	0.0807079163181391
2.827433388230814	0.06770702025642777
2.8431413514987627	0.05648592238763535
2.8588493147667116	0.04781034960151916
2.874557278034661	0.04129200230017193
2.8902652413026098	0.036485293902841914
2.9059732045705586	0.0330630211675523
2.9216811678385075	0.03071574500041649
2.9373891311064564	0.029178409213719596
2.9530970943744057	0.028259043845525078
2.9688050576423546	0.027804367107448793
2.9845130209103035	0.027566724767851238
3.0002209841782523	0.027151320762302186
3.015928947446201	0.026208470178839906
3.0316369107141505	0.024766560081417043
3.0473448739820994	0.023301579975906345
3.0630528372500483	0.022169305169715173
3.078760800517997	0.02123156815628679
3.094468763785946	0.020085874166621207
3.1101767270538954	0.01866134870728221
3.1258846903218442	0.017207552306406422
3.141592653589793	0.01590723831596526
3.157300616857742	0.014842108868867178
3.173008580125691	0.014049128141431685
3.18871654339364	0.01352235554032323
3.204424506661589	0.013230809190889448
3.220132469929538	0.01312111148957381
3.235840433197487	0.013112796481227621
3.2515483964654357	0.013049185834424793
3.267256359733385	0.012694109916863679
3.282964323001334	0.012043563700348394
3.2986722862692828	0.011359142828201909
3.3143802495372316	0.010807009797789036
3.3300882128051805	0.010371008740415183
3.34579617607313	0.009959582263950903
3.3615041393410787	0.009546439457944778
3.3772121026090276	0.009180636953103033
3.3929200658769765	0.008878350666406985
3.4086280291449254	0.008602120217140487
3.4243359924128747	0.008320791242211094
3.4400439556808236	0.008038659551581206
3.4557519189487724	0.007767719626468716
3.4714598822167213	0.007519694970180063
3.48716784548467	0.007302497767402894
3.5028758087526195	0.007117341396054744
3.5185837720205684	0.006959272397251893
3.5342917352885173	0.006817836099726477
3.549999698556466	0.006688990762449975
3.565707661824415	0.006582583804528907
3.5814156250923643	0.00650944322054274
3.597123588360313	0.006468692713224405
3.612831551628262	0.006441459645134024
3.628539514896211	0.006400832921140946
3.64424747816416	0.00634134006144292
3.659955441432109	0.006281631153239254
3.675663404700058	0.006232905281163485
3.691371367968007	0.006192812427566446
3.707079331235956	0.006130348047935163
3.7227872945039047	0.0059854290870526876
3.738495257771854	0.0057570119332924965
3.754203221039803	0.005516114714040073
3.7699111843077517	0.005310773861510976
3.7856191475757006	0.005145102368840373
3.8013271108436495	0.005004805438990137
3.817035074111599	0.004877894679536523
3.8327430373795477	0.004762919862006723
3.8484510006474966	0.004660138615081239
3.8641589639154454	0.004566100775950991
3.8798669271833943	0.004477790835267034
3.8955748904513436	0.004394645049770924
3.9112828537192925	0.004315979222166178
3.9269908169872414	0.004240772531041692
3.9426987802551903	0.004168757026974907
3.958406743523139	0.004100194005801633
3.9741147067910885	0.004035070865989252
3.9898226700590373	0.003972766744762613
4.005530633326986	0.003912532141795074
4.0212385965949355	0.0038540547906485787
4.036946559862884	0.0037977256144649725
4.052654523130833	0.0037439064866437994
4.068362486398782	0.003692117527439799
4.084070449666731	0.003641118064925956
4.09977841293468	0.0035902552884765414
4.115486376202629	0.0035401822565233223
4.131194339470578	0.0034914099221237836
4.146902302738527	0.0034436474810040233
4.162610266006476	0.003396678315661688
4.178318229274425	0.0033507510551730097
4.194026192542374	0.003306157086380779
4.209734155810323	0.003263024469521525
4.225442119078272	0.003221305467224122
4.241150082346221	0.003180794302701289
4.25685804561417	0.0031411416736361634
4.2725660088821185	0.003102114658970227
4.288273972150067	0.0030638420784315713
4.303981935418016	0.003026489687415233
4.319689898685965	0.0029900043634360847
4.335397861953915	0.0029541740511578396
4.351105825221864	0.0029187683408830756
4.366813788489813	0.0028838269920448724
4.3825217517577615	0.0028495651950663247
4.39822971502571	0.002816066692642642
4.413937678293659	0.0027833033173157583
4.429645641561608	0.002751240844797789
4.445353604829557	0.0027198510953718486
4.461061568097506	0.002689103269968649
4.476769531365456	0.0026589693247232285
4.4924774946334045	0.002629427831172315
4.508185457901353	0.002600459413874056
4.523893421169302	0.0025720383828194307
4.539601384437251	0.0025441258705588866
4.5553093477052	0.0025166655006321217
4.571017310973149	0.0024896238314847685
4.586725274241098	0.0024630273564519717
4.602433237509047	0.0024368899815608662
4.6181412007769955	0.002411172212552546
4.633849164044944	0.0023858458780476456
4.649557127312894	0.0023609305557843775
4.665265090580843	0.0023364446178377523
4.680973053848792	0.0023123824860183492
4.696681017116741	0.0022887281331410237
4.71238898038469	0.002265467658113272
4.7280969436526386	0.0022425898691852794
4.743804906920587	0.002220083950908313
4.759512870188536	0.002197940056566371
4.775220833456485	0.002176148833792601
4.790928796724435	0.0021547003440510045
4.806636759992384	0.0021335851095599548
4.822344723260333	0.002112795977039629
4.838052686528282	0.0020923268733237434
4.8537606497962305	0.002072171094387738
4.869468613064179	0.0020523213389929394
4.885176576332128	0.002032770405914458
4.900884539600077	0.0020135118925758894
4.916592502868026	0.0019945399071838016
4.932300466135975	0.0019758485480931296
4.948008429403924	0.0019574319210558487
4.9637163926718735	0.0019392842653409177
4.979424355939822	0.0019213999972538338
4.995132319207771	0.0019037737086624604
5.01084028247572	0.0018864001537997133
5.026548245743669	0.0018692742380835557
5.042256209011618	0.0018523910097993795
5.057964172279567	0.0018357456531079015
5.073672135547516	0.0018193334819329389
5.0893800988154645	0.0018031499345526254
5.105088062083414	0.0017871905687332668
5.120796025351363	0.0017714510572792545
5.136503988619312	0.0017559271839092312
5.152211951887261	0.0017406148393981635
5.16791991515521	0.0017255100179429058
5.183627878423159	0.0017106088137210944
5.1993358416911075	0.001695907417621371
5.215043804959056	0.0016814021141274744
5.230751768227005	0.0016670892783429167
5.246459731494954	0.0016529653731449853
5.262167694762903	0.0016390269464586023
5.277875658030853	0.0016252706286424467
5.293583621298802	0.0016116931299798984
5.3092915845667505	0.00159829123826886
5.324999547834699	0.0015850618165049214
5.340707511102648	0.0015720018006528005
5.356415474370597	0.001559108197501467
5.372123437638546	0.0015463780825987002
5.387831400906495	0.0015338085982613682
5.403539364174444	0.0015213969516576506
5.419247327442394	0.00150914041295787
5.4349552907103424	0.001497036313550959
5.450663253978291	0.00148508204432336
5.46637121724624	0.001473275053997847
5.482079180514189	0.0014616128475294513
5.497787143782138	0.0014500929845562944
5.513495107050087	0.001438713077902743
5.529203070318036	0.0014274707921328922
5.544911033585985	0.0014163638421522372
5.5606189968539335	0.001405389991855531
5.576326960121882	0.001394547052819064
5.592034923389832	0.0013838328830354874
5.607742886657781	0.001373245385689583
5.62345084992573	0.001362782507973318
5.639158813193679	0.001352442239938663
5.654866776461628	0.001342222613386832
5.6705747397295765	0.001332121700792326
5.686282702997525	0.001322137614260775
5.701990666265474	0.0013122685045189651
5.717698629533423	0.0013025125599361786
5.733406592801373	0.001292868005575435
5.749114556069322	0.0012833331022737522
5.764822519337271	0.0012739061457501442
5.7805304826052195	0.001264585465740564
5.796238445873168	0.0012553694251587302
5.811946409141117	0.0012462564192818673
5.827654372409066	0.001237244874960599
5.843362335677015	0.0012283332498520356
5.859070298944964	0.0012195200316753143
5.874778262212913	0.0012108037374887885
5.890486225480862	0.0012021829129881172
5.906194188748811	0.0011936561318245573
5.92190215201676	0.0011852219949427406
5.937610115284709	0.0011768791299372782
5.953318078552658	0.0011686261904276733
5.969026041820607	0.001160461855450692
5.984734005088556	0.001152384828869844
6.000441968356505	0.0011443938388013255
6.0161499316244536	0.0011364876370557836
6.031857894892402	0.0011286649985956187
6.047565858160352	0.0011209247210070478
6.063273821428301	0.00111326562398663
6.07898178469625	0.0011056865488417976
6.094689747964199	0.0010981863580047928
6.110397711232148	0.0010907639345597723
6.126105674500097	0.0010834181817824893
6.1418136377680455	0.0010761480226923195
6.157521601035994	0.0010689523996161255
6.173229564303943	0.0010618302737636246
6.188937527571892	0.0010547806248139278
6.204645490839841	0.0010478024505129054
6.220353454107791	0.0010408947662809997
6.23606141737574	0.0010340566048312309
6.2517693806436885	0.0010272870157969943
6.267477343911637	0.0010205850653695137
6.283185307179586	0.0010139498359444717
6.298893270447535	0.0010073804257776395
6.314601233715484	0.0010008759486493145
6.330309196983433	0.0009944355335370922
6.346017160251382	0.0009880583242969578
6.3617251235193315	0.0009817434793523141
6.37743308678728	0.0009754901713907236
6.393141050055229	0.0009692975870682249
6.408849013323178	0.0009631649267208752
6.424556976591127	0.0009570914040834596
6.440264939859076	0.0009510762460150082
6.455972903127025	0.0009451186922310613
6.471680866394974	0.000939217995042398
6.4873888296629225	0.0009333734191000828
6.503096792930871	0.0009275842411466745
6.51880475619882	0.00092184974977334
6.53451271946677	0.0009161692451828371
6.550220682734719	0.0009105420389580902
6.565928646002668	0.0009049674538362403
6.581636609270617	0.0008994448234880459
6.5973445725385655	0.0008939734923024581
6.613052535806514	0.0008885528151762361
6.628760499074463	0.0008831821573084596
6.644468462342412	0.0008778608939998036
6.660176425610361	0.0008725884104564994
6.675884388878311	0.0008673641015987546
6.69159235214626	0.0008621873718735838
6.707300315414209	0.000857057635071954
6.7230082786821574	0.0008519743141500479
6.738716241950106	0.0008469368410546037
6.754424205218055	0.0008419446565521925
6.770132168486004	0.0008369972100623639
6.785840131753953	0.0008320939594944745
6.801548095021902	0.000827234371088251
6.817256058289851	0.0008224179192578206
6.8329640215578	0.0008176440864392516
6.848671984825749	0.0008129123629414329
6.864379948093698	0.0008082222468002535
6.880087911361647	0.0008035732436360064
6.895795874629596	0.0007989648665138126
6.911503837897545	0.0007943966358072455
6.927211801165494	0.0007898680790647531
6.942919764433443	0.0007853787308790547
6.9586277277013915	0.0007809281327593609
6.97433569096934	0.0007765158330062997
6.99004365423729	0.0007721413865895083
7.005751617505239	0.0007678043550278994
7.021459580773188	0.0007635043062724161
7.037167544041137	0.0007592408145912717
7.052875507309086	0.0007550134604576415
7.0685834705770345	0.0007508218304396947
7.084291433844983	0.0007466655170929315
7.099999397112932	0.0007425441188547832
7.115707360380881	0.000738457239941383
7.13141532364883	0.0007344044902465133
7.147123286916779	0.0007303854852425919
7.162831250184729	0.0007263998458837501
7.1785392134526775	0.0007224471985108681
7.194247176720626	0.0007185271747585781
7.209955139988575	0.0007146394114641377
7.225663103256524	0.0007107835505781723
7.241371066524473	0.0007069592390772289
7.257079029792422	0.0007031661288781024
7.272786993060371	0.0006994038767538524
7.28849495632832	0.0006956721442515583
7.304202919596269	0.0006919705976116693
7.319910882864218	0.0006882989076890003
7.335618846132167	0.0006846567498752832
7.351326809400116	0.0006810438040232382
7.367034772668065	0.0006774597543721838
7.382742735936014	0.0006739042894750613
7.398450699203963	0.0006703771021269506
7.414158662471912	0.0006668778892949187
7.4298666257398605	0.0006634063520492916
7.445574589007809	0.0006599621954962438
7.461282552275758	0.0006565451287116665
7.476990515543708	0.0006531548646763728
7.492698478811657	0.0006497911202125019
7.508406442079606	0.0006464536159211532
7.524114405347555	0.0006431420761212369
7.5398223686155035	0.0006398562287894719
7.555530331883452	0.000636595805501519
7.571238295151401	0.0006333605413742687
7.58694625841935	0.0006301501750091727
7.602654221687299	0.0006269644484366754
7.618362184955249	0.0006238031070616803
7.634070148223198	0.0006206658996100436
7.6497781114911465	0.0006175525780760586
7.665486074759095	0.000614462897670929
7.681194038027044	0.0006113966167721933
7.696902001294993	0.0006083534968740937
7.712609964562942	0.0006053333025388519
7.728317927830891	0.0006023358013488396
7.74402589109884	0.0005993607638596563
7.759733854366789	0.000596407963554026
7.7754418176347375	0.0005934771767965623
7.791149780902687	0.0005905681827893503
7.806857744170636	0.0005876807635283382
7.822565707438585	0.0005848147037605078
7.838273670706534	0.0005819697909418225
7.853981633974483	0.0005791458151959524
7.869689597242432	0.0005763425692737071
7.8853975605103805	0.0005735598485132113
7.901105523778329	0.000570797450800805
7.916813487046278	0.0005680551765326087
7.932521450314228	0.0005653328285767917
7.948229413582177	0.0005626302122365173
7.963937376850126	0.0005599471352135103
7.979645340118075	0.0005572834075722956
7.995353303386024	0.0005546388417050592
8.011061266653972	0.0005520132522971019
8.026769229921921	0.000549406456292927
8.042477193189871	0.0005468182728629
8.058185156457819	0.000544248523370493
8.073893119725769	0.0005416970313400919
8.089601082993717	0.0005391636224253764
8.105309046261667	0.0005366481243782106
8.121017009529615	0.0005341503670181064
8.136724972797564	0.0005316701822021788
8.152432936065512	0.0005292074037956439
8.168140899333462	0.0005267618676427874
8.183848862601412	0.000524333411538463
8.19955682586936	0.0005219218752000274
8.21526478913731	0.0005195271002398078
8.230972752405258	0.0005171489301379723
8.246680715673207	0.0005147872102159162
8.262388678941155	0.0005124417876100385
8.278096642209105	0.0005101125112460049
8.293804605477053	0.0005077992318134059
8.309512568745003	0.0005055018017408576
8.325220532012953	0.0005032200751715084
8.3409284952809	0.0005009539079389484
8.35663645854885	0.0004987031575435194
8.372344421816798	0.0004964676831290229
8.388052385084748	0.0004942473454597946
8.403760348352696	0.0004920420068981693
8.419468311620646	0.0004898515313823102
8.435176274888594	0.0004876757844043942
8.450884238156544	0.0004855146329891569
8.466592201424492	0.00048336794567278624
8.482300164692441	0.0004812355924821554
8.498008127960391	0.00047911744491439844
8.51371609122834	0.0004770133759168028
8.529424054496289	0.0004749232598670267
8.545132017764237	0.00047284697255365124
8.560839981032187	0.0004707843911570158
8.576547944300135	0.0004687353942303816
8.592255907568084	0.00046669986168138813
8.607963870836032	0.0004646776747537919
8.623671834103982	0.00046266871600951856
8.63937979737193	0.00046067286931097544
8.65508776063988	0.0004586900198036506
8.67079572390783	0.0004567200538989944
8.686503687175778	0.00045476285925755665
8.702211650443727	0.00045281832477239817
8.717919613711675	0.0004508863405527483
8.733627576979625	0.00044896679790792
8.749335540247573	0.00044705958933150295
8.765043503515523	0.00044516460848574655
8.780751466783471	0.0004432817501862384
8.79645943005142	0.0004414109103867859
8.81216739331937	0.0004395519861645381
8.827875356587318	0.00043770487570535347
8.843583319855268	0.00043586947828935113
8.859291283123216	0.00043404569427673255
8.874999246391166	0.0004322334250937812
8.890707209659114	0.0004304325732190949
8.906415172927064	0.00042864304217002044
8.922123136195012	0.00042686473648927825
8.937831099462962	0.00042509756173184044
8.953539062730911	0.0004233414244519371
8.96924702599886	0.0004215962321903012
8.984954989266809	0.00041986189346160336
9.000662952534757	0.00041813831774206354
9.016370915802707	0.00041642541545723713
9.032078879070655	0.00041472309797001576
9.047786842338605	0.0004130312775687795
9.063494805606553	0.0004113498674557219
9.079202768874502	0.00040967878173537464
9.09491073214245	0.00040801793540327843
9.1106186954104	0.000406367244334822
9.12632665867835	0.00040472662527425826
9.142034621946298	0.0004030959958238664
9.157742585214248	0.00040147527443328576
9.173450548482196	0.00039986438038899894
9.189158511750145	0.00039826323380396153
9.204866475018093	0.00039667175560740176
9.220574438286043	0.00039508986753473665
9.236282401553991	0.000393517492117676
9.25199036482194	0.000391954552674434
9.267698328089889	0.000390400973300088
9.283406291357839	0.00038885667885709595
9.299114254625788	0.0003873215949659272
9.314822217893736	0.0003857956479958354
9.330530181161686	0.0003842787650557737
9.346238144429634	0.00038277087398541117
9.361946107697584	0.00038127190334632296
9.377654070965532	0.0003797817824132444
9.393362034233482	0.00037830044116550737
9.40906999750143	0.00037682781027856255
9.42477796076938	0.00037536382111563613
9.44048592403733	0.000373908405719491
9.456193887305277	0.0003724614968043174
9.471901850573227	0.0003710230277477313
9.487609813841175	0.000369592932582881
9.503317777109125	0.000368171145990673
9.519025740377073	0.00036675760329209163
9.534733703645022	0.0003653522404406418
9.55044166691297	0.00036395499401489025
9.56614963018092	0.00036256580121109733
9.58185759344887	0.00036118459983597583
9.597565556716818	0.0003598113282995209
9.613273519984768	0.00035844592560796586
9.628981483252716	0.0003570883313568177
9.644689446520665	0.000355738485723985
9.660397409788613	0.0003543963294630162
9.676105373056563	0.0003530618038964171
9.691813336324511	0.0003517348509090611
9.707521299592461	0.00035041541294168727
9.723229262860409	0.0003491034329845022
9.738937226128359	0.00034779885457084103
9.754645189396308	0.00034650162177093805
9.770353152664256	0.0003452116791857687
9.786061115932206	0.0003439289719409775
9.801769079200154	0.00034265344568088825
9.817477042468104	0.0003413850465625961
9.833185005736052	0.00034012372125012826
9.848892969004002	0.00033886941690869956
9.86460093227195	0.0003376220811990303
9.8803088955399	0.0003363816622717425
9.896016858807847	0.0003351481087618397
9.911724822075797	0.0003339213697832425
9.927432785343747	0.00033270139492341604
9.943140748611695	0.00033148813423805124
9.958848711879645	0.0003302815382458251
9.974556675147593	0.0003290815579232269
9.990264638415542	0.000327888144699459
10.00597260168349	0.00032670125045138743
10.02168056495144	0.0003255208274985773
10.037388528219388	0.0003243468285983802
10.053096491487338	0.0003231792069410966
10.068804454755288	0.00032201791614518415
10.084512418023236	0.00032086291025254385
10.100220381291185	0.0003197141437238653
10.115928344559133	0.0003185715714340166
10.131636307827083	0.0003174351486675172
10.147344271095031	0.0003163048311140495
10.163052234362981	0.0003151805748640328
10.178760197630929	0.00031406233640426804
10.194468160898879	0.00031295007261360886
10.210176124166829	0.0003118437407587231
10.225884087434777	0.0003107432984898754
10.241592050702726	0.00030964870383678897
10.257300013970674	0.00030855991520454114
10.273007977238624	0.00030747689136952446
10.288715940506572	0.0003063995914754513
10.304423903774522	0.00030532797502941147
10.32013186704247	0.00030426200189797144
10.33583983031042	0.0003032016323033394
10.351547793578368	0.0003021468268195696
10.367255756846317	0.00030109754636879776
10.382963720114267	0.00030005375221755836
10.398671683382215	0.00029901540597311203
10.414379646650165	0.00029798246957984665
10.430087609918113	0.0002969549053157066
10.445795573186063	0.0002959326757886657
10.46150353645401	0.00029491574393326116
10.47721149972196	0.00029390407300714357
10.492919462989908	0.0002928976265876984
10.508627426257858	0.0002918963685686843
10.524335389525806	0.00029090026315692775
10.540043352793756	0.0002899092748690526
10.555751316061706	0.00028892336852824835
10.571459279329654	0.000287942509261083
10.587167242597603	0.00028696666249435147
10.602875205865551	0.0002859957939519598
10.618583169133501	0.0002850298696518511
10.634291132401449	0.0002840688559029727
10.649999095669399	0.0002831127193022681
10.665707058937347	0.00028216142673171297
10.681415022205297	0.0002812149453553891
10.697122985473246	0.0002802732426165919
10.712830948741194	0.0002793362862349643
10.728538912009144	0.000278404044203679
10.744246875277092	0.0002774764847866423
10.759954838545042	0.00027655357651573827
10.77566280181299	0.00027563528818810607
10.79137076508094	0.00027472158886344587
10.807078728348888	0.0002738124478613564
10.822786691616837	0.000272907834758707
10.838494654884787	0.00027200771938704304
10.854202618152735	0.0002711120718300172
10.869910581420685	0.00027022086242084844
10.885618544688633	0.00026933406173982385
10.901326507956583	0.0002684516406118119
10.91703447122453	0.0002675735701038243
10.93274243449248	0.0002666998215225814
10.948450397760428	0.0002658303664121389
10.964158361028378	0.00026496517655151324
10.979866324296326	0.00026410422395234764
10.995574287564276	0.0002632474808566026
11.011282250832226	0.0002623949197342779
11.026990214100174	0.00026154651328115687
11.042698177368123	0.0002607022344165714
11.058406140636071	0.0002598620562812023
11.074114103904021	0.0002590259522349033
11.08982206717197	0.0002581938958545464
11.105530030439919	0.0002573658609318921
11.121237993707867	0.0002565418214714859
11.136945956975817	0.00025572175168858165
11.152653920243765	0.0002549056260070821
11.168361883511714	0.00025409341905750457
11.184069846779664	0.00025328510567498256
11.199777810047612	0.00025248066089726684
11.215485773315562	0.0002516800599627665
11.23119373658351	0.00025088327830860655
11.24690169985146	0.0002500902915687139
11.262609663119408	0.0002493010755719086
11.278317626387357	0.0002485156063400383
11.294025589655305	0.00024773386008611673
11.309733552923255	0.00024695581321249066
11.325441516191205	0.0002461814423090262
11.341149479459153	0.0002454107241513157
11.356857442727103	0.00024464363569890417
11.37256540599505	0.00024388015409353373
11.388273369263	0.00024312025665741208
11.403981332530948	0.00024236392089149755
11.419689295798898	0.00024161112447380578
11.435397259066846	0.00024086184525772109
11.451105222334796	0.00024011606127035784
11.466813185602746	0.00023937375071090118
11.482521148870694	0.00023863489194899754
11.498229112138644	0.00023789946352314738
11.513937075406592	0.00023716744413911865
11.529645038674541	0.0002364388126683725
11.54535300194249	0.00023571354814652532
11.561060965210439	0.00023499162977179766
11.576768928478387	0.00023427303690351145
11.592476891746337	0.00023355774906057516
11.608184855014285	0.000232845745920011
11.623892818282235	0.0002321370073154778
11.639600781550184	0.00023143151323582167
11.655308744818132	0.00023072924382363863
11.671016708086082	0.00023003017937385387
11.68672467135403	0.00022933430033231195
11.70243263462198	0.0002286415872943936
11.718140597889928	0.00022795202100362992
11.733848561157878	0.00022726558235034697
11.749556524425826	0.00022658225237032618
11.765264487693775	0.00022590201224345375
11.780972450961723	0.00022522484329242474
11.796680414229673	0.00022455072698141952
11.812388377497623	0.00022387964491482983
11.82809634076557	0.00022321157883597274
11.84380430403352	0.00022254651062583505
11.859512267301469	0.0002218844223018193
11.875220230569418	0.00022122529601650766
11.890928193837366	0.00022056911405644836
11.906636157105316	0.00021991585884093074
11.922344120373264	0.0002192655129208019
11.938052083641214	0.00021861805897727883
11.953760046909164	0.00021797347982077154
11.969468010177112	0.00021733175838972715
11.985175973445061	0.00021669287774948696
12.00088393671301	0.00021605682109113907
12.01659189998096	0.00021542357173041376
12.032299863248907	0.00021479311310654807
12.048007826516857	0.00021416542878120932
12.063715789784805	0.0002135405024373871
12.079423753052755	0.00021291831787833488
12.095131716320704	0.00021229885902647902
12.110839679588652	0.0002116821099223909
12.126547642856602	0.00021106805472372544
12.14225560612455	0.00021045667770419027
12.1579635693925	0.00020984796325252707
12.173671532660448	0.00020924189587149774
12.189379495928398	0.00020863846017688437
12.205087459196346	0.00020803764089649088
12.220795422464295	0.0002074394228691711
12.236503385732243	0.00020684379104385416
12.252211349000193	0.00020625073047857606
12.267919312268143	0.000205660226339541
12.283627275536091	0.00020507226390017064
12.29933523880404	0.00020448682854017392
12.315043202071989	0.00020390390574462344
12.330751165339938	0.00020332348110304815
12.346459128607886	0.00020274554030852155
12.362167091875836	0.0002021700691567705
12.377875055143784	0.00020159705354528594
12.393583018411734	0.0002010264794724557
12.409290981679682	0.00020045833303668215
12.424998944947632	0.00019989260043553326
12.440706908215581	0.0001993292679648919
12.45641487148353	0.00019876832201810607
12.47212283475148	0.0001982097490851599
12.487830798019427	0.00019765353575184886
12.503538761287377	0.00019709966869896356
12.519246724555325	0.00019654813470147865
12.534954687823275	0.0001959989206277473
12.550662651091223	0.00019545201343871914
12.566370614359172	0.00019490740018714492
