-12.566370614359172	2.667608129582723e-6
-12.550662651091223	2.673761863894836e-6
-12.534954687823275	2.6799369672355085e-6
-12.519246724555325	2.6861335388964733e-6
-12.503538761287377	2.6923516787482123e-6
-12.487830798019427	2.698591487244054e-6
-12.47212283475148	2.7048530654242183e-6
-12.45641487148353	2.7111365149199547e-6
-12.440706908215581	2.717441937957821e-6
-12.424998944947632	2.7237694373636686e-6
-12.409290981679682	2.7301191165670485e-6
-12.393583018411734	2.736491079605395e-6
-12.377875055143784	2.7428854311284375e-6
-12.362167091875836	2.7493022764023575e-6
-12.346459128607886	2.7557417213143057e-6
-12.330751165339938	2.7622038723767413e-6
-12.315043202071989	2.7686888367319568e-6
-12.29933523880404	2.7751967221565362e-6
-12.283627275536091	2.7817276370657714e-6
-12.267919312268143	2.788281690518381e-6
-12.252211349000193	2.7948589922209824e-6
-12.236503385732243	2.8014596525327883e-6
-12.220795422464295	2.8080837824703274e-6
-12.205087459196346	2.8147314937120643e-6
-12.189379495928398	2.821402898603206e-6
-12.173671532660448	2.8280981101605058e-6
-12.1579635693925	2.834817242076994e-6
-12.14225560612455	2.8415604087270363e-6
-12.126547642856602	2.8483277251711405e-6
-12.110839679588652	2.8551193071608946e-6
-12.095131716320704	2.8619352711440238e-6
-12.079423753052755	2.868775734269357e-6
-12.063715789784805	2.87564081439198e-6
-12.048007826516857	2.8825306300784347e-6
-12.032299863248907	2.88944530061167e-6
-12.01659189998096	2.896384945996473e-6
-12.00088393671301	2.9033496869646408e-6
-11.985175973445061	2.910339644980267e-6
-11.969468010177112	2.9173549422451585e-6
-11.953760046909164	2.9243957017041278e-6
-11.938052083641214	2.931462047050565e-6
-11.922344120373264	2.9385541027318156e-6
-11.906636157105316	2.9456719939547844e-6
-11.890928193837366	2.952815846691502e-6
-11.875220230569418	2.959985787684726e-6
-11.859512267301469	2.96718194445372e-6
-11.84380430403352	2.974404445299801e-6
-11.82809634076557	2.9816534193123674e-6
-11.812388377497623	2.988928996374446e-6
-11.796680414229673	2.996231307168843e-6
-11.780972450961723	3.0035604831838894e-6
-11.765264487693775	3.010916656719511e-6
-11.749556524425826	3.018299960893179e-6
-11.733848561157878	3.0257105296461295e-6
-11.718140597889928	3.033148497749356e-6
-11.70243263462198	3.0406140008099724e-6
-11.68672467135403	3.048107175277264e-6
-11.671016708086082	3.055628158449126e-6
-11.655308744818132	3.0631770884784238e-6
-11.639600781550184	3.070754104379307e-6
-11.623892818282235	3.0783593460337925e-6
-11.608184855014285	3.0859929541982293e-6
-11.592476891746337	3.0936550705098723e-6
-11.576768928478387	3.101345837493526e-6
-11.561060965210439	3.10906539856835e-6
-11.54535300194249	3.1168138980544695e-6
-11.529645038674541	3.1245914811798315e-6
-11.513937075406592	3.13239829408719e-6
-11.498229112138644	3.1402344838409316e-6
-11.482521148870694	3.148100198434184e-6
-11.466813185602746	3.1559955867956746e-6
-11.451105222334796	3.163920798797172e-6
-11.435397259066846	3.171875985260378e-6
-11.419689295798898	3.1798612979644384e-6
-11.403981332530948	3.1878768896529903e-6
-11.388273369263	3.195922914041883e-6
-11.37256540599505	3.2039995258262845e-6
-11.356857442727103	3.2121068806884875e-6
-11.341149479459153	3.2202451353053063e-6
-11.325441516191205	3.228414447355847e-6
-11.309733552923255	3.2366149755291197e-6
-11.294025589655305	3.2448468795320216e-6
-11.278317626387357	3.2531103200970242e-6
-11.262609663119408	3.2614054589901763e-6
-11.24690169985146	3.269732459019067e-6
-11.23119373658351	3.2780914840410324e-6
-11.215485773315562	3.286482698971174e-6
-11.199777810047612	3.2949062697906495e-6
-11.184069846779664	3.303362363555035e-6
-11.168361883511714	3.311851148402521e-6
-11.152653920243765	3.3203727935626064e-6
-11.136945956975817	3.3289274693643927e-6
-11.121237993707867	3.3375153472454347e-6
-11.105530030439919	3.346136599760291e-6
-11.08982206717197	3.3547914005892645e-6
-11.074114103904021	3.363479924547394e-6
-11.058406140636071	3.372202347593182e-6
-11.042698177368123	3.3809588468378764e-6
-11.026990214100174	3.3897496005543295e-6
-11.011282250832226	3.3985747881863066e-6
-10.995574287564276	3.4074345903577517e-6
-10.979866324296326	3.41632918888209e-6
-10.964158361028378	3.425258766771687e-6
-10.948450397760428	3.434223508247382e-6
-10.93274243449248	3.443223598748136e-6
-10.91703447122453	3.4522592249407286e-6
-10.901326507956583	3.461330574729475e-6
-10.885618544688633	3.470437837266279e-6
-10.869910581420685	3.4795812029604323e-6
-10.854202618152735	3.488760863488807e-6
-10.838494654884787	3.4979770118060064e-6
-10.822786691616837	3.507229842154589e-6
-10.807078728348888	3.5165195500755012e-6
-10.79137076508094	3.5258463324185246e-6
-10.77566280181299	3.5352103873527055e-6
-10.759954838545042	3.5446119143772385e-6
-10.744246875277092	3.5540511143319928e-6
-10.728538912009144	3.5635281894086586e-6
-10.712830948741194	3.5730433431613413e-6
-10.697122985473246	3.582596780517986e-6
-10.681415022205297	3.5921887077913214e-6
-10.665707058937347	3.6018193326902804e-6
-10.649999095669399	3.6114888643312525e-6
-10.634291132401449	3.62119751324971e-6
-10.618583169133501	3.6309454914117366e-6
-10.602875205865551	3.640733012225819e-6
-10.587167242597603	3.6505602905546e-6
-10.571459279329654	3.6604275427268448e-6
-10.555751316061706	3.670334986549564e-6
-10.540043352793756	3.6802828413201036e-6
-10.524335389525806	3.6902713278385384e-6
-10.508627426257858	3.7003006684198487e-6
-10.492919462989908	3.710371086906904e-6
-10.47721149972196	3.7204828086826443e-6
-10.46150353645401	3.7306360606831052e-6
-10.445795573186063	3.7408310714103307e-6
-10.430087609918113	3.751068070945267e-6
-10.414379646650165	3.7613472909610187e-6
-10.398671683382215	3.771668964736168e-6
-10.382963720114267	3.7820333271680783e-6
-10.367255756846317	3.7924406147864697e-6
-10.351547793578368	3.802891065767143e-6
-10.33583983031042	3.8133849199458108e-6
-10.32013186704247	3.823922418831917e-6
-10.304423903774522	3.834503805622863e-6
-10.288715940506572	3.845129325218162e-6
-10.273007977238624	3.855799224233789e-6
-10.257300013970674	3.866513751016798e-6
-10.241592050702726	3.877273155659786e-6
-10.225884087434777	3.8880776900158355e-6
-10.210176124166829	3.898927607713434e-6
-10.194468160898879	3.909823164171515e-6
-10.178760197630929	3.920764616614806e-6
-10.163052234362981	3.931752224089016e-6
-10.147344271095031	3.9427862474766555e-6
-10.131636307827083	3.953866949512505e-6
-10.115928344559133	3.964994594799563e-6
-10.100220381291185	3.976169449825189e-6
-10.084512418023236	3.987391782977065e-6
-10.068804454755288	3.998661864559681e-6
-10.053096491487338	4.009979966810823e-6
-10.037388528219388	4.021346363918177e-6
-10.02168056495144	4.03276133203632e-6
-10.00597260168349	4.044225149303563e-6
-9.990264638415542	4.055738095859297e-6
-9.974556675147593	4.0673004538612214e-6
-9.958848711879645	4.078912507502988e-6
-9.943140748611695	4.090574543031783e-6
-9.927432785343747	4.102286848766477e-6
-9.911724822075797	4.114049715115395e-6
-9.896016858807847	4.1258634345947805e-6
-9.8803088955399	4.137728301847235e-6
-9.86460093227195	4.149644613660312e-6
-9.848892969004002	4.161612668985351e-6
-9.833185005736052	4.173632768956521e-6
-9.817477042468104	4.185705216909999e-6
-9.801769079200154	4.197830318403598e-6
-9.786061115932206	4.210008381236097e-6
-9.770353152664256	4.222239715467252e-6
-9.754645189396308	4.2345246334377455e-6
-9.738937226128359	4.246863449789552e-6
-9.723229262860409	4.2592564814862274e-6
-9.707521299592461	4.271704047833682e-6
-9.691813336324511	4.2842064705010754e-6
-9.676105373056563	4.296764073541782e-6
-9.660397409788613	4.3093771834148375e-6
-9.644689446520665	4.322046129006486e-6
-9.628981483252716	4.33477124165191e-6
-9.613273519984768	4.347552855157214e-6
-9.597565556716818	4.360391305821638e-6
-9.58185759344887	4.373286932460131e-6
-9.56614963018092	4.38624007642592e-6
-9.55044166691297	4.3992510816335555e-6
-9.534733703645022	4.412320294582039e-6
-9.519025740377073	4.425448064378393e-6
-9.503317777109125	4.438634742760931e-6
-9.487609813841175	4.451880684123849e-6
-9.471901850573227	4.465186245540818e-6
-9.456193887305277	4.478551786789743e-6
-9.44048592403733	4.491977670377419e-6
-9.42477796076938	4.505464261564384e-6
-9.40906999750143	4.519011928390451e-6
-9.393362034233482	4.53262104169985e-6
-9.377654070965532	4.546291975167365e-6
-9.361946107697584	4.56002510532411e-6
-9.346238144429634	4.573820811583991e-6
-9.330530181161686	4.587679476270528e-6
-9.314822217893736	4.6016014846434215e-6
-9.299114254625788	4.615587224926133e-6
-9.283406291357839	4.629637088333018e-6
-9.267698328089889	4.643751469097495e-6
-9.25199036482194	4.657930764499929e-6
-9.236282401553991	4.672175374896146e-6
-9.220574438286043	4.686485703746114e-6
-9.204866475018093	4.700862157643055e-6
-9.189158511750145	4.715305146342827e-6
-9.173450548482196	4.729815082793416e-6
-9.157742585214248	4.744392383165215e-6
-9.142034621946298	4.759037466881264e-6
-9.12632665867835	4.773750756647822e-6
-9.1106186954104	4.788532678485625e-6
-9.09491073214245	4.8033836617610375e-6
-9.079202768874502	4.818304139217823e-6
-9.063494805606553	4.833294547009354e-6
-9.047786842338605	4.848355324730782e-6
-9.032078879070655	4.863486915452107e-6
-9.016370915802707	4.8786897657510535e-6
-9.000662952534757	4.893964325746814e-6
-8.984954989266809	4.9093110491338044e-6
-8.96924702599886	4.924730393216084e-6
-8.953539062730911	4.940222818941893e-6
-8.937831099462962	4.955788790938739e-6
-8.922123136195012	4.971428777548943e-6
-8.906415172927064	4.98714325086536e-6
-8.890707209659114	5.002932686767693e-6
-8.874999246391166	5.018797564959256e-6
-8.859291283123216	5.034738369003901e-6
-8.843583319855268	5.0507555863636605e-6
-8.827875356587318	5.066849708436638e-6
-8.81216739331937	5.083021230595333e-6
-8.79645943005142	5.099270652225518e-6
-8.780751466783471	5.115598476765542e-6
-8.765043503515523	5.1320052117458495e-6
-8.749335540247573	5.148491368829368e-6
-8.733627576979625	5.165057463851989e-6
-8.717919613711675	5.181704016863767e-6
-8.702211650443727	5.198431552170305e-6
-8.686503687175778	5.215240598375067e-6
-8.67079572390783	5.232131688421694e-6
-8.65508776063988	5.2491053596371805e-6
-8.63937979737193	5.2661621537752925e-6
-8.623671834103982	5.283302617060762e-6
-8.607963870836032	5.300527300233699e-6
-8.592255907568084	5.317836758594724e-6
-8.576547944300135	5.3352315520506164e-6
-8.560839981032187	5.352712245160342e-6
-8.545132017764237	5.370279407181962e-6
-8.529424054496289	5.387933612119542e-6
-8.51371609122834	5.405675438771194e-6
-8.498008127960391	5.423505470777417e-6
-8.482300164692441	5.441424296669968e-6
-8.466592201424492	5.4594325099212685e-6
-8.450884238156544	5.477530708994588e-6
-8.435176274888594	5.49571949739513e-6
-8.419468311620646	5.513999483720471e-6
-8.403760348352696	5.532371281713266e-6
-8.388052385084748	5.550835510313428e-6
-8.372344421816798	5.5693927937114086e-6
-8.35663645854885	5.588043761401742e-6
-8.3409284952809	5.606789048237943e-6
-8.325220532012953	5.6256292944872715e-6
-8.309512568745003	5.644565145886484e-6
-8.293804605477053	5.663597253698686e-6
-8.278096642209105	5.682726274769972e-6
-8.262388678941155	5.7019528715874415e-6
-8.246680715673207	5.721277712337899e-6
-8.230972752405258	5.740701470966753e-6
-8.21526478913731	5.760224827238371e-6
-8.19955682586936	5.779848466796456e-6
-8.183848862601412	5.799573081225718e-6
-8.168140899333462	5.8193993681138454e-6
-8.152432936065512	5.839328031114616e-6
-8.136724972797564	5.859359780011676e-6
-8.121017009529615	5.879495330783055e-6
-8.105309046261667	5.899735405666202e-6
-8.089601082993717	5.920080733224538e-6
-8.073893119725769	5.94053204841413e-6
-8.058185156457819	5.961090092651688e-6
-8.042477193189871	5.9817556138828115e-6
-8.026769229921921	6.00252936665203e-6
-8.011061266653972	6.023412112172681e-6
-7.995353303386024	6.044404618398477e-6
-7.979645340118075	6.0655076600951904e-6
-7.963937376850126	6.086722018914263e-6
-7.948229413582177	6.108048483466423e-6
-7.932521450314228	6.129487849396545e-6
-7.916813487046278	6.151040919459681e-6
-7.901105523778329	6.172708503597666e-6
-7.8853975605103805	6.194491419017036e-6
-7.869689597242432	6.2163904902677136e-6
-7.853981633974483	6.238406549322932e-6
-7.838273670706534	6.260540435659506e-6
-7.822565707438585	6.282792996340449e-6
-7.806857744170636	6.3051650860971445e-6
-7.791149780902687	6.327657567413664e-6
-7.7754418176347375	6.35027131061164e-6
-7.759733854366789	6.373007193936243e-6
-7.74402589109884	6.395866103643705e-6
-7.728317927830891	6.418848934089391e-6
-7.712609964562942	6.441956587817533e-6
-7.696902001294993	6.465189975651506e-6
-7.681194038027044	6.488550016786152e-6
-7.665486074759095	6.512037638880279e-6
-7.6497781114911465	6.53565377815137e-6
-7.634070148223198	6.55939937947079e-6
-7.618362184955249	6.583275396460545e-6
-7.602654221687299	6.607282791591387e-6
-7.58694625841935	6.631422536282027e-6
-7.571238295151401	6.655695610999627e-6
-7.555530331883452	6.680103005362056e-6
-7.5398223686155035	6.704645718240812e-6
-7.524114405347555	6.7293247578657964e-6
-7.508406442079606	6.754141141931437e-6
-7.492698478811657	6.779095897704088e-6
-7.476990515543708	6.8041900621308104e-6
-7.461282552275758	6.829424681950001e-6
-7.445574589007809	6.854800813802866e-6
-7.4298666257398605	6.880319524346888e-6
-7.414158662471912	6.90598189037086e-6
-7.398450699203963	6.931788998910923e-6
-7.382742735936014	6.957741947368855e-6
-7.367034772668065	6.9838418436315065e-6
-7.351326809400116	7.010089806191971e-6
-7.335618846132167	7.036486964272367e-6
-7.319910882864218	7.063034457948583e-6
-7.304202919596269	7.08973343827629e-6
-7.28849495632832	7.116585067418829e-6
-7.272786993060371	7.143590518777053e-6
-7.257079029792422	7.1707509771208246e-6
-7.241371066524473	7.1980676387219705e-6
-7.225663103256524	7.225541711489837e-6
-7.209955139988575	7.25317441510802e-6
-7.194247176720626	7.280966981173257e-6
-7.1785392134526775	7.308920653336278e-6
-7.162831250184729	7.337036687444626e-6
-7.147123286916779	7.365316351687217e-6
-7.13141532364883	7.393760926741353e-6
-7.115707360380881	7.422371705921381e-6
-7.099999397112932	7.451149995329771e-6
-7.084291433844983	7.480097114009864e-6
-7.0685834705770345	7.509214394101466e-6
-7.052875507309086	7.538503180997926e-6
-7.037167544041137	7.567964833505698e-6
-7.021459580773188	7.597600724006518e-6
-7.005751617505239	7.627412238621301e-6
-6.99004365423729	7.657400777376777e-6
-6.97433569096934	7.687567754374252e-6
-6.9586277277013915	7.717914597961106e-6
-6.942919764433443	7.748442750904073e-6
-6.927211801165494	7.779153670566245e-6
-6.911503837897545	7.81004882908512e-6
-6.895795874629596	7.841129713554207e-6
-6.880087911361647	7.872397826207168e-6
-6.864379948093698	7.903854684604293e-6
-6.848671984825749	7.935501821821623e-6
-6.8329640215578	7.967340786643622e-6
-6.817256058289851	7.999373143757303e-6
-6.801548095021902	8.031600473950707e-6
-6.785840131753953	8.064024374312972e-6
-6.770132168486004	8.096646458438497e-6
-6.754424205218055	8.129468356632695e-6
-6.738716241950106	8.162491716122347e-6
-6.7230082786821574	8.19571820126802e-6
-6.707300315414209	8.229149493779825e-6
-6.69159235214626	8.262787292936664e-6
-6.675884388878311	8.296633315808565e-6
-6.660176425610361	8.33068929748186e-6
-6.644468462342412	8.364956991288977e-6
-6.628760499074463	8.399438169040087e-6
-6.613052535806514	8.434134621259508e-6
-6.5973445725385655	8.469048157424947e-6
-6.581636609270617	8.50418060621058e-6
-6.565928646002668	8.539533815733964e-6
-6.550220682734719	8.575109653806333e-6
-6.53451271946677	8.610910008186602e-6
-6.51880475619882	8.646936786840291e-6
-6.503096792930871	8.68319191820075e-6
-6.4873888296629225	8.719677351435946e-6
-6.471680866394974	8.756395056717949e-6
-6.455972903127025	8.793347025497743e-6
-6.440264939859076	8.830535270783396e-6
-6.424556976591127	8.86796182742322e-6
-6.408849013323178	8.905628752392773e-6
-6.393141050055229	8.943538125086264e-6
-6.37743308678728	8.98169204761308e-6
-6.3617251235193315	9.020092645098538e-6
-6.346017160251382	9.058742065989003e-6
-6.330309196983433	9.09764248236236e-6
-6.314601233715484	9.136796090243266e-6
-6.298893270447535	9.176205109922985e-6
-6.283185307179586	9.215871786284408e-6
-6.267477343911637	9.255798389132514e-6
-6.2517693806436885	9.29598721352983e-6
-6.23606141737574	9.336440580136923e-6
-6.220353454107791	9.377160835558815e-6
-6.204645490839841	9.41815035269684e-6
-6.188937527571892	9.459411531105362e-6
-6.173229564303943	9.500946797355703e-6
-6.157521601035994	9.542758605404234e-6
-6.1418136377680455	9.58484943696794e-6
-6.126105674500097	9.627221801904537e-6
-6.110397711232148	9.669878238600108e-6
-6.094689747964199	9.712821314361911e-6
-6.07898178469625	9.756053625818609e-6
-6.063273821428301	9.799577799326113e-6
-6.047565858160352	9.843396491380386e-6
-6.031857894892402	9.887512389037456e-6
-6.0161499316244536	9.931928210339445e-6
-6.000441968356505	9.9766467047485e-6
-5.984734005088556	1.0021670653587004e-5
-5.969026041820607	1.0067002870485957e-5
-5.953318078552658	1.0112646201840272e-5
-5.937610115284709	1.0158603527271617e-5
-5.92190215201676	1.0204877760098884e-5
-5.906194188748811	1.0251471847817417e-5
-5.890486225480862	1.0298388772584874e-5
-5.874778262212913	1.0345631551716096e-5
-5.859070298944964	1.0393203238186487e-5
-5.843362335677015	1.0441106921143523e-5
-5.827654372409066	1.0489345726426297e-5
-5.811946409141117	1.0537922817095433e-5
-5.796238445873168	1.0586841393970545e-5
-5.7805304826052195	1.0636104696177856e-5
-5.764822519337271	1.0685716001706162e-5
-5.749114556069322	1.0735678627973711e-5
-5.733406592801373	1.0785995932403409e-5
-5.717698629533423	1.0836671313008954e-5
-5.701990666265474	1.088770820899063e-5
-5.686282702997525	1.0939110101341255e-5
-5.6705747397295765	1.0990880513463635e-5
-5.654866776461628	1.104302301179715e-5
-5.639158813193679	1.1095541206456696e-5
-5.62345084992573	1.1148438751882411e-5
-5.607742886657781	1.1201719347500466e-5
-5.592034923389832	1.125538673839615e-5
-5.576326960121882	1.1309444715997483e-5
-5.5606189968539335	1.1363897118773115e-5
-5.544911033585985	1.1418747832940238e-5
-5.529203070318036	1.1474000793187245e-5
-5.513495107050087	1.1529659983407561e-5
-5.497787143782138	1.1585729437447346e-5
-5.482079180514189	1.1642213239866978e-5
-5.46637121724624	1.1699115526715665e-5
-5.450663253978291	1.1756440486320334e-5
-5.4349552907103424	1.1814192360088178e-5
-5.419247327442394	1.1872375443325118e-5
-5.403539364174444	1.1930994086067263e-5
-5.387831400906495	1.199005269392977e-5
-5.372123437638546	1.2049555728968958e-5
-5.356415474370597	1.210950771056207e-5
-5.340707511102648	1.2169913216302332e-5
-5.324999547834699	1.2230776882910231e-5
-5.3092915845667505	1.2292103407162904e-5
-5.293583621298802	1.2353897546839104e-5
-5.277875658030853	1.2416164121683589e-5
-5.262167694762903	1.2478908014387614e-5
-5.246459731494954	1.254213417158951e-5
-5.230751768227005	1.2605847604892625e-5
-5.215043804959056	1.2670053391903582e-5
-5.1993358416911075	1.2734756677289545e-5
-5.183627878423159	1.2799962673854898e-5
-5.16791991515521	1.28656766636402e-5
-5.152211951887261	1.2931903999040181e-5
-5.136503988619312	1.2998650103943776e-5
-5.120796025351363	1.306592047489665e-5
-5.105088062083414	1.3133720682285053e-5
-5.0893800988154645	1.3202056371543126e-5
-5.073672135547516	1.3270933264383346e-5
-5.057964172279567	1.3340357160050808e-5
-5.042256209011618	1.3410333936601878e-5
-5.026548245743669	1.3480869552208072e-5
-5.01084028247572	1.3551970046484866e-5
-4.995132319207771	1.362364154184777e-5
-4.979424355939822	1.3695890244892939e-5
-4.9637163926718735	1.3768722447807667e-5
-4.948008429403924	1.3842144529807026e-5
-4.932300466135975	1.391616295859924e-5
-4.916592502868026	1.3990784291881416e-5
-4.900884539600077	1.4066015178863595e-5
-4.885176576332128	1.4141862361824428e-5
-4.869468613064179	1.4218332677697744e-5
-4.8537606497962305	1.4295433059691436e-5
-4.838052686528282	1.4373170538939003e-5
-4.822344723260333	1.4451552246183878e-5
-4.806636759992384	1.453058541349949e-5
-4.790928796724435	1.461027737604343e-5
-4.775220833456485	1.4690635573847798e-5
-4.759512870188536	1.4771667553646553e-5
-4.743804906920587	1.4853380970740145e-5
-4.7280969436526386	1.4935783590900071e-5
-4.71238898038469	1.5018883292310375e-5
-4.696681017116741	1.510268806755245e-5
-4.680973053848792	1.5187206025629701e-5
-4.665265090580843	1.5272445394034804e-5
-4.649557127312894	1.535841452086106e-5
-4.633849164044944	1.5445121876957628e-5
-4.6181412007769955	1.5532576058130928e-5
-4.602433237509047	1.562078578739215e-5
-4.586725274241098	1.5709759917254e-5
-4.571017310973149	1.579950743207483e-5
-4.5553093477052	1.589003745045442e-5
-4.539601384437251	1.5981359227680556e-5
-4.523893421169302	1.6073482158229375e-5
-4.508185457901353	1.616641577831873e-5
-4.4924774946334045	1.6260169768517996e-5
-4.476769531365456	1.6354753956414394e-5
-4.461061568097506	1.6450178319338272e-5
-4.445353604829557	1.6546452987147383e-5
-4.429645641561608	1.6643588245073613e-5
-4.413937678293659	1.6741594536631374e-5
-4.39822971502571	1.6840482466592666e-5
-4.3825217517577615	1.6940262804025795e-5
-4.366813788489813	1.704094648540434e-5
-4.351105825221864	1.714254461778478e-5
-4.335397861953915	1.7245068482055427e-5
-4.319689898685965	1.734852953626045e-5
-4.303981935418016	1.7452939418996476e-5
-4.288273972150067	1.7558309952889703e-5
-4.2725660088821185	1.7664653148149913e-5
-4.25685804561417	1.7771981206207467e-5
-4.241150082346221	1.7880306523433183e-5
-4.225442119078272	1.7989641694944834e-5
-4.209734155810323	1.809999951850128e-5
-4.194026192542374	1.8211392998487423e-5
-4.178318229274425	1.832383534999222e-5
-4.162610266006476	1.8437340002982413e-5
-4.146902302738527	1.855192060657464e-5
-4.131194339470578	1.8667591033407145e-5
-4.115486376202629	1.8784365384117194e-5
-4.09977841293468	1.8902257991923336e-5
-4.084070449666731	1.9021283427317677e-5
-4.068362486398782	1.914145650287101e-5
-4.052654523130833	1.9262792278152646e-5
-4.036946559862884	1.93853060647702e-5
-4.0212385965949355	1.9509013431530592e-5
-4.005530633326986	1.9633930209727723e-5
-3.9898226700590373	1.976007249855784e-5
-3.9741147067910885	1.9887456670670027e-5
-3.958406743523139	2.0016099377850783e-5
-3.9426987802551903	2.0146017556851087e-5
-3.9269908169872414	2.0277228435357702e-5
-3.9112828537192925	2.04097495381125e-5
-3.8955748904513436	2.0543598693185962e-5
-3.8798669271833943	2.06787940384077e-5
-3.8641589639154454	2.081535402795898e-5
-3.8484510006474966	2.0953297439132962e-5
-3.8327430373795477	2.109264337926609e-5
-3.817035074111599	2.123341129284693e-5
-3.8013271108436495	2.1375620968807066e-5
-3.7856191475757006	2.151929254799957e-5
-3.7699111843077517	2.1664446530871138e-5
-3.754203221039803	2.1811103785332963e-5
-3.738495257771854	2.1959285554836864e-5
-3.7227872945039047	2.2109013466663302e-5
-3.707079331235956	2.2260309540426664e-5
-3.691371367968007	2.2413196196804473e-5
-3.675663404700058	2.2567696266500407e-5
-3.659955441432109	2.2723832999442376e-5
-3.64424747816416	2.288163007422986e-5
-3.628539514896211	2.3041111607832312e-5
-3.612831551628262	2.3202302165552212e-5
-3.597123588360313	2.336522677125359e-5
-3.5814156250923643	2.3529910917872834e-5
-3.565707661824415	2.3696380578215272e-5
-3.549999698556466	2.3864662216047715e-5
-3.5342917352885173	2.4034782797495516e-5
-3.5185837720205684	2.420676980276025e-5
-3.5028758087526195	2.4380651238156762e-5
-3.48716784548467	2.4556455648491258e-5
-3.4714598822167213	2.4734212129784852e-5
-3.4557519189487724	2.4913950342355957e-5
-3.4400439556808236	2.5095700524275018e-5
-3.4243359924128747	2.5279493505198895e-5
-3.4086280291449254	2.5465360720604202e-5
-3.3929200658769765	2.5653334226426845e-5
-3.3772121026090276	2.5843446714126583e-5
-3.3615041393410787	2.603573152618495e-5
-3.34579617607313	2.6230222672058395e-5
-3.3300882128051805	2.6426954844596095e-5
-3.3143802495372316	2.6625963436940934e-5
-3.2986722862692828	2.682728455993041e-5
-3.282964323001334	2.7030955060015154e-5
-3.267256359733385	2.7237012537709417e-5
-3.2515483964654357	2.7445495366598356e-5
-3.235840433197487	2.765644271291523e-5
-3.220132469929538	2.786989455571383e-5
-3.204424506661589	2.8085891707653368e-5
-3.18871654339364	2.830447583656324e-5
-3.173008580125691	2.852568948679891e-5
-3.157300616857742	2.8749576103454508e-5
-3.141592653589793	2.8976180054384893e-5
-3.1258846903218442	2.9205546655125147e-5
-3.1101767270538954	2.9437722193710876e-5
-3.094468763785946	2.967275395642674e-5
-3.078760800517997	2.9910690254371537e-5
-3.0630528372500483	3.0151580450868655e-5
-3.0473448739820994	3.0395474989756924e-5
-3.0316369107141505	3.0642425424593044e-5
-3.015928947446201	3.089248444879717e-5
-3.0002209841782523	3.1145705926783826e-5
-2.9845130209103035	3.140214492610807e-5
-2.9688050576423546	3.16618577506741e-5
-2.9530970943744057	3.192490197503902e-5
-2.9373891311064564	3.219133647986231e-5
-2.9216811678385075	3.246122148853866e-5
-2.9059732045705586	3.273461860506904e-5
-2.8902652413026098	3.3011590853222664e-5
-2.874557278034661	3.329220271753927e-5
-2.8588493147667116	3.3576520182517766e-5
-2.8431413514987627	3.386461078076089e-5
-2.827433388230814	3.4156543634127084e-5
-2.811725424962865	3.445238950082458e-5
-2.796017461694916	3.475222084996778e-5
-2.7803094984269667	3.505611177999879e-5
-2.764601535159018	3.536413833547662e-5
-2.748893571891069	3.567637867891999e-5
-2.73318560862312	3.599291147600958e-5
-2.7174776453551712	3.6313819120279285e-5
-2.701769682087222	3.663918529220919e-5
-2.686061718819273	3.6969095604821e-5
-2.670353755551324	3.730363791375294e-5
-2.6546457922833753	3.76429022913341e-5
-2.6389378290154264	3.798698105932687e-5
-2.623229865747477	3.833596891385989e-5
-2.607521902479528	3.8689962944227444e-5
-2.5918139392115793	3.904906273685175e-5
-2.5761059759436304	3.941337044947587e-5
-2.5603980126756816	3.978299089366602e-5
-2.5446900494077322	4.015803162056313e-5
-2.5289820861397834	4.053860300999164e-5
-2.5132741228718345	4.0924818363081195e-5
-2.4975661596038856	4.1316793998576816e-5
-2.4818581963359367	4.171464935306593e-5
-2.4661502330679874	4.21185070856239e-5
-2.4504422698000385	4.25284932103e-5
-2.4347343065320897	4.2944737287100215e-5
-2.419026343264141	4.33673717891605e-5
-2.403318379996192	4.379653391076376e-5
-2.3876104167282426	4.42323640131432e-5
-2.3719024534602937	4.4675006510857203e-5
-2.356194490192345	4.512460993984656e-5
-2.340486526924396	4.5581327139100974e-5
-2.324778563656447	4.604531663336241e-5
-2.3090706003884978	4.651674352701651e-5
-2.293362637120549	4.6995756477378677e-5
-2.2776546738526	4.7482556528685316e-5
-2.261946710584651	4.797796276187176e-5
-2.2462387473167023	4.848015531398189e-5
-2.230530784048753	4.8991324852031714e-5
-2.214822820780804	4.951102630590736e-5
-2.199114857512855	5.003976564727308e-5
-2.1834068942449063	5.057682855274518e-5
-2.1676989309769574	5.1123126105841256e-5
-2.151990967709008	5.1678908394120106e-5
-2.1362830044410592	5.224420931612585e-5
-2.1205750411731104	5.281929183424044e-5
-2.1048670779051615	5.3404433984712905e-5
-2.0891591146372126	5.400106819578126e-5
-2.0734511513692633	5.460580374795302e-5
-2.0577431881013144	5.522254050475662e-5
-2.0420352248333655	5.585034746777826e-5
-2.0263272615654166	5.648949945155248e-5
-2.0106192982974678	5.714028591655122e-5
-1.9949113350295187	5.7803007123738186e-5
-1.9792033717615696	5.847796545023471e-5
-1.9634954084936207	5.916549659420857e-5
-1.9477874452256718	5.986636613187158e-5
-1.9320794819577227	6.057957916281832e-5
-1.9163715186897738	6.13067789220028e-5
-1.9006635554218247	6.204796333579294e-5
-1.8849555921538759	6.280348888689172e-5
-1.869247628885927	6.357489499881593e-5
-1.853539665617978	6.43591299219313e-5
-1.837831702350029	6.516007805964401e-5
-1.82212373908208	6.597703452365567e-5
-1.806415775814131	6.681043632740259e-5
-1.7907078125461822	6.766079031023845e-5
-1.774999849278233	6.852881093585035e-5
-1.7592918860102842	6.941467701228644e-5
-1.743583922742335	7.031839755378286e-5
-1.7278759594743862	7.124151730112958e-5
-1.7121679962064373	7.21842652853493e-5
-1.6964600329384882	7.314721388095508e-5
-1.6807520696705394	7.413098917773024e-5
-1.6650441064025903	7.513625028955065e-5
-1.6493361431346414	7.616369390149672e-5
-1.6336281798666925	7.721406279199439e-5
-1.6179202165987434	7.828818842543725e-5
-1.6022122533307945	7.93870897353643e-5
-1.5865042900628454	8.051275559910143e-5
-1.5707963267948966	8.167659335152566e-5
-1.5550883635269477	8.299575322948196e-5
-1.5393804002589986	8.405276809976721e-5
-1.5236724369910497	8.537124260982763e-5
-1.5079644737231006	8.657807423624013e-5
-1.4922565104551517	8.784561977640131e-5
-1.4765485471872029	8.918858420691169e-5
-1.4608405839192538	9.094059056539198e-5
-1.4451326206513049	9.22104099985177e-5
-1.4294246573833558	0.00010416077768659244
-1.413716694115407	9.548167139245276e-5
-1.398008730847458	9.642026776954505e-5
-1.382300767579509	9.78792209469964e-5
-1.36659280431156	9.943556752236322e-5
-1.350884841043611	0.00010105044883464288
-1.335176877775662	0.0001027173977804312
-1.3194689145077132	0.00010443813330832807
-1.303760951239764	0.00010622576440036406
-1.2880529879718152	0.00010822476449478359
-1.2723450247038661	0.00011080474490770336
-1.2566370614359172	0.00011193860170110269
-1.2409290981679684	0.0001141351544138855
-1.2252211349000193	0.00012234730764340362
-1.2095131716320704	0.00011941006917471376
-1.1938052083641213	0.0001228506688396974
-1.1780972450961724	0.00012249425721750317
-1.1623892818282235	0.00012526936678835122
-1.1466813185602744	0.00012708870213567683
-1.1309733552923256	0.00012962407932947217
-1.1152653920243765	0.00013255173147036807
-1.0995574287564276	0.00013461881761621256
-1.0838494654884787	0.00013731781305946632
-1.0681415022205296	0.00014015850873069584
-1.0524335389525807	0.00014316966844377953
-1.0367255756846316	0.00014658589201293866
-1.0210176124166828	0.0001560900225188027
-1.0053096491487339	0.00015579242536907284
-0.9896016858807848	0.00019710638360933286
-0.9738937226128359	0.00015988169187758467
-0.9581857593448869	0.00016310116765650944
-0.9424777960769379	0.00016683021400836864
-0.926769832808989	0.0001707882601814783
-0.91106186954104	0.00017495137703677803
-0.8953539062730911	0.00017932655761279526
-0.8796459430051421	0.0001839368300160769
-0.8639379797371931	0.00018879976431175738
-0.8482300164692441	0.0001939797081212051
-0.8325220532012951	0.00019958828738962867
-0.8168140899333463	0.00020693203784689698
-0.8011061266653973	0.00021250012598291433
-0.7853981633974483	0.00023708929112940388
-0.7696902001294993	0.00023153598723085804
-0.7539822368615503	0.00025726681385524754
-0.7382742735936014	0.001619340249008913
-0.7225663103256524	0.000298446672870238
-0.7068583470577035	0.00026531820263987066
-0.6911503837897545	0.00027628802654322445
-0.6754424205218055	0.0002792791333226298
-0.6597344572538566	0.0003019891220365356
-0.6440264939859076	0.0008844387596910785
-0.6283185307179586	0.00032190397248348416
-0.6126105674500096	0.0003314658361529943
-0.5969026041820606	0.0003493158909111654
-0.5811946409141118	0.0003721170408817934
-0.5654866776461628	0.00040116112539476947
-0.5497787143782138	0.0004405834128940041
-0.5340707511102648	0.0004937348325991118
-0.5183627878423158	0.0005731283761006868
-0.5026548245743669	0.0007093139266089883
-0.48694686130641796	0.0009829300573798209
-0.47123889803846897	0.001704440229957598
-0.45553093477052	0.005099663336522605
-0.43982297150257105	0.3219723849151188
-0.42411500823462206	0.008014937344813936
-0.4084070449666731	0.0021392230342712573
-0.39269908169872414	0.0012097257946410732
-0.37699111843077515	0.0009201122158219253
-0.3612831551628262	0.0008080901766578892
-0.34557519189487723	0.0007663862415939756
-0.3298672286269283	0.0007649502231495643
-0.3141592653589793	0.0008122996910101863
-0.2984513020910303	0.01096369952419969
-0.2827433388230814	0.0009328277147386389
-0.2670353755551324	0.0009035683895642792
-0.25132741228718347	0.0009640226253121114
-0.23561944901923448	0.0010446934682354018
-0.21991148575128552	0.0011457067942209718
-0.20420352248333656	0.0012801851264029245
-0.18849555921538758	0.0014281333982758984
-0.17278759594743862	0.0016301156498332954
-0.15707963267948966	0.0018875004114583132
-0.1413716694115407	0.002234216638159918
-0.12566370614359174	0.002713478401304151
-0.10995574287564276	0.003405726991908526
-0.09424777960769379	0.004477198857636617
-0.07853981633974483	0.006221482505041653
-0.06283185307179587	0.009361444631925913
-0.047123889803846894	0.016170406936692867
-0.031415926535897934	0.035555813455465365
-0.015707963267948967	0.13970426069735933
0.0	34.42442199437151
0.015707963267948967	0.13980051613972044
0.031415926535897934	0.035749820272529355
0.047123889803846894	0.0164653950066874
0.06283185307179587	0.009763868157529346
0.07853981633974483	0.00677344559070845
0.09424777960769379	0.005132511634807446
0.10995574287564276	0.004166178871444662
0.12566370614359174	0.003614366567585591
0.1413716694115407	0.0032938570832250764
0.15707963267948966	0.0031279511996822294
0.17278759594743862	0.0030890558594192617
0.18849555921538758	0.003120120834599053
0.20420352248333656	0.0033233211759656415
0.21991148575128552	0.0034763496417771008
0.23561944901923448	0.0038093121564845523
0.25132741228718347	0.004290226249989505
0.2670353755551324	0.005020266698173606
0.2827433388230814	0.007346025823535611
0.2984513020910303	0.20694943047904119
0.3141592653589793	0.009183364124320251
0.3298672286269283	0.010862067705692867
0.34557519189487723	0.014394260653639777
0.3612831551628262	0.020530538963519713
0.37699111843077515	0.03198166912782779
0.39269908169872414	0.05736876530276699
0.4084070449666731	0.13356527768565762
0.42411500823462206	0.6042617353713953
0.43982297150257105	25.658141786253637
0.45553093477052	0.37489157608570406
0.47123889803846897	0.10540726111281715
0.48694686130641796	0.04919301510406126
0.5026548245743669	0.028605817876738087
0.5183627878423158	0.01895055563059295
0.5340707511102648	0.013911169266510757
0.5497787143782138	0.010772775202962607
0.5654866776461628	0.008514731223867835
0.5811946409141118	0.007292686595805568
0.5969026041820606	0.006722644286624986
0.6126105674500096	0.007058375111552734
0.6283185307179586	0.011091285061508494
0.6440264939859076	0.3797341116408989
0.6597344572538566	0.01558478620734467
0.6754424205218055	0.008935949300125012
0.6911503837897545	0.017888705114663225
0.7068583470577035	0.0200153341819195
0.7225663103256524	0.08555614550742421
0.7382742735936014	2.1737108226052944
0.7539822368615503	0.045714219205122496
0.7696902001294993	0.017062222452295054
0.7853981633974483	0.051316487567454466
0.8011061266653973	0.006784176891928289
0.8168140899333463	0.009575160738783485
0.8325220532012951	0.00414785272516306
0.8482300164692441	0.0034189369131490607
0.8639379797371931	0.0031370290186825476
0.8796459430051421	0.0030847329767870464
0.8953539062730911	0.0031181330354260657
0.91106186954104	0.0033274120610372014
0.926769832808989	0.0037560526629247045
0.9424777960769379	0.004629288535312318
0.9581857593448869	0.006757530773971041
0.9738937226128359	0.016057689317564305
0.9896016858807848	0.8170270095266507
1.0053096491487339	0.0888330809361378
1.0210176124166828	0.18112386025649083
1.0367255756846316	0.01903980620314203
1.0524335389525807	0.0092864087292347
1.0681415022205296	0.007260764235448768
1.0838494654884787	0.007337084333605016
1.0995574287564276	0.009868896672768157
1.1152653920243765	0.05215065740687693
1.1309733552923256	0.024855564860595803
1.1466813185602744	0.023222121266964938
1.1623892818282235	0.08612149079794265
1.1780972450961724	0.04371033119400683
1.1938052083641213	0.4375263337429001
1.2095131716320704	0.3079619358943029
1.2252211349000193	1.3193129556625642
1.2409290981679684	0.089052929282699
1.2566370614359172	0.05169130669576294
1.2723450247038661	0.3395052921804352
1.2880529879718152	0.09202975241632223
1.303760951239764	0.029837165446292883
1.3194689145077132	0.024641217483782462
1.335176877775662	0.02734570437197153
1.350884841043611	0.035640014330779214
1.36659280431156	0.05329719972925047
1.382300767579509	0.0944463823631987
1.398008730847458	0.2230621744738696
1.413716694115407	1.1039351127885146
1.4294246573833558	16.97919273620801
1.4451326206513049	0.5075690931414792
1.4608405839192538	0.9241102416176568
1.4765485471872029	0.07987832557540735
1.4922565104551517	0.05189635946282792
1.5079644737231006	0.15709827231210585
1.5236724369910497	0.4303164698586406
1.5393804002589986	0.07635951426418339
1.5550883635269477	0.9530583285088825
1.5707963267948966	0.11352008604294977
1.5865042900628454	0.029054185317236882
1.6022122533307945	0.014982479108821906
1.6179202165987434	0.010254605414372541
1.6336281798666925	0.007841386771909733
1.6493361431346414	0.006403543418853751
1.6650441064025903	0.005413523244744374
1.6807520696705394	0.004712126479811656
1.6964600329384882	0.004225134311411419
1.7121679962064373	0.003945186943067456
1.7278759594743862	0.003997358955505027
1.743583922742335	0.005657721507340872
1.7592918860102842	0.024564771804206322
1.774999849278233	0.01692553292238173
1.7907078125461822	0.004117910087199975
1.806415775814131	0.0029964816204297302
1.82212373908208	0.003316042615179288
1.837831702350029	0.0027195905065114253
1.853539665617978	0.0029841414542678964
1.869247628885927	0.15440540146383588
1.8849555921538759	0.003146545007515886
1.9006635554218247	0.0030912984579530307
1.9163715186897738	0.004338653054370393
1.9320794819577227	0.013795133232650808
1.9477874452256718	0.1342902799766107
1.9634954084936207	0.0069217597495402775
1.9792033717615696	0.004020601912315817
1.9949113350295187	0.005099263125439322
2.0106192982974678	0.0038800260886565174
2.0263272615654166	0.003864651259611322
2.0420352248333655	0.004562357582817184
2.0577431881013144	0.00619473745126483
2.0734511513692633	0.014496774543329408
2.0891591146372126	1.448296430946275
2.1048670779051615	0.016594695942892215
2.1205750411731104	0.020056000093247994
2.1362830044410592	0.08056911820153867
2.151990967709008	0.12061501895740756
2.1676989309769574	0.08382459786288506
2.1834068942449063	0.4926073887632846
2.199114857512855	1.281614478950488
2.214822820780804	0.10890593434255823
2.230530784048753	0.052646044198103384
2.2462387473167023	0.10977333624597252
2.261946710584651	4.6606030974940245
2.2776546738526	0.10832313352747891
2.293362637120549	0.031248526162533413
2.3090706003884978	0.10133127674643594
2.324778563656447	0.0290708470606678
2.340486526924396	0.008484604698343303
2.356194490192345	0.005474917635847969
2.3719024534602937	0.004112127928797603
2.3876104167282426	0.0033281021726999723
2.403318379996192	0.0028842282397000653
2.419026343264141	0.0034910411558577575
2.4347343065320897	0.009687419360842171
2.4504422698000385	0.00304479851606875
2.4661502330679874	0.0016542320850450867
2.4818581963359367	0.0014316828395055223
2.4975661596038856	0.001279991495490497
2.5132741228718345	0.001163125591684596
2.5289820861397834	0.0010692108912110246
2.5446900494077322	0.000992607379940588
2.5603980126756816	0.0009302520872787751
2.5761059759436304	0.0008806107389373626
2.5918139392115793	0.0008434881023003655
2.607521902479528	0.0008205602626548972
2.623229865747477	0.0008180442729974817
2.6389378290154264	0.0008669936782262821
2.6546457922833753	0.0028717503566463892
2.670353755551324	0.001075774200115628
2.686061718819273	0.00122096878784607
2.701769682087222	0.0018853006111440073
2.7174776453551712	0.010047330558825819
2.73318560862312	0.11846146841234642
2.748893571891069	0.3503276972608822
2.764601535159018	0.005485207663714051
2.7803094984269667	0.0021959452505252407
2.796017461694916	0.037695835774287444
2.811725424962865	0.001073262645021211
2.827433388230814	0.0007416856497117835
2.8431413514987627	0.0006885104039620997
2.8588493147667116	0.0013697061248620042
2.874557278034661	0.0023876222035570534
2.8902652413026098	0.0005651781340575959
2.9059732045705586	0.0004292933725606947
2.9216811678385075	0.00037840726260639077
2.9373891311064564	0.00034801997185943763
2.9530970943744057	0.00032600768996489176
2.9688050576423546	0.0003085015220218107
2.9845130209103035	0.00029384642172671226
3.0002209841782523	0.00028119148445550775
3.015928947446201	0.000270044266898855
3.0316369107141505	0.0002600991107700991
3.0473448739820994	0.0002511627966499031
3.0630528372500483	0.00024312310558436112
3.078760800517997	0.00023594422952218308
3.094468763785946	0.00022969331831327144
3.1101767270538954	0.00022463344004309928
3.1258846903218442	0.00022152093414564252
3.141592653589793	0.0002227416670326242
3.157300616857742	0.00023854760339789136
3.173008580125691	0.0003621641353468701
3.18871654339364	0.010450544676364993
3.204424506661589	0.0002989420384720413
3.220132469929538	0.00021198519677848097
3.235840433197487	0.0001907396137822889
3.2515483964654357	0.00018041655267291704
3.267256359733385	0.00017350396673130846
3.282964323001334	0.00016805960292809766
3.2986722862692828	0.00016339510967972571
3.3143802495372316	0.0001592130526076572
3.3300882128051805	0.00015536543967946024
3.34579617607313	0.00015177017190899007
3.3615041393410787	0.00014837749259854048
3.3772121026090276	0.00014515492517920371
3.3929200658769765	0.0001420798939084278
3.4086280291449254	0.00013913584299257253
3.4243359924128747	0.0001363100711684142
3.4400439556808236	0.000133592460784218
3.4557519189487724	0.00013097469824231107
3.4714598822167213	0.00012844977675412686
3.48716784548467	0.00012601166781081875
3.5028758087526195	0.00012365509706787598
3.5185837720205684	0.0001213753869116438
3.5342917352885173	0.0001191683428439021
3.549999698556466	0.0001170301694235971
3.565707661824415	0.00011495740663386077
3.5814156250923643	0.00011294688068435387
3.597123588360313	0.00011099566523167699
3.612831551628262	0.00010910105026745678
3.628539514896211	0.00010726051675450827
3.64424747816416	0.00010547171564691088
3.659955441432109	0.00010373245030792394
3.675663404700058	0.00010204066160146389
3.691371367968007	0.00010039441511701238
3.707079331235956	9.879189011931242e-5
3.7227872945039047	9.723136990949493e-5
3.738495257771854	9.571123335416397e-5
3.754203221039803	9.422994739101396e-5
3.7699111843077517	9.278606035868717e-5
3.7856191475757006	9.137819602841037e-5
3.8013271108436495	9.000504823791127e-5
3.817035074111599	8.86653760460108e-5
3.8327430373795477	8.735799934035125e-5
3.8484510006474966	8.608179484185128e-5
3.8641589639154454	8.483569245849671e-5
3.8798669271833943	8.361867194824258e-5
3.8955748904513436	8.242975985673532e-5
3.9112828537192925	8.126802670040473e-5
3.9269908169872414	8.013258436949451e-5
3.9426987802551903	7.902258372890772e-5
3.958406743523139	7.793721239761601e-5
3.9741147067910885	7.68756926896815e-5
3.9898226700590373	7.583727970200192e-5
4.005530633326986	7.482125953559753e-5
4.0212385965949355	7.382694763872406e-5
4.036946559862884	7.285368726138566e-5
4.052654523130833	7.190084801192965e-5
4.068362486398782	7.096782450734288e-5
4.084070449666731	7.005403510975644e-5
4.09977841293468	6.915892074235275e-5
4.115486376202629	6.828194377856466e-5
4.131194339470578	6.74225869990047e-5
4.146902302738527	6.65803526110821e-5
4.162610266006476	6.575476132672758e-5
4.178318229274425	6.494535149402967e-5
4.194026192542374	6.415167827897364e-5
4.209734155810323	6.337331289378376e-5
4.225442119078272	6.260984186865955e-5
4.241150082346221	6.186086636397367e-5
4.25685804561417	6.112600152022477e-5
4.2725660088821185	6.040487584325623e-5
4.288273972150067	5.969713062244777e-5
4.303981935418016	5.900241937976197e-5
4.319689898685965	5.832040734769305e-5
4.335397861953915	5.7650770974302885e-5
4.351105825221864	5.699319745367364e-5
4.366813788489813	5.6347384280218406e-5
4.3825217517577615	5.571303882540632e-5
4.39822971502571	5.5089877935572766e-5
4.413937678293659	5.4477627549550655e-5
4.429645641561608	5.387602233498123e-5
4.445353604829557	5.3284805342208665e-5
4.461061568097506	5.2703727674764175e-5
4.476769531365456	5.2132548175487995e-5
4.4924774946334045	5.157103312741635e-5
4.508185457901353	5.101895596861791e-5
4.523893421169302	5.047609702019951e-5
4.539601384437251	4.994224322677652e-5
4.5553093477052	4.941718790872447e-5
4.571017310973149	4.890073052558862e-5
4.586725274241098	4.839267645005198e-5
4.602433237509047	4.789283675191678e-5
4.6181412007769955	4.740102799156957e-5
4.633849164044944	4.6917072022442086e-5
4.649557127312894	4.644079580201161e-5
4.665265090580843	4.597203121089834e-5
4.680973053848792	4.5510614879666344e-5
4.696681017116741	4.505638802292257e-5
4.71238898038469	4.460919628037779e-5
4.7280969436526386	4.4168889564504986e-5
4.743804906920587	4.3735321914486645e-5
4.759512870188536	4.3308351356143595e-5
4.775220833456485	4.288783976755355e-5
4.790928796724435	4.2473652750101914e-5
4.806636759992384	4.206565950468874e-5
4.822344723260333	4.166373271286796e-5
4.838052686528282	4.1267748422677785e-5
4.8537606497962305	4.087758593895198e-5
4.869468613064179	4.0493127717901725e-5
4.885176576332128	4.0114259265777523e-5
4.900884539600077	3.9740869041424566e-5
4.916592502868026	3.9372848362556544e-5
4.932300466135975	3.901009131558406e-5
4.948008429403924	3.865249466883747e-5
4.9637163926718735	3.829995778903704e-5
4.979424355939822	3.7952382560869077e-5
4.995132319207771	3.7609673309529406e-5
5.01084028247572	3.727173672611337e-5
5.026548245743669	3.69384817957202e-5
5.042256209011618	3.6609819728169405e-5
5.057964172279567	3.628566389120603e-5
5.073672135547516	3.596592974609953e-5
5.0893800988154645	3.565053478553059e-5
5.105088062083414	3.533939847367597e-5
5.120796025351363	3.50324421883972e-5
5.136503988619312	3.4729589165446436e-5
5.152211951887261	3.443076444461211e-5
5.16791991515521	3.41358948177225e-5
5.183627878423159	3.384490877843043e-5
5.1993358416911075	3.355773647371457e-5
5.215043804959056	3.3274309657021874e-5
5.230751768227005	3.299456164299182e-5
5.246459731494954	3.271842726369904e-5
5.262167694762903	3.2445842826351325e-5
5.277875658030853	3.2176746072393174e-5
5.293583621298802	3.1911076137955715e-5
5.3092915845667505	3.164877351560259e-5
5.324999547834699	3.13897800173239e-5
5.340707511102648	3.113403873872945e-5
5.356415474370597	3.0881494024396036e-5
5.372123437638546	3.063209143432585e-5
5.387831400906495	3.0385777711476708e-5
5.403539364174444	3.014250075031938e-5
5.419247327442394	2.9902209566389466e-5
5.4349552907103424	2.9664854266794757e-5
5.450663253978291	2.943038602164216e-5
5.46637121724624	2.9198757036354808e-5
5.482079180514189	2.8969920524841906e-5
5.497787143782138	2.8743830683496164e-5
5.513495107050087	2.85204426659848e-5
5.529203070318036	2.8299712558808576e-5
5.544911033585985	2.8081597357601275e-5
5.5606189968539335	2.7866054944142366e-5
5.576326960121882	2.7653044064059036e-5
5.592034923389832	2.744252430519525e-5
5.607742886657781	2.7234456076619884e-5
5.62345084992573	2.702880058825788e-5
5.639158813193679	2.6825519831117853e-5
5.654866776461628	2.6624576558100112e-5
5.6705747397295765	2.6425934265361992e-5
5.686282702997525	2.622955717422371e-5
5.701990666265474	2.6035410213597375e-5
5.717698629533423	2.584345900291638e-5
5.733406592801373	2.5653669835558026e-5
5.749114556069322	2.5466009662732677e-5
5.764822519337271	2.5280446077831095e-5
5.7805304826052195	2.5096947301213792e-5
5.796238445873168	2.491548216542346e-5
5.811946409141117	2.473602010081433e-5
5.827654372409066	2.4558531121577123e-5
5.843362335677015	2.4382985812154515e-5
5.859070298944964	2.420935531402565e-5
5.874778262212913	2.4037611312858024e-5
5.890486225480862	2.3867726026007326e-5
5.906194188748811	2.3699672190356495e-5
5.92190215201676	2.3533423050486535e-5
5.937610115284709	2.3368952347161673e-5
5.953318078552658	2.3206234306127422e-5
5.969026041820607	2.3045243627205663e-5
5.984734005088556	2.288595547368048e-5
6.000441968356505	2.2728345461962713e-5
6.0161499316244536	2.2572389651530744e-5
6.031857894892402	2.241806453513311e-5
6.047565858160352	2.22653470292459e-5
6.063273821428301	2.2114214464781416e-5
6.07898178469625	2.1964644578035358e-5
6.094689747964199	2.1816615501869378e-5
6.110397711232148	2.1670105757117965e-5
6.126105674500097	2.1525094244217768e-5
6.1418136377680455	2.138156023504995e-5
6.157521601035994	2.1239483364986638e-5
6.173229564303943	2.109884362514279e-5
6.188937527571892	2.095962135482034e-5
6.204645490839841	2.0821797234142536e-5
6.220353454107791	2.0685352276872596e-5
6.23606141737574	2.0550267823410603e-5
6.2517693806436885	2.041652553396464e-5
6.267477343911637	2.0284107381889375e-5
6.283185307179586	2.0152995647189128e-5
6.298893270447535	2.0023172910180495e-5
6.314601233715484	1.9894622045308732e-5
6.330309196983433	1.9767326215114402e-5
6.346017160251382	1.9641268864346714e-5
6.3617251235193315	1.9516433714218593e-5
6.37743308678728	1.9392804756799303e-5
6.393141050055229	1.9270366249541478e-5
6.408849013323178	1.914910270993923e-5
6.424556976591127	1.9028998910311948e-5
6.440264939859076	1.8910039872712994e-5
6.455972903127025	1.8792210863956354e-5
6.471680866394974	1.8675497390762383e-5
6.4873888296629225	1.855988519501557e-5
6.503096792930871	1.8445360249132924e-5
6.51880475619882	1.8331908751540907e-5
6.53451271946677	1.8219517122256257e-5
6.550220682734719	1.8108171998568264e-5
6.565928646002668	1.799786023082127e-5
6.581636609270617	1.7888568878292935e-5
6.5973445725385655	1.778028520516743e-5
6.613052535806514	1.7672996676597976e-5
6.628760499074463	1.7566690954861734e-5
6.644468462342412	1.7461355895598336e-5
6.660176425610361	1.7356979544134876e-5
6.675884388878311	1.7253550131892876e-5
6.69159235214626	1.7151056072874875e-5
6.707300315414209	1.7049485960229487e-5
6.7230082786821574	1.6948828562893258e-5
6.738716241950106	1.6849072822305465e-5
6.754424205218055	1.6750207849196043e-5
6.770132168486004	1.665222292044385e-5
6.785840131753953	1.6555107476003828e-5
6.801548095021902	1.6458851115899896e-5
6.817256058289851	1.6363443597285243e-5
6.8329640215578	1.626887483156426e-5
6.848671984825749	1.617513488157764e-5
6.864379948093698	1.6082213958847794e-5
6.880087911361647	1.5990102420882452e-5
6.895795874629596	1.5898790768537422e-5
6.911503837897545	1.5808269643433926e-5
6.927211801165494	1.571852982543177e-5
6.942919764433443	1.5629562230154898e-5
6.9586277277013915	1.5541357906570343e-5
6.97433569096934	1.5453908034616695e-5
6.99004365423729	1.5367203922883463e-5
7.005751617505239	1.5281237006337812e-5
7.021459580773188	1.5195998844098825e-5
7.037167544041137	1.5111481117258627e-5
7.052875507309086	1.5027675626747294e-5
7.0685834705770345	1.4944574291242995e-5
7.084291433844983	1.4862169145124042e-5
7.099999397112932	1.4780452336462858e-5
7.115707360380881	1.4699416125062342e-5
7.13141532364883	1.4619052880529965e-5
7.147123286916779	1.4539355080392228e-5
7.162831250184729	1.4460315308247411e-5
7.1785392134526775	1.4381926251954395e-5
7.194247176720626	1.4304180701859274e-5
7.209955139988575	1.4227071549055818e-5
7.225663103256524	1.4150591783682457e-5
7.241371066524473	1.4074734493251631e-5
7.257079029792422	1.3999492861013225e-5
7.272786993060371	1.3924860164349464e-5
7.28849495632832	1.3850829773202637e-5
7.304202919596269	1.377739514853266e-5
7.319910882864218	1.370454984080546e-5
7.335618846132167	1.3632287488510636e-5
7.351326809400116	1.3560601816707563e-5
7.367034772668065	1.3489486635601166e-5
7.382742735936014	1.3418935839143097e-5
7.398450699203963	1.3348943403662316e-5
7.414158662471912	1.3279503386519598e-5
7.4298666257398605	1.321060992479009e-5
7.445574589007809	1.3142257233969076e-5
7.461282552275758	1.3074439606704214e-5
7.476990515543708	1.3007151411550198e-5
7.492698478811657	1.2940387091748959e-5
7.508406442079606	1.2874141164030585e-5
7.524114405347555	1.2808408217438919e-5
7.5398223686155035	1.2743182912178206e-5
7.555530331883452	1.2678459978481117e-5
7.571238295151401	1.2614234215499266e-5
7.58694625841935	1.2550500490212701e-5
7.602654221687299	1.2487253736360318e-5
7.618362184955249	1.2424488953391132e-5
7.634070148223198	1.236220120543294e-5
7.6497781114911465	1.2300385620281945e-5
7.665486074759095	1.2239037388409234e-5
7.681194038027044	1.2178151761986884e-5
7.696902001294993	1.211772405393074e-5
7.712609964562942	1.205774963696155e-5
7.728317927830891	1.1998223942682502e-5
7.74402589109884	1.1939142460673538e-5
7.759733854366789	1.18805007376025e-5
7.7754418176347375	1.1822294376351798e-5
7.791149780902687	1.1764519035160794e-5
7.806857744170636	1.1707170426783984e-5
7.822565707438585	1.165024431766363e-5
7.838273670706534	1.1593736527117853e-5
7.853981633974483	1.153764292654217e-5
7.869689597242432	1.1481959438625948e-5
7.8853975605103805	1.142668203658281e-5
7.901105523778329	1.137180674339384e-5
7.916813487046278	1.1317329631064777e-5
7.932521450314228	1.1263246819896048e-5
7.948229413582177	1.1209554477765267e-5
7.963937376850126	1.115624881942256e-5
7.979645340118075	1.1103326105798237e-5
7.995353303386024	1.1050782643322042e-5
8.011061266653972	1.0998614783254756e-5
8.026769229921921	1.0946818921030826e-5
8.042477193189871	1.0895391495612548e-5
8.058185156457819	1.084432898885479e-5
8.073893119725769	1.0793627924882136e-5
8.089601082993717	1.0743284869474701e-5
8.105309046261667	1.0693296429465632e-5
8.121017009529615	1.064365925214856e-5
8.136724972797564	1.0594370024695013e-5
8.152432936065512	1.0545425473581571e-5
8.168140899333462	1.0496822364027067e-5
8.183848862601412	1.04485574994388e-5
8.19955682586936	1.0400627720868412e-5
8.21526478913731	1.0353029906476452e-5
8.230972752405258	1.0305760971006313e-5
8.246680715673207	1.0258817865266589e-5
8.262388678941155	1.0212197575622358e-5
8.278096642209105	1.01658971234943e-5
8.293804605477053	1.0119913564866933e-5
8.309512568745003	1.0074243989804001e-5
8.325220532012953	1.0028885521972873e-5
8.3409284952809	9.983835318175541e-6
8.35663645854885	9.939090567888497e-6
8.372344421816798	9.894648492809256e-6
8.388052385084748	9.850506346410376e-6
8.403760348352696	9.806661413501328e-6
8.419468311620646	9.763111009796778e-6
8.435176274888594	9.719852481491818e-6
8.450884238156544	9.67688320484481e-6
8.466592201424492	9.634200585765984e-6
8.482300164692441	9.591802059413441e-6
8.498008127960391	9.549685089794869e-6
8.51371609122834	9.507847169376438e-6
8.529424054496289	9.466285818696929e-6
8.545132017764237	9.424998585989058e-6
8.560839981032187	9.383983046805965e-6
8.576547944300135	9.343236803654104e-6
8.592255907568084	9.302757485631638e-6
8.607963870836032	9.26254274807246e-6
8.623671834103982	9.22259027219638e-6
8.63937979737193	9.182897764763883e-6
8.65508776063988	9.1434629577372e-6
8.67079572390783	9.104283607945904e-6
8.686503687175778	9.065357496758193e-6
8.702211650443727	9.026682429756926e-6
8.717919613711675	8.988256236421137e-6
8.733627576979625	8.950076769811917e-6
8.749335540247573	8.912141906263467e-6
8.765043503515523	8.874449545078771e-6
8.780751466783471	8.83699760823013e-6
8.79645943005142	8.799784040063987e-6
8.81216739331937	8.762806807010388e-6
8.827875356587318	8.726063897297048e-6
8.843583319855268	8.689553320667282e-6
8.859291283123216	8.653273108102843e-6
8.874999246391166	8.61722131155038e-6
8.890707209659114	8.581396003652382e-6
8.906415172927064	8.545795277482e-6
8.922123136195012	8.510417246281845e-6
8.937831099462962	8.4752600432071e-6
8.953539062730911	8.440321821071527e-6
8.96924702599886	8.405600752098272e-6
8.984954989266809	8.37109502767409e-6
9.000662952534757	8.336802858106636e-6
9.016370915802707	8.302722472386273e-6
9.032078879070655	8.26885211795059e-6
9.047786842338605	8.235190060453032e-6
9.063494805606553	8.20173458353441e-6
9.079202768874502	8.168483988598216e-6
9.09491073214245	8.135436594588821e-6
9.1106186954104	8.102590737773243e-6
9.12632665867835	8.069944771525909e-6
9.142034621946298	8.037497066116665e-6
9.157742585214248	8.005246008501743e-6
9.173450548482196	7.973190002117904e-6
9.189158511750145	7.941327466679279e-6
9.204866475018093	7.909656837977716e-6
9.220574438286043	7.87817656768521e-6
9.236282401553991	7.846885123159861e-6
9.25199036482194	7.815780987254155e-6
9.267698328089889	7.784862658126441e-6
9.283406291357839	7.754128649054485e-6
9.299114254625788	7.72357748825231e-6
9.314822217893736	7.69320771868925e-6
9.330530181161686	7.66301789791148e-6
9.346238144429634	7.63300659786672e-6
9.361946107697584	7.6031724047305386e-6
9.377654070965532	7.573513918735724e-6
9.393362034233482	7.544029754003777e-6
9.40906999750143	7.514718538379099e-6
9.42477796076938	7.485578913264711e-6
9.44048592403733	7.456609533461397e-6
9.456193887305277	7.4278090670081995e-6
9.471901850573227	7.399176195025474e-6
9.487609813841175	7.370709611560143e-6
9.503317777109125	7.342408023433061e-6
9.519025740377073	7.314270150088307e-6
9.534733703645022	7.286294723444966e-6
9.55044166691297	7.258480487750558e-6
9.56614963018092	7.230826199436543e-6
9.58185759344887	7.203330626976241e-6
9.597565556716818	7.175992550743882e-6
9.613273519984768	7.148810762876493e-6
9.628981483252716	7.1217840671368755e-6
9.644689446520665	7.094911278779053e-6
9.660397409788613	7.0681912244151265e-6
9.676105373056563	7.041622741884301e-6
9.691813336324511	7.015204680123176e-6
9.707521299592461	6.988935899038468e-6
9.723229262860409	6.962815269380595e-6
9.738937226128359	6.936841672620022e-6
9.754645189396308	6.911014000824116e-6
9.770353152664256	6.885331156536693e-6
9.786061115932206	6.859792052658329e-6
9.801769079200154	6.83439561232886e-6
9.817477042468104	6.809140768811088e-6
9.833185005736052	6.784026465376232e-6
9.848892969004002	6.75905165519085e-6
9.86460093227195	6.734215301205221e-6
9.8803088955399	6.709516376043172e-6
9.896016858807847	6.684953861893419e-6
9.911724822075797	6.660526750402392e-6
9.927432785343747	6.636234042568187e-6
9.943140748611695	6.6120747486365114e-6
9.958848711879645	6.5880478879971365e-6
9.974556675147593	6.564152489082474e-6
9.990264638415542	6.540387589266929e-6
10.00597260168349	6.5167522347681735e-6
10.02168056495144	6.493245480548769e-6
10.037388528219388	6.469866390219984e-6
10.053096491487338	6.446614035946631e-6
10.068804454755288	6.423487498352432e-6
10.084512418023236	6.400485866427666e-6
10.100220381291185	6.377608237437267e-6
10.115928344559133	6.354853716830302e-6
10.131636307827083	6.332221418150791e-6
10.147344271095031	6.309710462949241e-6
10.163052234362981	6.287319980695912e-6
10.178760197630929	6.265049108694593e-6
10.194468160898879	6.242896991997776e-6
10.210176124166829	6.2208627833228206e-6
10.225884087434777	6.198945642969582e-6
10.241592050702726	6.177144738738087e-6
10.257300013970674	6.155459245848307e-6
10.273007977238624	6.13388834686059e-6
10.288715940506572	6.1124312315965895e-6
10.304423903774522	6.091087097061903e-6
10.32013186704247	6.069855147369387e-6
10.33583983031042	6.0487345936634705e-6
10.351547793578368	6.0277246540450255e-6
10.367255756846317	6.0068245534980395e-6
10.382963720114267	5.986033523816064e-6
10.398671683382215	5.9653508035309084e-6
10.414379646650165	5.944775637840771e-6
10.430087609918113	5.924307278540402e-6
10.445795573186063	5.903944983951791e-6
10.46150353645401	5.883688018855208e-6
10.47721149972196	5.863535654421928e-6
10.492919462989908	5.84348716814709e-6
10.508627426257858	5.8235418437836966e-6
10.524335389525806	5.803698971277616e-6
10.540043352793756	5.783957846702756e-6
10.555751316061706	5.764317772197671e-6
10.571459279329654	5.74477805590248e-6
10.587167242597603	5.725338011896907e-6
10.602875205865551	5.70599696013897e-6
10.618583169133501	5.686754226404034e-6
10.634291132401449	5.667609142225141e-6
10.649999095669399	5.64856104483398e-6
10.665707058937347	5.629609277102051e-6
10.681415022205297	5.610753187483116e-6
10.697122985473246	5.5919921299561915e-6
10.712830948741194	5.5733254639690635e-6
10.728538912009144	5.5547525543823915e-6
10.744246875277092	5.53627277141509e-6
10.759954838545042	5.517885490589565e-6
10.77566280181299	5.499590092678094e-6
10.79137076508094	5.481385963649751e-6
10.807078728348888	5.463272494617833e-6
10.822786691616837	5.445249081787983e-6
10.838494654884787	5.427315126407105e-6
10.854202618152735	5.4094700347125664e-6
10.869910581420685	5.391713217882106e-6
10.885618544688633	5.374044091984578e-6
10.901326507956583	5.3564620779308204e-6
10.91703447122453	5.3389666014254845e-6
10.93274243449248	5.321557092919228e-6
10.948450397760428	5.304232987561588e-6
10.964158361028378	5.286993725154211e-6
10.979866324296326	5.269838750104914e-6
10.995574287564276	5.252767511381901e-6
11.011282250832226	5.235779462468968e-6
11.026990214100174	5.218874061320781e-6
11.042698177368123	5.202050770318968e-6
11.058406140636071	5.185309056228582e-6
11.074114103904021	5.168648390155139e-6
11.08982206717197	5.152068247501974e-6
11.105530030439919	5.135568107928428e-6
11.121237993707867	5.11914745530822e-6
11.136945956975817	5.102805777688258e-6
11.152653920243765	5.086542567248215e-6
11.168361883511714	5.070357320260312e-6
11.184069846779664	5.054249537049657e-6
11.199777810047612	5.038218721954904e-6
11.215485773315562	5.022264383289733e-6
11.23119373658351	5.006386033304216e-6
11.24690169985146	4.99058318814703e-6
11.262609663119408	4.974855367828021e-6
11.278317626387357	4.959202096181018e-6
11.294025589655305	4.943622900827228e-6
11.309733552923255	4.928117313139022e-6
11.325441516191205	4.912684868204109e-6
11.341149479459153	4.8973251047900625e-6
11.356857442727103	4.882037565309292e-6
11.37256540599505	4.866821795784404e-6
11.388273369263	4.851677345813901e-6
11.403981332530948	4.836603768538377e-6
11.419689295798898	4.821600620606957e-6
11.435397259066846	4.806667462144072e-6
11.451105222334796	4.791803856716933e-6
11.466813185602746	4.77700937130288e-6
11.482521148870694	4.76228357625739e-6
11.498229112138644	4.747626045282517e-6
11.513937075406592	4.73303635539529e-6
11.529645038674541	4.7185140868969785e-6
11.54535300194249	4.7040588233421876e-6
11.561060965210439	4.689670151508561e-6
11.576768928478387	4.675347661367066e-6
11.592476891746337	4.661090946051834e-6
11.608184855014285	4.646899601831201e-6
11.623892818282235	4.632773228078478e-6
11.639600781550184	4.618711427243308e-6
11.655308744818132	4.60471380482315e-6
11.671016708086082	4.590779969335344e-6
11.68672467135403	4.576909532289119e-6
11.70243263462198	4.563102108158246e-6
11.718140597889928	4.549357314353768e-6
11.733848561157878	4.535674771197053e-6
11.749556524425826	4.522054101893221e-6
11.765264487693775	4.508494932504759e-6
11.780972450961723	4.494996891925548e-6
11.796680414229673	4.4815596118549185e-6
11.812388377497623	4.468182726772273e-6
11.82809634076557	4.454865873911909e-6
11.84380430403352	4.441608693237806e-6
11.859512267301469	4.428410827419187e-6
11.875220230569418	4.41527192180592e-6
11.890928193837366	4.40219162440436e-6
11.906636157105316	4.389169585853421e-6
11.922344120373264	4.3762054594009745e-6
11.938052083641214	4.363298900880301e-6
11.953760046909164	4.350449568686942e-6
11.969468010177112	4.337657123755843e-6
11.985175973445061	4.3249212295385754e-6
12.00088393671301	4.312241551980871e-6
12.01659189998096	4.299617759500391e-6
12.032299863248907	4.28704952296479e-6
12.048007826516857	4.274536515669906e-6
12.063715789784805	4.262078413318247e-6
12.079423753052755	4.249674893997571e-6
12.095131716320704	4.237325638159927e-6
12.110839679588652	4.2250303286007125e-6
12.126547642856602	4.212788650437964e-6
12.14225560612455	4.20060029109199e-6
12.1579635693925	4.188464940265157e-6
12.173671532660448	4.1763822899216845e-6
12.189379495928398	4.164352034267985e-6
12.205087459196346	4.152373869733013e-6
12.220795422464295	4.1404474949486565e-6
12.236503385732243	4.128572610730937e-6
12.252211349000193	4.11674892006052e-6
12.267919312268143	4.10497612806412e-6
12.283627275536091	4.093253941995747e-6
12.29933523880404	4.081582071218548e-6
12.315043202071989	4.069960227185981e-6
12.330751165339938	4.05838812342437e-6
12.346459128607886	4.046865475514494e-6
12.362167091875836	4.035392001074121e-6
12.377875055143784	4.0239674197405164e-6
12.393583018411734	4.01259145315288e-6
12.409290981679682	4.0012638249352914e-6
12.424998944947632	3.9899842606796745e-6
12.440706908215581	3.9787524879289445e-6
12.45641487148353	3.967568236160331e-6
12.47212283475148	3.9564312367688655e-6
12.487830798019427	3.945341223051046e-6
12.503538761287377	3.934297930188602e-6
12.519246724555325	3.9233010952325474e-6
12.534954687823275	3.912350457087328e-6
12.550662651091223	3.901445756494997e-6
12.566370614359172	3.890586736019792e-6
