-12.566370614359172	-1.222266356255742e-6
-12.550662651091223	-1.226958337336694e-6
-12.534954687823275	-1.2316744910215791e-6
-12.519246724555325	-1.2364149739972944e-6
-12.503538761287377	-1.241179944177433e-6
-12.487830798019427	-1.2459695607135803e-6
-12.47212283475148	-1.2507839840067202e-6
-12.45641487148353	-1.2556233757186876e-6
-12.440706908215581	-1.260487898783919e-6
-12.424998944947632	-1.2653777174210748e-6
-12.409290981679682	-1.2702929971450763e-6
-12.393583018411734	-1.2752339047789847e-6
-12.377875055143784	-1.2802006084662204e-6
-12.362167091875836	-1.2851932776828552e-6
-12.346459128607886	-1.2902120832499211e-6
-12.330751165339938	-1.2952571973460464e-6
-12.315043202071989	-1.3003287935200569e-6
-12.29933523880404	-1.3054270467038286e-6
-12.283627275536091	-1.3105521332251957e-6
-12.267919312268143	-1.3157042308210725e-6
-12.252211349000193	-1.3208835186506152e-6
-12.236503385732243	-1.3260901773086636e-6
-12.220795422464295	-1.3313243888392093e-6
-12.205087459196346	-1.336586336749051e-6
-12.189379495928398	-1.3418762060216331e-6
-12.173671532660448	-1.3471941831309587e-6
-12.1579635693925	-1.3525404560557413e-6
-12.14225560612455	-1.357915214293621e-6
-12.126547642856602	-1.3633186488756167e-6
-12.110839679588652	-1.3687509523806954e-6
-12.095131716320704	-1.3742123189504905e-6
-12.079423753052755	-1.3797029443041996e-6
-12.063715789784805	-1.3852230257536546e-6
-12.048007826516857	-1.3907727622185584e-6
-12.032299863248907	-1.3963523542418252e-6
-12.01659189998096	-1.4019620040051933e-6
-12.00088393671301	-1.4076019153449105e-6
-11.985175973445061	-1.4132722937677173e-6
-11.969468010177112	-1.4189733464668555e-6
-11.953760046909164	-1.4247052823383249e-6
-11.938052083641214	-1.4304683119973966e-6
-11.922344120373264	-1.4362626477951558e-6
-11.906636157105316	-1.4420885038353787e-6
-11.890928193837366	-1.4479460959914527e-6
-11.875220230569418	-1.4538356419236426e-6
-11.859512267301469	-1.4597573610964218e-6
-11.84380430403352	-1.4657114747960457e-6
-11.82809634076557	-1.4716982061483255e-6
-11.812388377497623	-1.4777177801366046e-6
-11.796680414229673	-1.4837704236199261e-6
-11.780972450961723	-1.48985636535139e-6
-11.765264487693775	-1.4959758359967611e-6
-11.749556524425826	-1.502129068153259e-6
-11.733848561157878	-1.508316296368537e-6
-11.718140597889928	-1.514537757159929e-6
-11.70243263462198	-1.5207936890338478e-6
-11.68672467135403	-1.5270843325055168e-6
-11.671016708086082	-1.5334099301187805e-6
-11.655308744818132	-1.5397707264662575e-6
-11.639600781550184	-1.5461669682096317e-6
-11.623892818282235	-1.552598904100281e-6
-11.608184855014285	-1.5590667850000315e-6
-11.592476891746337	-1.5655708639022595e-6
-11.576768928478387	-1.5721113959530922e-6
-11.561060965210439	-1.5786886384730479e-6
-11.54535300194249	-1.5853028509787062e-6
-11.529645038674541	-1.5919542952048076e-6
-11.513937075406592	-1.5986432351265104e-6
-11.498229112138644	-1.6053699369819648e-6
-11.482521148870694	-1.6121346692950619e-6
-11.466813185602746	-1.6189377028985356e-6
-11.451105222334796	-1.6257793109572888e-6
-11.435397259066846	-1.6326597689920327e-6
-11.419689295798898	-1.6395793549031076e-6
-11.403981332530948	-1.6465383489946793e-6
-11.388273369263	-1.6535370339992135e-6
-11.37256540599505	-1.6605756951021148e-6
-11.356857442727103	-1.6676546199668705e-6
-11.341149479459153	-1.6747740987602528e-6
-11.325441516191205	-1.6819344241779723e-6
-11.309733552923255	-1.6891358914706248e-6
-11.294025589655305	-1.6963787984698514e-6
-11.278317626387357	-1.703663445614914e-6
-11.262609663119408	-1.710990135979497e-6
-11.24690169985146	-1.7183591752989088e-6
-11.23119373658351	-1.7257708719975564e-6
-11.215485773315562	-1.7332255372166934e-6
-11.199777810047612	-1.7407234848426669e-6
-11.184069846779664	-1.7482650315353252e-6
-11.168361883511714	-1.7558504967568519e-6
-11.152653920243765	-1.7634802028009125e-6
-11.136945956975817	-1.771154474822207e-6
-11.121237993707867	-1.7788736408662736e-6
-11.105530030439919	-1.7866380318997995e-6
-11.08982206717197	-1.7944479818411103e-6
-11.074114103904021	-1.8023038275912242e-6
-11.058406140636071	-1.8102059090651061e-6
-11.042698177368123	-1.8181545692234383e-6
-11.026990214100174	-1.8261501541046596e-6
-11.011282250832226	-1.8341930128575112e-6
-10.995574287564276	-1.8422834977738687e-6
-10.979866324296326	-1.8504219643220414e-6
-10.964158361028378	-1.8586087711804568e-6
-10.948450397760428	-1.8668442802717766e-6
-10.93274243449248	-1.8751288567973938e-6
-10.91703447122453	-1.8834628692723456e-6
-10.901326507956583	-1.8918466895607431e-6
-10.885618544688633	-1.900280692911531e-6
-10.869910581420685	-1.9087652579947215e-6
-10.854202618152735	-1.9173007669381172e-6
-10.838494654884787	-1.9258876053644638e-6
-10.822786691616837	-1.934526162428985e-6
-10.807078728348888	-1.9432168308575448e-6
-10.79137076508094	-1.9519600069851125e-6
-10.77566280181299	-1.960756090794835e-6
-10.759954838545042	-1.9696054859575183e-6
-10.744246875277092	-1.978508599871631e-6
-10.728538912009144	-1.9874658437038538e-6
-10.712830948741194	-1.9964776324299912e-6
-10.697122985473246	-2.0055443848765984e-6
-10.681415022205297	-2.0146665237629194e-6
-10.665707058937347	-2.023844475743603e-6
-10.649999095669399	-2.0330786714516463e-6
-10.634291132401449	-2.0423695455421855e-6
-10.618583169133501	-2.051717536736641e-6
-10.602875205865551	-2.0611230878674804e-6
-10.587167242597603	-2.0705866459235576e-6
-10.571459279329654	-2.08010866209606e-6
-10.555751316061706	-2.0896895918249823e-6
-10.540043352793756	-2.099329894846168e-6
-10.524335389525806	-2.1090300352390715e-6
-10.508627426257858	-2.1187904814749843e-6
-10.492919462989908	-2.128611706466099e-6
-10.47721149972196	-2.1384941876148486e-6
-10.46150353645401	-2.1484384068642593e-6
-10.445795573186063	-2.158444850748708e-6
-10.430087609918113	-2.1685140104454223e-6
-10.414379646650165	-2.1786463818266353e-6
-10.398671683382215	-2.1888424655124358e-6
-10.382963720114267	-2.199102766924236e-6
-10.367255756846317	-2.209427796339021e-6
-10.351547793578368	-2.219818068944246e-6
-10.33583983031042	-2.2302741048934954e-6
-10.32013186704247	-2.2407964293628e-6
-10.304423903774522	-2.2513855726077494e-6
-10.288715940506572	-2.2620420700213626e-6
-10.273007977238624	-2.2727664621926494e-6
-10.257300013970674	-2.2835592949659957e-6
-10.241592050702726	-2.294421119501383e-6
-10.225884087434777	-2.305352492335218e-6
-10.210176124166829	-2.31635397544221e-6
-10.194468160898879	-2.327426136297877e-6
-10.178760197630929	-2.3385695479419838e-6
-10.163052234362981	-2.3497847890427672e-6
-10.147344271095031	-2.361072443962041e-6
-10.131636307827083	-2.3724331028212335e-6
-10.115928344559133	-2.383867361568143e-6
-10.100220381291185	-2.395375822044724e-6
-10.084512418023236	-2.406959092055797e-6
-10.068804454755288	-2.4186177854386043e-6
-10.053096491487338	-2.430352522133239e-6
-10.037388528219388	-2.442163928254292e-6
-10.02168056495144	-2.454052636163084e-6
-10.00597260168349	-2.4660192845412937e-6
-9.990264638415542	-2.4780645184651345e-6
-9.974556675147593	-2.4901889894809996e-6
-9.958848711879645	-2.502393355681777e-6
-9.943140748611695	-2.5146782817843514e-6
-9.927432785343747	-2.5270444392081732e-6
-9.911724822075797	-2.5394925061549326e-6
-9.896016858807847	-2.552023167689162e-6
-9.8803088955399	-2.5646371158201465e-6
-9.86460093227195	-2.577335049584837e-6
-9.848892969004002	-2.590117675131972e-6
-9.833185005736052	-2.6029857058072898e-6
-9.817477042468104	-2.615939862239971e-6
-9.801769079200154	-2.628980872430296e-6
-9.786061115932206	-2.642109471838474e-6
-9.770353152664256	-2.6553264034747086e-6
-9.754645189396308	-2.6686324179905825e-6
-9.738937226128359	-2.6820282737716033e-6
-9.723229262860409	-2.6955147370312126e-6
-9.707521299592461	-2.7090925819058887e-6
-9.691813336324511	-2.7227625905518323e-6
-9.676105373056563	-2.7365255532427764e-6
-9.660397409788613	-2.750382268469362e-6
-9.644689446520665	-2.7643335430398493e-6
-9.628981483252716	-2.7783801921821672e-6
-9.613273519984768	-2.792523039647572e-6
-9.597565556716818	-2.806762917815691e-6
-9.58185759344887	-2.8211006678009535e-6
-9.56614963018092	-2.8355371395608382e-6
-9.55044166691297	-2.8500731920053132e-6
-9.534733703645022	-2.864709693108054e-6
-9.519025740377073	-2.8794475200193097e-6
-9.503317777109125	-2.8942875591801294e-6
-9.487609813841175	-2.9092307064385376e-6
-9.471901850573227	-2.9242778671671416e-6
-9.456193887305277	-2.9394299563825887e-6
-9.44048592403733	-2.9546878988666936e-6
-9.42477796076938	-2.97005262928939e-6
-9.40906999750143	-2.985525092333231e-6
-9.393362034233482	-3.0011062428201006e-6
-9.377654070965532	-3.016797045839489e-6
-9.361946107697584	-3.032598476878603e-6
-9.346238144429634	-3.048511521954623e-6
-9.330530181161686	-3.064537177748711e-6
-9.314822217893736	-3.0806764517420888e-6
-9.299114254625788	-3.0969303623539956e-6
-9.283406291357839	-3.1132999390818558e-6
-9.267698328089889	-3.1297862226433726e-6
-9.25199036482194	-3.146390265120882e-6
-9.236282401553991	-3.163113130107587e-6
-9.220574438286043	-3.1799558928563e-6
-9.204866475018093	-3.1969196404301804e-6
-9.189158511750145	-3.214005471855759e-6
-9.173450548482196	-3.2312144982783286e-6
-9.157742585214248	-3.248547843119583e-6
-9.142034621946298	-3.2660066422376693e-6
-9.12632665867835	-3.283592044089679e-6
-9.1106186954104	-3.3013052098964863e-6
-9.09491073214245	-3.3191473138101956e-6
-9.079202768874502	-3.337119543084136e-6
-9.063494805606553	-3.3552230982452184e-6
-9.047786842338605	-3.373459193269272e-6
-9.032078879070655	-3.3918290557587127e-6
-9.016370915802707	-3.4103339271231926e-6
-9.000662952534757	-3.428975062762825e-6
-8.984954989266809	-3.447753732254332e-6
-8.96924702599886	-3.4666712195399645e-6
-8.953539062730911	-3.485728823119494e-6
-8.937831099462962	-3.504927856244965e-6
-8.922123136195012	-3.524269647118625e-6
-8.906415172927064	-3.5437555390938115e-6
-8.890707209659114	-3.5633868908790446e-6
-8.874999246391166	-3.5831650767452096e-6
-8.859291283123216	-3.603091486736109e-6
-8.843583319855268	-3.6231675268821417e-6
-8.827875356587318	-3.643394619417461e-6
-8.81216739331937	-3.6637742030004613e-6
-8.79645943005142	-3.6843077329377973e-6
-8.780751466783471	-3.7049966814119018e-6
-8.765043503515523	-3.7258425377120206e-6
-8.749335540247573	-3.746846808469214e-6
-8.733627576979625	-3.768011017894533e-6
-8.717919613711675	-3.7893367080216735e-6
-8.702211650443727	-3.8108254389528512e-6
-8.686503687175778	-3.832478789109064e-6
-8.67079572390783	-3.854298355484123e-6
-8.65508776063988	-3.876285753902875e-6
-8.63937979737193	-3.89844261928347e-6
-8.623671834103982	-3.9207706059040414e-6
-8.607963870836032	-3.9432713876733875e-6
-8.592255907568084	-3.965946658406398e-6
-8.576547944300135	-3.988798132103639e-6
-8.560839981032187	-4.011827543235696e-6
-8.545132017764237	-4.035036647032045e-6
-8.529424054496289	-4.058427219774655e-6
-8.51371609122834	-4.0820010590964175e-6
-8.498008127960391	-4.105759984284444e-6
-8.482300164692441	-4.129705836588371e-6
-8.466592201424492	-4.15384047953381e-6
-8.450884238156544	-4.178165799240789e-6
-8.435176274888594	-4.202683704747651e-6
-8.419468311620646	-4.22739612834029e-6
-8.403760348352696	-4.2523050258867375e-6
-8.388052385084748	-4.2774123771774985e-6
-8.372344421816798	-4.302720186271427e-6
-8.35663645854885	-4.328230481847519e-6
-8.3409284952809	-4.353945317562528e-6
-8.325220532012953	-4.379866772414531e-6
-8.309512568745003	-4.405996951112876e-6
-8.293804605477053	-4.4323379844540576e-6
-8.278096642209105	-4.4588920297041e-6
-8.262388678941155	-4.485661270987615e-6
-8.246680715673207	-4.5126479196831554e-6
-8.230972752405258	-4.539854214825474e-6
-8.21526478913731	-4.567282423514722e-6
-8.19955682586936	-4.5949348413324785e-6
-8.183848862601412	-4.622813792765143e-6
-8.168140899333462	-4.650921631634476e-6
-8.152432936065512	-4.679260741535477e-6
-8.136724972797564	-4.707833536282166e-6
-8.121017009529615	-4.7366424603606785e-6
-8.105309046261667	-4.765689989390564e-6
-8.089601082993717	-4.7949786305940535e-6
-8.073893119725769	-4.824510923273236e-6
-8.058185156457819	-4.854289439296127e-6
-8.042477193189871	-4.884316783590634e-6
-8.026769229921921	-4.914595594647831e-6
-8.011061266653972	-4.945128545033606e-6
-7.995353303386024	-4.975918341909654e-6
-7.979645340118075	-5.00696772756355e-6
-7.963937376850126	-5.038279479948343e-6
-7.948229413582177	-5.069856413231667e-6
-7.932521450314228	-5.101701378354638e-6
-7.916813487046278	-5.13381726360099e-6
-7.901105523778329	-5.166206995176013e-6
-7.8853975605103805	-5.1988735377961885e-6
-7.869689597242432	-5.231819895289491e-6
-7.853981633974483	-5.265049111206251e-6
-7.838273670706534	-5.298564269441451e-6
-7.822565707438585	-5.3323684948680405e-6
-7.806857744170636	-5.366464953981784e-6
-7.791149780902687	-5.400856855558189e-6
-7.7754418176347375	-5.435547451321115e-6
-7.759733854366789	-5.470540036623681e-6
-7.74402589109884	-5.505837951142044e-6
-7.728317927830891	-5.54144457958143e-6
-7.712609964562942	-5.577363352395721e-6
-7.696902001294993	-5.613597746519995e-6
-7.681194038027044	-5.650151286117003e-6
-7.665486074759095	-5.687027543337232e-6
-7.6497781114911465	-5.7242301390934315e-6
-7.634070148223198	-5.76176274384947e-6
-7.618362184955249	-5.799629078424125e-6
-7.602654221687299	-5.837832914809839e-6
-7.58694625841935	-5.87637807700721e-6
-7.571238295151401	-5.915268441874895e-6
-7.555530331883452	-5.95450793999596e-6
-7.5398223686155035	-5.994100556560576e-6
-7.524114405347555	-6.0340503322655256e-6
-7.508406442079606	-6.07436136423096e-6
-7.492698478811657	-6.115037806934707e-6
-7.476990515543708	-6.156083873164669e-6
-7.461282552275758	-6.1975038349892274e-6
-7.445574589007809	-6.239302024746877e-6
-7.4298666257398605	-6.281482836054702e-6
-7.414158662471912	-6.324050724836615e-6
-7.398450699203963	-6.367010210371409e-6
-7.382742735936014	-6.410365876361703e-6
-7.367034772668065	-6.4541223720233154e-6
-7.351326809400116	-6.4982844131965584e-6
-7.335618846132167	-6.542856783478962e-6
-7.319910882864218	-6.587844335380709e-6
-7.304202919596269	-6.633251991502797e-6
-7.28849495632832	-6.679084745738523e-6
-7.272786993060371	-6.725347664499283e-6
-7.257079029792422	-6.772045887964288e-6
-7.241371066524473	-6.819184631355855e-6
-7.225663103256524	-6.866769186239945e-6
-7.209955139988575	-6.914804921853004e-6
-7.194247176720626	-6.963297286455799e-6
-7.1785392134526775	-7.012251808714378e-6
-7.162831250184729	-7.061674099109208e-6
-7.147123286916779	-7.111569851373103e-6
-7.13141532364883	-7.161944843958449e-6
-7.115707360380881	-7.212804941534561e-6
-7.099999397112932	-7.264156096515599e-6
-7.084291433844983	-7.316004350620336e-6
-7.0685834705770345	-7.368355836463851e-6
-7.052875507309086	-7.4212167791823545e-6
-7.037167544041137	-7.4745934980918034e-6
-7.021459580773188	-7.528492408380982e-6
-7.005751617505239	-7.5829200228402015e-6
-6.99004365423729	-7.637882953626036e-6
-6.97433569096934	-7.693387914063317e-6
-6.9586277277013915	-7.749441720485142e-6
-6.942919764433443	-7.806051294111704e-6
-6.927211801165494	-7.863223662969195e-6
-6.911503837897545	-7.920965963849408e-6
-6.895795874629596	-7.979285444311147e-6
-6.880087911361647	-8.038189464724705e-6
-6.864379948093698	-8.097685500360091e-6
-6.848671984825749	-8.15778114352034e-6
-6.8329640215578	-8.218484105720832e-6
-6.817256058289851	-8.279802219915937e-6
-6.801548095021902	-8.341743442774163e-6
-6.785840131753953	-8.404315857002699e-6
-6.770132168486004	-8.467527673723174e-6
-6.754424205218055	-8.531387234899047e-6
-6.738716241950106	-8.595903015817107e-6
-6.7230082786821574	-8.661083627623183e-6
-6.707300315414209	-8.726937819914361e-6
-6.69159235214626	-8.79347448338878e-6
-6.675884388878311	-8.860702652554437e-6
-6.660176425610361	-8.928631508498589e-6
-6.644468462342412	-8.997270381719435e-6
-6.628760499074463	-9.066628755021297e-6
-6.613052535806514	-9.13671626647541e-6
-6.5973445725385655	-9.207542712447741e-6
-6.581636609270617	-9.27911805069549e-6
-6.565928646002668	-9.351452403534377e-6
-6.550220682734719	-9.424556061078368e-6
-6.53451271946677	-9.498439484553643e-6
-6.51880475619882	-9.573113309688902e-6
-6.503096792930871	-9.648588350184232e-6
-6.4873888296629225	-9.724875601260018e-6
-6.471680866394974	-9.801986243288756e-6
-6.455972903127025	-9.879931645511293e-6
-6.440264939859076	-9.958723369840355e-6
-6.424556976591127	-1.0038373174753256e-5
-6.408849013323178	-1.0118893019276266e-5
-6.393141050055229	-1.0200295067063706e-5
-6.37743308678728	-1.0282591690573211e-5
-6.3617251235193315	-1.0365795475340825e-5
-6.346017160251382	-1.0449919224358174e-5
-6.330309196983433	-1.0534975962554426e-5
-6.314601233715484	-1.0620978941386428e-5
-6.298893270447535	-1.0707941643539308e-5
-6.283185307179586	-1.0795877787741127e-5
-6.267477343911637	-1.088480133369466e-5
-6.2517693806436885	-1.0974726487129227e-5
-6.23606141737574	-1.1065667704976694e-5
-6.220353454107791	-1.1157639700674148e-5
-6.204645490839841	-1.1250657449597568e-5
-6.188937527571892	-1.1344736194629928e-5
-6.173229564303943	-1.1439891451867665e-5
-6.157521601035994	-1.1536139016469275e-5
-6.1418136377680455	-1.1633494968650143e-5
-6.126105674500097	-1.1731975679827968e-5
-6.110397711232148	-1.1831597818923265e-5
-6.094689747964199	-1.193237835881856e-5
-6.07898178469625	-1.2034334582982388e-5
-6.063273821428301	-1.2137484092261153e-5
-6.047565858160352	-1.2241844811845446e-5
-6.031857894892402	-1.2347434998414683e-5
-6.0161499316244536	-1.2454273247465842e-5
-6.000441968356505	-1.2562378500831839e-5
-5.984734005088556	-1.2671770054395115e-5
-5.969026041820607	-1.2782467566001945e-5
-5.953318078552658	-1.2894491063584043e-5
-5.937610115284709	-1.3007860953492858e-5
-5.92190215201676	-1.3122598029054394e-5
-5.906194188748811	-1.3238723479349374e-5
-5.890486225480862	-1.3356258898227235e-5
-5.874778262212913	-1.3475226293560463e-5
-5.859070298944964	-1.3595648096745983e-5
-5.843362335677015	-1.3717547172462688e-5
-5.827654372409066	-1.3840946828691747e-5
-5.811946409141117	-1.3965870827008474e-5
-5.796238445873168	-1.4092343393153514e-5
-5.7805304826052195	-1.4220389227893722e-5
-5.764822519337271	-1.4350033518179729e-5
-5.749114556069322	-1.448130194861081e-5
-5.733406592801373	-1.4614220713217249e-5
-5.717698629533423	-1.4748816527568492e-5
-5.701990666265474	-1.4885116641219621e-5
-5.686282702997525	-1.5023148850505215e-5
-5.6705747397295765	-1.5162941511693166e-5
-5.654866776461628	-1.5304523554509216e-5
-5.639158813193679	-1.5447924496044816e-5
-5.62345084992573	-1.5593174455060073e-5
-5.607742886657781	-1.5740304166695803e-5
-5.592034923389832	-1.588934499760701e-5
-5.576326960121882	-1.6040328961533055e-5
-5.5606189968539335	-1.619328873531719e-5
-5.544911033585985	-1.6348257675392786e-5
-5.529203070318036	-1.650526983474942e-5
-5.513495107050087	-1.666435998039681e-5
-5.497787143782138	-1.6825563611342756e-5
-5.482079180514189	-1.6988916977102418e-5
-5.46637121724624	-1.7154457096756996e-5
-5.450663253978291	-1.7322221778581554e-5
-5.4349552907103424	-1.749224964025965e-5
-5.419247327442394	-1.7664580129707347e-5
-5.403539364174444	-1.7839253546526395e-5
-5.387831400906495	-1.801631106410827e-5
-5.372123437638546	-1.8195794752413075e-5
-5.356415474370597	-1.8377747601446102e-5
-5.340707511102648	-1.856221354545725e-5
-5.324999547834699	-1.8749237487888614e-5
-5.3092915845667505	-1.893886532709704e-5
-5.293583621298802	-1.9131143982879974e-5
-5.277875658030853	-1.93261214238329e-5
-5.262167694762903	-1.9523846695568576e-5
-5.246459731494954	-1.972436994983021e-5
-5.230751768227005	-1.99277424745299e-5
-5.215043804959056	-2.0134016724747737e-5
-5.1993358416911075	-2.0343246354726754e-5
-5.183627878423159	-2.0555486250899072e-5
-5.16791991515521	-2.077079256598481e-5
-5.152211951887261	-2.098922275420118e-5
-5.136503988619312	-2.1210835607624424e-5
-5.120796025351363	-2.1435691293749895e-5
-5.105088062083414	-2.1663851394292733e-5
-5.0893800988154645	-2.189537894528e-5
-5.073672135547516	-2.213033847848103e-5
-5.057964172279567	-2.236879606423017e-5
-5.042256209011618	-2.2610819355694253e-5
-5.026548245743669	-2.2856477634642076e-5
-5.01084028247572	-2.3105841858774772e-5
-4.995132319207771	-2.3358984710678777e-5
-4.979424355939822	-2.3615980648465244e-5
-4.9637163926718735	-2.3876905958164685e-5
-4.948008429403924	-2.4141838807944996e-5
-4.932300466135975	-2.44108593042286e-5
-4.916592502868026	-2.4684049549784414e-5
-4.900884539600077	-2.496149370387617e-5
-4.885176576332128	-2.5243278044550558e-5
-4.869468613064179	-2.5529491033153468e-5
-4.8537606497962305	-2.582022338116785e-5
-4.838052686528282	-2.6115568119469288e-5
-4.822344723260333	-2.6415620670099796e-5
-4.806636759992384	-2.6720478920668197e-5
-4.790928796724435	-2.7030243301486655e-5
-4.775220833456485	-2.734501686556155e-5
-4.759512870188536	-2.7664905371559497e-5
-4.743804906920587	-2.7990017369879838e-5
-4.7280969436526386	-2.832046429196517e-5
-4.71238898038469	-2.8656360542993926e-5
-4.696681017116741	-2.899782359810265e-5
-4.680973053848792	-2.9344974102294756e-5
-4.665265090580843	-2.969793597419866e-5
-4.649557127312894	-3.0056836513849243e-5
-4.633849164044944	-3.0421806514672107e-5
-4.6181412007769955	-3.079298037986317e-5
-4.602433237509047	-3.117049624336219e-5
-4.586725274241098	-3.155449609563222e-5
-4.571017310973149	-3.194512591446724e-5
-4.5553093477052	-3.2342535801060397e-5
-4.539601384437251	-3.274688012158086e-5
-4.523893421169302	-3.315831765451689e-5
-4.508185457901353	-3.357701174406068e-5
-4.4924774946334045	-3.400313045982007e-5
-4.476769531365456	-3.443684676316533e-5
-4.461061568097506	-3.487833868052771e-5
-4.445353604829557	-3.532778948399111e-5
-4.429645641561608	-3.578538787953354e-5
-4.413937678293659	-3.6251328203294846e-5
-4.39822971502571	-3.6725810626271605e-5
-4.3825217517577615	-3.72090413678595e-5
-4.366813788489813	-3.7701232918689277e-5
-4.351105825221864	-3.8202604273228885e-5
-4.335397861953915	-3.8713381172649596e-5
-4.319689898685965	-3.923379635848571e-5
-4.303981935418016	-3.976408983764779e-5
-4.288273972150067	-4.0304509159381024e-5
-4.2725660088821185	-4.0855309704799655e-5
-4.25685804561417	-4.1416754989662054e-5
-4.241150082346221	-4.198911698109615e-5
-4.225442119078272	-4.2572676429023435e-5
-4.209734155810323	-4.316772321308147e-5
-4.194026192542374	-4.3774556705890484e-5
-4.178318229274425	-4.439348615356494e-5
-4.162610266006476	-4.5024831074427234e-5
-4.146902302738527	-4.566892167694363e-5
-4.131194339470578	-4.6326099297964264e-5
-4.115486376202629	-4.69967168624252e-5
-4.09977841293468	-4.768113936574012e-5
-4.084070449666731	-4.837974438019621e-5
-4.068362486398782	-4.909292258675145e-5
-4.052654523130833	-4.9821078333727305e-5
-4.036946559862884	-5.056463022399342e-5
-4.0212385965949355	-5.132401173234595e-5
-4.005530633326986	-5.209967185490037e-5
-3.9898226700590373	-5.289207579245098e-5
-3.9741147067910885	-5.370170566987895e-5
-3.958406743523139	-5.452906129384348e-5
-3.9426987802551903	-5.537466095114998e-5
-3.9269908169872414	-5.623904225036159e-5
-3.9112828537192925	-5.712276300940732e-5
-3.8955748904513436	-5.802640219214413e-5
-3.8798669271833943	-5.89505608970511e-5
-3.8641589639154454	-5.9895863401469327e-5
-3.8484510006474966	-6.086295826506539e-5
-3.8327430373795477	-6.185251949647495e-5
-3.817035074111599	-6.2865247787391e-5
-3.8013271108436495	-6.390187181869507e-5
-3.7856191475757006	-6.496314964359643e-5
-3.7699111843077517	-6.604987015313827e-5
-3.754203221039803	-6.71628546298638e-5
-3.738495257771854	-6.830295839591631e-5
-3.7227872945039047	-6.947107256235689e-5
-3.707079331235956	-7.066812588705864e-5
-3.691371367968007	-7.18950867491611e-5
-3.675663404700058	-7.315296524874612e-5
-3.659955441432109	-7.444281544115858e-5
-3.64424747816416	-7.576573771621687e-5
-3.628539514896211	-7.71228813334754e-5
-3.612831551628262	-7.851544712570642e-5
-3.597123588360313	-7.994469038388152e-5
-3.5814156250923643	-8.141192393816688e-5
-3.565707661824415	-8.291852145080808e-5
-3.549999698556466	-8.446592093829402e-5
-3.5342917352885173	-8.605562854187712e-5
-3.5185837720205684	-8.768922256739074e-5
-3.5028758087526195	-8.936835781740342e-5
-3.48716784548467	-9.109477024107798e-5
-3.4714598822167213	-9.287028192971397e-5
-3.4557519189487724	-9.469680648888256e-5
-3.4400439556808236	-9.657635482135869e-5
-3.4243359924128747	-9.85110413587519e-5
-3.4086280291449254	-0.00010050309078393162
-3.3929200658769765	-0.0001025548452910715
-3.3772121026090276	-0.00010466877243551362
-3.3615041393410787	-0.00010684747363175713
-3.34579617607313	-0.0001090936933648593
-3.3300882128051805	-0.00011141032918850461
-3.3143802495372316	-0.00011380044259216454
-3.2986722862692828	-0.0001162672708303323
-3.282964323001334	-0.00011881423981902014
-3.267256359733385	-0.00012144497821889534
-3.2515483964654357	-0.00012416333284097572
-3.235840433197487	-0.0001269733855301863
-3.220132469929538	-0.0001298794717049308
-3.204424506661589	-0.00013288620075787555
-3.18871654339364	-0.00013599847855538469
-3.173008580125691	-0.00013922153231170147
-3.157300616857742	-0.00014256093816065926
-3.141592653589793	-0.00014602265180451663
-3.1258846903218442	-0.0001496130426892312
-3.1101767270538954	-0.00015333893224176177
-3.094468763785946	-0.0001572076368128888
-3.078760800517997	-0.00016122701610530232
-3.0630528372500483	-0.00016540552804083272
-3.0473448739820994	-0.00016975229124592444
-3.0316369107141505	-0.00017427715662966857
-3.015928947446201	-0.00017899078992124592
-3.0002209841782523	-0.00018390476756360638
-2.9845130209103035	-0.00018903168908763292
-2.9688050576423546	-0.00019438531010719038
-2.9530970943744057	-0.0001999807015219392
-2.9373891311064564	-0.00020583444261567242
-2.9216811678385075	-0.00021196485885560204
-2.9059732045705586	-0.0002183923199324781
-2.8902652413026098	-0.00022513962095089174
-2.874557278034661	-0.00023223248145990338
-2.8588493147667116	-0.00023970021639764337
-2.8431413514987627	-0.0002475766659346589
-2.827433388230814	-0.0002559015290432855
-2.811725424962865	-0.00026472235124816364
-2.796017461694916	-0.0002740976183587515
-2.7803094984269667	-0.00028410181092756363
-2.764601535159018	-0.0002948341269978443
-2.748893571891069	-0.0003064345077319793
-2.73318560862312	-0.0003191153076863657
-2.7174776453551712	-0.0003332295947668969
-2.701769682087222	-0.0003494353152520454
-2.686061718819273	-0.0003691496702306853
-2.670353755551324	-0.0003960785538422429
-2.6546457922833753	-0.0004431573033646847
-2.6389378290154264	-0.0005868770239022914
-2.623229865747477	-0.003350830508252219
-2.607521902479528	-0.0011796399627073888
-2.5918139392115793	-0.0005783702990477111
-2.5761059759436304	-0.0005289211975859887
-2.5603980126756816	-0.0005328948937070735
-2.5446900494077322	-0.0005523545138154715
-2.5289820861397834	-0.0005798505340278707
-2.5132741228718345	-0.0006136491337724382
-2.4975661596038856	-0.0006538358790488429
-2.4818581963359367	-0.000701485745412573
-2.4661502330679874	-0.0007586208202143346
-2.4504422698000385	-0.00082859067835786
-2.4347343065320897	-0.0009170098636477063
-2.419026343264141	-0.001033940038240159
-2.403318379996192	-0.0012005240929747235
-2.3876104167282426	-0.002334699787925185
-2.3719024534602937	-0.0019907048877445843
-2.356194490192345	-0.026110534921265888
-2.340486526924396	-0.004821137082488395
-2.324778563656447	-0.012627435284636414
-2.3090706003884978	-0.6078517174019721
-2.293362637120549	-0.025580925892642326
-2.2776546738526	-0.006698919231346162
-2.261946710584651	-0.004672834321393631
-2.2462387473167023	-0.007059946703008147
-2.230530784048753	-0.1525471265264916
-2.214822820780804	-0.012321545899753138
-2.199114857512855	-0.004227899208145083
-2.1834068942449063	-0.0031674609491480037
-2.1676989309769574	-0.0029754143173223255
-2.151990967709008	-0.0030627004557370638
-2.1362830044410592	-0.003306714299629912
-2.1205750411731104	-0.003684572124618552
-2.1048670779051615	-0.004219542572981134
-2.0891591146372126	-0.005099213118669051
-2.0734511513692633	-0.007159040547891731
-2.0577431881013144	-0.007159762159597305
-2.0420352248333655	-0.00897681476903841
-2.0263272615654166	-0.011859129129432334
-2.0106192982974678	-0.01755772887316739
-1.9949113350295187	-0.4853099825141176
-1.9792033717615696	-0.03714924652861854
-1.9634954084936207	-0.06460667638899412
-1.9477874452256718	-0.1553441444942309
-1.9320794819577227	-0.8421960370988687
-1.9163715186897738	-29.36741160108411
-1.9006635554218247	-0.3675466899639001
-1.8849555921538759	-0.10708731513141352
-1.869247628885927	-0.05230170809359768
-1.853539665617978	-0.03532071796607174
-1.837831702350029	-0.05903279131800631
-1.82212373908208	-0.1514850020683513
-1.806415775814131	-0.019735886760895095
-1.7907078125461822	-0.011357433557334371
-1.774999849278233	-0.008334326922968809
-1.7592918860102842	-0.006685752584301644
-1.743583922742335	-0.005641094174892331
-1.7278759594743862	-0.0049368512727774394
-1.7121679962064373	-0.004465756492487962
-1.6964600329384882	-0.004354887373924314
-1.6807520696705394	-0.004307965735332031
-1.6650441064025903	-0.003909887759527296
-1.6493361431346414	-0.004094324366412437
-1.6336281798666925	-0.0050224596533982304
-1.6179202165987434	-0.011370151914373584
-1.6022122533307945	-0.23734580961853072
-1.5865042900628454	-0.008068149372451948
-1.5707963267948966	-0.0049948616522082125
-1.5550883635269477	-0.005210714315352977
-1.5393804002589986	-0.04821573058385104
-1.5236724369910497	-0.005040424782649743
-1.5079644737231006	-0.004942881695864328
-1.4922565104551517	-0.00532713286988185
-1.4765485471872029	-0.00592923316657536
-1.4608405839192538	-0.0067535981844764935
-1.4451326206513049	-0.007862866201700456
-1.4294246573833558	-0.009371895377993194
-1.413716694115407	-0.011479490441199997
-1.398008730847458	-0.014557764795302202
-1.382300767579509	-0.01969558709484222
-1.36659280431156	-0.028147002884404398
-1.350884841043611	-0.07018318594841011
-1.335176877775662	-0.07830729077414707
-1.3194689145077132	-0.12935840841182514
-1.303760951239764	-0.8148715082175553
-1.2880529879718152	-1.0007988289591343
-1.2723450247038661	-94.68359911839131
-1.2566370614359172	-0.650600772020475
-1.2409290981679684	-0.17625418575256002
-1.2252211349000193	-0.08135336153826479
-1.2095131716320704	-0.047011057654739015
-1.1938052083641213	-0.03081138477173224
-1.1780972450961724	-0.02192067215411627
-1.1623892818282235	-0.016548853328758786
-1.1466813185602744	-0.013095750360554485
-1.1309733552923256	-0.010803989956280784
-1.1152653920243765	-0.009309656372320615
-1.0995574287564276	-0.00852431128682533
-1.0838494654884787	-0.009010904917302059
-1.0681415022205296	-0.15291257885685414
-1.0524335389525807	-0.2698834513526391
-1.0367255756846316	-0.020643484915151316
-1.0210176124166828	-0.007980444671426836
-1.0053096491487339	-0.006482326072036896
-0.9896016858807848	-0.006288247365607436
-0.9738937226128359	-0.006682575317633112
-0.9581857593448869	-0.0076528468609076295
-0.9424777960769379	-0.009481404504063736
-0.926769832808989	-0.012919465844862305
-0.91106186954104	-0.020034122058269134
-0.8953539062730911	-0.03832133401175132
-0.8796459430051421	-0.1111625735136696
-0.8639379797371931	-1.110404461650753
-0.8482300164692441	-0.8639889299943091
-0.8325220532012951	-0.09377739056858111
-0.8168140899333463	-0.03493596128288746
-0.8011061266653973	-0.01855811414570869
-0.7853981633974483	-0.011768214980566771
-0.7696902001294993	-0.008318744124496262
-0.7539822368615503	-0.0063390867669561824
-0.7382742735936014	-0.005113137713374847
-0.7225663103256524	-0.004318758094780197
-0.7068583470577035	-0.003799102457737844
-0.6911503837897545	-0.0034725353876120363
-0.6754424205218055	-0.00330112529362998
-0.6597344572538566	-0.0032811491807559186
-0.6440264939859076	-0.0034842042480754593
-0.6283185307179586	-0.01708673236674255
-0.6126105674500096	-0.004552225092437642
-0.5969026041820606	-0.005832352861596881
-0.5811946409141118	-0.008938717003847858
-0.5654866776461628	-0.017927283313609637
-0.5497787143782138	-0.06574255219331479
-0.5340707511102648	-15.661192198458293
-0.5183627878423158	-0.07736381901519798
-0.5026548245743669	-0.023696565636753732
-0.48694686130641796	-0.012737631844260267
-0.47123889803846897	-0.00636286684408114
-0.45553093477052	-0.004760558396712732
-0.43982297150257105	-0.0040606431797475225
-0.42411500823462206	-0.00378995961243877
-0.4084070449666731	-0.003792646167111025
-0.39269908169872414	-0.0040210399289987596
-0.37699111843077515	-0.004485749880477298
-0.3612831551628262	-0.005249098467060021
-0.34557519189487723	-0.006445740624043863
-0.3298672286269283	-0.008345230508908981
-0.3141592653589793	-0.011569968783707155
-0.2984513020910303	-0.017539391879749424
-0.2827433388230814	-0.0285624734479087
-0.2670353755551324	-0.05781935614368142
-0.25132741228718347	-0.1755892405615581
-0.23561944901923448	-2.6315061855044615
-0.21991148575128552	-0.7208014038957603
-0.20420352248333656	-0.11457584810755965
-0.18849555921538758	-0.044516257652547166
-0.17278759594743862	-0.023370387561321496
-0.15707963267948966	-0.014259124211366095
-0.1413716694115407	-0.009497491666330765
-0.12566370614359174	-0.006680511521727739
-0.10995574287564276	-0.004859287667669732
-0.09424777960769379	-0.003597508716992992
-0.07853981633974483	-0.002671030917693062
-0.06283185307179587	-0.00195424961164221
-0.047123889803846894	-0.0013713271731772604
-0.031415926535897934	-0.0008730551788390605
-0.015707963267948967	-0.0004248703673360055
0.0	-2.454654100432983e-18
0.015707963267948967	0.00042487036733600747
0.031415926535897934	0.000873055178839059
0.047123889803846894	0.0013713271731772628
0.06283185307179587	0.001954249611642213
0.07853981633974483	0.0026710309176930557
0.09424777960769379	0.0035975087169929925
0.10995574287564276	0.004859287667669738
0.12566370614359174	0.00668051152172774
0.1413716694115407	0.009497491666330765
0.15707963267948966	0.014259124211366112
0.17278759594743862	0.023370387561321492
0.18849555921538758	0.04451625765254718
0.20420352248333656	0.11457584810755969
0.21991148575128552	0.7208014038957601
0.23561944901923448	2.6315061855044632
0.25132741228718347	0.1755892405615583
0.2670353755551324	0.05781935614368155
0.2827433388230814	0.0285624734479087
0.2984513020910303	0.01753939187974941
0.3141592653589793	0.011569968783707162
0.3298672286269283	0.008345230508908981
0.34557519189487723	0.006445740624043888
0.3612831551628262	0.005249098467060015
0.37699111843077515	0.004485749880477292
0.39269908169872414	0.0040210399289987596
0.4084070449666731	0.0037926461671110297
0.42411500823462206	0.0037899596124387662
0.43982297150257105	0.004060643179747526
0.45553093477052	0.0047605583967127345
0.47123889803846897	0.006362866844081175
0.48694686130641796	0.01273763184426024
0.5026548245743669	0.023696565636753715
0.5183627878423158	0.077363819015198
0.5340707511102648	15.661192198458265
0.5497787143782138	0.06574255219331479
0.5654866776461628	0.017927283313609647
0.5811946409141118	0.008938717003847864
0.5969026041820606	0.005832352861596884
0.6126105674500096	0.004552225092437651
0.6283185307179586	0.017086732366742546
0.6440264939859076	0.0034842042480754637
0.6597344572538566	0.0032811491807559173
0.6754424205218055	0.003301125293629993
0.6911503837897545	0.003472535387612038
0.7068583470577035	0.00379910245773784
0.7225663103256524	0.004318758094780203
0.7382742735936014	0.005113137713374853
0.7539822368615503	0.006339086766956197
0.7696902001294993	0.008318744124496258
0.7853981633974483	0.01176821498056675
0.8011061266653973	0.018558114145708692
0.8168140899333463	0.03493596128288751
0.8325220532012951	0.09377739056858123
0.8482300164692441	0.8639889299943138
0.8639379797371931	1.1104044616507578
0.8796459430051421	0.11116257351366983
0.8953539062730911	0.03832133401175143
0.91106186954104	0.020034122058269137
0.926769832808989	0.012919465844862353
0.9424777960769379	0.009481404504063722
0.9581857593448869	0.00765284686090765
0.9738937226128359	0.006682575317633122
0.9896016858807848	0.006288247365607439
1.0053096491487339	0.006482326072036896
1.0210176124166828	0.007980444671426818
1.0367255756846316	0.02064348491515131
1.0524335389525807	0.2698834513526399
1.0681415022205296	0.1529125788568547
1.0838494654884787	0.009010904917302071
1.0995574287564276	0.008524311286825367
1.1152653920243765	0.009309656372320632
1.1309733552923256	0.010803989956280775
1.1466813185602744	0.013095750360554496
1.1623892818282235	0.016548853328758772
1.1780972450961724	0.021920672154116246
1.1938052083641213	0.03081138477173231
1.2095131716320704	0.04701105765473893
1.2252211349000193	0.08135336153826493
1.2409290981679684	0.17625418575256036
1.2566370614359172	0.6506007720204761
1.2723450247038661	94.68359911839138
1.2880529879718152	1.0007988289591383
1.303760951239764	0.814871508217559
1.3194689145077132	0.12935840841182572
1.335176877775662	0.07830729077414716
1.350884841043611	0.0701831859484101
1.36659280431156	0.028147002884404512
1.382300767579509	0.019695587094842232
1.398008730847458	0.014557764795302254
1.413716694115407	0.011479490441200028
1.4294246573833558	0.009371895377993208
1.4451326206513049	0.007862866201700467
1.4608405839192538	0.0067535981844765195
1.4765485471872029	0.005929233166575375
1.4922565104551517	0.00532713286988186
1.5079644737231006	0.0049428816958643415
1.5236724369910497	0.005040424782649751
1.5393804002589986	0.048215730583851146
1.5550883635269477	0.005210714315352987
1.5707963267948966	0.00499486165220823
1.5865042900628454	0.008068149372451965
1.6022122533307945	0.2373458096185313
1.6179202165987434	0.011370151914373617
1.6336281798666925	0.005022459653398235
1.6493361431346414	0.004094324366412456
1.6650441064025903	0.003909887759527302
1.6807520696705394	0.004307965735332043
1.6964600329384882	0.004354887373924328
1.7121679962064373	0.004465756492487972
1.7278759594743862	0.004936851272777435
1.743583922742335	0.00564109417489234
1.7592918860102842	0.006685752584301647
1.774999849278233	0.008334326922968809
1.7907078125461822	0.011357433557334368
1.806415775814131	0.01973588676089511
1.82212373908208	0.1514850020683515
1.837831702350029	0.0590327913180064
1.853539665617978	0.03532071796607189
1.869247628885927	0.05230170809359781
1.8849555921538759	0.10708731513141372
1.9006635554218247	0.36754668996390083
1.9163715186897738	29.367411601084108
1.9320794819577227	0.8421960370988673
1.9477874452256718	0.1553441444942312
1.9634954084936207	0.06460667638899441
1.9792033717615696	0.03714924652861866
1.9949113350295187	0.4853099825141368
2.0106192982974678	0.017557728873167398
2.0263272615654166	0.011859129129432329
2.0420352248333655	0.008976814769038402
2.0577431881013144	0.007159762159597324
2.0734511513692633	0.007159040547891788
2.0891591146372126	0.005099213118669056
2.1048670779051615	0.004219542572981152
2.1205750411731104	0.0036845721246185565
2.1362830044410592	0.0033067142996299295
2.151990967709008	0.00306270045573708
2.1676989309769574	0.0029754143173223247
2.1834068942449063	0.0031674609491480214
2.199114857512855	0.004227899208145089
2.214822820780804	0.012321545899753148
2.230530784048753	0.15254712652649155
2.2462387473167023	0.007059946703008147
2.261946710584651	0.004672834321393635
2.2776546738526	0.006698919231346178
2.293362637120549	0.025580925892642454
2.3090706003884978	0.607851717401972
2.324778563656447	0.012627435284636442
2.340486526924396	0.00482113708248841
2.356194490192345	0.02611053492126872
2.3719024534602937	0.0019907048877445864
2.3876104167282426	0.0023346997879251873
2.403318379996192	0.0012005240929747227
2.419026343264141	0.0010339400382401583
2.4347343065320897	0.000917009863647704
2.4504422698000385	0.0008285906783578593
2.4661502330679874	0.0007586208202143358
2.4818581963359367	0.0007014857454125741
2.4975661596038856	0.0006538358790488428
2.5132741228718345	0.0006136491337724394
2.5289820861397834	0.0005798505340278709
2.5446900494077322	0.0005523545138154727
2.5603980126756816	0.0005328948937070754
2.5761059759436304	0.0005289211975859888
2.5918139392115793	0.000578370299047713
2.607521902479528	0.0011796399627073877
2.623229865747477	0.0033508305082522215
2.6389378290154264	0.0005868770239022924
2.6546457922833753	0.00044315730336468744
2.670353755551324	0.00039607855384224367
2.686061718819273	0.00036914967023068365
2.701769682087222	0.0003494353152520467
2.7174776453551712	0.0003332295947668973
2.73318560862312	0.0003191153076863662
2.748893571891069	0.00030643450773198
2.764601535159018	0.0002948341269978441
2.7803094984269667	0.0002841018109275638
2.796017461694916	0.000274097618358752
2.811725424962865	0.00026472235124816413
2.827433388230814	0.0002559015290432873
2.8431413514987627	0.0002475766659346588
2.8588493147667116	0.00023970021639764421
2.874557278034661	0.00023223248145990392
2.8902652413026098	0.00022513962095089182
2.9059732045705586	0.00021839231993247825
2.9216811678385075	0.00021196485885560218
2.9373891311064564	0.00020583444261567323
2.9530970943744057	0.00019998070152193938
2.9688050576423546	0.00019438531010719062
2.9845130209103035	0.000189031689087633
3.0002209841782523	0.00018390476756360594
3.015928947446201	0.00017899078992124592
3.0316369107141505	0.00017427715662966914
3.0473448739820994	0.00016975229124592542
3.0630528372500483	0.00016540552804083334
3.078760800517997	0.000161227016105303
3.094468763785946	0.0001572076368128893
3.1101767270538954	0.00015333893224176226
3.1258846903218442	0.0001496130426892315
3.141592653589793	0.00014602265180451698
3.157300616857742	0.0001425609381606595
3.173008580125691	0.00013922153231170193
3.18871654339364	0.00013599847855538534
3.204424506661589	0.00013288620075787568
3.220132469929538	0.00012987947170493115
3.235840433197487	0.00012697338553018683
3.2515483964654357	0.00012416333284097627
3.267256359733385	0.0001214449782188956
3.282964323001334	0.0001188142398190203
3.2986722862692828	0.00011626727083033252
3.3143802495372316	0.00011380044259216481
3.3300882128051805	0.0001114103291885044
3.34579617607313	0.00010909369336485958
3.3615041393410787	0.00010684747363175723
3.3772121026090276	0.00010466877243551423
3.3929200658769765	0.00010255484529107209
3.4086280291449254	0.00010050309078393162
3.4243359924128747	9.851104135875188e-5
3.4400439556808236	9.657635482135884e-5
3.4557519189487724	9.469680648888284e-5
3.4714598822167213	9.287028192971335e-5
3.48716784548467	9.109477024107821e-5
3.5028758087526195	8.936835781740316e-5
3.5185837720205684	8.768922256739043e-5
3.5342917352885173	8.60556285418772e-5
3.549999698556466	8.446592093829371e-5
3.565707661824415	8.291852145080747e-5
3.5814156250923643	8.141192393816633e-5
3.597123588360313	7.994469038388143e-5
3.612831551628262	7.851544712570644e-5
3.628539514896211	7.712288133347542e-5
3.64424747816416	7.576573771621696e-5
3.659955441432109	7.444281544115885e-5
3.675663404700058	7.315296524874636e-5
3.691371367968007	7.189508674916123e-5
3.707079331235956	7.066812588705894e-5
3.7227872945039047	6.947107256235697e-5
3.738495257771854	6.83029583959166e-5
3.754203221039803	6.716285462986391e-5
3.7699111843077517	6.604987015313849e-5
3.7856191475757006	6.496314964359658e-5
3.8013271108436495	6.3901871818695e-5
3.817035074111599	6.286524778739096e-5
3.8327430373795477	6.185251949647517e-5
3.8484510006474966	6.086295826506543e-5
3.8641589639154454	5.9895863401469476e-5
3.8798669271833943	5.8950560897051444e-5
3.8955748904513436	5.802640219214431e-5
3.9112828537192925	5.7122763009407514e-5
3.9269908169872414	5.623904225036168e-5
3.9426987802551903	5.5374660951150224e-5
3.958406743523139	5.452906129384381e-5
3.9741147067910885	5.370170566987922e-5
3.9898226700590373	5.289207579245098e-5
4.005530633326986	5.20996718549005e-5
4.0212385965949355	5.1324011732346104e-5
4.036946559862884	5.0564630223993474e-5
4.052654523130833	4.982107833372745e-5
4.068362486398782	4.909292258675166e-5
4.084070449666731	4.837974438019648e-5
4.09977841293468	4.768113936574019e-5
4.115486376202629	4.699671686242512e-5
4.131194339470578	4.632609929796421e-5
4.146902302738527	4.566892167694375e-5
4.162610266006476	4.502483107442705e-5
4.178318229274425	4.439348615356498e-5
4.194026192542374	4.377455670589056e-5
4.209734155810323	4.316772321308134e-5
4.225442119078272	4.257267642902353e-5
4.241150082346221	4.198911698109597e-5
4.25685804561417	4.141675498966199e-5
4.2725660088821185	4.085530970479945e-5
4.288273972150067	4.0304509159380984e-5
4.303981935418016	3.9764089837647745e-5
4.319689898685965	3.923379635848573e-5
4.335397861953915	3.8713381172649746e-5
4.351105825221864	3.8202604273228844e-5
4.366813788489813	3.770123291868937e-5
4.3825217517577615	3.720904136785957e-5
4.39822971502571	3.672581062627166e-5
4.413937678293659	3.625132820329489e-5
4.429645641561608	3.578538787953364e-5
4.445353604829557	3.532778948399129e-5
4.461061568097506	3.487833868052779e-5
4.476769531365456	3.443684676316549e-5
4.4924774946334045	3.400313045982007e-5
4.508185457901353	3.3577011744060735e-5
4.523893421169302	3.315831765451704e-5
4.539601384437251	3.274688012158085e-5
4.5553093477052	3.234253580106064e-5
4.571017310973149	3.1945125914467316e-5
4.586725274241098	3.15544960956323e-5
4.602433237509047	3.1170496243362315e-5
4.6181412007769955	3.079298037986326e-5
4.633849164044944	3.042180651467218e-5
4.649557127312894	3.005683651384934e-5
4.665265090580843	2.9697935974198642e-5
4.680973053848792	2.9344974102294885e-5
4.696681017116741	2.8997823598102678e-5
4.71238898038469	2.8656360542994018e-5
4.7280969436526386	2.832046429196523e-5
4.743804906920587	2.7990017369879872e-5
4.759512870188536	2.7664905371559554e-5
4.775220833456485	2.734501686556164e-5
4.790928796724435	2.7030243301486655e-5
4.806636759992384	2.672047892066821e-5
4.822344723260333	2.6415620670099914e-5
4.838052686528282	2.6115568119469352e-5
4.8537606497962305	2.582022338116797e-5
4.869468613064179	2.552949103315362e-5
4.885176576332128	2.5243278044550707e-5
4.900884539600077	2.4961493703876277e-5
4.916592502868026	2.468404954978434e-5
4.932300466135975	2.4410859304228612e-5
4.948008429403924	2.414183880794516e-5
4.9637163926718735	2.3876905958164827e-5
4.979424355939822	2.361598064846534e-5
4.995132319207771	2.335898471067882e-5
5.01084028247572	2.3105841858774756e-5
5.026548245743669	2.2856477634641957e-5
5.042256209011618	2.2610819355694243e-5
5.057964172279567	2.2368796064230164e-5
5.073672135547516	2.2130338478481066e-5
5.0893800988154645	2.1895378945280008e-5
5.105088062083414	2.1663851394292682e-5
5.120796025351363	2.1435691293749953e-5
5.136503988619312	2.121083560762447e-5
5.152211951887261	2.0989222754201124e-5
5.16791991515521	2.077079256598479e-5
5.183627878423159	2.0555486250899065e-5
5.1993358416911075	2.0343246354726693e-5
5.215043804959056	2.013401672474774e-5
5.230751768227005	1.9927742474529813e-5
5.246459731494954	1.9724369949830233e-5
5.262167694762903	1.9523846695568583e-5
5.277875658030853	1.9326121423832876e-5
5.293583621298802	1.9131143982880056e-5
5.3092915845667505	1.893886532709706e-5
5.324999547834699	1.8749237487888685e-5
5.340707511102648	1.8562213545457223e-5
5.356415474370597	1.8377747601446048e-5
5.372123437638546	1.8195794752412963e-5
5.387831400906495	1.801631106410821e-5
5.403539364174444	1.7839253546526473e-5
5.419247327442394	1.7664580129707347e-5
5.4349552907103424	1.7492249640259607e-5
5.450663253978291	1.732222177858157e-5
5.46637121724624	1.715445709675705e-5
5.482079180514189	1.698891697710239e-5
5.497787143782138	1.682556361134278e-5
5.513495107050087	1.6664359980396835e-5
5.529203070318036	1.6505269834749365e-5
5.544911033585985	1.6348257675392813e-5
5.5606189968539335	1.6193288735317247e-5
5.576326960121882	1.6040328961533092e-5
5.592034923389832	1.5889344997607003e-5
5.607742886657781	1.5740304166695725e-5
5.62345084992573	1.5593174455060107e-5
5.639158813193679	1.5447924496044843e-5
5.654866776461628	1.530452355450922e-5
5.6705747397295765	1.5162941511693177e-5
5.686282702997525	1.5023148850505191e-5
5.701990666265474	1.4885116641219714e-5
5.717698629533423	1.4748816527568529e-5
5.733406592801373	1.4614220713217362e-5
5.749114556069322	1.4481301948610847e-5
5.764822519337271	1.4350033518179743e-5
5.7805304826052195	1.4220389227893766e-5
5.796238445873168	1.4092343393153481e-5
5.811946409141117	1.3965870827008573e-5
5.827654372409066	1.3840946828691823e-5
5.843362335677015	1.3717547172462693e-5
5.859070298944964	1.3595648096746005e-5
5.874778262212913	1.3475226293560429e-5
5.890486225480862	1.335625889822731e-5
5.906194188748811	1.3238723479349376e-5
5.92190215201676	1.3122598029054367e-5
5.937610115284709	1.3007860953492903e-5
5.953318078552658	1.289449106358401e-5
5.969026041820607	1.278246756600195e-5
5.984734005088556	1.267177005439514e-5
6.000441968356505	1.2562378500831832e-5
6.0161499316244536	1.2454273247465929e-5
6.031857894892402	1.2347434998414704e-5
6.047565858160352	1.224184481184545e-5
6.063273821428301	1.2137484092261204e-5
6.07898178469625	1.2034334582982424e-5
6.094689747964199	1.193237835881866e-5
6.110397711232148	1.1831597818923287e-5
6.126105674500097	1.1731975679828058e-5
6.1418136377680455	1.1633494968650114e-5
6.157521601035994	1.153613901646925e-5
6.173229564303943	1.143989145186773e-5
6.188937527571892	1.1344736194629962e-5
6.204645490839841	1.125065744959755e-5
6.220353454107791	1.1157639700674132e-5
6.23606141737574	1.1065667704976741e-5
6.2517693806436885	1.097472648712922e-5
6.267477343911637	1.0884801333694668e-5
6.283185307179586	1.0795877787741088e-5
6.298893270447535	1.0707941643539302e-5
6.314601233715484	1.0620978941386484e-5
6.330309196983433	1.0534975962554377e-5
6.346017160251382	1.0449919224358143e-5
6.3617251235193315	1.036579547534081e-5
6.37743308678728	1.0282591690573227e-5
6.393141050055229	1.0200295067063687e-5
6.408849013323178	1.0118893019276218e-5
6.424556976591127	1.003837317475326e-5
6.440264939859076	9.95872336984034e-6
6.455972903127025	9.879931645511303e-6
6.471680866394974	9.801986243288737e-6
6.4873888296629225	9.724875601260024e-6
6.503096792930871	9.648588350184208e-6
6.51880475619882	9.573113309688929e-6
6.53451271946677	9.498439484553622e-6
6.550220682734719	9.424556061078356e-6
6.565928646002668	9.351452403534379e-6
6.581636609270617	9.279118050695486e-6
6.5973445725385655	9.207542712447705e-6
6.613052535806514	9.13671626647536e-6
6.628760499074463	9.066628755021292e-6
6.644468462342412	8.99727038171946e-6
6.660176425610361	8.92863150849857e-6
6.675884388878311	8.860702652554376e-6
6.69159235214626	8.79347448338879e-6
6.707300315414209	8.726937819914334e-6
6.7230082786821574	8.661083627623192e-6
6.738716241950106	8.595903015817095e-6
6.754424205218055	8.53138723489905e-6
6.770132168486004	8.467527673723113e-6
6.785840131753953	8.404315857002702e-6
6.801548095021902	8.34174344277411e-6
6.817256058289851	8.279802219915937e-6
6.8329640215578	8.218484105720805e-6
6.848671984825749	8.157781143520292e-6
6.864379948093698	8.09768550036006e-6
6.880087911361647	8.038189464724623e-6
6.895795874629596	7.979285444311062e-6
6.911503837897545	7.920965963849365e-6
6.927211801165494	7.863223662969212e-6
6.942919764433443	7.806051294111692e-6
6.9586277277013915	7.749441720485115e-6
6.97433569096934	7.693387914063299e-6
6.99004365423729	7.63788295362598e-6
7.005751617505239	7.582920022840183e-6
7.021459580773188	7.528492408380962e-6
7.037167544041137	7.474593498091752e-6
7.052875507309086	7.421216779182312e-6
7.0685834705770345	7.36835583646382e-6
7.084291433844983	7.316004350620333e-6
7.099999397112932	7.264156096515544e-6
7.115707360380881	7.2128049415346e-6
7.13141532364883	7.16194484395846e-6
7.147123286916779	7.111569851373075e-6
7.162831250184729	7.061674099109221e-6
7.1785392134526775	7.012251808714385e-6
7.194247176720626	6.963297286455797e-6
7.209955139988575	6.914804921852955e-6
7.225663103256524	6.866769186239912e-6
7.241371066524473	6.819184631355857e-6
7.257079029792422	6.7720458879643434e-6
7.272786993060371	6.725347664499283e-6
7.28849495632832	6.679084745738545e-6
7.304202919596269	6.633251991502785e-6
7.319910882864218	6.587844335380752e-6
7.335618846132167	6.542856783478958e-6
7.351326809400116	6.498284413196591e-6
7.367034772668065	6.45412237202331e-6
7.382742735936014	6.410365876361698e-6
7.398450699203963	6.367010210371448e-6
7.414158662471912	6.324050724836622e-6
7.4298666257398605	6.28148283605472e-6
7.445574589007809	6.239302024746886e-6
7.461282552275758	6.197503834989236e-6
7.476990515543708	6.156083873164656e-6
7.492698478811657	6.115037806934751e-6
7.508406442079606	6.074361364230966e-6
7.524114405347555	6.034050332265551e-6
7.5398223686155035	5.99410055656059e-6
7.555530331883452	5.954507939995989e-6
7.571238295151401	5.9152684418748615e-6
7.58694625841935	5.8763780770072465e-6
7.602654221687299	5.837832914809873e-6
7.618362184955249	5.799629078424106e-6
7.634070148223198	5.761762743849464e-6
7.6497781114911465	5.724230139093403e-6
7.665486074759095	5.687027543337235e-6
7.681194038027044	5.650151286116995e-6
7.696902001294993	5.61359774651998e-6
7.712609964562942	5.577363352395693e-6
7.728317927830891	5.541444579581453e-6
7.74402589109884	5.505837951142029e-6
7.759733854366789	5.470540036623675e-6
7.7754418176347375	5.435547451321086e-6
7.791149780902687	5.400856855558177e-6
7.806857744170636	5.366464953981764e-6
7.822565707438585	5.332368494868037e-6
7.838273670706534	5.298564269441467e-6
7.853981633974483	5.265049111206266e-6
7.869689597242432	5.23181989528947e-6
7.8853975605103805	5.198873537796191e-6
7.901105523778329	5.166206995175978e-6
7.916813487046278	5.1338172636009965e-6
7.932521450314228	5.101701378354652e-6
7.948229413582177	5.06985641323166e-6
7.963937376850126	5.038279479948329e-6
7.979645340118075	5.006967727563535e-6
7.995353303386024	4.975918341909671e-6
8.011061266653972	4.945128545033619e-6
8.026769229921921	4.914595594647839e-6
8.042477193189871	4.884316783590617e-6
8.058185156457819	4.854289439296123e-6
8.073893119725769	4.82451092327326e-6
8.089601082993717	4.794978630594034e-6
8.105309046261667	4.7656899893905745e-6
8.121017009529615	4.736642460360668e-6
8.136724972797564	4.7078335362821566e-6
8.152432936065512	4.679260741535487e-6
8.168140899333462	4.650921631634484e-6
8.183848862601412	4.622813792765127e-6
8.19955682586936	4.594934841332462e-6
8.21526478913731	4.567282423514689e-6
8.230972752405258	4.539854214825468e-6
8.246680715673207	4.512647919683116e-6
8.262388678941155	4.485661270987603e-6
8.278096642209105	4.458892029704085e-6
8.293804605477053	4.432337984454067e-6
8.309512568745003	4.405996951112874e-6
8.325220532012953	4.379866772414535e-6
8.3409284952809	4.353945317562529e-6
8.35663645854885	4.3282304818475355e-6
8.372344421816798	4.302720186271427e-6
8.388052385084748	4.277412377177474e-6
8.403760348352696	4.252305025886749e-6
8.419468311620646	4.227396128340306e-6
8.435176274888594	4.2026837047476385e-6
8.450884238156544	4.178165799240767e-6
8.466592201424492	4.153840479533792e-6
8.482300164692441	4.129705836588381e-6
8.498008127960391	4.105759984284449e-6
8.51371609122834	4.082001059096397e-6
8.529424054496289	4.058427219774655e-6
8.545132017764237	4.035036647032061e-6
8.560839981032187	4.0118275432356885e-6
8.576547944300135	3.988798132103626e-6
8.592255907568084	3.965946658406396e-6
8.607963870836032	3.9432713876734095e-6
8.623671834103982	3.920770605904043e-6
8.63937979737193	3.898442619283466e-6
8.65508776063988	3.876285753902842e-6
8.67079572390783	3.854298355484131e-6
8.686503687175778	3.832478789109069e-6
8.702211650443727	3.8108254389528296e-6
8.717919613711675	3.789336708021666e-6
8.733627576979625	3.76801101789454e-6
8.749335540247573	3.74684680846919e-6
8.765043503515523	3.7258425377120134e-6
8.780751466783471	3.7049966814118666e-6
8.79645943005142	3.6843077329377994e-6
8.81216739331937	3.6637742030004406e-6
8.827875356587318	3.643394619417475e-6
8.843583319855268	3.623167526882149e-6
8.859291283123216	3.60309148673608e-6
8.874999246391166	3.5831650767451707e-6
8.890707209659114	3.5633868908789925e-6
8.906415172927064	3.54375553909379e-6
8.922123136195012	3.5242696471186185e-6
8.937831099462962	3.504927856244953e-6
8.953539062730911	3.4857288231194875e-6
8.96924702599886	3.466671219539968e-6
8.984954989266809	3.4477537322543082e-6
9.000662952534757	3.4289750627628197e-6
9.016370915802707	3.4103339271231676e-6
9.032078879070655	3.3918290557586903e-6
9.047786842338605	3.3734591932692723e-6
9.063494805606553	3.3552230982452014e-6
9.079202768874502	3.3371195430841176e-6
9.09491073214245	3.3191473138101926e-6
9.1106186954104	3.30130520989646e-6
9.12632665867835	3.2835920440896853e-6
9.142034621946298	3.266006642237673e-6
9.157742585214248	3.248547843119566e-6
9.173450548482196	3.2312144982783104e-6
9.189158511750145	3.2140054718557444e-6
9.204866475018093	3.1969196404301694e-6
9.220574438286043	3.179955892856278e-6
9.236282401553991	3.163113130107577e-6
9.25199036482194	3.146390265120872e-6
9.267698328089889	3.1297862226433714e-6
9.283406291357839	3.113299939081855e-6
9.299114254625788	3.0969303623539892e-6
9.314822217893736	3.0806764517420866e-6
9.330530181161686	3.064537177748685e-6
9.346238144429634	3.048511521954585e-6
9.361946107697584	3.0325984768785934e-6
9.377654070965532	3.016797045839487e-6
9.393362034233482	3.0011062428201303e-6
9.40906999750143	2.985525092333226e-6
9.42477796076938	2.9700526292894e-6
9.44048592403733	2.9546878988666754e-6
9.456193887305277	2.939429956382592e-6
9.471901850573227	2.924277867167129e-6
9.487609813841175	2.9092307064385033e-6
9.503317777109125	2.894287559180128e-6
9.519025740377073	2.879447520019293e-6
9.534733703645022	2.8647096931080693e-6
9.55044166691297	2.8500731920052984e-6
9.56614963018092	2.835537139560826e-6
9.58185759344887	2.8211006678009628e-6
9.597565556716818	2.80676291781568e-6
9.613273519984768	2.7925230396475683e-6
9.628981483252716	2.7783801921821634e-6
9.644689446520665	2.7643335430398336e-6
9.660397409788613	2.7503822684693524e-6
9.676105373056563	2.7365255532427747e-6
9.691813336324511	2.7227625905518276e-6
9.707521299592461	2.709092581905889e-6
9.723229262860409	2.6955147370311893e-6
9.738937226128359	2.6820282737716113e-6
9.754645189396308	2.668632417990584e-6
9.770353152664256	2.655326403474713e-6
9.786061115932206	2.642109471838466e-6
9.801769079200154	2.628980872430301e-6
9.817477042468104	2.615939862239966e-6
9.833185005736052	2.6029857058072843e-6
9.848892969004002	2.5901176751319815e-6
9.86460093227195	2.5773350495848363e-6
9.8803088955399	2.564637115820134e-6
9.896016858807847	2.5520231676891673e-6
9.911724822075797	2.539492506154928e-6
9.927432785343747	2.5270444392081635e-6
9.943140748611695	2.5146782817843577e-6
9.958848711879645	2.502393355681785e-6
9.974556675147593	2.4901889894810004e-6
9.990264638415542	2.4780645184651277e-6
10.00597260168349	2.4660192845412954e-6
10.02168056495144	2.4540526361630768e-6
10.037388528219388	2.4421639282543086e-6
10.053096491487338	2.4303525221332455e-6
10.068804454755288	2.418617785438604e-6
10.084512418023236	2.406959092055803e-6
10.100220381291185	2.3953758220447214e-6
10.115928344559133	2.383867361568136e-6
10.131636307827083	2.3724331028212327e-6
10.147344271095031	2.3610724439620395e-6
10.163052234362981	2.349784789042772e-6
10.178760197630929	2.3385695479419744e-6
10.194468160898879	2.32742613629788e-6
10.210176124166829	2.316353975442201e-6
10.225884087434777	2.305352492335216e-6
10.241592050702726	2.29442111950138e-6
10.257300013970674	2.2835592949660012e-6
10.273007977238624	2.272766462192638e-6
10.288715940506572	2.262042070021364e-6
10.304423903774522	2.2513855726077583e-6
10.32013186704247	2.2407964293628036e-6
10.33583983031042	2.2302741048935047e-6
10.351547793578368	2.2198180689442505e-6
10.367255756846317	2.209427796339021e-6
10.382963720114267	2.199102766924232e-6
10.398671683382215	2.188842465512436e-6
10.414379646650165	2.1786463818266277e-6
10.430087609918113	2.1685140104454456e-6
10.445795573186063	2.1584448507486876e-6
10.46150353645401	2.148438406864263e-6
10.47721149972196	2.1384941876148525e-6
10.492919462989908	2.1286117064660974e-6
10.508627426257858	2.1187904814749793e-6
10.524335389525806	2.109030035239051e-6
10.540043352793756	2.099329894846155e-6
10.555751316061706	2.089689591824983e-6
10.571459279329654	2.0801086620960778e-6
10.587167242597603	2.0705866459235466e-6
10.602875205865551	2.0611230878674727e-6
10.618583169133501	2.051717536736639e-6
10.634291132401449	2.042369545542186e-6
10.649999095669399	2.033078671451642e-6
10.665707058937347	2.0238444757435794e-6
10.681415022205297	2.0146665237629346e-6
10.697122985473246	2.0055443848765823e-6
10.712830948741194	1.996477632429984e-6
10.728538912009144	1.987465843703859e-6
10.744246875277092	1.978508599871638e-6
10.759954838545042	1.9696054859575174e-6
10.77566280181299	1.9607560907948173e-6
10.79137076508094	1.9519600069851163e-6
10.807078728348888	1.9432168308575503e-6
10.822786691616837	1.93452616242899e-6
10.838494654884787	1.9258876053644595e-6
10.854202618152735	1.9173007669381215e-6
10.869910581420685	1.9087652579946872e-6
10.885618544688633	1.9002806929115393e-6
10.901326507956583	1.8918466895607376e-6
10.91703447122453	1.8834628692723551e-6
10.93274243449248	1.875128856797385e-6
10.948450397760428	1.866844280271771e-6
10.964158361028378	1.8586087711804534e-6
10.979866324296326	1.8504219643220362e-6
10.995574287564276	1.8422834977738485e-6
11.011282250832226	1.834193012857502e-6
11.026990214100174	1.8261501541046486e-6
11.042698177368123	1.8181545692234397e-6
11.058406140636071	1.8102059090651017e-6
11.074114103904021	1.8023038275912153e-6
11.08982206717197	1.794447981841091e-6
11.105530030439919	1.786638031899783e-6
11.121237993707867	1.7788736408662681e-6
11.136945956975817	1.7711544748221828e-6
11.152653920243765	1.7634802028009072e-6
11.168361883511714	1.7558504967568407e-6
11.184069846779664	1.7482650315353102e-6
11.199777810047612	1.7407234848426544e-6
11.215485773315562	1.7332255372166877e-6
11.23119373658351	1.7257708719975426e-6
11.24690169985146	1.718359175298901e-6
11.262609663119408	1.7109901359794891e-6
11.278317626387357	1.703663445614897e-6
11.294025589655305	1.696378798469852e-6
11.309733552923255	1.6891358914706165e-6
11.325441516191205	1.6819344241779602e-6
11.341149479459153	1.6747740987602384e-6
11.356857442727103	1.66765461996687e-6
11.37256540599505	1.6605756951021057e-6
11.388273369263	1.6535370339991953e-6
11.403981332530948	1.6465383489946744e-6
11.419689295798898	1.6395793549030837e-6
11.435397259066846	1.632659768992018e-6
11.451105222334796	1.6257793109572852e-6
11.466813185602746	1.6189377028985286e-6
11.482521148870694	1.6121346692950458e-6
11.498229112138644	1.6053699369819523e-6
11.513937075406592	1.5986432351264909e-6
11.529645038674541	1.5919542952047826e-6
11.54535300194249	1.5853028509786954e-6
11.561060965210439	1.578688638473027e-6
11.576768928478387	1.572111395953094e-6
11.592476891746337	1.565570863902256e-6
11.608184855014285	1.559066785000024e-6
11.623892818282235	1.5525989041002722e-6
11.639600781550184	1.5461669682096317e-6
11.655308744818132	1.5397707264662545e-6
11.671016708086082	1.5334099301187759e-6
11.68672467135403	1.5270843325055032e-6
11.70243263462198	1.5207936890338434e-6
11.718140597889928	1.5145377571599134e-6
11.733848561157878	1.508316296368526e-6
11.749556524425826	1.5021290681532505e-6
11.765264487693775	1.49597583599676e-6
11.780972450961723	1.4898563653513767e-6
11.796680414229673	1.4837704236199134e-6
11.812388377497623	1.4777177801365923e-6
11.82809634076557	1.471698206148319e-6
11.84380430403352	1.465711474796029e-6
11.859512267301469	1.4597573610964097e-6
11.875220230569418	1.453835641923625e-6
11.890928193837366	1.4479460959914486e-6
11.906636157105316	1.4420885038353535e-6
11.922344120373264	1.4362626477951346e-6
11.938052083641214	1.4304683119973807e-6
11.953760046909164	1.4247052823383107e-6
11.969468010177112	1.418973346466841e-6
11.985175973445061	1.413272293767704e-6
12.00088393671301	1.4076019153448925e-6
12.01659189998096	1.4019620040051797e-6
12.032299863248907	1.3963523542418091e-6
12.048007826516857	1.3907727622185465e-6
12.063715789784805	1.3852230257536366e-6
12.079423753052755	1.3797029443041757e-6
12.095131716320704	1.3742123189504687e-6
12.110839679588652	1.3687509523806849e-6
12.126547642856602	1.363318648875592e-6
12.14225560612455	1.3579152142936137e-6
12.1579635693925	1.3525404560557165e-6
12.173671532660448	1.3471941831309555e-6
12.189379495928398	1.3418762060216193e-6
12.205087459196346	1.336586336749036e-6
12.220795422464295	1.3313243888391933e-6
12.236503385732243	1.3260901773086499e-6
12.252211349000193	1.3208835186505932e-6
12.267919312268143	1.3157042308210606e-6
12.283627275536091	1.3105521332251715e-6
12.29933523880404	1.3054270467038027e-6
12.315043202071989	1.300328793520039e-6
12.330751165339938	1.2952571973460172e-6
12.346459128607886	1.2902120832498991e-6
12.362167091875836	1.28519327768284e-6
12.377875055143784	1.2802006084662066e-6
12.393583018411734	1.2752339047789637e-6
12.409290981679682	1.2702929971450638e-6
12.424998944947632	1.2653777174210643e-6
12.440706908215581	1.2604878987838968e-6
12.45641487148353	1.2556233757186853e-6
12.47212283475148	1.2507839840067016e-6
12.487830798019427	1.2459695607135568e-6
12.503538761287377	1.2411799441774171e-6
12.519246724555325	1.2364149739972853e-6
12.534954687823275	1.2316744910215766e-6
12.550662651091223	1.2269583373366884e-6
12.566370614359172	1.222266356255733e-6
