-12.566370614359172	-6.53419484708726e-7
-12.550662651091223	-6.559064213115266e-7
-12.534954687823275	-6.584060346979783e-7
-12.519246724555325	-6.609184060050562e-7
-12.503538761287377	-6.634436169957537e-7
-12.487830798019427	-6.659817500647573e-7
-12.47212283475148	-6.685328882441385e-7
-12.45641487148353	-6.710971152091585e-7
-12.440706908215581	-6.73674515284093e-7
-12.424998944947632	-6.762651734481421e-7
-12.409290981679682	-6.788691753414071e-7
-12.393583018411734	-6.814866072708498e-7
-12.377875055143784	-6.841175562164779e-7
-12.362167091875836	-6.867621098374133e-7
-12.346459128607886	-6.894203564781456e-7
-12.330751165339938	-6.920923851748141e-7
-12.315043202071989	-6.947782856615554e-7
-12.29933523880404	-6.97478148376877e-7
-12.283627275536091	-7.001920644702109e-7
-12.267919312268143	-7.029201258084148e-7
-12.252211349000193	-7.056624249823867e-7
-12.236503385732243	-7.084190553137872e-7
-12.220795422464295	-7.111901108617813e-7
-12.205087459196346	-7.13975686429868e-7
-12.189379495928398	-7.167758775727871e-7
-12.173671532660448	-7.195907806035192e-7
-12.1579635693925	-7.224204926003036e-7
-12.14225560612455	-7.252651114137974e-7
-12.126547642856602	-7.281247356742611e-7
-12.110839679588652	-7.309994647988479e-7
-12.095131716320704	-7.338893989989655e-7
-12.079423753052755	-7.367946392877176e-7
-12.063715789784805	-7.39715287487415e-7
-12.048007826516857	-7.42651446237185e-7
-12.032299863248907	-7.456032190006348e-7
-12.01659189998096	-7.485707100736573e-7
-12.00088393671301	-7.515540245922349e-7
-11.985175973445061	-7.545532685403856e-7
-11.969468010177112	-7.575685487582139e-7
-11.953760046909164	-7.605999729499897e-7
-11.938052083641214	-7.636476496923334e-7
-11.922344120373264	-7.667116884425482e-7
-11.906636157105316	-7.697921995469312e-7
-11.890928193837366	-7.728892942493002e-7
-11.875220230569418	-7.760030846995122e-7
-11.859512267301469	-7.79133683962132e-7
-11.84380430403352	-7.822812060251972e-7
-11.82809634076557	-7.854457658090302e-7
-11.812388377497623	-7.886274791752e-7
-11.796680414229673	-7.91826462935555e-7
-11.780972450961723	-7.950428348613671e-7
-11.765264487693775	-7.982767136925781e-7
-11.749556524425826	-8.015282191471431e-7
-11.733848561157878	-8.047974719304374e-7
-11.718140597889928	-8.080845937448762e-7
-11.70243263462198	-8.113897072995312e-7
-11.68672467135403	-8.147129363198837e-7
-11.671016708086082	-8.180544055577328e-7
-11.655308744818132	-8.214142408011723e-7
-11.639600781550184	-8.247925688846608e-7
-11.623892818282235	-8.281895176992554e-7
-11.608184855014285	-8.316052162029244e-7
-11.592476891746337	-8.350397944310087e-7
-11.576768928478387	-8.384933835067352e-7
-11.561060965210439	-8.41966115651927e-7
-11.54535300194249	-8.454581241977902e-7
-11.529645038674541	-8.489695435958347e-7
-11.513937075406592	-8.525005094288994e-7
-11.498229112138644	-8.5605115842235e-7
-11.482521148870694	-8.596216284553403e-7
-11.466813185602746	-8.632120585722346e-7
-11.451105222334796	-8.668225889941895e-7
-11.435397259066846	-8.704533611308038e-7
-11.419689295798898	-8.741045175919586e-7
-11.403981332530948	-8.777762021997446e-7
-11.388273369263	-8.81468560000577e-7
-11.37256540599505	-8.851817372773965e-7
-11.356857442727103	-8.889158815620449e-7
-11.341149479459153	-8.926711416477794e-7
-11.325441516191205	-8.964476676019276e-7
-11.309733552923255	-9.002456107786773e-7
-11.294025589655305	-9.040651238320087e-7
-11.278317626387357	-9.079063607288326e-7
-11.262609663119408	-9.117694767621882e-7
-11.24690169985146	-9.156546285646938e-7
-11.23119373658351	-9.195619741220619e-7
-11.215485773315562	-9.234916727868366e-7
-11.199777810047612	-9.274438852922449e-7
-11.184069846779664	-9.314187737662901e-7
-11.168361883511714	-9.354165017458682e-7
-11.152653920243765	-9.39437234191213e-7
-11.136945956975817	-9.434811375003786e-7
-11.121237993707867	-9.475483795239529e-7
-11.105530030439919	-9.516391295799803e-7
-11.08982206717197	-9.557535584689478e-7
-11.074114103904021	-9.598918384890653e-7
-11.058406140636071	-9.640541434516767e-7
-11.042698177368123	-9.682406486967917e-7
-11.026990214100174	-9.724515311089541e-7
-11.011282250832226	-9.76686969133149e-7
-10.995574287564276	-9.8094714279096e-7
-10.979866324296326	-9.852322336969462e-7
-10.964158361028378	-9.895424250751577e-7
-10.948450397760428	-9.938779017758817e-7
-10.93274243449248	-9.98238850292607e-7
-10.91703447122453	-1.0026254587791047e-6
-10.901326507956583	-1.0070379170668502e-6
-10.885618544688633	-1.0114764166825366e-6
-10.869910581420685	-1.0159411508658583e-6
-10.854202618152735	-1.020432314587471e-6
-10.838494654884787	-1.0249501045672194e-6
-10.822786691616837	-1.0294947192925623e-6
-10.807078728348888	-1.0340663590371685e-6
-10.79137076508094	-1.038665225879833e-6
-10.77566280181299	-1.0432915237235405e-6
-10.759954838545042	-1.0479454583148473e-6
-10.744246875277092	-1.0526272372633604e-6
-10.728538912009144	-1.0573370700616323e-6
-10.712830948741194	-1.0620751681051516e-6
-10.697122985473246	-1.0668417447126543e-6
-10.681415022205297	-1.071637015146664e-6
-10.665707058937347	-1.0764611966342746e-6
-10.649999095669399	-1.0813145083882247e-6
-10.634291132401449	-1.0861971716281604e-6
-10.618583169133501	-1.09110940960226e-6
-10.602875205865551	-1.0960514476090346e-6
-10.587167242597603	-1.101023513019464e-6
-10.571459279329654	-1.106025835299349e-6
-10.555751316061706	-1.111058646031976e-6
-10.540043352793756	-1.116122178941109e-6
-10.524335389525806	-1.1212166699141372e-6
-10.508627426257858	-1.1263423570256642e-6
-10.492919462989908	-1.1314994805612806e-6
-10.47721149972196	-1.1366882830417115e-6
-10.46150353645401	-1.1419090092471517e-6
-10.445795573186063	-1.1471619062421046e-6
-10.430087609918113	-1.1524472234003106e-6
-10.414379646650165	-1.1577652124301248e-6
-10.398671683382215	-1.1631161274002212e-6
-10.382963720114267	-1.1685002247655322e-6
-10.367255756846317	-1.1739177633936038e-6
-10.351547793578368	-1.179369004591227e-6
-10.33583983031042	-1.1848542121314455e-6
-10.32013186704247	-1.190373652280905e-6
-10.304423903774522	-1.1959275938274952e-6
-10.288715940506572	-1.20151630810844e-6
-10.273007977238624	-1.2071400690386792e-6
-10.257300013970674	-1.2127991531396123e-6
-10.241592050702726	-1.2184938395682522e-6
-10.225884087434777	-1.224224410146712e-6
-10.210176124166829	-1.2299911493921335e-6
-10.194468160898879	-1.2357943445468901e-6
-10.178760197630929	-1.2416342856093352e-6
-10.163052234362981	-1.247511265364782e-6
-10.147344271095031	-1.2534255794170268e-6
-10.131636307827083	-1.2593775262201906e-6
-10.115928344559133	-1.2653674071110048e-6
-10.100220381291185	-1.2713955263415547e-6
-10.084512418023236	-1.2774621911123585e-6
-10.068804454755288	-1.283567711605989e-6
-10.053096491487338	-1.2897124010210544e-6
-10.037388528219388	-1.2958965756066585e-6
-10.02168056495144	-1.3021205546973131e-6
-10.00597260168349	-1.3083846607483056e-6
-9.990264638415542	-1.3146892193715153e-6
-9.974556675147593	-1.3210345593717626e-6
-9.958848711879645	-1.3274210127835482e-6
-9.943140748611695	-1.333848914908383e-6
-9.927432785343747	-1.3403186043525163e-6
-9.911724822075797	-1.3468304230652384e-6
-9.896016858807847	-1.353384716377639e-6
-9.8803088955399	-1.3599818330419524e-6
-9.86460093227195	-1.3666221252713575e-6
-9.848892969004002	-1.3733059487803243e-6
-9.833185005736052	-1.3800336628255734e-6
-9.817477042468104	-1.3868056302474915e-6
-9.801769079200154	-1.3936222175121452e-6
-9.786061115932206	-1.4004837947538994e-6
-9.770353152664256	-1.4073907358185153e-6
-9.754645189396308	-1.4143434183069513e-6
-9.738937226128359	-1.4213422236196694e-6
-9.723229262860409	-1.4283875370015684e-6
-9.707521299592461	-1.4354797475875378e-6
-9.691813336324511	-1.4426192484486902e-6
-9.676105373056563	-1.4498064366390429e-6
-9.660397409788613	-1.4570417132430777e-6
-9.644689446520665	-1.4643254834237925e-6
-9.628981483252716	-1.4716581564713987e-6
-9.613273519984768	-1.479040145852902e-6
-9.597565556716818	-1.4864718692620144e-6
-9.58185759344887	-1.4939537486701445e-6
-9.56614963018092	-1.501486210377774e-6
-9.55044166691297	-1.509069685066715e-6
-9.534733703645022	-1.5167046078530953e-6
-9.519025740377073	-1.5243914183409792e-6
-9.503317777109125	-1.5321305606768228e-6
-9.487609813841175	-1.5399224836047072e-6
-9.471901850573227	-1.5477676405222235e-6
-9.456193887305277	-1.5556664895373057e-6
-9.44048592403733	-1.5636194935256884e-6
-9.42477796076938	-1.5716271201893314e-6
-9.40906999750143	-1.579689842115611e-6
-9.393362034233482	-1.5878081368372651e-6
-9.377654070965532	-1.595982486893291e-6
-9.361946107697584	-1.6042133798907176e-6
-9.346238144429634	-1.6125013085671363e-6
-9.330530181161686	-1.6208467708542808e-6
-9.314822217893736	-1.6292502699423275e-6
-9.299114254625788	-1.6377123143453097e-6
-9.283406291357839	-1.6462334179673457e-6
-9.267698328089889	-1.6548141001698199e-6
-9.25199036482194	-1.6634548858395794e-6
-9.236282401553991	-1.672156305458134e-6
-9.220574438286043	-1.6809188951716842e-6
-9.204866475018093	-1.6897431968624567e-6
-9.189158511750145	-1.6986297582207369e-6
-9.173450548482196	-1.7075791328182765e-6
-9.157742585214248	-1.716591880182442e-6
-9.142034621946298	-1.7256685658716946e-6
-9.12632665867835	-1.7348097615521313e-6
-9.1106186954104	-1.7440160450750056e-6
-9.09491073214245	-1.7532880005554659e-6
-9.079202768874502	-1.7626262184525726e-6
-9.063494805606553	-1.7720312956502876e-6
-9.047786842338605	-1.7815038355397252e-6
-9.032078879070655	-1.7910444481027504e-6
-9.016370915802707	-1.8006537499965773e-6
-9.000662952534757	-1.8103323646398725e-6
-8.984954989266809	-1.8200809222998918e-6
-8.96924702599886	-1.8299000601811425e-6
-8.953539062730911	-1.8397904225151683e-6
-8.937831099462962	-1.8497526606518508e-6
-8.922123136195012	-1.8597874331519353e-6
-8.906415172927064	-1.8698954058810327e-6
-8.890707209659114	-1.8800772521049854e-6
-8.874999246391166	-1.890333652586732e-6
-8.859291283123216	-1.9006652956845376e-6
-8.843583319855268	-1.9110728774518184e-6
-8.827875356587318	-1.9215571017383536e-6
-8.81216739331937	-1.9321186802932044e-6
-8.79645943005142	-1.942758332869014e-6
-8.780751466783471	-1.9534767873280065e-6
-8.765043503515523	-1.964274779749613e-6
-8.749335540247573	-1.9751530545396556e-6
-8.733627576979625	-1.9861123645413564e-6
-8.717919613711675	-1.9971534711478598e-6
-8.702211650443727	-2.0082771444166373e-6
-8.686503687175778	-2.0194841631856245e-6
-8.67079572390783	-2.0307753151911034e-6
-8.65508776063988	-2.0421513971875122e-6
-8.63937979737193	-2.0536132150689395e-6
-8.623671834103982	-2.065161583992741e-6
-8.607963870836032	-2.076797328504902e-6
-8.592255907568084	-2.088521282667428e-6
-8.576547944300135	-2.100334290187708e-6
-8.560839981032187	-2.1122372045499918e-6
-8.545132017764237	-2.1242308891487954e-6
-8.529424054496289	-2.1363162174244974e-6
-8.51371609122834	-2.1484940730010925e-6
-8.498008127960391	-2.1607653498260283e-6
-8.482300164692441	-2.173130952312437e-6
-8.466592201424492	-2.1855917954833753e-6
-8.450884238156544	-2.198148805118607e-6
-8.435176274888594	-2.2108029179036045e-6
-8.419468311620646	-2.2235550815808984e-6
-8.403760348352696	-2.2364062551039778e-6
-8.388052385084748	-2.2493574087935772e-6
-8.372344421816798	-2.2624095244964235e-6
-8.35663645854885	-2.275563595746777e-6
-8.3409284952809	-2.2888206279302365e-6
-8.325220532012953	-2.30218163845054e-6
-8.309512568745003	-2.3156476568988146e-6
-8.293804605477053	-2.3292197252257956e-6
-8.278096642209105	-2.3428988979166355e-6
-8.262388678941155	-2.356686242168774e-6
-8.246680715673207	-2.370582838072599e-6
-8.230972752405258	-2.384589778795095e-6
-8.21526478913731	-2.398708170766562e-6
-8.19955682586936	-2.412939133870336e-6
-8.183848862601412	-2.4272838016357605e-6
-8.168140899333462	-2.441743321434193e-6
-8.152432936065512	-2.4563188546784286e-6
-8.136724972797564	-2.4710115770253632e-6
-8.121017009529615	-2.485822678582017e-6
-8.105309046261667	-2.5007533641150703e-6
-8.089601082993717	-2.5158048532638383e-6
-8.073893119725769	-2.5309783807568882e-6
-8.058185156457819	-2.546275196632258e-6
-8.042477193189871	-2.56169656646138e-6
-8.026769229921921	-2.577243771576898e-6
-8.011061266653972	-2.5929181093041557e-6
-7.995353303386024	-2.608720893196806e-6
-7.979645340118075	-2.6246534532763327e-6
-7.963937376850126	-2.6407171362756735e-6
-7.948229413582177	-2.6569133058869936e-6
-7.932521450314228	-2.6732433430137934e-6
-7.916813487046278	-2.689708646027237e-6
-7.901105523778329	-2.7063106310269805e-6
-7.8853975605103805	-2.723050732106413e-6
-7.869689597242432	-2.7399304016226597e-6
-7.853981633974483	-2.756951110471025e-6
-7.838273670706534	-2.7741143483644476e-6
-7.822565707438585	-2.791421624117641e-6
-7.806857744170636	-2.808874465936354e-6
-7.791149780902687	-2.8264744217115405e-6
-7.7754418176347375	-2.8442230593188813e-6
-7.759733854366789	-2.8621219669233167e-6
-7.74402589109884	-2.8801727532893068e-6
-7.728317927830891	-2.8983770480962033e-6
-7.712609964562942	-2.916736502259473e-6
-7.696902001294993	-2.935252788257554e-6
-7.681194038027044	-2.9539276004644997e-6
-7.665486074759095	-2.972762655488566e-6
-7.6497781114911465	-2.9917596925169677e-6
-7.634070148223198	-3.0109204736665987e-6
-7.618362184955249	-3.030246784341373e-6
-7.602654221687299	-3.049740433595698e-6
-7.58694625841935	-3.0694032545047325e-6
-7.571238295151401	-3.0892371045412544e-6
-7.555530331883452	-3.10924386595941e-6
-7.5398223686155035	-3.1294254461854484e-6
-7.524114405347555	-3.1497837782156263e-6
-7.508406442079606	-3.170320821021261e-6
-7.492698478811657	-3.1910385599614512e-6
-7.476990515543708	-3.2119390072031493e-6
-7.461282552275758	-3.23302420214914e-6
-7.445574589007809	-3.2542962118739443e-6
-7.4298666257398605	-3.2757571315675723e-6
-7.414158662471912	-3.2974090849879016e-6
-7.398450699203963	-3.3192542249211717e-6
-7.382742735936014	-3.3412947336512416e-6
-7.367034772668065	-3.363532823437527e-6
-7.351326809400116	-3.385970737002071e-6
-7.335618846132167	-3.4086107480256277e-6
-7.319910882864218	-3.43145516165321e-6
-7.304202919596269	-3.454506315009164e-6
-7.28849495632832	-3.4777665777220716e-6
-7.272786993060371	-3.501238352459531e-6
-7.257079029792422	-3.5249240754732438e-6
-7.241371066524473	-3.548826217154577e-6
-7.225663103256524	-3.5729472826005713e-6
-7.209955139988575	-3.597289812191015e-6
-7.194247176720626	-3.6218563821766982e-6
-7.1785392134526775	-3.646649605278777e-6
-7.162831250184729	-3.6716721313000667e-6
-7.147123286916779	-3.696926647747988e-6
-7.13141532364883	-3.7224158804697595e-6
-7.115707360380881	-3.748142594300062e-6
-7.099999397112932	-3.77410959372124e-6
-7.084291433844983	-3.800319723536637e-6
-7.0685834705770345	-3.826775869557042e-6
-7.052875507309086	-3.8534809593009285e-6
-7.037167544041137	-3.880437962708316e-6
-7.021459580773188	-3.907649892869025e-6
-7.005751617505239	-3.935119806765268e-6
-6.99004365423729	-3.9628508060292526e-6
-6.97433569096934	-3.990846037715857e-6
-6.9586277277013915	-4.019108695090864e-6
-6.942919764433443	-4.047642018435067e-6
-6.927211801165494	-4.076449295864654e-6
-6.911503837897545	-4.105533864168262e-6
-6.895795874629596	-4.134899109660925e-6
-6.880087911361647	-4.1645484690554816e-6
-6.864379948093698	-4.194485430351891e-6
-6.848671984825749	-4.224713533744673e-6
-6.8329640215578	-4.255236372549057e-6
-6.817256058289851	-4.286057594146182e-6
-6.801548095021902	-4.317180900947918e-6
-6.785840131753953	-4.348610051381634e-6
-6.770132168486004	-4.380348860895537e-6
-6.754424205218055	-4.41240120298493e-6
-6.738716241950106	-4.4447710102398915e-6
-6.7230082786821574	-4.477462275415078e-6
-6.707300315414209	-4.510479052521983e-6
-6.69159235214626	-4.5438254579442265e-6
-6.675884388878311	-4.577505671576552e-6
-6.660176425610361	-4.611523937987929e-6
-6.644468462342412	-4.645884567609558e-6
-6.628760499074463	-4.680591937948067e-6
-6.613052535806514	-4.715650494824989e-6
-6.5973445725385655	-4.751064753642664e-6
-6.581636609270617	-4.786839300677569e-6
-6.565928646002668	-4.822978794401652e-6
-6.550220682734719	-4.859487966832154e-6
-6.53451271946677	-4.896371624911124e-6
-6.51880475619882	-4.933634651914892e-6
-6.503096792930871	-4.971282008894265e-6
-6.4873888296629225	-5.009318736146797e-6
-6.471680866394974	-5.047749954721076e-6
-6.455972903127025	-5.086580867954665e-6
-6.440264939859076	-5.125816763045804e-6
-6.424556976591127	-5.165463012660431e-6
-6.408849013323178	-5.205525076574909e-6
-6.393141050055229	-5.2460085033555695e-6
-6.37743308678728	-5.286918932076085e-6
-6.3617251235193315	-5.328262094073508e-6
-6.346017160251382	-5.370043814744026e-6
-6.330309196983433	-5.412270015379576e-6
-6.314601233715484	-5.454946715046134e-6
-6.298893270447535	-5.498080032505194e-6
-6.283185307179586	-5.541676188178886e-6
-6.267477343911637	-5.585741506160692e-6
-6.2517693806436885	-5.630282416272395e-6
-6.23606141737574	-5.675305456168636e-6
-6.220353454107791	-5.720817273490382e-6
-6.204645490839841	-5.766824628068801e-6
-6.188937527571892	-5.813334394180431e-6
-6.173229564303943	-5.860353562855328e-6
-6.157521601035994	-5.907889244239888e-6
-6.1418136377680455	-5.955948670015004e-6
-6.126105674500097	-6.004539195872151e-6
-6.110397711232148	-6.053668304048057e-6
-6.094689747964199	-6.103343605919849e-6
-6.07898178469625	-6.153572844662846e-6
-6.063273821428301	-6.2043638979718255e-6
-6.047565858160352	-6.255724780848186e-6
-6.031857894892402	-6.307663648454777e-6
-6.0161499316244536	-6.360188799039849e-6
-6.000441968356505	-6.413308676932634e-6
-5.984734005088556	-6.467031875612146e-6
-5.969026041820607	-6.521367140851508e-6
-5.953318078552658	-6.576323373939689e-6
-5.937610115284709	-6.63190963498337e-6
-5.92190215201676	-6.688135146290423e-6
-5.906194188748811	-6.7450092958382545e-6
-5.890486225480862	-6.802541640828665e-6
-5.874778262212913	-6.860741911332165e-6
-5.859070298944964	-6.9196200140244045e-6
-5.843362335677015	-6.979186036016957e-6
-5.827654372409066	-7.039450248785657e-6
-5.811946409141117	-7.1004231121992685e-6
-5.796238445873168	-7.162115278651028e-6
-5.7805304826052195	-7.224537597297046e-6
-5.764822519337271	-7.2877011184032975e-6
-5.749114556069322	-7.3516170978062895e-6
-5.733406592801373	-7.4162970014887466e-6
-5.717698629533423	-7.481752510275823e-6
-5.701990666265474	-7.547995524653625e-6
-5.686282702997525	-7.6150381697153776e-6
-5.6705747397295765	-7.682892800237843e-6
-5.654866776461628	-7.751572005892594e-6
-5.639158813193679	-7.821088616596515e-6
-5.62345084992573	-7.891455708005073e-6
-5.607742886657781	-7.96268660715347e-6
-5.592034923389832	-8.034794898249902e-6
-5.576326960121882	-8.107794428626038e-6
-5.5606189968539335	-8.181699314848891e-6
-5.544911033585985	-8.256523949000365e-6
-5.529203070318036	-8.33228300512867e-6
-5.513495107050087	-8.408991445877489e-6
-5.497787143782138	-8.486664529298974e-6
-5.482079180514189	-8.565317815855839e-6
-5.46637121724624	-8.64496717561888e-6
-5.450663253978291	-8.72562879566639e-6
-5.4349552907103424	-8.807319187692074e-6
-5.419247327442394	-8.890055195827817e-6
-5.403539364174444	-8.973854004688845e-6
-5.387831400906495	-9.058733147648692e-6
-5.372123437638546	-9.144710515351049e-6
-5.356415474370597	-9.231804364466672e-6
-5.340707511102648	-9.320033326703961e-6
-5.324999547834699	-9.409416418080938e-6
-5.3092915845667505	-9.499973048468059e-6
-5.293583621298802	-9.591723031411061e-6
-5.277875658030853	-9.68468659424285e-6
-5.262167694762903	-9.778884388495094e-6
-5.246459731494954	-9.874337500619085e-6
-5.230751768227005	-9.971067463027354e-6
-5.215043804959056	-1.006909626546664e-5
-5.1993358416911075	-1.0168446366733897e-5
-5.183627878423159	-1.0269140706747775e-5
-5.16791991515521	-1.0371202718987553e-5
-5.152211951887261	-1.0474656343313244e-5
-5.136503988619312	-1.057952603917973e-5
-5.120796025351363	-1.0685836799259915e-5
-5.105088062083414	-1.0793614163491082e-5
-5.0893800988154645	-1.0902884233559725e-5
-5.073672135547516	-1.1013673687841557e-5
-5.057964172279567	-1.1126009796812643e-5
-5.042256209011618	-1.1239920438949358e-5
-5.026548245743669	-1.135543411713544e-5
-5.01084028247572	-1.147257997559485e-5
-4.995132319207771	-1.1591387817369938e-5
-4.979424355939822	-1.1711888122366368e-5
-4.9637163926718735	-1.1834112065984927e-5
-4.948008429403924	-1.1958091538364023e-5
-4.932300466135975	-1.208385916425531e-5
-4.916592502868026	-1.221144832355735e-5
-4.900884539600077	-1.2340893172532749e-5
-4.885176576332128	-1.247222866573517e-5
-4.869468613064179	-1.2605490578675062e-5
-4.8537606497962305	-1.2740715531251618e-5
-4.838052686528282	-1.2877941011983557e-5
-4.822344723260333	-1.3017205403068571e-5
-4.806636759992384	-1.3158548006306407e-5
-4.790928796724435	-1.3302009069919871e-5
-4.775220833456485	-1.3447629816310147e-5
-4.759512870188536	-1.3595452470785018e-5
-4.743804906920587	-1.3745520291300777e-5
-4.7280969436526386	-1.3897877599258551e-5
-4.71238898038469	-1.4052569811400128e-5
-4.696681017116741	-1.4209643472849607e-5
-4.680973053848792	-1.4369146291348785e-5
-4.665265090580843	-1.4531127172737632e-5
-4.649557127312894	-1.469563625773313e-5
-4.633849164044944	-1.4862724960063028e-5
-4.6181412007769955	-1.5032446006012338e-5
-4.602433237509047	-1.520485347544645e-5
-4.586725274241098	-1.5380002844373397e-5
-4.571017310973149	-1.5557951029116512e-5
-4.5553093477052	-1.5738756432167078e-5
-4.539601384437251	-1.5922478989794437e-5
-4.523893421169302	-1.61091802214924e-5
-4.508185457901353	-1.6298923281346046e-5
-4.4924774946334045	-1.649177301140836e-5
-4.476769531365456	-1.6687795997177993e-5
-4.461061568097506	-1.688706062527906e-5
-4.445353604829557	-1.708963714344396e-5
-4.429645641561608	-1.7295597722911317e-5
-4.413937678293659	-1.7505016523351893e-5
-4.39822971502571	-1.7717969760447085e-5
-4.3825217517577615	-1.793453577624695e-5
-4.366813788489813	-1.8154795112444932e-5
-4.351105825221864	-1.8378830586712953e-5
-4.335397861953915	-1.860672737225026e-5
-4.319689898685965	-1.883857308070577e-5
-4.303981935418016	-1.907445784864663e-5
-4.288273972150067	-1.931447442775265e-5
-4.2725660088821185	-1.955871827892922e-5
-4.25685804561417	-1.9807287670542842e-5
-4.241150082346221	-2.006028378099355e-5
-4.225442119078272	-2.031781080585609e-5
-4.209734155810323	-2.0579976069831446e-5
-4.194026192542374	-2.0846890143768496e-5
-4.178318229274425	-2.111866696703194e-5
-4.162610266006476	-2.1395423975508443e-5
-4.146902302738527	-2.1677282235563794e-5
-4.131194339470578	-2.196436658428361e-5
-4.115486376202629	-2.225680577635191e-5
-4.09977841293468	-2.255473263794509e-5
-4.084070449666731	-2.2858284228046278e-5
-4.068362486398782	-2.3167602007609677e-5
-4.052654523130833	-2.348283201703598e-5
-4.036946559862884	-2.3804125062452325e-5
-4.0212385965949355	-2.413163691132325e-5
-4.005530633326986	-2.446552849795711e-5
-3.9898226700590373	-2.480596613951436e-5
-3.9741147067910885	-2.5153121763166096e-5
-3.958406743523139	-2.550717314509997e-5
-3.9426987802551903	-2.586830416212091e-5
-3.9269908169872414	-2.6236705056654106e-5
-3.9112828537192925	-2.661257271601269e-5
-3.8955748904513436	-2.6996110966864797e-5
-3.8798669271833943	-2.7387530885904265e-5
-3.8641589639154454	-2.778705112780808e-5
-3.8484510006474966	-2.8194898271651812e-5
-3.8327430373795477	-2.861130718704732e-5
-3.817035074111599	-2.903652142136935e-5
-3.8013271108436495	-2.9470793609554253e-5
-3.7856191475757006	-2.9914385908073057e-5
-3.7699111843077517	-3.0367570454821563e-5
-3.754203221039803	-3.0830629856817745e-5
-3.738495257771854	-3.1303857707761695e-5
-3.7227872945039047	-3.178755913769463e-5
-3.707079331235956	-3.228205139719458e-5
-3.691371367968007	-3.278766447876622e-5
-3.675663404700058	-3.330474177832879e-5
-3.659955441432109	-3.3833640799974545e-5
-3.64424747816416	-3.4374733907473944e-5
-3.628539514896211	-3.492840912633509e-5
-3.612831551628262	-3.5495071000597726e-5
-3.597123588360313	-3.607514150895794e-5
-3.5814156250923643	-3.6669061045277466e-5
-3.565707661824415	-3.727728946905372e-5
-3.549999698556466	-3.7900307232001504e-5
-3.5342917352885173	-3.8538616587548335e-5
-3.5185837720205684	-3.919274289077249e-5
-3.5028758087526195	-3.986323599713972e-5
-3.48716784548467	-4.055067176931242e-5
-3.4714598822167213	-4.125565370236092e-5
-3.4557519189487724	-4.197881467888559e-5
-3.4400439556808236	-4.272081886690837e-5
-3.4243359924128747	-4.34823637749192e-5
-3.4086280291449254	-4.4264182480212136e-5
-3.3929200658769765	-4.5067046048631936e-5
-3.3772121026090276	-4.589176616614236e-5
-3.3615041393410787	-4.6739198005241896e-5
-3.34579617607313	-4.761024335227078e-5
-3.3300882128051805	-4.8505854025136746e-5
-3.3143802495372316	-4.9427035615012756e-5
-3.2986722862692828	-5.037485159023625e-5
-3.282964323001334	-5.13504278060901e-5
-3.267256359733385	-5.235495747049119e-5
-3.2515483964654357	-5.33897066230757e-5
-3.235840433197487	-5.445602019391474e-5
-3.220132469929538	-5.555532871843512e-5
-3.204424506661589	-5.66891557973456e-5
-3.18871654339364	-5.785912640492075e-5
-3.173008580125691	-5.90669761663416e-5
-3.157300616857742	-6.031456174560962e-5
-3.141592653589793	-6.160387251058993e-5
-3.1258846903218442	-6.293704367204704e-5
-3.1101767270538954	-6.43163711303654e-5
-3.094468763785946	-6.574432830865515e-5
-3.078760800517997	-6.722358530623316e-5
-3.0630528372500483	-6.875703077479509e-5
-3.0473448739820994	-7.03477970045327e-5
-3.0316369107141505	-7.199928881372832e-5
-3.015928947446201	-7.371521696925363e-5
-3.0002209841782523	-7.549963703530492e-5
-2.9845130209103035	-7.735699476498548e-5
-2.9688050576423546	-7.929217942948944e-5
-2.9530970943744057	-8.13105868440385e-5
-2.9373891311064564	-8.341819432815363e-5
-2.9216811678385075	-8.562165047236186e-5
-2.9059732045705586	-8.792838343410821e-5
-2.8902652413026098	-9.034673263942546e-5
-2.874557278034661	-9.288611035163163e-5
-2.8588493147667116	-9.555720177477082e-5
-2.8431413514987627	-9.837221547744319e-5
-2.827433388230814	-0.00010134520040047589
-2.811725424962865	-0.00010449245225782208
-2.796017461694916	-0.00010783304189856643
-2.7803094984269667	-0.00011138951306553335
-2.764601535159018	-0.00011518882019614959
-2.748893571891069	-0.00011926361415670536
-2.73318560862312	-0.00012365404548149612
-2.7174776453551712	-0.0001284103606339347
-2.701769682087222	-0.0001335967567956524
-2.686061718819273	-0.0001392973195121836
-2.670353755551324	-0.00014562558984174966
-2.6546457922833753	-0.00015274088358003193
-2.6389378290154264	-0.0001608783016684854
-2.623229865747477	-0.0001704099928833021
-2.607521902479528	-0.00018199100834939455
-2.5918139392115793	-0.00019700133262321104
-2.5761059759436304	-0.00021956184997876254
-2.5603980126756816	-0.00027755606055809184
-2.5446900494077322	-0.006067457293848339
-2.5289820861397834	-0.0003526348553682445
-2.5132741228718345	-0.0004335835395542202
-2.4975661596038856	-0.0007559600326692276
-2.4818581963359367	-0.003402620145771037
-2.4661502330679874	-0.012725289772351723
-2.4504422698000385	-0.0014800722044706672
-2.4347343065320897	-0.0020793122658793956
-2.419026343264141	-0.0006087243896216042
-2.403318379996192	-0.0005677494075158954
-2.3876104167282426	-0.0006690657011715644
-2.3719024534602937	-0.0011526969610722061
-2.356194490192345	-0.03234922757365327
-2.340486526924396	-0.005760625237135229
-2.324778563656447	-0.009754331305927365
-2.3090706003884978	-0.00751210139351439
-2.293362637120549	-0.0050700065938195284
-2.2776546738526	-0.011061240485261517
-2.261946710584651	-2.2722999865678224
-2.2462387473167023	-0.011160621083192691
-2.230530784048753	-0.0045330459207181765
-2.214822820780804	-0.008071473568958513
-2.199114857512855	-0.001928967944153032
-2.1834068942449063	-0.0017667031223884677
-2.1676989309769574	-0.0022858134645245528
-2.151990967709008	-0.007359926789100207
-2.1362830044410592	-0.013388220770207447
-2.1205750411731104	-2.548860320314008
-2.1048670779051615	-0.02560100706045248
-2.0891591146372126	-0.015122323870838374
-2.0734511513692633	-0.009014957492103596
-2.0577431881013144	-0.01057900351904701
-2.0420352248333655	-0.0024788230676417687
-2.0263272615654166	-0.0026929133087777446
-2.0106192982974678	-0.009557580741206847
-1.9949113350295187	-0.043484289436317554
-1.9792033717615696	-0.008808449406881831
-1.9634954084936207	-0.05275573869995641
-1.9477874452256718	-0.00887988908157094
-1.9320794819577227	-0.013081369364411491
-1.9163715186897738	-0.44367797448143903
-1.9006635554218247	-0.00895159661566124
-1.8849555921538759	-0.008831093913433933
-1.869247628885927	-0.0033597253551627534
-1.853539665617978	-0.004441440327674096
-1.837831702350029	-0.008392479190338059
-1.82212373908208	-0.009229612046572229
-1.806415775814131	-0.016149796829924033
-1.7907078125461822	-0.022431313003914377
-1.774999849278233	-0.029651791282733722
-1.7592918860102842	-0.26775665507489677
-1.743583922742335	-0.2566371963365788
-1.7278759594743862	-0.0465743501890418
-1.7121679962064373	-0.01671089643848787
-1.6964600329384882	-0.011246711315392835
-1.6807520696705394	-0.02198520206154412
-1.6650441064025903	-0.007038259669862191
-1.6493361431346414	-0.016957580685707616
-1.6336281798666925	-0.015258107886427478
-1.6179202165987434	-0.36622392738262816
-1.6022122533307945	-1.0385587575204234
-1.5865042900628454	-0.02889910765783886
-1.5707963267948966	-0.20089882925796926
-1.5550883635269477	-0.04528733614668567
-1.5393804002589986	-0.015059955127220971
-1.5236724369910497	-0.02883996046182545
-1.5079644737231006	-0.18367270623535106
-1.4922565104551517	-0.6379033120938312
-1.4765485471872029	-0.09414147679069776
-1.4608405839192538	-0.028560716744489578
-1.4451326206513049	-0.020042896821928318
-1.4294246573833558	-0.5542120360084627
-1.413716694115407	-0.03274798033294831
-1.398008730847458	-0.01086291397957552
-1.382300767579509	-0.029529061195737547
-1.36659280431156	-0.0974766146317698
-1.350884841043611	-0.03398838994992211
-1.335176877775662	-6.02242779746742
-1.3194689145077132	-0.044910288017418254
-1.303760951239764	-0.037135553869033985
-1.2880529879718152	-0.44372372112644953
-1.2723450247038661	-0.05930614161228487
-1.2566370614359172	-0.3854294760755478
-1.2409290981679684	-0.045148564058822144
-1.2252211349000193	-0.02638866066029704
-1.2095131716320704	-0.01428492035784416
-1.1938052083641213	-0.019770162918291034
-1.1780972450961724	-0.14724841094497848
-1.1623892818282235	-1.709669463971624
-1.1466813185602744	-1.2896707287387206
-1.1309733552923256	-0.6116003680428129
-1.1152653920243765	-0.10516607989138245
-1.0995574287564276	-0.4581365629887195
-1.0838494654884787	-0.7416817241432694
-1.0681415022205296	-0.04392132716824395
-1.0524335389525807	-0.05682516569135474
-1.0367255756846316	-6.8233362828084525
-1.0210176124166828	-0.6346326572705688
-1.0053096491487339	-0.07413835149273898
-0.9896016858807848	-0.7879455657826255
-0.9738937226128359	-0.02567754332076086
-0.9581857593448869	-0.032265910995955854
-0.9424777960769379	-0.157944717159453
-0.926769832808989	-5.17425102554187
-0.91106186954104	-1.0669185627260127
-0.8953539062730911	-0.06978264023600515
-0.8796459430051421	-0.24627925316962376
-0.8639379797371931	-1.649576489520939
-0.8482300164692441	-0.11405749805442736
-0.8325220532012951	-0.407738547000027
-0.8168140899333463	-6.293113237495728
-0.8011061266653973	-0.16583190694363834
-0.7853981633974483	-0.48001177266622524
-0.7696902001294993	-7.0406850983266285
-0.7539822368615503	-0.23973241794112335
-0.7382742735936014	-0.08253843642469331
-0.7225663103256524	-0.1602802381135564
-0.7068583470577035	-0.03551868977190376
-0.6911503837897545	-0.025254677476890523
-0.6754424205218055	-0.6201459726521001
-0.6597344572538566	-0.076414608299476
-0.6440264939859076	-0.1594353209986917
-0.6283185307179586	-0.05436799647886211
-0.6126105674500096	-1.6341641681078272
-0.5969026041820606	-0.08428998367120383
-0.5811946409141118	-0.2486605017618898
-0.5654866776461628	-0.8651205460417293
-0.5497787143782138	-0.11803295807982477
-0.5340707511102648	-0.061222925437384584
-0.5183627878423158	-0.3183201529004073
-0.5026548245743669	-1.250110250804747
-0.48694686130641796	-0.04905994487996795
-0.47123889803846897	-2.217318459804271
-0.45553093477052	-0.029725758709399766
-0.43982297150257105	-1.1932284181797501
-0.42411500823462206	-0.012849505499772443
-0.4084070449666731	-0.010908937971839904
-0.39269908169872414	-0.009527961309563189
-0.37699111843077515	-0.016647082508754706
-0.3612831551628262	-0.15682911913139214
-0.34557519189487723	-0.06565066600634276
-0.3298672286269283	-0.022908026028722196
-0.3141592653589793	-0.013614175000854357
-0.2984513020910303	-0.04474084413571178
-0.2827433388230814	-0.03688426786394443
-0.2670353755551324	-0.0913371977958611
-0.25132741228718347	-0.1789581285511934
-0.23561944901923448	-0.027467279443224264
-0.21991148575128552	-0.025837003677526494
-0.20420352248333656	-0.04594638381642367
-0.18849555921538758	-0.2280633709738353
-0.17278759594743862	-0.5718886150491621
-0.15707963267948966	-0.0956519414145791
-0.1413716694115407	-0.13250110404568957
-0.12566370614359174	-0.42937528731938196
-0.10995574287564276	-42.595738746903585
-0.09424777960769379	-0.602554047028357
-0.07853981633974483	-0.1361637806575437
-0.06283185307179587	-0.05667482661586607
-0.047123889803846894	-0.029413106002019004
-0.031415926535897934	-0.1181632834817904
-0.015707963267948967	-0.007035254433840444
0.0	-7.071760876690577e-18
0.015707963267948967	0.0070352544338404335
0.031415926535897934	0.11816328348179035
0.047123889803846894	0.029413106002019018
0.06283185307179587	0.05667482661586607
0.07853981633974483	0.13616378065754375
0.09424777960769379	0.6025540470283571
0.10995574287564276	42.59573874690358
0.12566370614359174	0.42937528731938196
0.1413716694115407	0.13250110404568963
0.15707963267948966	0.0956519414145791
0.17278759594743862	0.5718886150491626
0.18849555921538758	0.22806337097383542
0.20420352248333656	0.04594638381642379
0.21991148575128552	0.025837003677526543
0.23561944901923448	0.027467279443224225
0.25132741228718347	0.17895812855119336
0.2670353755551324	0.09133719779586105
0.2827433388230814	0.036884267863944456
0.2984513020910303	0.04474084413571177
0.3141592653589793	0.013614175000854345
0.3298672286269283	0.022908026028722262
0.34557519189487723	0.06565066600634274
0.3612831551628262	0.15682911913139255
0.37699111843077515	0.01664708250875469
0.39269908169872414	0.00952796130956318
0.4084070449666731	0.010908937971839889
0.42411500823462206	0.01284950549977242
0.43982297150257105	1.1932284181797599
0.45553093477052	0.02972575870939977
0.47123889803846897	2.2173184598042646
0.48694686130641796	0.04905994487996796
0.5026548245743669	1.2501102508047472
0.5183627878423158	0.3183201529004071
0.5340707511102648	0.061222925437384605
0.5497787143782138	0.11803295807982485
0.5654866776461628	0.8651205460417292
0.5811946409141118	0.2486605017618898
0.5969026041820606	0.084289983671204
0.6126105674500096	1.6341641681078294
0.6283185307179586	0.054367996478862174
0.6440264939859076	0.1594353209986916
0.6597344572538566	0.07641460829947598
0.6754424205218055	0.620145972652101
0.6911503837897545	0.025254677476890534
0.7068583470577035	0.03551868977190385
0.7225663103256524	0.16028023811355674
0.7382742735936014	0.0825384364246933
0.7539822368615503	0.2397324179411235
0.7696902001294993	7.040685098326648
0.7853981633974483	0.48001177266622463
0.8011061266653973	0.16583190694363834
0.8168140899333463	6.29311323749574
0.8325220532012951	0.40773854700002776
0.8482300164692441	0.11405749805442751
0.8639379797371931	1.6495764895209404
0.8796459430051421	0.2462792531696238
0.8953539062730911	0.06978264023600513
0.91106186954104	1.0669185627260154
0.926769832808989	5.174251025541896
0.9424777960769379	0.15794471715945294
0.9581857593448869	0.032265910995955924
0.9738937226128359	0.025677543320760946
0.9896016858807848	0.7879455657826268
1.0053096491487339	0.07413835149273895
1.0210176124166828	0.6346326572705696
1.0367255756846316	6.823336282808467
1.0524335389525807	0.05682516569135481
1.0681415022205296	0.04392132716824394
1.0838494654884787	0.7416817241432726
1.0995574287564276	0.4581365629887204
1.1152653920243765	0.1051660798913825
1.1309733552923256	0.6116003680428129
1.1466813185602744	1.2896707287387195
1.1623892818282235	1.709669463971626
1.1780972450961724	0.14724841094497865
1.1938052083641213	0.019770162918291097
1.2095131716320704	0.014284920357844134
1.2252211349000193	0.0263886606602971
1.2409290981679684	0.04514856405882232
1.2566370614359172	0.3854294760755482
1.2723450247038661	0.05930614161228482
1.2880529879718152	0.44372372112645053
1.303760951239764	0.037135553869034055
1.3194689145077132	0.044910288017418275
1.335176877775662	6.022427797467437
1.350884841043611	0.033988389949922114
1.36659280431156	0.09747661463176971
1.382300767579509	0.029529061195737536
1.398008730847458	0.010862913979575546
1.413716694115407	0.03274798033294832
1.4294246573833558	0.5542120360084635
1.4451326206513049	0.020042896821928325
1.4608405839192538	0.028560716744489612
1.4765485471872029	0.09414147679069793
1.4922565104551517	0.6379033120938318
1.5079644737231006	0.18367270623535117
1.5236724369910497	0.028839960461825444
1.5393804002589986	0.015059955127220963
1.5550883635269477	0.045287336146685696
1.5707963267948966	0.2008988292579691
1.5865042900628454	0.028899107657838922
1.6022122533307945	1.038558757520424
1.6179202165987434	0.3662239273826293
1.6336281798666925	0.015258107886427494
1.6493361431346414	0.016957580685707626
1.6650441064025903	0.007038259669862184
1.6807520696705394	0.021985202061544123
1.6964600329384882	0.011246711315392822
1.7121679962064373	0.016710896438487895
1.7278759594743862	0.04657435018904173
1.743583922742335	0.25663719633657883
1.7592918860102842	0.2677566550748966
1.774999849278233	0.02965179128273378
1.7907078125461822	0.0224313130039144
1.806415775814131	0.016149796829924016
1.82212373908208	0.009229612046572229
1.837831702350029	0.008392479190338082
1.853539665617978	0.004441440327674091
1.869247628885927	0.003359725355162746
1.8849555921538759	0.008831093913433936
1.9006635554218247	0.008951596615661247
1.9163715186897738	0.44367797448144036
1.9320794819577227	0.013081369364411524
1.9477874452256718	0.008879889081570903
1.9634954084936207	0.052755738699956485
1.9792033717615696	0.008808449406881831
1.9949113350295187	0.04348428943631762
2.0106192982974678	0.009557580741206833
2.0263272615654166	0.002692913308777747
2.0420352248333655	0.0024788230676417774
2.0577431881013144	0.010579003519047463
2.0734511513692633	0.009014957492103253
2.0891591146372126	0.01512232387083836
2.1048670779051615	0.025601007060452468
2.1205750411731104	2.5488603203140054
2.1362830044410592	0.013388220770207477
2.151990967709008	0.007359926789100205
2.1676989309769574	0.0022858134645245515
2.1834068942449063	0.0017667031223884677
2.199114857512855	0.0019289679441530385
2.214822820780804	0.008071473568959047
2.230530784048753	0.004533045920718129
2.2462387473167023	0.011160621083192705
2.261946710584651	2.2722999865678184
2.2776546738526	0.011061240485261506
2.293362637120549	0.00507000659381953
2.3090706003884978	0.007512101393514403
2.324778563656447	0.009754331305927377
2.340486526924396	0.005760625237135238
2.356194490192345	0.03234922757365332
2.3719024534602937	0.0011526969610722048
2.3876104167282426	0.0006690657011715638
2.403318379996192	0.0005677494075158958
2.419026343264141	0.0006087243896216038
2.4347343065320897	0.002079312265879396
2.4504422698000385	0.0014800722044706661
2.4661502330679874	0.012725289772351728
2.4818581963359367	0.0034026201457710427
2.4975661596038856	0.0007559600326692289
2.5132741228718345	0.0004335835395542201
2.5289820861397834	0.00035263485536824477
2.5446900494077322	0.006067457293848327
2.5603980126756816	0.0002775560605580923
2.5761059759436304	0.00021956184997876265
2.5918139392115793	0.0001970013326232109
2.607521902479528	0.00018199100834939482
2.623229865747477	0.00017040999288330216
2.6389378290154264	0.00016087830166848578
2.6546457922833753	0.0001527408835800321
2.670353755551324	0.00014562558984174958
2.686061718819273	0.00013929731951218394
2.701769682087222	0.00013359675679565212
2.7174776453551712	0.00012841036063393444
2.73318560862312	0.00012365404548149564
2.748893571891069	0.0001192636141567052
2.764601535159018	0.00011518882019614944
2.7803094984269667	0.00011138951306553317
2.796017461694916	0.00010783304189856671
2.811725424962865	0.0001044924522578222
2.827433388230814	0.00010134520040047593
2.8431413514987627	9.837221547744325e-5
2.8588493147667116	9.555720177477082e-5
2.874557278034661	9.28861103516319e-5
2.8902652413026098	9.034673263942565e-5
2.9059732045705586	8.792838343410829e-5
2.9216811678385075	8.562165047236206e-5
2.9373891311064564	8.341819432815371e-5
2.9530970943744057	8.131058684403859e-5
2.9688050576423546	7.929217942948941e-5
2.9845130209103035	7.735699476498543e-5
3.0002209841782523	7.549963703530483e-5
3.015928947446201	7.371521696925349e-5
3.0316369107141505	7.199928881372811e-5
3.0473448739820994	7.034779700453276e-5
3.0630528372500483	6.875703077479526e-5
3.078760800517997	6.722358530623327e-5
3.094468763785946	6.574432830865482e-5
3.1101767270538954	6.431637113036556e-5
3.1258846903218442	6.293704367204693e-5
3.141592653589793	6.160387251058976e-5
3.157300616857742	6.031456174560952e-5
3.173008580125691	5.906697616634143e-5
3.18871654339364	5.7859126404920815e-5
3.204424506661589	5.668915579734575e-5
3.220132469929538	5.555532871843506e-5
3.235840433197487	5.445602019391515e-5
3.2515483964654357	5.3389706623075536e-5
3.267256359733385	5.235495747049122e-5
3.282964323001334	5.1350427806090054e-5
3.2986722862692828	5.037485159023618e-5
3.3143802495372316	4.942703561501287e-5
3.3300882128051805	4.850585402513679e-5
3.34579617607313	4.7610243352270775e-5
3.3615041393410787	4.673919800524184e-5
3.3772121026090276	4.589176616614237e-5
3.3929200658769765	4.5067046048632e-5
3.4086280291449254	4.426418248021199e-5
3.4243359924128747	4.3482363774919186e-5
3.4400439556808236	4.272081886690824e-5
3.4557519189487724	4.197881467888547e-5
3.4714598822167213	4.12556537023608e-5
3.48716784548467	4.055067176931239e-5
3.5028758087526195	3.98632359971397e-5
3.5185837720205684	3.919274289077253e-5
3.5342917352885173	3.853861658754826e-5
3.549999698556466	3.7900307232001375e-5
3.565707661824415	3.727728946905366e-5
3.5814156250923643	3.6669061045277304e-5
3.597123588360313	3.6075141508957997e-5
3.612831551628262	3.5495071000597835e-5
3.628539514896211	3.4928409126335046e-5
3.64424747816416	3.437473390747392e-5
3.659955441432109	3.383364079997458e-5
3.675663404700058	3.330474177832881e-5
3.691371367968007	3.278766447876627e-5
3.707079331235956	3.228205139719442e-5
3.7227872945039047	3.178755913769467e-5
3.738495257771854	3.1303857707761655e-5
3.754203221039803	3.083062985681769e-5
3.7699111843077517	3.0367570454821566e-5
3.7856191475757006	2.9914385908073077e-5
3.8013271108436495	2.947079360955423e-5
3.817035074111599	2.9036521421369313e-5
3.8327430373795477	2.86113071870472e-5
3.8484510006474966	2.8194898271651823e-5
3.8641589639154454	2.778705112780798e-5
3.8798669271833943	2.738753088590433e-5
3.8955748904513436	2.6996110966864922e-5
3.9112828537192925	2.66125727160127e-5
3.9269908169872414	2.6236705056654123e-5
3.9426987802551903	2.5868304162120973e-5
3.958406743523139	2.5507173145099727e-5
3.9741147067910885	2.5153121763166144e-5
3.9898226700590373	2.480596613951426e-5
4.005530633326986	2.4465528497957047e-5
4.0212385965949355	2.4131636911323168e-5
4.036946559862884	2.380412506245234e-5
4.052654523130833	2.3482832017036024e-5
4.068362486398782	2.3167602007609826e-5
4.084070449666731	2.28582842280463e-5
4.09977841293468	2.255473263794509e-5
4.115486376202629	2.2256805776351955e-5
4.131194339470578	2.1964366584283665e-5
4.146902302738527	2.1677282235563783e-5
4.162610266006476	2.1395423975508457e-5
4.178318229274425	2.11186669670319e-5
4.194026192542374	2.0846890143768587e-5
4.209734155810323	2.0579976069831507e-5
4.225442119078272	2.031781080585612e-5
4.241150082346221	2.0060283780993643e-5
4.25685804561417	1.980728767054278e-5
4.2725660088821185	1.9558718278929293e-5
4.288273972150067	1.931447442775263e-5
4.303981935418016	1.9074457848646675e-5
4.319689898685965	1.8838573080705786e-5
4.335397861953915	1.860672737225033e-5
4.351105825221864	1.837883058671296e-5
4.366813788489813	1.8154795112444834e-5
4.3825217517577615	1.7934535776247025e-5
4.39822971502571	1.771796976044708e-5
4.413937678293659	1.750501652335181e-5
4.429645641561608	1.729559772291131e-5
4.445353604829557	1.7089637143444035e-5
4.461061568097506	1.6887060625279054e-5
4.476769531365456	1.668779599717807e-5
4.4924774946334045	1.6491773011408334e-5
4.508185457901353	1.6298923281346104e-5
4.523893421169302	1.6109180221492346e-5
4.539601384437251	1.5922478989794484e-5
4.5553093477052	1.5738756432167108e-5
4.571017310973149	1.555795102911652e-5
4.586725274241098	1.538000284437334e-5
4.602433237509047	1.5204853475446343e-5
4.6181412007769955	1.5032446006012288e-5
4.633849164044944	1.4862724960062979e-5
4.649557127312894	1.4695636257733156e-5
4.665265090580843	1.4531127172737605e-5
4.680973053848792	1.4369146291348788e-5
4.696681017116741	1.4209643472849646e-5
4.71238898038469	1.4052569811400087e-5
4.7280969436526386	1.3897877599258483e-5
4.743804906920587	1.374552029130082e-5
4.759512870188536	1.3595452470784953e-5
4.775220833456485	1.3447629816310094e-5
4.790928796724435	1.3302009069919856e-5
4.806636759992384	1.3158548006306397e-5
4.822344723260333	1.3017205403068637e-5
4.838052686528282	1.2877941011983557e-5
4.8537606497962305	1.274071553125163e-5
4.869468613064179	1.2605490578674979e-5
4.885176576332128	1.2472228665735144e-5
4.900884539600077	1.2340893172532747e-5
4.916592502868026	1.2211448323557275e-5
4.932300466135975	1.2083859164255322e-5
4.948008429403924	1.1958091538364004e-5
4.9637163926718735	1.1834112065984887e-5
4.979424355939822	1.1711888122366351e-5
4.995132319207771	1.159138781736999e-5
5.01084028247572	1.1472579975594912e-5
5.026548245743669	1.1355434117135434e-5
5.042256209011618	1.1239920438949348e-5
5.057964172279567	1.1126009796812712e-5
5.073672135547516	1.1013673687841659e-5
5.0893800988154645	1.0902884233559735e-5
5.105088062083414	1.0793614163491073e-5
5.120796025351363	1.0685836799259954e-5
5.136503988619312	1.0579526039179716e-5
5.152211951887261	1.0474656343313212e-5
5.16791991515521	1.0371202718987606e-5
5.183627878423159	1.0269140706747843e-5
5.1993358416911075	1.0168446366733831e-5
5.215043804959056	1.0069096265466625e-5
5.230751768227005	9.971067463027328e-6
5.246459731494954	9.874337500619094e-6
5.262167694762903	9.778884388495066e-6
5.277875658030853	9.684686594242807e-6
5.293583621298802	9.591723031411092e-6
5.3092915845667505	9.499973048468055e-6
5.324999547834699	9.409416418080898e-6
5.340707511102648	9.320033326703966e-6
5.356415474370597	9.231804364466716e-6
5.372123437638546	9.144710515351059e-6
5.387831400906495	9.058733147648731e-6
5.403539364174444	8.973854004688805e-6
5.419247327442394	8.890055195827734e-6
5.4349552907103424	8.807319187692062e-6
5.450663253978291	8.725628795666401e-6
5.46637121724624	8.644967175618867e-6
5.482079180514189	8.565317815855842e-6
5.497787143782138	8.486664529298977e-6
5.513495107050087	8.408991445877428e-6
5.529203070318036	8.332283005128646e-6
5.544911033585985	8.256523949000362e-6
5.5606189968539335	8.18169931484888e-6
5.576326960121882	8.107794428626013e-6
5.592034923389832	8.034794898249934e-6
5.607742886657781	7.962686607153448e-6
5.62345084992573	7.891455708005038e-6
5.639158813193679	7.821088616596498e-6
5.654866776461628	7.751572005892594e-6
5.6705747397295765	7.682892800237818e-6
5.686282702997525	7.615038169715381e-6
5.701990666265474	7.547995524653605e-6
5.717698629533423	7.48175251027581e-6
5.733406592801373	7.416297001488752e-6
5.749114556069322	7.351617097806288e-6
5.764822519337271	7.28770111840325e-6
5.7805304826052195	7.224537597297014e-6
5.796238445873168	7.1621152786510475e-6
5.811946409141117	7.100423112199231e-6
5.827654372409066	7.039450248785599e-6
5.843362335677015	6.9791860360169125e-6
5.859070298944964	6.919620014024355e-6
5.874778262212913	6.860741911332125e-6
5.890486225480862	6.802541640828659e-6
5.906194188748811	6.745009295838234e-6
5.92190215201676	6.6881351462904135e-6
5.937610115284709	6.631909634983334e-6
5.953318078552658	6.57632337393971e-6
5.969026041820607	6.521367140851475e-6
5.984734005088556	6.467031875612169e-6
6.000441968356505	6.413308676932614e-6
6.0161499316244536	6.360188799039846e-6
6.031857894892402	6.307663648454772e-6
6.047565858160352	6.255724780848201e-6
6.063273821428301	6.2043638979717815e-6
6.07898178469625	6.153572844662836e-6
6.094689747964199	6.103343605919863e-6
6.110397711232148	6.0536683040480144e-6
6.126105674500097	6.004539195872163e-6
6.1418136377680455	5.955948670014944e-6
6.157521601035994	5.907889244239847e-6
6.173229564303943	5.8603535628552895e-6
6.188937527571892	5.8133343941804035e-6
6.204645490839841	5.766824628068814e-6
6.220353454107791	5.72081727349035e-6
6.23606141737574	5.6753054561686e-6
6.2517693806436885	5.630282416272369e-6
6.267477343911637	5.585741506160665e-6
6.283185307179586	5.541676188178871e-6
6.298893270447535	5.4980800325051776e-6
6.314601233715484	5.454946715046124e-6
6.330309196983433	5.412270015379523e-6
6.346017160251382	5.370043814744034e-6
6.3617251235193315	5.328262094073492e-6
6.37743308678728	5.286918932076118e-6
6.393141050055229	5.246008503355553e-6
6.408849013323178	5.205525076574907e-6
6.424556976591127	5.165463012660437e-6
6.440264939859076	5.125816763045779e-6
6.455972903127025	5.086580867954634e-6
6.471680866394974	5.047749954721055e-6
6.4873888296629225	5.009318736146773e-6
6.503096792930871	4.971282008894236e-6
6.51880475619882	4.933634651914902e-6
6.53451271946677	4.8963716249111625e-6
6.550220682734719	4.859487966832148e-6
6.565928646002668	4.822978794401636e-6
6.581636609270617	4.786839300677589e-6
6.5973445725385655	4.751064753642656e-6
6.613052535806514	4.7156504948249845e-6
6.628760499074463	4.680591937948057e-6
6.644468462342412	4.645884567609546e-6
6.660176425610361	4.611523937987938e-6
6.675884388878311	4.577505671576565e-6
6.69159235214626	4.54382545794422e-6
6.707300315414209	4.510479052521969e-6
6.7230082786821574	4.477462275415057e-6
6.738716241950106	4.444771010239902e-6
6.754424205218055	4.412401202984936e-6
6.770132168486004	4.380348860895555e-6
6.785840131753953	4.348610051381634e-6
6.801548095021902	4.3171809009479185e-6
6.817256058289851	4.286057594146206e-6
6.8329640215578	4.2552363725490406e-6
6.848671984825749	4.224713533744652e-6
6.864379948093698	4.1944854303518966e-6
6.880087911361647	4.164548469055469e-6
6.895795874629596	4.134899109660918e-6
6.911503837897545	4.105533864168251e-6
6.927211801165494	4.076449295864664e-6
6.942919764433443	4.047642018435039e-6
6.9586277277013915	4.019108695090852e-6
6.97433569096934	3.990846037715859e-6
6.99004365423729	3.962850806029244e-6
7.005751617505239	3.935119806765259e-6
7.021459580773188	3.907649892869031e-6
7.037167544041137	3.880437962708299e-6
7.052875507309086	3.853480959300934e-6
7.0685834705770345	3.826775869557052e-6
7.084291433844983	3.8003197235366326e-6
7.099999397112932	3.7741095937212472e-6
7.115707360380881	3.748142594300075e-6
7.13141532364883	3.722415880469778e-6
7.147123286916779	3.69692664774799e-6
7.162831250184729	3.6716721313000836e-6
7.1785392134526775	3.6466496052788125e-6
7.194247176720626	3.6218563821766927e-6
7.209955139988575	3.597289812191021e-6
7.225663103256524	3.572947282600557e-6
7.241371066524473	3.5488262171545657e-6
7.257079029792422	3.5249240754732387e-6
7.272786993060371	3.501238352459518e-6
7.28849495632832	3.4777665777220687e-6
7.304202919596269	3.454506315009148e-6
7.319910882864218	3.4314551616531886e-6
7.335618846132167	3.408610748025609e-6
7.351326809400116	3.3859707370020506e-6
7.367034772668065	3.3635328234375143e-6
7.382742735936014	3.341294733651213e-6
7.398450699203963	3.3192542249211726e-6
7.414158662471912	3.2974090849878745e-6
7.4298666257398605	3.2757571315675634e-6
7.445574589007809	3.2542962118739138e-6
7.461282552275758	3.2330242021491266e-6
7.476990515543708	3.2119390072031336e-6
7.492698478811657	3.191038559961426e-6
7.508406442079606	3.1703208210212533e-6
7.524114405347555	3.149783778215606e-6
7.5398223686155035	3.1294254461854403e-6
7.555530331883452	3.109243865959376e-6
7.571238295151401	3.0892371045412163e-6
7.58694625841935	3.069403254504703e-6
7.602654221687299	3.049740433595678e-6
7.618362184955249	3.0302467843413675e-6
7.634070148223198	3.0109204736665886e-6
7.6497781114911465	2.991759692516931e-6
7.665486074759095	2.9727626554885765e-6
7.681194038027044	2.953927600464478e-6
7.696902001294993	2.935252788257537e-6
7.712609964562942	2.9167365022594716e-6
7.728317927830891	2.8983770480961774e-6
7.74402589109884	2.8801727532893017e-6
7.759733854366789	2.862121966923305e-6
7.7754418176347375	2.844223059318864e-6
7.791149780902687	2.826474421711546e-6
7.806857744170636	2.8088744659363356e-6
7.822565707438585	2.7914216241176416e-6
7.838273670706534	2.7741143483644387e-6
7.853981633974483	2.7569511104710163e-6
7.869689597242432	2.739930401622647e-6
7.8853975605103805	2.7230507321063977e-6
7.901105523778329	2.7063106310269733e-6
7.916813487046278	2.689708646027229e-6
7.932521450314228	2.6732433430137866e-6
7.948229413582177	2.6569133058869924e-6
7.963937376850126	2.64071713627567e-6
7.979645340118075	2.624653453276318e-6
7.995353303386024	2.6087208931967895e-6
8.011061266653972	2.5929181093041354e-6
8.026769229921921	2.5772437715768787e-6
8.042477193189871	2.5616965664613805e-6
8.058185156457819	2.5462751966322426e-6
8.073893119725769	2.5309783807568836e-6
8.089601082993717	2.515804853263828e-6
8.105309046261667	2.5007533641150716e-6
8.121017009529615	2.485822678582007e-6
8.136724972797564	2.471011577025337e-6
8.152432936065512	2.456318854678419e-6
8.168140899333462	2.441743321434195e-6
8.183848862601412	2.4272838016357563e-6
8.19955682586936	2.4129391338703443e-6
8.21526478913731	2.3987081707665638e-6
8.230972752405258	2.3845897787950908e-6
8.246680715673207	2.3705828380725945e-6
8.262388678941155	2.3566862421687697e-6
8.278096642209105	2.342898897916634e-6
8.293804605477053	2.3292197252257884e-6
8.309512568745003	2.3156476568988133e-6
8.325220532012953	2.3021816384505426e-6
8.3409284952809	2.28882062793023e-6
8.35663645854885	2.2755635957467663e-6
8.372344421816798	2.2624095244964345e-6
8.388052385084748	2.249357408793558e-6
8.403760348352696	2.236406255103963e-6
8.419468311620646	2.223555081580907e-6
8.435176274888594	2.2108029179035978e-6
8.450884238156544	2.198148805118603e-6
8.466592201424492	2.185591795483369e-6
8.482300164692441	2.1731309523124226e-6
8.498008127960391	2.160765349826033e-6
8.51371609122834	2.148494073001078e-6
8.529424054496289	2.136316217424499e-6
8.545132017764237	2.1242308891487983e-6
8.560839981032187	2.112237204549978e-6
8.576547944300135	2.1003342901877136e-6
8.592255907568084	2.0885212826674233e-6
8.607963870836032	2.076797328504891e-6
8.623671834103982	2.065161583992747e-6
8.63937979737193	2.053613215068948e-6
8.65508776063988	2.042151397187504e-6
8.67079572390783	2.030775315191119e-6
8.686503687175778	2.0194841631856206e-6
8.702211650443727	2.008277144416624e-6
8.717919613711675	1.9971534711478416e-6
8.733627576979625	1.9861123645413454e-6
8.749335540247573	1.975153054539645e-6
8.765043503515523	1.9642747797495946e-6
8.780751466783471	1.9534767873279946e-6
8.79645943005142	1.9427583328690015e-6
8.81216739331937	1.932118680293209e-6
8.827875356587318	1.9215571017383557e-6
8.843583319855268	1.9110728774518205e-6
8.859291283123216	1.9006652956845372e-6
8.874999246391166	1.890333652586731e-6
8.890707209659114	1.8800772521049803e-6
8.906415172927064	1.8698954058810198e-6
8.922123136195012	1.859787433151943e-6
8.937831099462962	1.8497526606518368e-6
8.953539062730911	1.8397904225151709e-6
8.96924702599886	1.8299000601811486e-6
8.984954989266809	1.8200809222998977e-6
9.000662952534757	1.8103323646398713e-6
9.016370915802707	1.8006537499965735e-6
9.032078879070655	1.7910444481027376e-6
9.047786842338605	1.781503835539736e-6
9.063494805606553	1.772031295650279e-6
9.079202768874502	1.7626262184525764e-6
9.09491073214245	1.7532880005554667e-6
9.1106186954104	1.7440160450749934e-6
9.12632665867835	1.7348097615521224e-6
9.142034621946298	1.7256685658717018e-6
9.157742585214248	1.716591880182432e-6
9.173450548482196	1.7075791328182815e-6
9.189158511750145	1.6986297582207428e-6
9.204866475018093	1.6897431968624545e-6
9.220574438286043	1.6809188951716806e-6
9.236282401553991	1.6721563054581117e-6
9.25199036482194	1.6634548858395752e-6
9.267698328089889	1.6548141001698218e-6
9.283406291357839	1.6462334179673436e-6
9.299114254625788	1.6377123143452987e-6
9.314822217893736	1.629250269942333e-6
9.330530181161686	1.6208467708542544e-6
9.346238144429634	1.6125013085671533e-6
9.361946107697584	1.6042133798907184e-6
9.377654070965532	1.595982486893284e-6
9.393362034233482	1.5878081368372543e-6
9.40906999750143	1.5796898421156087e-6
9.42477796076938	1.5716271201893314e-6
9.44048592403733	1.563619493525693e-6
9.456193887305277	1.5556664895372968e-6
9.471901850573227	1.5477676405222241e-6
9.487609813841175	1.539922483604731e-6
9.503317777109125	1.5321305606768156e-6
9.519025740377073	1.524391418340961e-6
9.534733703645022	1.5167046078530917e-6
9.55044166691297	1.509069685066715e-6
9.56614963018092	1.5014862103777658e-6
9.58185759344887	1.4939537486701423e-6
9.597565556716818	1.4864718692620055e-6
9.613273519984768	1.479040145852881e-6
9.628981483252716	1.4716581564713864e-6
9.644689446520665	1.4643254834237804e-6
9.660397409788613	1.457041713243073e-6
9.676105373056563	1.4498064366390558e-6
9.691813336324511	1.4426192484486777e-6
9.707521299592461	1.435479747587529e-6
9.723229262860409	1.4283875370015619e-6
9.738937226128359	1.421342223619646e-6
9.754645189396308	1.4143434183069557e-6
9.770353152664256	1.407390735818514e-6
9.786061115932206	1.4004837947538996e-6
9.801769079200154	1.393622217512149e-6
9.817477042468104	1.3868056302474883e-6
9.833185005736052	1.380033662825562e-6
9.848892969004002	1.3733059487803086e-6
9.86460093227195	1.3666221252713517e-6
9.8803088955399	1.3599818330419493e-6
9.896016858807847	1.3533847163776321e-6
9.911724822075797	1.346830423065227e-6
9.927432785343747	1.340318604352506e-6
9.943140748611695	1.3338489149083812e-6
9.958848711879645	1.3274210127835489e-6
9.974556675147593	1.3210345593717622e-6
9.990264638415542	1.31468921937151e-6
10.00597260168349	1.308384660748297e-6
10.02168056495144	1.3021205546973053e-6
10.037388528219388	1.29589657560665e-6
10.053096491487338	1.2897124010210487e-6
10.068804454755288	1.2835677116059745e-6
10.084512418023236	1.277462191112352e-6
10.100220381291185	1.2713955263415428e-6
10.115928344559133	1.2653674071110041e-6
10.131636307827083	1.2593775262201786e-6
10.147344271095031	1.253425579417015e-6
10.163052234362981	1.2475112653647735e-6
10.178760197630929	1.2416342856093253e-6
10.194468160898879	1.2357943445468924e-6
10.210176124166829	1.229991149392116e-6
10.225884087434777	1.224224410146699e-6
10.241592050702726	1.218493839568241e-6
10.257300013970674	1.2127991531396046e-6
10.273007977238624	1.2071400690386751e-6
10.288715940506572	1.2015163081084333e-6
10.304423903774522	1.1959275938274952e-6
10.32013186704247	1.1903736522808973e-6
10.33583983031042	1.1848542121314517e-6
10.351547793578368	1.1793690045912227e-6
10.367255756846317	1.1739177633935942e-6
10.382963720114267	1.1685002247655245e-6
10.398671683382215	1.163116127400207e-6
10.414379646650165	1.1577652124301127e-6
10.430087609918113	1.152447223400296e-6
10.445795573186063	1.1471619062420908e-6
10.46150353645401	1.1419090092471407e-6
10.47721149972196	1.136688283041701e-6
10.492919462989908	1.1314994805612744e-6
10.508627426257858	1.126342357025656e-6
10.524335389525806	1.1212166699141245e-6
10.540043352793756	1.1161221789410985e-6
10.555751316061706	1.1110586460319786e-6
10.571459279329654	1.106025835299338e-6
10.587167242597603	1.1010235130194597e-6
10.602875205865551	1.0960514476090276e-6
10.618583169133501	1.0911094096022533e-6
10.634291132401449	1.0861971716281512e-6
10.649999095669399	1.0813145083882111e-6
10.665707058937347	1.076461196634267e-6
10.681415022205297	1.0716370151466584e-6
10.697122985473246	1.066841744712656e-6
10.712830948741194	1.062075168105145e-6
10.728538912009144	1.0573370700616253e-6
10.744246875277092	1.0526272372633486e-6
10.759954838545042	1.047945458314831e-6
10.77566280181299	1.0432915237235445e-6
10.79137076508094	1.0386652258798244e-6
10.807078728348888	1.0340663590371617e-6
10.822786691616837	1.0294947192925623e-6
10.838494654884787	1.0249501045672046e-6
10.854202618152735	1.0204323145874592e-6
10.869910581420685	1.0159411508658467e-6
10.885618544688633	1.011476416682542e-6
10.901326507956583	1.0070379170668462e-6
10.91703447122453	1.0026254587790951e-6
10.93274243449248	9.982388502926087e-7
10.948450397760428	9.938779017758825e-7
10.964158361028378	9.895424250751512e-7
10.979866324296326	9.85232233696939e-7
10.995574287564276	9.809471427909487e-7
11.011282250832226	9.766869691331398e-7
11.026990214100174	9.724515311089505e-7
11.042698177368123	9.682406486967835e-7
11.058406140636071	9.640541434516678e-7
11.074114103904021	9.598918384890696e-7
11.08982206717197	9.557535584689567e-7
11.105530030439919	9.516391295799713e-7
11.121237993707867	9.475483795239495e-7
11.136945956975817	9.434811375003673e-7
11.152653920243765	9.394372341912164e-7
11.168361883511714	9.354165017458701e-7
11.184069846779664	9.314187737662811e-7
11.199777810047612	9.274438852922402e-7
11.215485773315562	9.234916727868317e-7
11.23119373658351	9.195619741220622e-7
11.24690169985146	9.156546285647013e-7
11.262609663119408	9.117694767621877e-7
11.278317626387357	9.0790636072882e-7
11.294025589655305	9.040651238320048e-7
11.309733552923255	9.002456107786765e-7
11.325441516191205	8.964476676019222e-7
11.341149479459153	8.92671141647775e-7
11.356857442727103	8.889158815620411e-7
11.37256540599505	8.851817372773794e-7
11.388273369263	8.814685600005672e-7
11.403981332530948	8.777762021997416e-7
11.419689295798898	8.741045175919505e-7
11.435397259066846	8.704533611308024e-7
11.451105222334796	8.668225889941846e-7
11.466813185602746	8.63212058572228e-7
11.482521148870694	8.596216284553389e-7
11.498229112138644	8.560511584223528e-7
11.513937075406592	8.525005094288915e-7
11.529645038674541	8.489695435958233e-7
11.54535300194249	8.45458124197793e-7
11.561060965210439	8.419661156519227e-7
11.576768928478387	8.384933835067284e-7
11.592476891746337	8.350397944310058e-7
11.608184855014285	8.316052162029179e-7
11.623892818282235	8.28189517699251e-7
11.639600781550184	8.247925688846446e-7
11.655308744818132	8.214142408011689e-7
11.671016708086082	8.180544055577361e-7
11.68672467135403	8.147129363198748e-7
11.70243263462198	8.113897072995202e-7
11.718140597889928	8.080845937448705e-7
11.733848561157878	8.047974719304383e-7
11.749556524425826	8.015282191471381e-7
11.765264487693775	7.982767136925785e-7
11.780972450961723	7.950428348613644e-7
11.796680414229673	7.918264629355432e-7
11.812388377497623	7.886274791751906e-7
11.82809634076557	7.85445765809021e-7
11.84380430403352	7.822812060251897e-7
11.859512267301469	7.791336839621302e-7
11.875220230569418	7.760030846995034e-7
11.890928193837366	7.728892942492962e-7
11.906636157105316	7.69792199546932e-7
11.922344120373264	7.667116884425416e-7
11.938052083641214	7.636476496923288e-7
11.953760046909164	7.605999729499795e-7
11.969468010177112	7.575685487582087e-7
11.985175973445061	7.545532685403856e-7
12.00088393671301	7.515540245922224e-7
12.01659189998096	7.485707100736521e-7
12.032299863248907	7.456032190006327e-7
12.048007826516857	7.426514462371737e-7
12.063715789784805	7.397152874874093e-7
12.079423753052755	7.367946392877124e-7
12.095131716320704	7.338893989989607e-7
12.110839679588652	7.309994647988352e-7
12.126547642856602	7.281247356742533e-7
12.14225560612455	7.252651114137947e-7
12.1579635693925	7.224204926003011e-7
12.173671532660448	7.195907806035222e-7
12.189379495928398	7.167758775727858e-7
12.205087459196346	7.139756864298569e-7
12.220795422464295	7.111901108617684e-7
12.236503385732243	7.084190553137807e-7
12.252211349000193	7.056624249823803e-7
12.267919312268143	7.02920125808413e-7
12.283627275536091	7.001920644702084e-7
12.29933523880404	6.974781483768764e-7
12.315043202071989	6.947782856615446e-7
12.330751165339938	6.920923851748125e-7
12.346459128607886	6.894203564781442e-7
12.362167091875836	6.867621098374095e-7
12.377875055143784	6.841175562164755e-7
12.393583018411734	6.814866072708446e-7
12.409290981679682	6.788691753414019e-7
12.424998944947632	6.762651734481414e-7
12.440706908215581	6.736745152840962e-7
12.45641487148353	6.710971152091567e-7
12.47212283475148	6.685328882441379e-7
12.487830798019427	6.659817500647518e-7
12.503538761287377	6.634436169957535e-7
12.519246724555325	6.609184060050467e-7
12.534954687823275	6.58406034697977e-7
12.550662651091223	6.559064213115286e-7
12.566370614359172	6.534194847087203e-7
