-12.566370614359172	-2.084924385706029e-5
-12.550662651091223	-2.092865012644719e-5
-12.534954687823275	-2.1008461501030235e-5
-12.519246724555325	-2.1088680576332248e-5
-12.503538761287377	-2.116930996792618e-5
-12.487830798019427	-2.1250352311617473e-5
-12.47212283475148	-2.133181026362635e-5
-12.45641487148353	-2.1413686500774423e-5
-12.440706908215581	-2.1495983720670955e-5
-12.424998944947632	-2.1578704641902674e-5
-12.409290981679682	-2.1661852004224975e-5
-12.393583018411734	-2.1745428568754994e-5
-12.377875055143784	-2.182943711816671e-5
-12.362167091875836	-2.1913880456889357e-5
-12.346459128607886	-2.1998761411304915e-5
-12.330751165339938	-2.2084082829951445e-5
-12.315043202071989	-2.2169847583725597e-5
-12.29933523880404	-2.2256058566088944e-5
-12.283627275536091	-2.234271869327498e-5
-12.267919312268143	-2.242983090450082e-5
-12.252211349000193	-2.251739816217852e-5
-12.236503385732243	-2.2605423452129706e-5
-12.220795422464295	-2.2693909783802383e-5
-12.205087459196346	-2.2782860190490922e-5
-12.189379495928398	-2.2872277729557204e-5
-12.173671532660448	-2.2962165482653837e-5
-12.1579635693925	-2.3052526555951824e-5
-12.14225560612455	-2.31433640803677e-5
-12.126547642856602	-2.3234681211796266e-5
-12.110839679588652	-2.3326481131343516e-5
-12.095131716320704	-2.3418767045562292e-5
-12.079423753052755	-2.3511542186691616e-5
-12.063715789784805	-2.3604809812898508e-5
-12.048007826516857	-2.3698573208520707e-5
-12.032299863248907	-2.3792835684313713e-5
-12.01659189998096	-2.388760057770051e-5
-12.00088393671301	-2.3982871253022627e-5
-11.985175973445061	-2.4078651101795057e-5
-11.969468010177112	-2.4174943542963853e-5
-11.953760046909164	-2.427175202316593e-5
-11.938052083641214	-2.4369080016992788e-5
-11.922344120373264	-2.446693102725519e-5
-11.906636157105316	-2.4565308585253734e-5
-11.890928193837366	-2.466421625104902e-5
-11.875220230569418	-2.4763657613736676e-5
-11.859512267301469	-2.486363629172625e-5
-11.84380430403352	-2.496415593302037e-5
-11.82809634076557	-2.506522021549969e-5
-11.812388377497623	-2.5166832847210077e-5
-11.796680414229673	-2.5268997566651113e-5
-11.780972450961723	-2.5371718143072117e-5
-11.765264487693775	-2.5474998376766876e-5
-11.749556524425826	-2.5578842099373432e-5
-11.733848561157878	-2.568325317417875e-5
-11.718140597889928	-2.5788235496424544e-5
-11.70243263462198	-2.5893792993616936e-5
-11.68672467135403	-2.5999929625840963e-5
-11.671016708086082	-2.6106649386076227e-5
-11.655308744818132	-2.6213956300519036e-5
-11.639600781550184	-2.6321854428905077e-5
-11.623892818282235	-2.6430347864838405e-5
-11.608184855014285	-2.653944073612159e-5
-11.592476891746337	-2.664913720509216e-5
-11.576768928478387	-2.6759441468961037e-5
-11.561060965210439	-2.6870357760154914e-5
-11.54535300194249	-2.6981890346663608e-5
-11.529645038674541	-2.7094043532390503e-5
-11.513937075406592	-2.7206821657505764e-5
-11.498229112138644	-2.7320229098807748e-5
-11.482521148870694	-2.7434270270082612e-5
-11.466813185602746	-2.754894962247317e-5
-11.451105222334796	-2.766427164484885e-5
-11.435397259066846	-2.778024086418067e-5
-11.419689295798898	-2.7896861845922074e-5
-11.403981332530948	-2.80141391943912e-5
-11.388273369263	-2.813207755315959e-5
-11.37256540599505	-2.825068160544586e-5
-11.356857442727103	-2.8369956074510846e-5
-11.341149479459153	-2.8489905724061443e-5
-11.325441516191205	-2.8610535358656243e-5
-11.309733552923255	-2.8731849824115907e-5
-11.294025589655305	-2.8853854007939608e-5
-11.278317626387357	-2.8976552839726114e-5
-11.262609663119408	-2.909995129159902e-5
-11.24690169985146	-2.9224054378636803e-5
-11.23119373658351	-2.934886715930887e-5
-11.215485773315562	-2.9474394735915866e-5
-11.199777810047612	-2.9600642255035434e-5
-11.184069846779664	-2.9727614907973527e-5
-11.168361883511714	-2.985531793122001e-5
-11.152653920243765	-2.9983756606910296e-5
-11.136945956975817	-3.011293626329348e-5
-11.121237993707867	-3.024286227520276e-5
-11.105530030439919	-3.0373540064535677e-5
-11.08982206717197	-3.0504975100735882e-5
-11.074114103904021	-3.063717290128361e-5
-11.058406140636071	-3.077013903219143e-5
-11.042698177368123	-3.090387910850333e-5
-11.026990214100174	-3.103839879480429e-5
-11.011282250832226	-3.1173703805731056e-5
-10.995574287564276	-3.130979990649251e-5
-10.979866324296326	-3.1446692913395305e-5
-10.964158361028378	-3.15843886943742e-5
-10.948450397760428	-3.172289316953105e-5
-10.93274243449248	-3.18622123116795e-5
-10.91703447122453	-3.2002352146894404e-5
-10.901326507956583	-3.2143318755071485e-5
-10.885618544688633	-3.2285118270490176e-5
-10.869910581420685	-3.242775688238521e-5
-10.854202618152735	-3.257124083552484e-5
-10.838494654884787	-3.2715576430794916e-5
-10.822786691616837	-3.2860770025792526e-5
-10.807078728348888	-3.3006828035424016e-5
-10.79137076508094	-3.315375693251188e-5
-10.77566280181299	-3.330156324840912e-5
-10.759954838545042	-3.3450253573619804e-5
-10.744246875277092	-3.35998345584292e-5
-10.728538912009144	-3.375031291353942e-5
-10.712830948741194	-3.3901695410714676e-5
-10.697122985473246	-3.405398888343358e-5
-10.681415022205297	-3.4207200227549465e-5
-10.665707058937347	-3.436133640195857e-5
-10.649999095669399	-3.451640442927775e-5
-10.634291132401449	-3.467241139652927e-5
-10.618583169133501	-3.48293644558338e-5
-10.602875205865551	-3.4987270825113884e-5
-10.587167242597603	-3.514613778880385e-5
-10.571459279329654	-3.5305972698570224e-5
-10.555751316061706	-3.546678297404053e-5
-10.540043352793756	-3.562857610354106e-5
-10.524335389525806	-3.579135964484271e-5
-10.508627426257858	-3.5955141225920414e-5
-10.492919462989908	-3.611992854571589e-5
-10.47721149972196	-3.628572937491454e-5
-10.46150353645401	-3.645255155673175e-5
-10.445795573186063	-3.6620403007705615e-5
-10.430087609918113	-3.6789291718504655e-5
-10.414379646650165	-3.695922575474128e-5
-10.398671683382215	-3.7130213257798585e-5
-10.382963720114267	-3.7302262445666466e-5
-10.367255756846317	-3.7475381613787584e-5
-10.351547793578368	-3.7649579135916054e-5
-10.33583983031042	-3.782486346498539e-5
-10.32013186704247	-3.800124313398739e-5
-10.304423903774522	-3.817872675686471e-5
-10.288715940506572	-3.835732302941125e-5
-10.273007977238624	-3.8537040730187324e-5
-10.257300013970674	-3.871788872144407e-5
-10.241592050702726	-3.889987595006181e-5
-10.225884087434777	-3.9083011448499746e-5
-10.210176124166829	-3.926730433575691e-5
-10.194468160898879	-3.94527638183462e-5
-10.178760197630929	-3.963939919128366e-5
-10.163052234362981	-3.9827219839084704e-5
-10.147344271095031	-4.001623523677998e-5
-10.131636307827083	-4.0206454950938726e-5
-10.115928344559133	-4.039788864071029e-5
-10.100220381291185	-4.059054605887481e-5
-10.084512418023236	-4.078443705291186e-5
-10.068804454755288	-4.097957156607976e-5
-10.053096491487338	-4.1175959638511394e-5
-10.037388528219388	-4.137361140832232e-5
-10.02168056495144	-4.1572537112735725e-5
-10.00597260168349	-4.1772747089220456e-5
-9.990264638415542	-4.197425177664519e-5
-9.974556675147593	-4.217706171644778e-5
-9.958848711879645	-4.238118755381887e-5
-9.943140748611695	-4.25866400389036e-5
-9.927432785343747	-4.2793430028017015e-5
-9.911724822075797	-4.300156848487664e-5
-9.896016858807847	-4.321106648185195e-5
-9.8803088955399	-4.342193520123029e-5
-9.86460093227195	-4.363418593649937e-5
-9.848892969004002	-4.384783009364759e-5
-9.833185005736052	-4.406287919248068e-5
-9.817477042468104	-4.42793448679585e-5
-9.801769079200154	-4.449723887154763e-5
-9.786061115932206	-4.4716573072592314e-5
-9.770353152664256	-4.493735945970604e-5
-9.754645189396308	-4.515961014218066e-5
-9.738937226128359	-4.538333735141335e-5
-9.723229262860409	-4.560855344235523e-5
-9.707521299592461	-4.5835270894980795e-5
-9.691813336324511	-4.6063502315771846e-5
-9.676105373056563	-4.6293260439228945e-5
-9.660397409788613	-4.6524558129399214e-5
-9.644689446520665	-4.675740838142489e-5
-9.628981483252716	-4.699182432311652e-5
-9.613273519984768	-4.722781921654479e-5
-9.597565556716818	-4.746540645965437e-5
-9.58185759344887	-4.770459958790525e-5
-9.56614963018092	-4.794541227592756e-5
-9.55044166691297	-4.818785833920822e-5
-9.534733703645022	-4.843195173579635e-5
-9.519025740377073	-4.867770656803567e-5
-9.503317777109125	-4.89251370843149e-5
-9.487609813841175	-4.917425768085183e-5
-9.471901850573227	-4.942508290349369e-5
-9.456193887305277	-4.9677627449549524e-5
-9.44048592403733	-4.993190616964479e-5
-9.42477796076938	-5.0187934069601985e-5
-9.40906999750143	-5.0445726312350137e-5
-9.393362034233482	-5.0705298219859726e-5
-9.377654070965532	-5.096666527510435e-5
-9.361946107697584	-5.122984312405349e-5
-9.346238144429634	-5.149484757769038e-5
-9.330530181161686	-5.176169461405955e-5
-9.314822217893736	-5.203040038034527e-5
-9.299114254625788	-5.2300981194976306e-5
-9.283406291357839	-5.2573453549766543e-5
-9.267698328089889	-5.284783411208046e-5
-9.25199036482194	-5.31241397270316e-5
-9.236282401553991	-5.340238741971726e-5
-9.220574438286043	-5.368259439747889e-5
-9.204866475018093	-5.396477805219783e-5
-9.189158511750145	-5.424895596262701e-5
-9.173450548482196	-5.453514589675419e-5
-9.157742585214248	-5.482336581419709e-5
-9.142034621946298	-5.51136338686393e-5
-9.12632665867835	-5.540596841029838e-5
-9.1106186954104	-5.570038798842989e-5
-9.09491073214245	-5.599691135386814e-5
-9.079202768874502	-5.6295557461607856e-5
-9.063494805606553	-5.659634547341934e-5
-9.047786842338605	-5.68992947605038e-5
-9.032078879070655	-5.720442490619203e-5
-9.016370915802707	-5.75117557086744e-5
-9.000662952534757	-5.7821307183781004e-5
-8.984954989266809	-5.8133099567796906e-5
-8.96924702599886	-5.844715332032229e-5
-8.953539062730911	-5.876348912717465e-5
-8.937831099462962	-5.908212790333324e-5
-8.922123136195012	-5.94030907959303e-5
-8.906415172927064	-5.972639918728606e-5
-8.890707209659114	-6.005207469798871e-5
-8.874999246391166	-6.038013919002089e-5
-8.859291283123216	-6.071061476993748e-5
-8.843583319855268	-6.104352379208493e-5
-8.827875356587318	-6.137888886187582e-5
-8.81216739331937	-6.17167328391082e-5
-8.79645943005142	-6.205707884134164e-5
-8.780751466783471	-6.239995024731589e-5
-8.765043503515523	-6.274537070043356e-5
-8.749335540247573	-6.309336411228587e-5
-8.733627576979625	-6.344395466623892e-5
-8.717919613711675	-6.37971668210723e-5
-8.702211650443727	-6.415302531467639e-5
-8.686503687175778	-6.45115551678055e-5
-8.67079572390783	-6.48727816878873e-5
-8.65508776063988	-6.52367304728962e-5
-8.63937979737193	-6.560342741528429e-5
-8.623671834103982	-6.597289870597089e-5
-8.607963870836032	-6.634517083840384e-5
-8.592255907568084	-6.672027061267079e-5
-8.576547944300135	-6.709822513968858e-5
-8.560839981032187	-6.747906184544997e-5
-8.545132017764237	-6.786280847534186e-5
-8.529424054496289	-6.824949309852745e-5
-8.51371609122834	-6.863914411240363e-5
-8.498008127960391	-6.903179024712552e-5
-8.482300164692441	-6.942746057020314e-5
-8.466592201424492	-6.982618449117034e-5
-8.450884238156544	-7.02279917663346e-5
-8.435176274888594	-7.063291250359544e-5
-8.419468311620646	-7.104097716734384e-5
-8.403760348352696	-7.145221658344018e-5
-8.388052385084748	-7.186666194427322e-5
-8.372344421816798	-7.228434481389831e-5
-8.35663645854885	-7.270529713326321e-5
-8.3409284952809	-7.312955122551353e-5
-8.325220532012953	-7.35571398013891e-5
-8.309512568745003	-7.398809596470614e-5
-8.293804605477053	-7.442245321792867e-5
-8.278096642209105	-7.486024546783368e-5
-8.262388678941155	-7.530150703126534e-5
-8.246680715673207	-7.574627264098833e-5
-8.230972752405258	-7.619457745163502e-5
-8.21526478913731	-7.664645704575108e-5
-8.19955682586936	-7.710194743994339e-5
-8.183848862601412	-7.756108509112638e-5
-8.168140899333462	-7.802390690287648e-5
-8.152432936065512	-7.849045023188899e-5
-8.136724972797564	-7.8960752894547e-5
-8.121017009529615	-7.943485317359496e-5
-8.105309046261667	-7.991278982492881e-5
-8.089601082993717	-8.039460208450042e-5
-8.073893119725769	-8.088032967533514e-5
-8.058185156457819	-8.137001281467101e-5
-8.042477193189871	-8.186369222121755e-5
-8.026769229921921	-8.236140912254051e-5
-8.011061266653972	-8.286320526256652e-5
-7.995353303386024	-8.336912290922558e-5
-7.979645340118075	-8.387920486221155e-5
-7.963937376850126	-8.43934944608883e-5
-7.948229413582177	-8.491203559232431e-5
-7.932521450314228	-8.543487269946797e-5
-7.916813487046278	-8.596205078946336e-5
-7.901105523778329	-8.649361544211098e-5
-7.8853975605103805	-8.70296128184753e-5
-7.869689597242432	-8.757008966964103e-5
-7.853981633974483	-8.811509334562364e-5
-7.838273670706534	-8.866467180443514e-5
-7.822565707438585	-8.921887362130614e-5
-7.806857744170636	-8.977774799807674e-5
-7.791149780902687	-9.0341344772744e-5
-7.7754418176347375	-9.090971442918518e-5
-7.759733854366789	-9.148290810704711e-5
-7.74402589109884	-9.206097761181982e-5
-7.728317927830891	-9.264397542507773e-5
-7.712609964562942	-9.323195471491177e-5
-7.696902001294993	-9.382496934654842e-5
-7.681194038027044	-9.442307389314967e-5
-7.665486074759095	-9.502632364682009e-5
-7.6497781114911465	-9.563477462980056e-5
-7.634070148223198	-9.624848360587354e-5
-7.618362184955249	-9.686750809196494e-5
-7.602654221687299	-9.749190636996742e-5
-7.58694625841935	-9.812173749876679e-5
-7.571238295151401	-9.875706132650071e-5
-7.555530331883452	-9.93979385030302e-5
-7.5398223686155035	-0.00010004443049264468
-7.524114405347555	-0.00010069659958700269
-7.508406442079606	-0.0001013545089183043
-7.492698478811657	-0.00010201822247271604
-7.476990515543708	-0.00010268780510403444
-7.461282552275758	-0.00010336332254761159
-7.445574589007809	-0.00010404484143453202
-7.4298666257398605	-0.00010473242930606613
-7.414158662471912	-0.00010542615462837757
-7.398450699203963	-0.0001061260868075218
-7.382742735936014	-0.00010683229620471593
-7.367034772668065	-0.00010754485415190562
-7.351326809400116	-0.00010826383296761772
-7.335618846132167	-0.00010898930597311643
-7.319910882864218	-0.00010972134750887477
-7.304202919596269	-0.00011046003295134351
-7.28849495632832	-0.00011120543873005689
-7.272786993060371	-0.00011195764234505369
-7.257079029792422	-0.00011271672238464423
-7.241371066524473	-0.00011348275854350815
-7.225663103256524	-0.00011425583164115257
-7.209955139988575	-0.00011503602364071699
-7.194247176720626	-0.0001158234176681565
-7.1785392134526775	-0.0001166180980317872
-7.162831250184729	-0.00011742015024221714
-7.147123286916779	-0.0001182296610326686
-7.13141532364883	-0.00011904671837970452
-7.115707360380881	-0.00011987141152434832
-7.099999397112932	-0.00012070383099363804
-7.084291433844983	-0.000121544068622598
-7.0685834705770345	-0.0001223922175766444
-7.052875507309086	-0.00012324837237444802
-7.037167544041137	-0.00012411262891124126
-7.021459580773188	-0.00012498508448260246
-7.005751617505239	-0.0001258658378087104
-6.99004365423729	-0.00012675498905909192
-6.97433569096934	-0.0001276526398778678
-6.9586277277013915	-0.0001285588934095091
-6.942919764433443	-0.00012947385432512425
-6.927211801165494	-0.0001303976288492682
-6.911503837897545	-0.00013133032478731413
-6.895795874629596	-0.00013227205155337673
-6.880087911361647	-0.0001332229201988136
-6.864379948093698	-0.00013418304344131493
-6.848671984825749	-0.00013515253569459072
-6.8329640215578	-0.0001361315130986819
-6.817256058289851	-0.0001371200935508911
-6.801548095021902	-0.00013811839673737164
-6.785840131753953	-0.00013912654416536627
-6.770132168486004	-0.00014014465919613185
-6.754424205218055	-0.00014117286707855136
-6.738716241950106	-0.00014221129498345997
-6.7230082786821574	-0.00014326007203869568
-6.707300315414209	-0.00014431932936489968
-6.69159235214626	-0.00014538920011207226
-6.675884388878311	-0.0001464698194969205
-6.660176425610361	-0.00014756132484099866
-6.644468462342412	-0.0001486638556096745
-6.628760499074463	-0.00014977755345193595
-6.613052535806514	-0.0001509025622410577
-6.5973445725385655	-0.0001520390281161599
-6.581636609270617	-0.00015318709952465788
-6.565928646002668	-0.0001543469272656545
-6.550220682734719	-0.00015551866453427903
-6.53451271946677	-0.00015670246696699737
-6.51880475619882	-0.00015789849268793275
-6.503096792930871	-0.00015910690235620582
-6.4873888296629225	-0.00016032785921432638
-6.471680866394974	-0.0001615615291376673
-6.455972903127025	-0.00016280808068504905
-6.440264939859076	-0.00016406768515044425
-6.424556976591127	-0.0001653405166158748
-6.408849013323178	-0.00016662675200547185
-6.393141050055229	-0.00016792657114078722
-6.37743308678728	-0.00016924015679734935
-6.3617251235193315	-0.00017056769476251596
-6.346017160251382	-0.0001719093738946517
-6.330309196983433	-0.00017326538618366515
-6.314601233715484	-0.00017463592681294445
-6.298893270447535	-0.0001760211942227202
-6.283185307179586	-0.00017742139017490888
-6.267477343911637	-0.0001788367198194641
-6.2517693806436885	-0.00018026739176228037
-6.23606141737574	-0.00018171361813468356
-6.220353454107791	-0.00018317561466457577
-6.204645490839841	-0.00018465360074924593
-6.188937527571892	-0.000186147799529915
-6.173229564303943	-0.00018765843796805616
-6.157521601035994	-0.0001891857469235431
-6.1418136377680455	-0.00019072996123466388
-6.126105674500097	-0.00019229131980006727
-6.110397711232148	-0.00019387006566269383
-6.094689747964199	-0.00019546644609573234
-6.07898178469625	-0.00019708071269068
-6.063273821428301	-0.0001987131214475487
-6.047565858160352	-0.00020036393286728112
-6.031857894892402	-0.00020203341204645773
-6.0161499316244536	-0.0002037218287743265
-6.000441968356505	-0.0002054294576322503
-5.984734005088556	-0.000207156578095639
-5.969026041820607	-0.0002089034746384097
-5.953318078552658	-0.00021067043684009222
-5.937610115284709	-0.00021245775949562532
-5.92190215201676	-0.00021426574272792823
-5.906194188748811	-0.00021609469210333938
-5.890486225480862	-0.00021794491874999855
-5.874778262212913	-0.0002198167394792602
-5.859070298944964	-0.00022171047691022547
-5.843362335677015	-0.00022362645959750303
-5.827654372409066	-0.00022556502216227215
-5.811946409141117	-0.00022752650542676197
-5.796238445873168	-0.00022951125655225118
-5.7805304826052195	-0.0002315196291806864
-5.764822519337271	-0.00023355198358004372
-5.749114556069322	-0.00023560868679352634
-5.733406592801373	-0.00023769011279275082
-5.717698629533423	-0.00023979664263500832
-5.701990666265474	-0.00024192866462475812
-5.686282702997525	-0.0002440865744794665
-5.6705747397295765	-0.0002462707754999374
-5.654866776461628	-0.00024848167874528464
-5.639158813193679	-0.00025071970321266713
-5.62345084992573	-0.00025298527602196674
-5.607742886657781	-0.0002552788326055609
-5.592034923389832	-0.00025760081690334334
-5.576326960121882	-0.00025995168156317826
-5.5606189968539335	-0.0002623318881469517
-5.544911033585985	-0.00026474190734242134
-5.529203070318036	-0.0002671822191810304
-5.513495107050087	-0.0002696533132619248
-5.497787143782138	-0.000272155688982323
-5.482079180514189	-0.0002746898557745127
-5.46637121724624	-0.00027725633334964815
-5.450663253978291	-0.00027985565194861805
-5.4349552907103424	-0.00028248835260019243
-5.419247327442394	-0.0002851549873867308
-5.403539364174444	-0.00028785611971767107
-5.387831400906495	-0.0002905923246111334
-5.372123437638546	-0.0002933641889838375
-5.356415474370597	-0.0002961723119497159
-5.340707511102648	-0.00029901730512745905
-5.324999547834699	-0.00030189979295735706
-5.3092915845667505	-0.00030482041302774403
-5.293583621298802	-0.000307779816411409
-5.277875658030853	-0.00031077866801232346
-5.262167694762903	-0.00031381764692308523
-5.246459731494954	-0.00031689744679343137
-5.230751768227005	-0.0003200187762102738
-5.215043804959056	-0.0003231823590896808
-5.1993358416911075	-0.00032638893508122956
-5.183627878423159	-0.00032963925998521766
-5.16791991515521	-0.0003329341061832359
-5.152211951887261	-0.0003362742630825979
-5.136503988619312	-0.00033966053757517105
-5.120796025351363	-0.00034309375451117575
-5.105088062083414	-0.00034657475718855523
-5.0893800988154645	-0.0003501044078585027
-5.073672135547516	-0.0003536835882478482
-5.057964172279567	-0.00035731320009892907
-5.042256209011618	-0.0003609941657277223
-5.026548245743669	-0.0003647274286009339
-5.01084028247572	-0.00036851395393289524
-4.995132319207771	-0.00037235472930306144
-4.979424355939822	-0.0003762507652950011
-4.9637163926718735	-0.0003802030961578297
-4.948008429403924	-0.00038421278049103117
-4.932300466135975	-0.0003882809019537167
-4.916592502868026	-0.000392408569999445
-4.900884539600077	-0.0003965969206376954
-4.885176576332128	-0.00040084711722330053
-4.869468613064179	-0.0004051603512750821
-4.8537606497962305	-0.0004095378433251049
-4.838052686528282	-0.00041398084380002496
-4.822344723260333	-0.00041849063393609994
-4.806636759992384	-0.0004230685267295217
-4.790928796724435	-0.00042771586792392745
-4.775220833456485	-0.00043243403703696983
-4.759512870188536	-0.0004372244484280192
-4.743804906920587	-0.00044208855240930947
-4.7280969436526386	-0.00044702783640285015
-4.71238898038469	-0.00045204382614584635
-4.696681017116741	-0.0004571380869473935
-4.680973053848792	-0.0004623122249996685
-4.665265090580843	-0.00046756788874699766
-4.649557127312894	-0.0004729067703166943
-4.633849164044944	-0.00047833060701583236
-4.6181412007769955	-0.00048384118289870485
-4.602433237509047	-0.0004894403304103683
-4.586725274241098	-0.0004951299321122287
-4.571017310973149	-0.000500911922496678
-4.5553093477052	-0.0005067882898987388
-4.539601384437251	-0.0005127610785140844
-4.523893421169302	-0.0005188323905343721
-4.508185457901353	-0.0005250043884131207
-4.4924774946334045	-0.0005312792972778663
-4.476769531365456	-0.0005376594075080719
-4.461061568097506	-0.0005441470775027416
-4.445353604829557	-0.0005507447366680378
-4.429645641561608	-0.0005574548886634269
-4.413937678293659	-0.0005642801149563036
-4.39822971502571	-0.0005712230787508928
-4.3825217517577615	-0.0005782865293792799
-4.366813788489813	-0.0005854733072740526
-4.351105825221864	-0.0005927863496874923
-4.335397861953915	-0.0006002286973892076
-4.319689898685965	-0.0006078035026736762
-4.303981935418016	-0.0006155140391602844
-4.288273972150067	-0.0006233637141011976
-4.2725660088821185	-0.0006313560842781137
-4.25685804561417	-0.0006394948771533966
-4.241150082346221	-0.0006477840198929689
-4.225442119078272	-0.0006562276804575972
-4.209734155810323	-0.0006648303276225953
-4.194026192542374	-0.0006735968213384835
-4.178318229274425	-0.00068253255266633
-4.162610266006476	-0.0006916436657854215
-4.146902302738527	-0.0007009374157984775
-4.131194339470578	-0.0007104227437413867
-4.115486376202629	-0.0007201111561625415
-4.09977841293468	-0.000730017827194365
-4.084070449666731	-0.0007401618450692504
-4.068362486398782	-0.0007505606096118565
-4.052654523130833	-0.0007612043957428118
-4.036946559862884	-0.0007720072949200348
-4.0212385965949355	-0.0007828377097566931
-4.005530633326986	-0.0007937040627355412
-3.9898226700590373	-0.0008047521186433607
-3.9741147067910885	-0.0008160800012009805
-3.958406743523139	-0.0008277105877238446
-3.9426987802551903	-0.0008396407027338882
-3.9269908169872414	-0.0008518662394186445
-3.9112828537192925	-0.0008643877854167208
-3.8955748904513436	-0.000877210611618126
-3.8798669271833943	-0.000890343943840214
-3.8641589639154454	-0.0009038006168588829
-3.8484510006474966	-0.0009175972707221606
-3.8327430373795477	-0.0009317551384233958
-3.817035074111599	-0.0009463015708107554
-3.8013271108436495	-0.0009612726266830191
-3.7856191475757006	-0.0009767173409902373
-3.7699111843077517	-0.0009927047312407512
-3.754203221039803	-0.0010093352347304884
-3.738495257771854	-0.0010267587494941044
-3.7227872945039047	-0.0010451996207734605
-3.707079331235956	-0.0010649749705154193
-3.691371367968007	-0.0010864313764655964
-3.675663404700058	-0.0011095458057830026
-3.659955441432109	-0.0011328641448043737
-3.64424747816416	-0.0011531364264394592
-3.628539514896211	-0.0011689388852298666
-3.612831551628262	-0.0011830112973354276
-3.597123588360313	-0.0011981824715993497
-3.5814156250923643	-0.0012152954822312557
-3.565707661824415	-0.0012342176253947253
-3.549999698556466	-0.0012546641977752623
-3.5342917352885173	-0.0012764329662763813
-3.5185837720205684	-0.0012994253462972208
-3.5028758087526195	-0.0013236280448230464
-3.48716784548467	-0.001349099297668833
-3.4714598822167213	-0.0013759672746923536
-3.4557519189487724	-0.0014044420302235044
-3.4400439556808236	-0.0014348438433291408
-3.4243359924128747	-0.001467654248299818
-3.4086280291449254	-0.0015035990141319911
-3.3929200658769765	-0.0015437660623503718
-3.3772121026090276	-0.0015897074922993626
-3.3615041393410787	-0.0016432457615670622
-3.34579617607313	-0.0017051426363071825
-3.3300882128051805	-0.0017722335898032189
-3.3143802495372316	-0.0018387676477273482
-3.2986722862692828	-0.0019058255547094048
-3.282964323001334	-0.001974715987543998
-3.267256359733385	-0.002027178499965007
-3.2515483964654357	-0.0020424818738815657
-3.235840433197487	-0.0020339171071608562
-3.220132469929538	-0.0020283815861283257
-3.204424506661589	-0.002037442591265431
-3.18871654339364	-0.00206136979089459
-3.173008580125691	-0.002097921874575295
-3.157300616857742	-0.0021455014986331003
-3.141592653589793	-0.0022033275250883852
-3.1258846903218442	-0.0022700580891947776
-3.1101767270538954	-0.0023416843200927224
-3.094468763785946	-0.0024139650511911977
-3.078760800517997	-0.002490298688299287
-3.0630528372500483	-0.002579834532621238
-3.0473448739820994	-0.0026908371226277155
-3.0316369107141505	-0.002831517700226064
-3.015928947446201	-0.0030134533420542345
-3.0002209841782523	-0.003253686489804407
-2.9845130209103035	-0.0035723179674883023
-2.9688050576423546	-0.003973492530241296
-2.9530970943744057	-0.004392388317416031
-2.9373891311064564	-0.0046719527315203825
-2.9216811678385075	-0.004738713439510659
-2.9059732045705586	-0.004715995615650218
-2.8902652413026098	-0.004684549937946296
-2.874557278034661	-0.004593468103730989
-2.8588493147667116	-0.004443130975686141
-2.8431413514987627	-0.004318511310563749
-2.827433388230814	-0.004271990878100066
-2.811725424962865	-0.004309786288689707
-2.796017461694916	-0.004426520483997113
-2.7803094984269667	-0.004621711892922696
-2.764601535159018	-0.004900062952347562
-2.748893571891069	-0.005256130842071363
-2.73318560862312	-0.005639232903126117
-2.7174776453551712	-0.005957176188564396
-2.701769682087222	-0.006204629357278949
-2.686061718819273	-0.006504401086229631
-2.670353755551324	-0.006976098657276683
-2.6546457922833753	-0.00769308767756608
-2.6389378290154264	-0.008695814689805492
-2.623229865747477	-0.009959141968075206
-2.607521902479528	-0.011408962370211162
-2.5918139392115793	-0.013077935429450866
-2.5761059759436304	-0.01487990259342368
-2.5603980126756816	-0.016045892875643033
-2.5446900494077322	-0.015750277599404013
-2.5289820861397834	-0.014468684354486916
-2.5132741228718345	-0.013193588735781815
-2.4975661596038856	-0.012273620593863766
-2.4818581963359367	-0.011689157269538505
-2.4661502330679874	-0.011475627548333617
-2.4504422698000385	-0.011690602827057856
-2.4347343065320897	-0.012348673959284748
-2.419026343264141	-0.013394839753116436
-2.403318379996192	-0.014623697023574784
-2.3876104167282426	-0.01579683520524111
-2.3719024534602937	-0.01700618230590745
-2.356194490192345	-0.018404534517751005
-2.340486526924396	-0.019685858436904635
-2.324778563656447	-0.020616779616973405
-2.3090706003884978	-0.02175577666525352
-2.293362637120549	-0.023901167043141013
-2.2776546738526	-0.02756849170986578
-2.261946710584651	-0.03287431844846736
-2.2462387473167023	-0.038929253216830516
-2.230530784048753	-0.04340338556341967
-2.214822820780804	-0.04497602120299605
-2.199114857512855	-0.04527017551414995
-2.1834068942449063	-0.045096138761054234
-2.1676989309769574	-0.04297846158778202
-2.151990967709008	-0.038958293119245015
-2.1362830044410592	-0.035176161381265114
-2.1205750411731104	-0.033034054257190304
-2.1048670779051615	-0.03282393522609582
-2.0891591146372126	-0.034563318429650484
-2.0734511513692633	-0.038410524325026264
-2.0577431881013144	-0.044640701867464466
-2.0420352248333655	-0.053054270170552004
-2.0263272615654166	-0.06156252408001371
-2.0106192982974678	-0.06616506713425126
-1.9949113350295187	-0.06592851404119843
-1.9792033717615696	-0.06458928515136342
-1.9634954084936207	-0.06469135457105556
-1.9477874452256718	-0.06630076515537048
-1.9320794819577227	-0.07002095147263279
-1.9163715186897738	-0.07693275585812943
-1.9006635554218247	-0.08720089261033266
-1.8849555921538759	-0.10106346323481534
-1.869247628885927	-0.11739191893248918
-1.853539665617978	-0.12882239458226116
-1.837831702350029	-0.12678497849645992
-1.82212373908208	-0.11486047389817411
-1.806415775814131	-0.10249035649964443
-1.7907078125461822	-0.09324084522997413
-1.774999849278233	-0.08738955072101409
-1.7592918860102842	-0.08591888688523337
-1.743583922742335	-0.08989983927013344
-1.7278759594743862	-0.09995270198760908
-1.7121679962064373	-0.1159085271072452
-1.6964600329384882	-0.1354533204021955
-1.6807520696705394	-0.1552014585346605
-1.6650441064025903	-0.17579393041406693
-1.6493361431346414	-0.19712049876606183
-1.6336281798666925	-0.2082153515087428
-1.6179202165987434	-0.19976753548213974
-1.6022122533307945	-0.18195435676838012
-1.5865042900628454	-0.16955434013075854
-1.5707963267948966	-0.16822356426904048
-1.5550883635269477	-0.17809418515127537
-1.5393804002589986	-0.1953822943071896
-1.5236724369910497	-0.21007428088727165
-1.5079644737231006	-0.21502709097183367
-1.4922565104551517	-0.21586728205566028
-1.4765485471872029	-0.21645408548663037
-1.4608405839192538	-0.2114800545373235
-1.4451326206513049	-0.20146730281845832
-1.4294246573833558	-0.1942824996307636
-1.413716694115407	-0.19320088540838196
-1.398008730847458	-0.1988859302078672
-1.382300767579509	-0.21549441833379915
-1.36659280431156	-0.24876247695581127
-1.350884841043611	-0.3034006839967365
-1.335176877775662	-0.3788483909851272
-1.3194689145077132	-0.4564759812308757
-1.303760951239764	-0.4958880776747038
-1.2880529879718152	-0.4810744714264358
-1.2723450247038661	-0.4445135349979457
-1.2566370614359172	-0.4090318466958558
-1.2409290981679684	-0.37009684486662375
-1.2252211349000193	-0.33045072029418654
-1.2095131716320704	-0.302543450713406
-1.1938052083641213	-0.29096912998060753
-1.1780972450961724	-0.2954287786402987
-1.1623892818282235	-0.3150077928672212
-1.1466813185602744	-0.342025326899285
-1.1309733552923256	-0.36579719853786197
-1.1152653920243765	-0.38731359312229263
-1.0995574287564276	-0.4063060066276709
-1.0838494654884787	-0.4071225787009903
-1.0681415022205296	-0.38815657254579006
-1.0524335389525807	-0.37134517709066395
-1.0367255756846316	-0.37203150235045973
-1.0210176124166828	-0.3935605702888256
-1.0053096491487339	-0.4376486756115991
-0.9896016858807848	-0.5002448278092883
-0.9738937226128359	-0.5701406732892992
-0.9581857593448869	-0.647639770976851
-0.9424777960769379	-0.7306354797722584
-0.926769832808989	-0.7722814212189061
-0.91106186954104	-0.7250884226202519
-0.8953539062730911	-0.6235580094532562
-0.8796459430051421	-0.5284724234268052
-0.8639379797371931	-0.4613375659887224
-0.8482300164692441	-0.4226007927556968
-0.8325220532012951	-0.4116205483135554
-0.8168140899333463	-0.4250992992360944
-0.8011061266653973	-0.45962895190592806
-0.7853981633974483	-0.5133818611557716
-0.7696902001294993	-0.5706196183296085
-0.7539822368615503	-0.6054924869096596
-0.7382742735936014	-0.621274616554567
-0.7225663103256524	-0.6341610271239813
-0.7068583470577035	-0.6257440931545181
-0.6911503837897545	-0.5785297478660111
-0.6754424205218055	-0.5215734006730952
-0.6597344572538566	-0.49031158554264104
-0.6440264939859076	-0.4976826659929493
-0.6283185307179586	-0.5422534116336206
-0.6126105674500096	-0.6054365309316457
-0.5969026041820606	-0.6457762120047693
-0.5811946409141118	-0.6412729443544378
-0.5654866776461628	-0.618510911385331
-0.5497787143782138	-0.5914551542806147
-0.5340707511102648	-0.5422731493383822
-0.5183627878423158	-0.4749629052112534
-0.5026548245743669	-0.41643193143117674
-0.48694686130641796	-0.3799038545669986
-0.47123889803846897	-0.3670782627868731
-0.45553093477052	-0.38045879824028206
-0.43982297150257105	-0.4229691779060846
-0.42411500823462206	-0.49646853510559924
-0.4084070449666731	-0.5975223283164031
-0.39269908169872414	-0.6949520602352541
-0.37699111843077515	-0.7254085518829246
-0.3612831551628262	-0.6712920499776118
-0.34557519189487723	-0.587230928422891
-0.3298672286269283	-0.5087454516390175
-0.3141592653589793	-0.4327806470636827
-0.2984513020910303	-0.3630202645947252
-0.2827433388230814	-0.31233339770863844
-0.2670353755551324	-0.28543398348708793
-0.25132741228718347	-0.2805749274389382
-0.23561944901923448	-0.29067204010203385
-0.21991148575128552	-0.29781981737690216
-0.20420352248333656	-0.2846185896999083
-0.18849555921538758	-0.2569604241518674
-0.17278759594743862	-0.2273793125118417
-0.15707963267948966	-0.1948293040254071
-0.1413716694115407	-0.15871214327284386
-0.12566370614359174	-0.1256417588618861
-0.10995574287564276	-0.09915550324428132
-0.09424777960769379	-0.07836868483891787
-0.07853981633974483	-0.061942486392260604
-0.06283185307179587	-0.0484383847120941
-0.047123889803846894	-0.0359312472304388
-0.031415926535897934	-0.023530189988015305
-0.015707963267948967	-0.01153630830612698
0.0	-7.298698210308343e-18
0.015707963267948967	0.011536308306127044
0.031415926535897934	0.023530189988015225
0.047123889803846894	0.035931247230438765
0.06283185307179587	0.04843838471209426
0.07853981633974483	0.061942486392260465
0.09424777960769379	0.078368684838918
0.10995574287564276	0.09915550324428071
0.12566370614359174	0.12564175886188547
0.1413716694115407	0.15871214327284414
0.15707963267948966	0.19482930402540843
0.17278759594743862	0.22737931251184165
0.18849555921538758	0.25696042415186787
0.20420352248333656	0.2846185896999088
0.21991148575128552	0.29781981737690233
0.23561944901923448	0.2906720401020339
0.25132741228718347	0.280574927438938
0.2670353755551324	0.28543398348708765
0.2827433388230814	0.31233339770863744
0.2984513020910303	0.3630202645947255
0.3141592653589793	0.4327806470636864
0.3298672286269283	0.5087454516390183
0.34557519189487723	0.58723092842289
0.3612831551628262	0.6712920499776126
0.37699111843077515	0.7254085518829273
0.39269908169872414	0.6949520602352544
0.4084070449666731	0.5975223283164028
0.42411500823462206	0.49646853510560157
0.43982297150257105	0.42296917790608896
0.45553093477052	0.38045879824028644
0.47123889803846897	0.367078262786873
0.48694686130641796	0.37990385456699827
0.5026548245743669	0.41643193143117835
0.5183627878423158	0.4749629052112512
0.5340707511102648	0.5422731493383831
0.5497787143782138	0.5914551542806157
0.5654866776461628	0.6185109113853308
0.5811946409141118	0.6412729443544377
0.5969026041820606	0.6457762120047719
0.6126105674500096	0.6054365309316466
0.6283185307179586	0.5422534116336208
0.6440264939859076	0.4976826659929517
0.6597344572538566	0.49031158554264154
0.6754424205218055	0.5215734006730962
0.6911503837897545	0.5785297478660114
0.7068583470577035	0.6257440931545192
0.7225663103256524	0.6341610271239813
0.7382742735936014	0.6212746165545676
0.7539822368615503	0.6054924869096595
0.7696902001294993	0.5706196183296077
0.7853981633974483	0.5133818611557724
0.8011061266653973	0.4596289519059273
0.8168140899333463	0.4250992992360955
0.8325220532012951	0.41162054831355616
0.8482300164692441	0.4226007927556944
0.8639379797371931	0.46133756598872316
0.8796459430051421	0.5284724234268047
0.8953539062730911	0.6235580094532568
0.91106186954104	0.7250884226202535
0.926769832808989	0.772281421218902
0.9424777960769379	0.730635479772253
0.9581857593448869	0.6476397709768531
0.9738937226128359	0.5701406732893032
0.9896016858807848	0.5002448278092888
1.0053096491487339	0.4376486756116019
1.0210176124166828	0.3935605702888245
1.0367255756846316	0.3720315023504639
1.0524335389525807	0.3713451770906616
1.0681415022205296	0.38815657254579194
1.0838494654884787	0.4071225787009937
1.0995574287564276	0.40630600662767263
1.1152653920243765	0.38731359312229335
1.1309733552923256	0.36579719853786113
1.1466813185602744	0.3420253268992848
1.1623892818282235	0.31500779286722114
1.1780972450961724	0.29542877864029876
1.1938052083641213	0.2909691299806082
1.2095131716320704	0.302543450713406
1.2252211349000193	0.33045072029418704
1.2409290981679684	0.3700968448666269
1.2566370614359172	0.4090318466958545
1.2723450247038661	0.4445135349979485
1.2880529879718152	0.48107447142643456
1.303760951239764	0.49588807767470305
1.3194689145077132	0.45647598123087607
1.335176877775662	0.3788483909851308
1.350884841043611	0.30340068399673703
1.36659280431156	0.24876247695581244
1.382300767579509	0.2154944183337993
1.398008730847458	0.198885930207867
1.413716694115407	0.19320088540838223
1.4294246573833558	0.19428249963076602
1.4451326206513049	0.20146730281845918
1.4608405839192538	0.2114800545373231
1.4765485471872029	0.21645408548663003
1.4922565104551517	0.21586728205565986
1.5079644737231006	0.21502709097183226
1.5236724369910497	0.21007428088727237
1.5393804002589986	0.19538229430718912
1.5550883635269477	0.178094185151276
1.5707963267948966	0.16822356426904092
1.5865042900628454	0.1695543401307587
1.6022122533307945	0.18195435676837848
1.6179202165987434	0.1997675354821392
1.6336281798666925	0.2082153515087441
1.6493361431346414	0.1971204987660613
1.6650441064025903	0.17579393041406696
1.6807520696705394	0.155201458534661
1.6964600329384882	0.13545332040219538
1.7121679962064373	0.11590852710724547
1.7278759594743862	0.09995270198760928
1.743583922742335	0.08989983927013374
1.7592918860102842	0.08591888688523346
1.774999849278233	0.08738955072101431
1.7907078125461822	0.0932408452299741
1.806415775814131	0.1024903564996438
1.82212373908208	0.11486047389817433
1.837831702350029	0.1267849784964604
1.853539665617978	0.12882239458226175
1.869247628885927	0.11739191893248903
1.8849555921538759	0.10106346323481584
1.9006635554218247	0.08720089261033266
1.9163715186897738	0.07693275585812952
1.9320794819577227	0.07002095147263328
1.9477874452256718	0.06630076515537037
1.9634954084936207	0.06469135457105538
1.9792033717615696	0.06458928515136324
1.9949113350295187	0.0659285140411987
2.0106192982974678	0.06616506713425117
2.0263272615654166	0.06156252408001405
2.0420352248333655	0.053054270170551886
2.0577431881013144	0.04464070186746468
2.0734511513692633	0.038410524325026174
2.0891591146372126	0.03456331842965061
2.1048670779051615	0.03282393522609583
2.1205750411731104	0.033034054257190124
2.1362830044410592	0.035176161381265336
2.151990967709008	0.03895829311924497
2.1676989309769574	0.04297846158778192
2.1834068942449063	0.04509613876105409
2.199114857512855	0.04527017551414986
2.214822820780804	0.044976021202995806
2.230530784048753	0.04340338556341986
2.2462387473167023	0.03892925321683045
2.261946710584651	0.03287431844846736
2.2776546738526	0.02756849170986577
2.293362637120549	0.023901167043141085
2.3090706003884978	0.02175577666525352
2.324778563656447	0.020616779616973478
2.340486526924396	0.019685858436904773
2.356194490192345	0.0184045345177511
2.3719024534602937	0.017006182305907464
2.3876104167282426	0.015796835205241066
2.403318379996192	0.01462369702357475
2.419026343264141	0.013394839753116379
2.4347343065320897	0.012348673959284675
2.4504422698000385	0.01169060282705785
2.4661502330679874	0.011475627548333688
2.4818581963359367	0.01168915726953854
2.4975661596038856	0.012273620593863771
2.5132741228718345	0.013193588735781763
2.5289820861397834	0.014468684354486951
2.5446900494077322	0.01575027759940388
2.5603980126756816	0.01604589287564297
2.5761059759436304	0.014879902593423606
2.5918139392115793	0.013077935429450903
2.607521902479528	0.011408962370211127
2.623229865747477	0.009959141968075251
2.6389378290154264	0.008695814689805558
2.6546457922833753	0.007693087677566083
2.670353755551324	0.006976098657276694
2.686061718819273	0.006504401086229593
2.701769682087222	0.006204629357278872
2.7174776453551712	0.005957176188564406
2.73318560862312	0.005639232903126125
2.748893571891069	0.005256130842071377
2.764601535159018	0.004900062952347558
2.7803094984269667	0.004621711892922674
2.796017461694916	0.004426520483997104
2.811725424962865	0.004309786288689721
2.827433388230814	0.004271990878100071
2.8431413514987627	0.00431851131056377
2.8588493147667116	0.00444313097568615
2.874557278034661	0.004593468103730979
2.8902652413026098	0.004684549937946309
2.9059732045705586	0.004715995615650211
2.9216811678385075	0.004738713439510657
2.9373891311064564	0.004671952731520352
2.9530970943744057	0.004392388317416038
2.9688050576423546	0.0039734925302413
2.9845130209103035	0.0035723179674882954
3.0002209841782523	0.0032536864898043923
3.015928947446201	0.00301345334205422
3.0316369107141505	0.0028315177002260785
3.0473448739820994	0.0026908371226277276
3.0630528372500483	0.002579834532621245
3.078760800517997	0.0024902986882992815
3.094468763785946	0.0024139650511912063
3.1101767270538954	0.0023416843200927255
3.1258846903218442	0.0022700580891947845
3.141592653589793	0.0022033275250883874
3.157300616857742	0.0021455014986330985
3.173008580125691	0.0020979218745752985
3.18871654339364	0.0020613697908945915
3.204424506661589	0.002037442591265433
3.220132469929538	0.0020283815861283335
3.235840433197487	0.0020339171071608697
3.2515483964654357	0.0020424818738815735
3.267256359733385	0.002027178499965002
3.282964323001334	0.0019747159875440038
3.2986722862692828	0.0019058255547093935
3.3143802495372316	0.0018387676477273406
3.3300882128051805	0.0017722335898032189
3.34579617607313	0.001705142636307189
3.3615041393410787	0.0016432457615670568
3.3772121026090276	0.0015897074922993561
3.3929200658769765	0.0015437660623503716
3.4086280291449254	0.0015035990141319948
3.4243359924128747	0.0014676542482998402
3.4400439556808236	0.0014348438433291468
3.4557519189487724	0.0014044420302235132
3.4714598822167213	0.0013759672746923562
3.48716784548467	0.0013490992976688367
3.5028758087526195	0.001323628044823057
3.5185837720205684	0.0012994253462972288
3.5342917352885173	0.001276432966276373
3.549999698556466	0.0012546641977752722
3.565707661824415	0.0012342176253947212
3.5814156250923643	0.0012152954822312548
3.597123588360313	0.0011981824715993523
3.612831551628262	0.0011830112973354279
3.628539514896211	0.0011689388852298725
3.64424747816416	0.0011531364264394618
3.659955441432109	0.0011328641448043763
3.675663404700058	0.0011095458057830037
3.691371367968007	0.001086431376465593
3.707079331235956	0.001064974970515422
3.7227872945039047	0.0010451996207734631
3.738495257771854	0.001026758749494107
3.754203221039803	0.0010093352347304836
3.7699111843077517	0.0009927047312407557
3.7856191475757006	0.0009767173409902295
3.8013271108436495	0.0009612726266830235
3.817035074111599	0.0009463015708107569
3.8327430373795477	0.0009317551384233991
3.8484510006474966	0.0009175972707221591
3.8641589639154454	0.0009038006168588875
3.8798669271833943	0.0008903439438402135
3.8955748904513436	0.0008772106116181244
3.9112828537192925	0.0008643877854167166
3.9269908169872414	0.0008518662394186472
3.9426987802551903	0.0008396407027338964
3.958406743523139	0.0008277105877238472
3.9741147067910885	0.0008160800012009799
3.9898226700590373	0.0008047521186433567
4.005530633326986	0.0007937040627355387
4.0212385965949355	0.000782837709756693
4.036946559862884	0.0007720072949200375
4.052654523130833	0.0007612043957428132
4.068362486398782	0.000750560609611857
4.084070449666731	0.0007401618450692475
4.09977841293468	0.0007300178271943673
4.115486376202629	0.0007201111561625415
4.131194339470578	0.0007104227437413897
4.146902302738527	0.0007009374157984772
4.162610266006476	0.0006916436657854226
4.178318229274425	0.0006825325526663406
4.194026192542374	0.0006735968213384865
4.209734155810323	0.0006648303276225937
4.225442119078272	0.0006562276804575972
4.241150082346221	0.0006477840198929651
4.25685804561417	0.0006394948771533955
4.2725660088821185	0.0006313560842781134
4.288273972150067	0.0006233637141011912
4.303981935418016	0.000615514039160279
4.319689898685965	0.0006078035026736762
4.335397861953915	0.0006002286973892074
4.351105825221864	0.0005927863496874917
4.366813788489813	0.0005854733072740566
4.3825217517577615	0.0005782865293792766
4.39822971502571	0.0005712230787508919
4.413937678293659	0.0005642801149563033
4.429645641561608	0.0005574548886634257
4.445353604829557	0.0005507447366680349
4.461061568097506	0.0005441470775027409
4.476769531365456	0.0005376594075080742
4.4924774946334045	0.0005312792972778663
4.508185457901353	0.00052500438841312
4.523893421169302	0.000518832390534373
4.539601384437251	0.0005127610785140842
4.5553093477052	0.000506788289898739
4.571017310973149	0.0005009119224966774
4.586725274241098	0.0004951299321122271
4.602433237509047	0.0004894403304103685
4.6181412007769955	0.00048384118289870474
4.633849164044944	0.0004783306070158341
4.649557127312894	0.00047290677031669703
4.665265090580843	0.0004675678887469967
4.680973053848792	0.0004623122249996691
4.696681017116741	0.000457138086947393
4.71238898038469	0.0004520438261458484
4.7280969436526386	0.0004470278364028481
4.743804906920587	0.00044208855240930784
4.759512870188536	0.0004372244484280198
4.775220833456485	0.00043243403703696983
4.790928796724435	0.00042771586792392637
4.806636759992384	0.00042306852672952016
4.822344723260333	0.0004184906339360983
4.838052686528282	0.00041398084380002664
4.8537606497962305	0.0004095378433251016
4.869468613064179	0.00040516035127508227
4.885176576332128	0.0004008471172233013
4.900884539600077	0.00039659692063769914
4.916592502868026	0.0003924085699994443
4.932300466135975	0.00038828090195371784
4.948008429403924	0.0003842127804910299
4.9637163926718735	0.00038020309615782705
4.979424355939822	0.0003762507652950036
4.995132319207771	0.0003723547293030609
5.01084028247572	0.000368513953932893
5.026548245743669	0.00036472742860093
5.042256209011618	0.00036099416572772013
5.057964172279567	0.0003573132000989297
5.073672135547516	0.0003536835882478467
5.0893800988154645	0.00035010440785850316
5.105088062083414	0.0003465747571885524
5.120796025351363	0.0003430937545111768
5.136503988619312	0.0003396605375751704
5.152211951887261	0.0003362742630825994
5.16791991515521	0.00033293410618323615
5.183627878423159	0.00032963925998521956
5.1993358416911075	0.000326388935081232
5.215043804959056	0.00032318235908968256
5.230751768227005	0.0003200187762102748
5.246459731494954	0.0003168974467934296
5.262167694762903	0.00031381764692308604
5.277875658030853	0.0003107786680123248
5.293583621298802	0.0003077798164114068
5.3092915845667505	0.0003048204130277425
5.324999547834699	0.0003018997929573575
5.340707511102648	0.0002990173051274616
5.356415474370597	0.00029617231194971816
5.372123437638546	0.00029336418898383895
5.387831400906495	0.00029059232461113403
5.403539364174444	0.0002878561197176729
5.419247327442394	0.00028515498738673116
5.4349552907103424	0.00028248835260019466
5.450663253978291	0.00027985565194861854
5.46637121724624	0.00027725633334964756
5.482079180514189	0.00027468985577451375
5.497787143782138	0.000272155688982325
5.513495107050087	0.0002696533132619249
5.529203070318036	0.0002671822191810306
5.544911033585985	0.0002647419073424212
5.5606189968539335	0.000262331888146952
5.576326960121882	0.0002599516815631766
5.592034923389832	0.0002576008169033437
5.607742886657781	0.00025527883260556127
5.62345084992573	0.0002529852760219657
5.639158813193679	0.00025071970321266805
5.654866776461628	0.0002484816787452836
5.6705747397295765	0.00024627077549993937
5.686282702997525	0.0002440865744794658
5.701990666265474	0.00024192866462475758
5.717698629533423	0.00023979664263500757
5.733406592801373	0.00023769011279275106
5.749114556069322	0.00023560868679352653
5.764822519337271	0.00023355198358004348
5.7805304826052195	0.00023151962918068739
5.796238445873168	0.00022951125655225205
5.811946409141117	0.0002275265054267608
5.827654372409066	0.0002255650221622719
5.843362335677015	0.00022362645959750284
5.859070298944964	0.00022171047691022492
5.874778262212913	0.00021981673947926123
5.890486225480862	0.000217944918749999
5.906194188748811	0.0002160946921033385
5.92190215201676	0.00021426574272792774
5.937610115284709	0.00021245775949562418
5.953318078552658	0.00021067043684009235
5.969026041820607	0.00020890347463840993
5.984734005088556	0.00020715657809563859
6.000441968356505	0.00020542945763225135
6.0161499316244536	0.00020372182877432531
6.031857894892402	0.0002020334120464573
6.047565858160352	0.00020036393286727898
6.063273821428301	0.00019871312144754933
6.07898178469625	0.00019708071269068
6.094689747964199	0.000195466446095734
6.110397711232148	0.00019387006566269445
6.126105674500097	0.00019229131980006816
6.1418136377680455	0.0001907299612346643
6.157521601035994	0.00018918574692354303
6.173229564303943	0.00018765843796805673
6.188937527571892	0.00018614779952991496
6.204645490839841	0.000184653600749245
6.220353454107791	0.00018317561466457496
6.23606141737574	0.00018171361813468446
6.2517693806436885	0.00018026739176227988
6.267477343911637	0.00017883671981946424
6.283185307179586	0.00017742139017490848
6.298893270447535	0.00017602119422271864
6.314601233715484	0.00017463592681294293
6.330309196983433	0.00017326538618366502
6.346017160251382	0.0001719093738946519
6.3617251235193315	0.00017056769476251523
6.37743308678728	0.00016924015679734925
6.393141050055229	0.00016792657114078762
6.408849013323178	0.00016662675200547348
6.424556976591127	0.00016534051661587417
6.440264939859076	0.00016406768515044468
6.455972903127025	0.0001628080806850482
6.471680866394974	0.00016156152913766723
6.4873888296629225	0.00016032785921432635
6.503096792930871	0.00015910690235620718
6.51880475619882	0.00015789849268793278
6.53451271946677	0.00015670246696699764
6.550220682734719	0.00015551866453427691
6.565928646002668	0.00015434692726565695
6.581636609270617	0.00015318709952465788
6.5973445725385655	0.00015203902811615965
6.613052535806514	0.000150902562241057
6.628760499074463	0.0001497775534519349
6.644468462342412	0.0001486638556096727
6.660176425610361	0.00014756132484099895
6.675884388878311	0.00014646981949692058
6.69159235214626	0.0001453892001120731
6.707300315414209	0.00014431932936489965
6.7230082786821574	0.00014326007203869357
6.738716241950106	0.00014221129498345986
6.754424205218055	0.00014117286707855033
6.770132168486004	0.0001401446591961311
6.785840131753953	0.00013912654416536625
6.801548095021902	0.00013811839673737237
6.817256058289851	0.0001371200935508905
6.8329640215578	0.00013613151309868033
6.848671984825749	0.00013515253569459096
6.864379948093698	0.0001341830434413154
6.880087911361647	0.00013322292019881489
6.895795874629596	0.00013227205155337703
6.911503837897545	0.00013133032478731502
6.927211801165494	0.00013039762884926764
6.942919764433443	0.00012947385432512482
6.9586277277013915	0.00012855889340950954
6.97433569096934	0.0001276526398778674
6.99004365423729	0.00012675498905909198
7.005751617505239	0.0001258658378087104
7.021459580773188	0.00012498508448260297
7.037167544041137	0.00012411262891124216
7.052875507309086	0.00012324837237444834
7.0685834705770345	0.00012239221757664418
7.084291433844983	0.00012154406862259907
7.099999397112932	0.0001207038309936389
7.115707360380881	0.00011987141152434876
7.13141532364883	0.00011904671837970645
7.147123286916779	0.00011822966103266817
7.162831250184729	0.00011742015024221634
7.1785392134526775	0.00011661809803178686
7.194247176720626	0.0001158234176681575
7.209955139988575	0.00011503602364071779
7.225663103256524	0.00011425583164115221
7.241371066524473	0.00011348275854350834
7.257079029792422	0.00011271672238464484
7.272786993060371	0.00011195764234505413
7.28849495632832	0.00011120543873005679
7.304202919596269	0.00011046003295134361
7.319910882864218	0.00010972134750887621
7.335618846132167	0.00010898930597311601
7.351326809400116	0.00010826383296761848
7.367034772668065	0.00010754485415190601
7.382742735936014	0.00010683229620471583
7.398450699203963	0.00010612608680752155
7.414158662471912	0.00010542615462837791
7.4298666257398605	0.0001047324293060664
7.445574589007809	0.00010404484143453234
7.461282552275758	0.0001033633225476109
7.476990515543708	0.0001026878051040349
7.492698478811657	0.00010201822247271595
7.508406442079606	0.00010135450891830406
7.524114405347555	0.00010069659958700179
7.5398223686155035	0.00010004443049264501
7.555530331883452	9.939793850302945e-5
7.571238295151401	9.875706132650105e-5
7.58694625841935	9.81217374987661e-5
7.602654221687299	9.749190636996692e-5
7.618362184955249	9.686750809196534e-5
7.634070148223198	9.624848360587336e-5
7.6497781114911465	9.563477462980056e-5
7.665486074759095	9.502632364682033e-5
7.681194038027044	9.442307389314951e-5
7.696902001294993	9.38249693465487e-5
7.712609964562942	9.323195471491204e-5
7.728317927830891	9.264397542507792e-5
7.74402589109884	9.20609776118193e-5
7.759733854366789	9.148290810704756e-5
7.7754418176347375	9.090971442918501e-5
7.791149780902687	9.034134477274324e-5
7.806857744170636	8.977774799807768e-5
7.822565707438585	8.921887362130594e-5
7.838273670706534	8.866467180443484e-5
7.853981633974483	8.811509334562346e-5
7.869689597242432	8.757008966964034e-5
7.8853975605103805	8.702961281847424e-5
7.901105523778329	8.649361544211054e-5
7.916813487046278	8.596205078946396e-5
7.932521450314228	8.543487269946919e-5
7.948229413582177	8.491203559232466e-5
7.963937376850126	8.43934944608897e-5
7.979645340118075	8.387920486221237e-5
7.995353303386024	8.336912290922522e-5
8.011061266653972	8.286320526256677e-5
8.026769229921921	8.236140912253996e-5
8.042477193189871	8.186369222121745e-5
8.058185156457819	8.137001281467093e-5
8.073893119725769	8.088032967533549e-5
8.089601082993717	8.039460208450116e-5
8.105309046261667	7.991278982492855e-5
8.121017009529615	7.943485317359481e-5
8.136724972797564	7.896075289454626e-5
8.152432936065512	7.849045023188911e-5
8.168140899333462	7.802390690287671e-5
8.183848862601412	7.756108509112685e-5
8.19955682586936	7.71019474399445e-5
8.21526478913731	7.664645704575126e-5
8.230972752405258	7.619457745163516e-5
8.246680715673207	7.57462726409875e-5
8.262388678941155	7.530150703126573e-5
8.278096642209105	7.486024546783295e-5
8.293804605477053	7.442245321792897e-5
8.309512568745003	7.39880959647061e-5
8.325220532012953	7.355713980138939e-5
8.3409284952809	7.31295512255135e-5
8.35663645854885	7.270529713326292e-5
8.372344421816798	7.22843448138985e-5
8.388052385084748	7.186666194427301e-5
8.403760348352696	7.145221658343984e-5
8.419468311620646	7.104097716734347e-5
8.435176274888594	7.063291250359535e-5
8.450884238156544	7.022799176633462e-5
8.466592201424492	6.982618449117034e-5
8.482300164692441	6.942746057020303e-5
8.498008127960391	6.903179024712536e-5
8.51371609122834	6.86391441124041e-5
8.529424054496289	6.824949309852733e-5
8.545132017764237	6.786280847534165e-5
8.560839981032187	6.747906184545059e-5
8.576547944300135	6.709822513968878e-5
8.592255907568084	6.672027061267068e-5
8.607963870836032	6.634517083840365e-5
8.623671834103982	6.597289870597105e-5
8.63937979737193	6.560342741528372e-5
8.65508776063988	6.52367304728957e-5
8.67079572390783	6.48727816878871e-5
8.686503687175778	6.451155516780533e-5
8.702211650443727	6.41530253146772e-5
8.717919613711675	6.379716682107183e-5
8.733627576979625	6.344395466623872e-5
8.749335540247573	6.309336411228565e-5
8.765043503515523	6.274537070043374e-5
8.780751466783471	6.239995024731615e-5
8.79645943005142	6.205707884134124e-5
8.81216739331937	6.171673283910834e-5
8.827875356587318	6.137888886187667e-5
8.843583319855268	6.10435237920847e-5
8.859291283123216	6.071061476993745e-5
8.874999246391166	6.038013919002134e-5
8.890707209659114	6.0052074697989046e-5
8.906415172927064	5.972639918728585e-5
8.922123136195012	5.940309079592987e-5
8.937831099462962	5.9082127903333196e-5
8.953539062730911	5.876348912717488e-5
8.96924702599886	5.8447153320321924e-5
8.984954989266809	5.813309956779646e-5
9.000662952534757	5.782130718378059e-5
9.016370915802707	5.751175570867452e-5
9.032078879070655	5.7204424906192333e-5
9.047786842338605	5.6899294760503994e-5
9.063494805606553	5.6596345473419584e-5
9.079202768874502	5.629555746160813e-5
9.09491073214245	5.599691135386816e-5
9.1106186954104	5.5700387988429666e-5
9.12632665867835	5.540596841029854e-5
9.142034621946298	5.511363386863913e-5
9.157742585214248	5.482336581419719e-5
9.173450548482196	5.453514589675443e-5
9.189158511750145	5.4248955962627444e-5
9.204866475018093	5.396477805219823e-5
9.220574438286043	5.368259439747875e-5
9.236282401553991	5.340238741971808e-5
9.25199036482194	5.312413972703188e-5
9.267698328089889	5.284783411208054e-5
9.283406291357839	5.257345354976679e-5
9.299114254625788	5.230098119497672e-5
9.314822217893736	5.203040038034507e-5
9.330530181161686	5.17616946140592e-5
9.346238144429634	5.149484757769e-5
9.361946107697584	5.122984312405392e-5
9.377654070965532	5.096666527510442e-5
9.393362034233482	5.0705298219860004e-5
9.40906999750143	5.0445726312350584e-5
9.42477796076938	5.0187934069601945e-5
9.44048592403733	4.9931906169644984e-5
9.456193887305277	4.967762744954929e-5
9.471901850573227	4.9425082903494056e-5
9.487609813841175	4.917425768085193e-5
9.503317777109125	4.8925137084314904e-5
9.519025740377073	4.867770656803531e-5
9.534733703645022	4.8431951735796155e-5
9.55044166691297	4.818785833920783e-5
9.56614963018092	4.794541227592702e-5
9.58185759344887	4.770459958790483e-5
9.597565556716818	4.746540645965445e-5
9.613273519984768	4.722781921654505e-5
9.628981483252716	4.6991824323116356e-5
9.644689446520665	4.675740838142519e-5
9.660397409788613	4.652455812939913e-5
9.676105373056563	4.629326043922912e-5
9.691813336324511	4.606350231577212e-5
9.707521299592461	4.583527089498089e-5
9.723229262860409	4.5608553442355564e-5
9.738937226128359	4.5383337351413205e-5
9.754645189396308	4.515961014218031e-5
9.770353152664256	4.4937359459706094e-5
9.786061115932206	4.47165730725922e-5
9.801769079200154	4.449723887154736e-5
9.817477042468104	4.427934486795852e-5
9.833185005736052	4.406287919248064e-5
9.848892969004002	4.38478300936475e-5
9.86460093227195	4.363418593649939e-5
9.8803088955399	4.342193520123066e-5
9.896016858807847	4.321106648185168e-5
9.911724822075797	4.3001568484876534e-5
9.927432785343747	4.279343002801716e-5
9.943140748611695	4.258664003890387e-5
9.958848711879645	4.238118755381866e-5
9.974556675147593	4.217706171644763e-5
9.990264638415542	4.1974251776645026e-5
10.00597260168349	4.177274708921992e-5
10.02168056495144	4.157253711273544e-5
10.037388528219388	4.137361140832202e-5
10.053096491487338	4.1175959638511475e-5
10.068804454755288	4.097957156607957e-5
10.084512418023236	4.0784437052911814e-5
10.100220381291185	4.059054605887462e-5
10.115928344559133	4.039788864071019e-5
10.131636307827083	4.02064549509388e-5
10.147344271095031	4.001623523677999e-5
10.163052234362981	3.982721983908476e-5
10.178760197630929	3.963939919128327e-5
10.194468160898879	3.94527638183465e-5
10.210176124166829	3.926730433575647e-5
10.225884087434777	3.908301144849943e-5
10.241592050702726	3.889987595006178e-5
10.257300013970674	3.8717888721444115e-5
10.273007977238624	3.85370407301872e-5
10.288715940506572	3.8357323029411256e-5
10.304423903774522	3.817872675686486e-5
10.32013186704247	3.8001243133987475e-5
10.33583983031042	3.782486346498526e-5
10.351547793578368	3.7649579135916433e-5
10.367255756846317	3.747538161378751e-5
10.382963720114267	3.730226244566599e-5
10.398671683382215	3.7130213257798666e-5
10.414379646650165	3.6959225754740744e-5
10.430087609918113	3.6789291718505014e-5
10.445795573186063	3.662040300770617e-5
10.46150353645401	3.645255155673203e-5
10.47721149972196	3.628572937491458e-5
10.492919462989908	3.6119928545715745e-5
10.508627426257858	3.59551412259203e-5
10.524335389525806	3.579135964484266e-5
10.540043352793756	3.562857610354113e-5
10.555751316061706	3.546678297404096e-5
10.571459279329654	3.5305972698570176e-5
10.587167242597603	3.51461377888038e-5
10.602875205865551	3.4987270825113795e-5
10.618583169133501	3.4829364455833976e-5
10.634291132401449	3.467241139652951e-5
10.649999095669399	3.451640442927801e-5
10.665707058937347	3.436133640195853e-5
10.681415022205297	3.420720022754969e-5
10.697122985473246	3.405398888343362e-5
10.712830948741194	3.390169541071473e-5
10.728538912009144	3.3750312913539874e-5
10.744246875277092	3.3599834558429784e-5
10.759954838545042	3.345025357362001e-5
10.77566280181299	3.3301563248409236e-5
10.79137076508094	3.3153756932512084e-5
10.807078728348888	3.300682803542409e-5
10.822786691616837	3.2860770025792804e-5
10.838494654884787	3.271557643079488e-5
10.854202618152735	3.2571240835524616e-5
10.869910581420685	3.2427756882385454e-5
10.885618544688633	3.2285118270490196e-5
10.901326507956583	3.214331875507155e-5
10.91703447122453	3.2002352146894486e-5
10.93274243449248	3.186221231167981e-5
10.948450397760428	3.172289316953128e-5
10.964158361028378	3.158438869437403e-5
10.979866324296326	3.1446692913394926e-5
10.995574287564276	3.1309799906492465e-5
11.011282250832226	3.11737038057308e-5
11.026990214100174	3.10383987948042e-5
11.042698177368123	3.090387910850316e-5
11.058406140636071	3.0770139032190896e-5
11.074114103904021	3.0637172901283526e-5
11.08982206717197	3.0504975100735448e-5
11.105530030439919	3.0373540064535775e-5
11.121237993707867	3.024286227520269e-5
11.136945956975817	3.011293626329358e-5
11.152653920243765	2.9983756606910442e-5
11.168361883511714	2.985531793122024e-5
11.184069846779664	2.9727614907973422e-5
11.199777810047612	2.960064225503544e-5
11.215485773315562	2.947439473591619e-5
11.23119373658351	2.934886715930871e-5
11.24690169985146	2.9224054378637095e-5
11.262609663119408	2.909995129159902e-5
11.278317626387357	2.8976552839725728e-5
11.294025589655305	2.8853854007939578e-5
11.309733552923255	2.8731849824115816e-5
11.325441516191205	2.861053535865584e-5
11.341149479459153	2.8489905724061504e-5
11.356857442727103	2.836995607451085e-5
11.37256540599505	2.825068160544571e-5
11.388273369263	2.813207755315982e-5
11.403981332530948	2.8014139194391327e-5
11.419689295798898	2.7896861845922518e-5
11.435397259066846	2.7780240864180897e-5
11.451105222334796	2.766427164484869e-5
11.466813185602746	2.7548949622473353e-5
11.482521148870694	2.743427027008296e-5
11.498229112138644	2.7320229098807575e-5
11.513937075406592	2.7206821657506038e-5
11.529645038674541	2.7094043532390022e-5
11.54535300194249	2.698189034666373e-5
11.561060965210439	2.687035776015482e-5
11.576768928478387	2.6759441468961084e-5
11.592476891746337	2.664913720509233e-5
11.608184855014285	2.6539440736121462e-5
11.623892818282235	2.6430347864838297e-5
11.639600781550184	2.6321854428904962e-5
11.655308744818132	2.6213956300519046e-5
11.671016708086082	2.6106649386076756e-5
11.68672467135403	2.5999929625840675e-5
11.70243263462198	2.5893792993617177e-5
11.718140597889928	2.57882354964246e-5
11.733848561157878	2.5683253174178915e-5
11.749556524425826	2.5578842099373524e-5
11.765264487693775	2.5474998376766855e-5
11.780972450961723	2.537171814307248e-5
11.796680414229673	2.5268997566651113e-5
11.812388377497623	2.5166832847209613e-5
11.82809634076557	2.5065220215499893e-5
11.84380430403352	2.4964155933020453e-5
11.859512267301469	2.486363629172625e-5
11.875220230569418	2.4763657613736892e-5
11.890928193837366	2.4664216251048955e-5
11.906636157105316	2.4565308585253734e-5
11.922344120373264	2.4466931027255006e-5
11.938052083641214	2.4369080016992998e-5
11.953760046909164	2.427175202316567e-5
11.969468010177112	2.417494354296392e-5
11.985175973445061	2.407865110179504e-5
12.00088393671301	2.3982871253022674e-5
12.01659189998096	2.3887600577700585e-5
12.032299863248907	2.379283568431363e-5
12.048007826516857	2.3698573208520558e-5
12.063715789784805	2.3604809812898325e-5
12.079423753052755	2.3511542186692057e-5
12.095131716320704	2.3418767045562085e-5
12.110839679588652	2.3326481131343882e-5
12.126547642856602	2.3234681211796483e-5
12.14225560612455	2.3143364080367934e-5
12.1579635693925	2.3052526555951546e-5
12.173671532660448	2.2962165482653864e-5
12.189379495928398	2.287227772955742e-5
12.205087459196346	2.2782860190491065e-5
12.220795422464295	2.2693909783802084e-5
12.236503385732243	2.2605423452129712e-5
12.252211349000193	2.2517398162178288e-5
12.267919312268143	2.242983090450082e-5
12.283627275536091	2.234271869327487e-5
12.29933523880404	2.2256058566088714e-5
12.315043202071989	2.2169847583725665e-5
12.330751165339938	2.2084082829951537e-5
12.346459128607886	2.1998761411304597e-5
12.362167091875836	2.1913880456889564e-5
12.377875055143784	2.1829437118166527e-5
12.393583018411734	2.1745428568754845e-5
12.409290981679682	2.1661852004224674e-5
12.424998944947632	2.1578704641902464e-5
12.440706908215581	2.1495983720671013e-5
12.45641487148353	2.1413686500774274e-5
12.47212283475148	2.1331810263626227e-5
12.487830798019427	2.1250352311617497e-5
12.503538761287377	2.1169309967926242e-5
12.519246724555325	2.1088680576332034e-5
12.534954687823275	2.100846150103022e-5
12.550662651091223	2.092865012644707e-5
12.566370614359172	2.0849243857060172e-5
