-12.566370614359172	-6.548439479882773e-7
-12.550662651091223	-6.573380525710802e-7
-12.534954687823275	-6.598448819592699e-7
-12.519246724555325	-6.623645176885329e-7
-12.503538761287377	-6.648970419244806e-7
-12.487830798019427	-6.674425374684216e-7
-12.47212283475148	-6.700010877630607e-7
-12.45641487148353	-6.725727768983528e-7
-12.440706908215581	-6.751576896173845e-7
-12.424998944947632	-6.777559113223553e-7
-12.409290981679682	-6.803675280804956e-7
-12.393583018411734	-6.829926266302604e-7
-12.377875055143784	-6.856312943873511e-7
-12.362167091875836	-6.88283619451021e-7
-12.346459128607886	-6.90949690610245e-7
-12.330751165339938	-6.936295973501378e-7
-12.315043202071989	-6.963234298582797e-7
-12.29933523880404	-6.99031279031239e-7
-12.283627275536091	-7.017532364810414e-7
-12.267919312268143	-7.044893945418988e-7
-12.252211349000193	-7.072398462767106e-7
-12.236503385732243	-7.100046854839314e-7
-12.220795422464295	-7.12784006704376e-7
-12.205087459196346	-7.155779052280704e-7
-12.189379495928398	-7.183864771012216e-7
-12.173671532660448	-7.212098191332677e-7
-12.1579635693925	-7.240480289040132e-7
-12.14225560612455	-7.269012047707413e-7
-12.126547642856602	-7.297694458755596e-7
-12.110839679588652	-7.326528521527159e-7
-12.095131716320704	-7.355515243359991e-7
-12.079423753052755	-7.38465563966293e-7
-12.063715789784805	-7.413950733990505e-7
-12.048007826516857	-7.443401558121321e-7
-12.032299863248907	-7.473009152133658e-7
-12.01659189998096	-7.502774564485362e-7
-12.00088393671301	-7.532698852091845e-7
-11.985175973445061	-7.562783080406873e-7
-11.969468010177112	-7.593028323502951e-7
-11.953760046909164	-7.623435664153718e-7
-11.938052083641214	-7.654006193915503e-7
-11.922344120373264	-7.684741013212562e-7
-11.906636157105316	-7.715641231419931e-7
-11.890928193837366	-7.746707966949492e-7
-11.875220230569418	-7.777942347336907e-7
-11.859512267301469	-7.809345509327807e-7
-11.84380430403352	-7.840918598966757e-7
-11.82809634076557	-7.87266277168645e-7
-11.812388377497623	-7.904579192397462e-7
-11.796680414229673	-7.93666903558006e-7
-11.780972450961723	-7.968933485375893e-7
-11.765264487693775	-8.001373735681657e-7
-11.749556524425826	-8.033990990243082e-7
-11.733848561157878	-8.066786462750078e-7
-11.718140597889928	-8.099761376933924e-7
-11.70243263462198	-8.132916966663284e-7
-11.68672467135403	-8.166254476044679e-7
-11.671016708086082	-8.199775159520087e-7
-11.655308744818132	-8.233480281969111e-7
-11.639600781550184	-8.26737111881045e-7
-11.623892818282235	-8.301448956104797e-7
-11.608184855014285	-8.335715090658932e-7
-11.592476891746337	-8.370170830131301e-7
-11.576768928478387	-8.404817493138745e-7
-11.561060965210439	-8.439656409363508e-7
-11.54535300194249	-8.474688919663321e-7
-11.529645038674541	-8.509916376180428e-7
-11.513937075406592	-8.545340142453405e-7
-11.498229112138644	-8.580961593530712e-7
-11.482521148870694	-8.6167821160835e-7
-11.466813185602746	-8.65280310852124e-7
-11.451105222334796	-8.689025981108564e-7
-11.435397259066846	-8.725452156083789e-7
-11.419689295798898	-8.76208306777645e-7
-11.403981332530948	-8.798920162729306e-7
-11.388273369263	-8.835964899820457e-7
-11.37256540599505	-8.873218750385985e-7
-11.356857442727103	-8.910683198345416e-7
-11.341149479459153	-8.948359740327286e-7
-11.325441516191205	-8.98624988579847e-7
-11.309733552923255	-9.024355157191201e-7
-11.294025589655305	-9.062677090035204e-7
-11.278317626387357	-9.101217233090229e-7
-11.262609663119408	-9.139977148478786e-7
-11.24690169985146	-9.178958411821677e-7
-11.23119373658351	-9.218162612375585e-7
-11.215485773315562	-9.257591353171075e-7
-11.199777810047612	-9.297246251152096e-7
-11.184069846779664	-9.337128937319875e-7
-11.168361883511714	-9.377241056873172e-7
-11.152653920243765	-9.417584269356166e-7
-11.136945956975817	-9.458160248803877e-7
-11.121237993707867	-9.498970683890503e-7
-11.105530030439919	-9.540017278080945e-7
-11.08982206717197	-9.581301749781625e-7
-11.074114103904021	-9.62282583249494e-7
-11.058406140636071	-9.664591274974655e-7
-11.042698177368123	-9.706599841383774e-7
-11.026990214100174	-9.748853311453634e-7
-11.011282250832226	-9.791353480645282e-7
-10.995574287564276	-9.83410216031257e-7
-10.979866324296326	-9.877101177867634e-7
-10.964158361028378	-9.920352376947968e-7
-10.948450397760428	-9.963857617584882e-7
-10.93274243449248	-1.0007618776375715e-6
-10.91703447122453	-1.0051637746656214e-6
-10.901326507956583	-1.0095916438676337e-6
-10.885618544688633	-1.0140456779777688e-6
-10.869910581420685	-1.0185260714572187e-6
-10.854202618152735	-1.0230330205125243e-6
-10.838494654884787	-1.0275667231138088e-6
-10.822786691616837	-1.0321273790135637e-6
-10.807078728348888	-1.0367151897653556e-6
-10.79137076508094	-1.0413303587429384e-6
-10.77566280181299	-1.0459730911595636e-6
-10.759954838545042	-1.050643594087493e-6
-10.744246875277092	-1.0553420764778609e-6
-10.728538912009144	-1.0600687491805701e-6
-10.712830948741194	-1.0648238249646324e-6
-10.697122985473246	-1.06960751853869e-6
-10.681415022205297	-1.0744200465716826e-6
-10.665707058937347	-1.079261627714046e-6
-10.649999095669399	-1.0841324826188177e-6
-10.634291132401449	-1.0890328339632483e-6
-10.618583169133501	-1.093962906470652e-6
-10.602875205865551	-1.0989229269324619e-6
-10.587167242597603	-1.1039131242305388e-6
-10.571459279329654	-1.108933729359816e-6
-10.555751316061706	-1.1139849754513208e-6
-10.540043352793756	-1.1190670977951964e-6
-10.524335389525806	-1.1241803338643824e-6
-10.508627426257858	-1.1293249233382412e-6
-10.492919462989908	-1.1345011081267243e-6
-10.47721149972196	-1.1397091323947686e-6
-10.46150353645401	-1.1449492425869383e-6
-10.445795573186063	-1.1502216874524513e-6
-10.430087609918113	-1.1555267180704898e-6
-10.414379646650165	-1.1608645878759114e-6
-10.398671683382215	-1.1662355526850963e-6
-10.382963720114267	-1.1716398707223337e-6
-10.367255756846317	-1.1770778026463567e-6
-10.351547793578368	-1.1825496115774539e-6
-10.33583983031042	-1.1880555631246525e-6
-10.32013186704247	-1.1935959254134455e-6
-10.304423903774522	-1.1991709691137143e-6
-10.288715940506572	-1.2047809674682843e-6
-10.273007977238624	-1.2104261963214607e-6
-10.257300013970674	-1.2161069341482295e-6
-10.241592050702726	-1.2218234620837708e-6
-10.225884087434777	-1.2275760639532818e-6
-10.210176124166829	-1.2333650263021927e-6
-10.194468160898879	-1.2391906384268735e-6
-10.178760197630929	-1.245053192405621e-6
-10.163052234362981	-1.2509529831301104e-6
-10.147344271095031	-1.2568903083373e-6
-10.131636307827083	-1.2628654686415793e-6
-10.115928344559133	-1.2688787675675464e-6
-10.100220381291185	-1.2749305115831668e-6
-10.084512418023236	-1.2810210101331427e-6
-10.068804454755288	-1.287150575673086e-6
-10.053096491487338	-1.2933195237038407e-6
-10.037388528219388	-1.2995281728064755e-6
-10.02168056495144	-1.3057768446774677e-6
-10.00597260168349	-1.312065864164722e-6
-9.990264638415542	-1.318395559303662e-6
-9.974556675147593	-1.3247662613541783e-6
-9.958848711879645	-1.3311783048377784e-6
-9.943140748611695	-1.337632027575351e-6
-9.927432785343747	-1.3441277707254747e-6
-9.911724822075797	-1.3506658788231817e-6
-9.896016858807847	-1.357246699819172e-6
-9.8803088955399	-1.3638705851197288e-6
-9.86460093227195	-1.3705378896270076e-6
-9.848892969004002	-1.3772489717799778e-6
-9.833185005736052	-1.3840041935958236e-6
-9.817477042468104	-1.390803920711953e-6
-9.801769079200154	-1.3976485224286196e-6
-9.786061115932206	-1.404538371751989e-6
-9.770353152664256	-1.411473845437935e-6
-9.754645189396308	-1.418455324036373e-6
-9.738937226128359	-1.425483191936191e-6
-9.723229262860409	-1.4325578374107033e-6
-9.707521299592461	-1.4396796526640019e-6
-9.691813336324511	-1.4468490338776218e-6
-9.676105373056563	-1.4540663812579451e-6
-9.660397409788613	-1.461332099084526e-6
-9.644689446520665	-1.4686465957585169e-6
-9.628981483252716	-1.4760102838524445e-6
-9.613273519984768	-1.4834235801600867e-6
-9.597565556716818	-1.4908869057473215e-6
-9.58185759344887	-1.4984006860037948e-6
-9.56614963018092	-1.5059653506948492e-6
-9.55044166691297	-1.51358133401485e-6
-9.534733703645022	-1.5212490746406558e-6
-9.519025740377073	-1.5289690157859592e-6
-9.503317777109125	-1.5367416052568823e-6
-9.487609813841175	-1.5445672955074941e-6
-9.471901850573227	-1.5524465436969786e-6
-9.456193887305277	-1.5603798117469345e-6
-9.44048592403733	-1.5683675663998937e-6
-9.42477796076938	-1.5764102792785427e-6
-9.40906999750143	-1.5845084269456033e-6
-9.393362034233482	-1.5926624909649502e-6
-9.377654070965532	-1.6008729579632546e-6
-9.361946107697584	-1.6091403196925913e-6
-9.346238144429634	-1.6174650730940855e-6
-9.330530181161686	-1.6258477203622928e-6
-9.314822217893736	-1.634288769010533e-6
-9.299114254625788	-1.6427887319373028e-6
-9.283406291357839	-1.6513481274934293e-6
-9.267698328089889	-1.6599674795503733e-6
-9.25199036482194	-1.6686473175693715e-6
-9.236282401553991	-1.6773881766717648e-6
-9.220574438286043	-1.6861905977100825e-6
-9.204866475018093	-1.6950551273404495e-6
-9.189158511750145	-1.703982318095743e-6
-9.173450548482196	-1.7129727284601993e-6
-9.157742585214248	-1.7220269229447001e-6
-9.142034621946298	-1.7311454721633753e-6
-9.12632665867835	-1.7403289529113989e-6
-9.1106186954104	-1.7495779482437682e-6
-9.09491073214245	-1.7588930475552492e-6
-9.079202768874502	-1.7682748466616665e-6
-9.063494805606553	-1.7777239478821982e-6
-9.047786842338605	-1.7872409601230315e-6
-9.032078879070655	-1.7968264989621901e-6
-9.016370915802707	-1.8064811867355695e-6
-9.000662952534757	-1.8162056526244423e-6
-8.984954989266809	-1.826000532744019e-6
-8.96924702599886	-1.8358664702335939e-6
-8.953539062730911	-1.8458041153477896e-6
-8.937831099462962	-1.8558141255493428e-6
-8.922123136195012	-1.8658971656032918e-6
-8.906415172927064	-1.8760539076723338e-6
-8.890707209659114	-1.8862850314141172e-6
-8.874999246391166	-1.896591224079395e-6
-8.859291283123216	-1.9069731806121965e-6
-8.843583319855268	-1.917431603751225e-6
-8.827875356587318	-1.9279672041328174e-6
-8.81216739331937	-1.9385807003956074e-6
-8.79645943005142	-1.949272819286821e-6
-8.780751466783471	-1.960044295769763e-6
-8.765043503515523	-1.9708958731336747e-6
-8.749335540247573	-1.981828303104653e-6
-8.733627576979625	-1.992842345958598e-6
-8.717919613711675	-2.003938770635788e-6
-8.702211650443727	-2.0151183548573243e-6
-8.686503687175778	-2.0263818852433577e-6
-8.67079572390783	-2.037730157432978e-6
-8.65508776063988	-2.0491639762063e-6
-8.63937979737193	-2.0606841556081064e-6
-8.623671834103982	-2.0722915190737934e-6
-8.607963870836032	-2.0839868995567877e-6
-8.592255907568084	-2.095771139658593e-6
-8.576547944300135	-2.1076450917604447e-6
-8.560839981032187	-2.119609618156987e-6
-8.545132017764237	-2.1316655911924917e-6
-8.529424054496289	-2.1438138933988073e-6
-8.51371609122834	-2.1560554176358447e-6
-8.498008127960391	-2.1683910672339083e-6
-8.482300164692441	-2.1808217561386175e-6
-8.466592201424492	-2.193348409058151e-6
-8.450884238156544	-2.205971961612504e-6
-8.435176274888594	-2.2186933604856447e-6
-8.419468311620646	-2.231513563579647e-6
-8.403760348352696	-2.2444335401716616e-6
-8.388052385084748	-2.2574542710731394e-6
-8.372344421816798	-2.270576748791947e-6
-8.35663645854885	-2.283801977696752e-6
-8.3409284952809	-2.2971309741844447e-6
-8.325220532012953	-2.310564766849984e-6
-8.309512568745003	-2.3241043966593374e-6
-8.293804605477053	-2.3377509171247748e-6
-8.278096642209105	-2.3515053944835886e-6
-8.262388678941155	-2.3653689078794593e-6
-8.246680715673207	-2.379342549546693e-6
-8.230972752405258	-2.393427424997961e-6
-8.21526478913731	-2.4076246532144946e-6
-8.19955682586936	-2.4219353668401587e-6
-8.183848862601412	-2.436360712378027e-6
-8.168140899333462	-2.450901850390886e-6
-8.152432936065512	-2.465559955704733e-6
-8.136724972797564	-2.480336217615681e-6
-8.121017009529615	-2.495231840100442e-6
-8.105309046261667	-2.5102480420304044e-6
-8.089601082993717	-2.525386057389141e-6
-8.073893119725769	-2.540647135493751e-6
-8.058185156457819	-2.5560325412199786e-6
-8.042477193189871	-2.571543555230812e-6
-8.026769229921921	-2.5871814742095703e-6
-8.011061266653972	-2.602947611096428e-6
-7.995353303386024	-2.61884329532934e-6
-7.979645340118075	-2.6348698730887553e-6
-7.963937376850126	-2.651028707546966e-6
-7.948229413582177	-2.6673211791213838e-6
-7.932521450314228	-2.6837486857323817e-6
-7.916813487046278	-2.7003126430656726e-6
-7.901105523778329	-2.717014484838725e-6
-7.8853975605103805	-2.7338556630727055e-6
-7.869689597242432	-2.7508376483684426e-6
-7.853981633974483	-2.767961930187371e-6
-7.838273670706534	-2.7852300171376123e-6
-7.822565707438585	-2.8026434372647753e-6
-7.806857744170636	-2.820203738348326e-6
-7.791149780902687	-2.8379124882025543e-6
-7.7754418176347375	-2.8557712749834544e-6
-7.759733854366789	-2.8737817075007076e-6
-7.74402589109884	-2.891945415535375e-6
-7.728317927830891	-2.9102640501632484e-6
-7.712609964562942	-2.9287392840837692e-6
-7.696902001294993	-2.9473728119550636e-6
-7.681194038027044	-2.9661663507350588e-6
-7.665486074759095	-2.985121640028372e-6
-7.6497781114911465	-3.0042404424399992e-6
-7.634070148223198	-3.0235245439349335e-6
-7.618362184955249	-3.0429757542042745e-6
-7.602654221687299	-3.0625959070388536e-6
-7.58694625841935	-3.0823868607081688e-6
-7.571238295151401	-3.1023504983479784e-6
-7.555530331883452	-3.1224887283534227e-6
-7.5398223686155035	-3.142803484780388e-6
-7.524114405347555	-3.1632967277540693e-6
-7.508406442079606	-3.1839704438845844e-6
-7.492698478811657	-3.204826646691073e-6
-7.476990515543708	-3.2258673770330064e-6
-7.461282552275758	-3.247094703549887e-6
-7.445574589007809	-3.268510723108977e-6
-7.4298666257398605	-3.2901175612615254e-6
-7.414158662471912	-3.3119173727076015e-6
-7.398450699203963	-3.333912341769375e-6
-7.382742735936014	-3.356104682873661e-6
-7.367034772668065	-3.378496641043553e-6
-7.351326809400116	-3.401090492399047e-6
-7.335618846132167	-3.4238885446677033e-6
-7.319910882864218	-3.446893137704495e-6
-7.304202919596269	-3.4701066440223083e-6
-7.28849495632832	-3.4935314693315704e-6
-7.272786993060371	-3.5171700530913856e-6
-7.257079029792422	-3.541024869070478e-6
-7.241371066524473	-3.565098425919427e-6
-7.225663103256524	-3.5893932677537985e-6
-7.209955139988575	-3.613911974748523e-6
-7.194247176720626	-3.6386571637442617e-6
-7.1785392134526775	-3.663631488864948e-6
-7.162831250184729	-3.68883764214833e-6
-7.147123286916779	-3.71427835418789e-6
-7.13141532364883	-3.7399563947883808e-6
-7.115707360380881	-3.7658745736336118e-6
-7.099999397112932	-3.7920357409678058e-6
-7.084291433844983	-3.818442788290481e-6
-7.0685834705770345	-3.845098649065067e-6
-7.052875507309086	-3.872006299441706e-6
-7.037167544041137	-3.899168758994815e-6
-7.021459580773188	-3.926589091475055e-6
-7.005751617505239	-3.954270405576657e-6
-6.99004365423729	-3.982215855720577e-6
-6.97433569096934	-4.010428642852851e-6
-6.9586277277013915	-4.038912015259831e-6
-6.942919764433443	-4.067669269399776e-6
-6.927211801165494	-4.0967037507514854e-6
-6.911503837897545	-4.126018854680315e-6
-6.895795874629596	-4.155618027322149e-6
-6.880087911361647	-4.185504766485457e-6
-6.864379948093698	-4.215682622572421e-6
-6.848671984825749	-4.246155199518313e-6
-6.8329640215578	-4.276926155751613e-6
-6.817256058289851	-4.307999205173519e-6
-6.801548095021902	-4.339378118157717e-6
-6.785840131753953	-4.371066722572039e-6
-6.770132168486004	-4.403068904820834e-6
-6.754424205218055	-4.435388610910054e-6
-6.738716241950106	-4.468029847534276e-6
-6.7230082786821574	-4.500996683187601e-6
-6.707300315414209	-4.53429324929777e-6
-6.69159235214626	-4.567923741384634e-6
-6.675884388878311	-4.601892420243754e-6
-6.660176425610361	-4.636203613155397e-6
-6.644468462342412	-4.670861715119645e-6
-6.628760499074463	-4.7058711901182475e-6
-6.613052535806514	-4.741236572404291e-6
-6.5973445725385655	-4.776962467819489e-6
-6.581636609270617	-4.813053555140899e-6
-6.565928646002668	-4.8495145874569366e-6
-6.550220682734719	-4.8863503935736694e-6
-6.53451271946677	-4.923565879452497e-6
-6.51880475619882	-4.961166029679539e-6
-6.503096792930871	-4.999155908968055e-6
-6.4873888296629225	-5.037540663693932e-6
-6.471680866394974	-5.0763255234660896e-6
-6.455972903127025	-5.115515802732031e-6
-6.440264939859076	-5.155116902419727e-6
-6.424556976591127	-5.195134311616558e-6
-6.408849013323178	-5.2355736092866145e-6
-6.393141050055229	-5.276440466026975e-6
-6.37743308678728	-5.317740645864502e-6
-6.3617251235193315	-5.35948000809349e-6
-6.346017160251382	-5.401664509156054e-6
-6.330309196983433	-5.444300204566056e-6
-6.314601233715484	-5.4873932508771645e-6
-6.298893270447535	-5.530949907697216e-6
-6.283185307179586	-5.574976539750009e-6
-6.267477343911637	-5.619479618984769e-6
-6.2517693806436885	-5.6644657267353865e-6
-6.23606141737574	-5.709941555931601e-6
-6.220353454107791	-5.755913913361383e-6
-6.204645490839841	-5.802389721988121e-6
-6.188937527571892	-5.849376023322696e-6
-6.173229564303943	-5.896879979852846e-6
-6.157521601035994	-5.944908877530711e-6
-6.1418136377680455	-5.993470128320482e-6
-6.126105674500097	-6.042571272808471e-6
-6.110397711232148	-6.092219982875924e-6
-6.094689747964199	-6.1424240644377296e-6
-6.07898178469625	-6.193191460248057e-6
-6.063273821428301	-6.244530252775453e-6
-6.047565858160352	-6.296448667148915e-6
-6.031857894892402	-6.348955074176916e-6
-6.0161499316244536	-6.402057993441917e-6
-6.000441968356505	-6.455766096472462e-6
-5.984734005088556	-6.510088209994663e-6
-5.969026041820607	-6.565033319266234e-6
-5.953318078552658	-6.620610571494233e-6
-5.937610115284709	-6.676829279340781e-6
-5.92190215201676	-6.733698924517243e-6
-5.906194188748811	-6.791229161471776e-6
-5.890486225480862	-6.849429821170622e-6
-5.874778262212913	-6.908310914978313e-6
-5.859070298944964	-6.967882638638041e-6
-5.843362335677015	-7.028155376356013e-6
-5.827654372409066	-7.089139704993141e-6
-5.811946409141117	-7.150846398366531e-6
-5.796238445873168	-7.213286431664907e-6
-5.7805304826052195	-7.27647098598147e-6
-5.764822519337271	-7.340411452967294e-6
-5.749114556069322	-7.405119439609484e-6
-5.733406592801373	-7.470606773138068e-6
-5.717698629533423	-7.536885506065264e-6
-5.701990666265474	-7.6039679213617e-6
-5.686282702997525	-7.671866537773665e-6
-5.6705747397295765	-7.740594115286661e-6
-5.654866776461628	-7.810163660738624e-6
-5.639158813193679	-7.880588433588814e-6
-5.62345084992573	-7.951881951847209e-6
-5.607742886657781	-8.024057998169255e-6
-5.592034923389832	-8.097130626121885e-6
-5.576326960121882	-8.171114166626235e-6
-5.5606189968539335	-8.246023234582747e-6
-5.544911033585985	-8.321872735685488e-6
-5.529203070318036	-8.398677873431524e-6
-5.513495107050087	-8.476454156331152e-6
-5.497787143782138	-8.555217405328354e-6
-5.482079180514189	-8.634983761435658e-6
-5.46637121724624	-8.715769693592643e-6
-5.450663253978291	-8.797592006755555e-6
-5.4349552907103424	-8.880467850226247e-6
-5.419247327442394	-8.964414726227746e-6
-5.403539364174444	-9.049450498736721e-6
-5.387831400906495	-9.135593402581448e-6
-5.372123437638546	-9.222862052813708e-6
-5.356415474370597	-9.311275454366525e-6
-5.340707511102648	-9.400853012006568e-6
-5.324999547834699	-9.49161454059271e-6
-5.3092915845667505	-9.583580275651493e-6
-5.293583621298802	-9.6767708842821e-6
-5.277875658030853	-9.77120747640223e-6
-5.262167694762903	-9.86691161634892e-6
-5.246459731494954	-9.96390533484592e-6
-5.230751768227005	-1.0062211141353688e-5
-5.215043804959056	-1.016185203681607e-5
-5.1993358416911075	-1.0262851526818007e-5
-5.183627878423159	-1.036523363517198e-5
-5.16791991515521	-1.046902291794932e-5
-5.152211951887261	-1.0574244477974204e-5
-5.136503988619312	-1.0680923979799059e-5
-5.120796025351363	-1.0789087665181439e-5
-5.105088062083414	-1.0898762369081026e-5
-5.0893800988154645	-1.1009975536201178e-5
-5.073672135547516	-1.112275523809579e-5
-5.057964172279567	-1.1237130190864975e-5
-5.042256209011618	-1.1353129773466788e-5
-5.026548245743669	-1.147078404666947e-5
-5.01084028247572	-1.1590123772672208e-5
-4.995132319207771	-1.1711180435426312e-5
-4.979424355939822	-1.1833986261684384e-5
-4.9637163926718735	-1.1958574242813209e-5
-4.948008429403924	-1.2084978157403101e-5
-4.932300466135975	-1.2213232594712708e-5
-4.916592502868026	-1.2343372978985508e-5
-4.900884539600077	-1.2475435594682335e-5
-4.885176576332128	-1.2609457612671588e-5
-4.869468613064179	-1.2745477117425017e-5
-4.8537606497962305	-1.2883533135268505e-5
-4.838052686528282	-1.3023665663740613e-5
-4.822344723260333	-1.3165915702116662e-5
-4.806636759992384	-1.3310325283155876e-5
-4.790928796724435	-1.3456937506140092e-5
-4.775220833456485	-1.3605796571270521e-5
-4.759512870188536	-1.3756947815496797e-5
-4.743804906920587	-1.3910437749861676e-5
-4.7280969436526386	-1.4066314098442392e-5
-4.71238898038469	-1.422462583898649e-5
-4.696681017116741	-1.438542324533921e-5
-4.680973053848792	-1.4548757931773433e-5
-4.665265090580843	-1.471468289934007e-5
-4.649557127312894	-1.4883252584367392e-5
-4.633849164044944	-1.5054522909251117e-5
-4.6181412007769955	-1.5228551335688008e-5
-4.602433237509047	-1.5405396920524872e-5
-4.586725274241098	-1.5585120374406254e-5
-4.571017310973149	-1.5767784123429856e-5
-4.5553093477052	-1.595345237403784e-5
-4.539601384437251	-1.6142191181396647e-5
-4.523893421169302	-1.6334068521553042e-5
-4.508185457901353	-1.652915436768452e-5
-4.4924774946334045	-1.6727520770802865e-5
-4.476769531365456	-1.6929241945321037e-5
-4.461061568097506	-1.7134394359946116e-5
-4.445353604829557	-1.7343056834429673e-5
-4.429645641561608	-1.7555310642785154e-5
-4.413937678293659	-1.7771239623680287e-5
-4.39822971502571	-1.7990930298824706e-5
-4.3825217517577615	-1.821447200031429e-5
-4.366813788489813	-1.8441957008068253e-5
-4.351105825221864	-1.867348069870061e-5
-4.335397861953915	-1.8909141707436653e-5
-4.319689898685965	-1.9149042105008613e-5
-4.303981935418016	-1.9393287591879126e-5
-4.288273972150067	-1.964198771266718e-5
-4.2725660088821185	-1.9895256094322952e-5
-4.25685804561417	-2.015321071246843e-5
-4.241150082346221	-2.0415974191455106e-5
-4.225442119078272	-2.068367414518618e-5
-4.209734155810323	-2.095644356774692e-5
-4.194026192542374	-2.123442128556944e-5
-4.178318229274425	-2.151775248652484e-5
-4.162610266006476	-2.1806589346391185e-5
-4.146902302738527	-2.210109178023225e-5
-4.131194339470578	-2.2401428356284103e-5
-4.115486376202629	-2.270777742447738e-5
-4.09977841293468	-2.3020328533058925e-5
-4.084070449666731	-2.3339284238705765e-5
-4.068362486398782	-2.3664862464280612e-5
-4.052654523130833	-2.399729963451689e-5
-4.036946559862884	-2.4336854941786862e-5
-4.0212385965949355	-2.4683816294533542e-5
-4.005530633326986	-2.5038508840754488e-5
-3.9898226700590373	-2.5401307554883128e-5
-3.9741147067910885	-2.5772656462492865e-5
-3.958406743523139	-2.6153099144477975e-5
-3.9426987802551903	-2.6543329298805387e-5
-3.9269908169872414	-2.694427890898376e-5
-3.9112828537192925	-2.7357281481303116e-5
-3.8955748904513436	-2.7784396875199917e-5
-3.8798669271833943	-2.822911787840401e-5
-3.8641589639154454	-2.8698091729115665e-5
-3.8484510006474966	-2.9205997983437588e-5
-3.8327430373795477	-2.9792679545701518e-5
-3.817035074111599	-3.06078047911365e-5
-3.8013271108436495	-3.2749636326336296e-5
-3.7856191475757006	-0.00022534458614613154
-3.7699111843077517	-3.777734654611418e-5
-3.754203221039803	-3.595331758676888e-5
-3.738495257771854	-3.319931132722981e-5
-3.7227872945039047	-3.3743130458110886e-5
-3.707079331235956	-3.4647067185025876e-5
-3.691371367968007	-3.625036026995824e-5
-3.675663404700058	-4.084312362684011e-5
-3.659955441432109	-0.0001079690607832853
-3.64424747816416	-0.00010051062926171298
-3.628539514896211	-4.330468749213217e-5
-3.612831551628262	-0.00010465369534002058
-3.597123588360313	-4.0535375410116944e-5
-3.5814156250923643	-4.472523268308116e-5
-3.565707661824415	-4.051143307250961e-5
-3.549999698556466	-4.381967897752472e-5
-3.5342917352885173	-4.6926195177470856e-5
-3.5185837720205684	-6.742776906522e-5
-3.5028758087526195	-5.881295223687795e-5
-3.48716784548467	-7.107446216161759e-5
-3.4714598822167213	-0.00018635260034217073
-3.4557519189487724	-6.213189136762071e-5
-3.4400439556808236	-0.00011845814392728938
-3.4243359924128747	-5.7325930413029536e-5
-3.4086280291449254	-7.672041155437857e-5
-3.3929200658769765	-9.631214058305576e-5
-3.3772121026090276	-0.000103057141602152
-3.3615041393410787	-6.384399265376682e-5
-3.34579617607313	-0.00010398592344465844
-3.3300882128051805	-0.0015148371700653173
-3.3143802495372316	-0.0004163037147932846
-3.2986722862692828	-0.00010335185667534429
-3.282964323001334	-7.058012987675568e-5
-3.267256359733385	-0.000116542967693176
-3.2515483964654357	-7.751484399733195e-5
-3.235840433197487	-0.00010805103516180152
-3.220132469929538	-0.00011132079486570808
-3.204424506661589	-0.004993223510831824
-3.18871654339364	-0.00016301094432973173
-3.173008580125691	-0.00018664811784412514
-3.157300616857742	-0.0001370390380602845
-3.141592653589793	-0.0009110573415477278
-3.1258846903218442	-0.000435847844389941
-3.1101767270538954	-0.0005037808139812466
-3.094468763785946	-0.000634529983756945
-3.078760800517997	-0.0002378675923711624
-3.0630528372500483	-0.00045655454267200837
-3.0473448739820994	-0.00014038880911411162
-3.0316369107141505	-0.0001771889870289453
-3.015928947446201	-0.0004997568001726039
-3.0002209841782523	-0.0014427274331493922
-2.9845130209103035	-0.002636087061902674
-2.9688050576423546	-0.0007213177629149087
-2.9530970943744057	-0.00023130950955787337
-2.9373891311064564	-0.0020436970873795005
-2.9216811678385075	-0.0012386938451217158
-2.9059732045705586	-0.0004595005948620648
-2.8902652413026098	-0.00048663804915679643
-2.874557278034661	-0.0004653039464803266
-2.8588493147667116	-0.0017091956772954525
-2.8431413514987627	-0.0006729853497890303
-2.827433388230814	-0.00434226227991874
-2.811725424962865	-0.0004569250296986054
-2.796017461694916	-0.0007216791335639244
-2.7803094984269667	-0.0023867494024677693
-2.764601535159018	-0.009588012155547715
-2.748893571891069	-0.004857232156187051
-2.73318560862312	-0.00048369097295355935
-2.7174776453551712	-0.0011442626107324553
-2.701769682087222	-0.011243021919369456
-2.686061718819273	-0.018103532037921408
-2.670353755551324	-0.004151984147857647
-2.6546457922833753	-0.002265747002544705
-2.6389378290154264	-0.0022043461193979865
-2.623229865747477	-0.0007893135791852952
-2.607521902479528	-0.004566422547418215
-2.5918139392115793	-0.0019677554249638895
-2.5761059759436304	-0.010024690068966974
-2.5603980126756816	-0.0025351003372154216
-2.5446900494077322	-0.11953655653453361
-2.5289820861397834	-0.03213816184070551
-2.5132741228718345	-0.40091284021281026
-2.4975661596038856	-0.005475446393063642
-2.4818581963359367	-0.0021969948899805258
-2.4661502330679874	-0.008896321199839878
-2.4504422698000385	-0.008713400119353534
-2.4347343065320897	-0.0037849819060417297
-2.419026343264141	-0.01434195306313546
-2.403318379996192	-0.028889948935297262
-2.3876104167282426	-0.011788216454261745
-2.3719024534602937	-0.01847367495499646
-2.356194490192345	-0.009877002404155413
-2.340486526924396	-0.007678297497760203
-2.324778563656447	-0.006815602428573486
-2.3090706003884978	-0.13323913191425882
-2.293362637120549	-0.004550227896647339
-2.2776546738526	-0.002085051015455507
-2.261946710584651	-0.00664541462977204
-2.2462387473167023	-0.017031724926180526
-2.230530784048753	-0.013800170477467401
-2.214822820780804	-0.0037870479353910515
-2.199114857512855	-0.05156007154102334
-2.1834068942449063	-0.010797047070114264
-2.1676989309769574	-0.009470104471753733
-2.151990967709008	-0.006188621201763113
-2.1362830044410592	-0.02861262657398364
-2.1205750411731104	-0.00413485570081125
-2.1048670779051615	-0.03933464388786661
-2.0891591146372126	-0.011966104049052092
-2.0734511513692633	-0.03106290202620583
-2.0577431881013144	-0.039592889462380404
-2.0420352248333655	-0.06450965311428822
-2.0263272615654166	-0.08380853031833248
-2.0106192982974678	-0.009997902021494328
-1.9949113350295187	-0.18489889399362755
-1.9792033717615696	-0.019179245946829192
-1.9634954084936207	-0.045717188161358537
-1.9477874452256718	-0.0940677784759685
-1.9320794819577227	-0.08177437088895777
-1.9163715186897738	-0.10044916010284585
-1.9006635554218247	-0.1606740678600306
-1.8849555921538759	-0.09072442787165562
-1.869247628885927	-0.3664850037615277
-1.853539665617978	-0.036020116911237354
-1.837831702350029	-0.05794634215848762
-1.82212373908208	-0.33522154958714706
-1.806415775814131	-0.04140487917083709
-1.7907078125461822	-0.25297504114308084
-1.774999849278233	-0.030952030961404586
-1.7592918860102842	-0.1838283672942407
-1.743583922742335	-0.053862789077107766
-1.7278759594743862	-0.039152903618644784
-1.7121679962064373	-0.3713791055887736
-1.6964600329384882	-0.1027916107492563
-1.6807520696705394	-0.08717152497596974
-1.6650441064025903	-0.037939477271544834
-1.6493361431346414	-0.026466340945353526
-1.6336281798666925	-0.03430774265337584
-1.6179202165987434	-0.034485655562873085
-1.6022122533307945	-0.01033461152386473
-1.5865042900628454	-0.28633904618898853
-1.5707963267948966	-0.03230000936341801
-1.5550883635269477	-0.020036571622184588
-1.5393804002589986	-0.06643869470698752
-1.5236724369910497	-0.3104507212492992
-1.5079644737231006	-0.03877986728227031
-1.4922565104551517	-0.019763918571585548
-1.4765485471872029	-0.7107670722954275
-1.4608405839192538	-0.035694652328848483
-1.4451326206513049	-0.1732597820228269
-1.4294246573833558	-0.9922890778201396
-1.413716694115407	-0.5043301700125908
-1.398008730847458	-0.17607702045790238
-1.382300767579509	-2.7610071147836743
-1.36659280431156	-0.6145664888922558
-1.350884841043611	-0.0675381035068197
-1.335176877775662	-0.2913507871239679
-1.3194689145077132	-0.8882307635830171
-1.303760951239764	-0.3700112396007394
-1.2880529879718152	-0.39730440946887485
-1.2723450247038661	-0.11173945701925353
-1.2566370614359172	-0.05853852547327101
-1.2409290981679684	-0.13434200115807995
-1.2252211349000193	-0.24047495691924334
-1.2095131716320704	-0.13636748889004707
-1.1938052083641213	-0.14122138022872446
-1.1780972450961724	-1.9585791410386488
-1.1623892818282235	-0.5125571814500712
-1.1466813185602744	-0.21051224432566312
-1.1309733552923256	-0.07209977331394105
-1.1152653920243765	-0.2335990409453013
-1.0995574287564276	-1.1964690826394238
-1.0838494654884787	-0.09372067900279737
-1.0681415022205296	-1.672709012323001
-1.0524335389525807	-0.1233276260091723
-1.0367255756846316	-10.682283922412088
-1.0210176124166828	-0.14463050014263382
-1.0053096491487339	-0.4068320050359955
-0.9896016858807848	-0.12974109686060958
-0.9738937226128359	-0.30022277687929466
-0.9581857593448869	-0.13520687379084917
-0.9424777960769379	-0.12465763869370768
-0.926769832808989	-0.4004543180343694
-0.91106186954104	-0.46204003594111076
-0.8953539062730911	-0.29051350562730127
-0.8796459430051421	-3.3872463849496066
-0.8639379797371931	-0.73396188835947
-0.8482300164692441	-0.06503443688822358
-0.8325220532012951	-0.30957148379274246
-0.8168140899333463	-0.03090346205051094
-0.8011061266653973	-0.07263389307338697
-0.7853981633974483	-0.07242260635038127
-0.7696902001294993	-0.0497655294242504
-0.7539822368615503	-0.06408620588735281
-0.7382742735936014	-0.07527877020957917
-0.7225663103256524	-1.6375944604935184
-0.7068583470577035	-0.18468152703749952
-0.6911503837897545	-0.4867305163579141
-0.6754424205218055	-0.17717793126382378
-0.6597344572538566	-0.11190806032330756
-0.6440264939859076	-1.7657437733468153
-0.6283185307179586	-0.11552504105066917
-0.6126105674500096	-0.6351480053570837
-0.5969026041820606	-1.0550953573674071
-0.5811946409141118	-0.11795939494361524
-0.5654866776461628	-0.07409984527692656
-0.5497787143782138	-0.32105611657393246
-0.5340707511102648	-1.068081490022374
-0.5183627878423158	-0.09707974529705103
-0.5026548245743669	-0.033493240281195
-0.48694686130641796	-0.07244927905075116
-0.47123889803846897	-1.3807694839893094
-0.45553093477052	-1.092879735231143
-0.43982297150257105	-0.24971524534407266
-0.42411500823462206	-0.09105596926574207
-0.4084070449666731	-1.2081019930099905
-0.39269908169872414	-0.10086266475798064
-0.37699111843077515	-0.07606142714239496
-0.3612831551628262	-0.10306952381666838
-0.34557519189487723	-0.028076688967675074
-0.3298672286269283	-0.020431349056777508
-0.3141592653589793	-0.056775108137211434
-0.2984513020910303	-2.4493439345469934
-0.2827433388230814	-0.04179771277325871
-0.2670353755551324	-0.038652180917952014
-0.25132741228718347	-0.02708296000722785
-0.23561944901923448	-0.050148802910429134
-0.21991148575128552	-1.2361872632675996
-0.20420352248333656	-0.08327214945156242
-0.18849555921538758	-0.037607573096770895
-0.17278759594743862	-0.08119269775804659
-0.15707963267948966	-6.5479402843896
-0.1413716694115407	-0.14209032190570425
-0.12566370614359174	-0.5126954777949081
-0.10995574287564276	-0.8910610819914652
-0.09424777960769379	-4.491067844560715
-0.07853981633974483	-0.2535910984388111
-0.06283185307179587	-0.07971417874396185
-0.047123889803846894	-0.037054761151253814
-0.031415926535897934	-0.17084218576576243
-0.015707963267948967	-0.008937587354923978
0.0	-1.6539770253308424e-17
0.015707963267948967	0.008937587354923933
0.031415926535897934	0.17084218576576235
0.047123889803846894	0.03705476115125373
0.06283185307179587	0.07971417874396167
0.07853981633974483	0.25359109843881095
0.09424777960769379	4.491067844560708
0.10995574287564276	0.8910610819914655
0.12566370614359174	0.5126954777949086
0.1413716694115407	0.1420903219057043
0.15707963267948966	6.547940284389587
0.17278759594743862	0.08119269775804658
0.18849555921538758	0.037607573096770895
0.20420352248333656	0.08327214945156221
0.21991148575128552	1.236187263267578
0.23561944901923448	0.050148802910428864
0.25132741228718347	0.027082960007227874
0.2670353755551324	0.038652180917952014
0.2827433388230814	0.041797712773258694
0.2984513020910303	2.4493439345469974
0.3141592653589793	0.0567751081372113
0.3298672286269283	0.02043134905677748
0.34557519189487723	0.028076688967675137
0.3612831551628262	0.10306952381666834
0.37699111843077515	0.07606142714239555
0.39269908169872414	0.10086266475798075
0.4084070449666731	1.20810199300999
0.42411500823462206	0.09105596926574265
0.43982297150257105	0.24971524534407857
0.45553093477052	1.0928797352311486
0.47123889803846897	1.3807694839893156
0.48694686130641796	0.07244927905075121
0.5026548245743669	0.03349324028119528
0.5183627878423158	0.09707974529705128
0.5340707511102648	1.0680814900223796
0.5497787143782138	0.3210561165739341
0.5654866776461628	0.0740998452769267
0.5811946409141118	0.11795939494361543
0.5969026041820606	1.0550953573674127
0.6126105674500096	0.6351480053570857
0.6283185307179586	0.11552504105066928
0.6440264939859076	1.765743773346826
0.6597344572538566	0.1119080603233082
0.6754424205218055	0.17717793126382567
0.6911503837897545	0.4867305163579176
0.7068583470577035	0.18468152703750174
0.7225663103256524	1.6375944604935375
0.7382742735936014	0.07527877020957995
0.7539822368615503	0.0640862058873533
0.7696902001294993	0.049765529424250866
0.7853981633974483	0.07242260635038224
0.8011061266653973	0.072633893073388
0.8168140899333463	0.030903462050511147
0.8325220532012951	0.3095714837927447
0.8482300164692441	0.06503443688822404
0.8639379797371931	0.7339618883594771
0.8796459430051421	3.3872463849496284
0.8953539062730911	0.29051350562730527
0.91106186954104	0.4620400359411149
0.926769832808989	0.4004543180343736
0.9424777960769379	0.12465763869370847
0.9581857593448869	0.1352068737908509
0.9738937226128359	0.3002227768792991
0.9896016858807848	0.12974109686061056
1.0053096491487339	0.40683200503599914
1.0210176124166828	0.14463050014263557
1.0367255756846316	10.682283922412198
1.0524335389525807	0.12332762600917288
1.0681415022205296	1.6727090123230108
1.0838494654884787	0.09372067900279854
1.0995574287564276	1.1964690826394324
1.1152653920243765	0.2335990409453029
1.1309733552923256	0.07209977331394195
1.1466813185602744	0.2105122443256651
1.1623892818282235	0.512557181450076
1.1780972450961724	1.958579141038666
1.1938052083641213	0.14122138022872566
1.2095131716320704	0.13636748889004918
1.2252211349000193	0.24047495691924425
1.2409290981679684	0.13434200115808137
1.2566370614359172	0.058538525473271485
1.2723450247038661	0.1117394570192547
1.2880529879718152	0.3973044094688795
1.303760951239764	0.37001123960074367
1.3194689145077132	0.8882307635830217
1.335176877775662	0.2913507871239705
1.350884841043611	0.06753810350682024
1.36659280431156	0.61456648889226
1.382300767579509	2.7610071147836988
1.398008730847458	0.17607702045790377
1.413716694115407	0.5043301700125937
1.4294246573833558	0.9922890778201443
1.4451326206513049	0.17325978202282824
1.4608405839192538	0.03569465232884875
1.4765485471872029	0.7107670722954299
1.4922565104551517	0.019763918571585732
1.5079644737231006	0.03877986728227072
1.5236724369910497	0.31045072124930184
1.5393804002589986	0.0664386947069881
1.5550883635269477	0.020036571622184716
1.5707963267948966	0.032300009363418106
1.5865042900628454	0.2863390461889907
1.6022122533307945	0.0103346115238649
1.6179202165987434	0.03448565556287356
1.6336281798666925	0.034307742653376036
1.6493361431346414	0.026466340945353693
1.6650441064025903	0.03793947727154505
1.6807520696705394	0.08717152497597049
1.6964600329384882	0.10279161074925704
1.7121679962064373	0.37137910558877546
1.7278759594743862	0.03915290361864481
1.743583922742335	0.053862789077107794
1.7592918860102842	0.18382836729424132
1.774999849278233	0.030952030961404645
1.7907078125461822	0.2529750411430814
1.806415775814131	0.04140487917083719
1.82212373908208	0.3352215495871493
1.837831702350029	0.05794634215848782
1.853539665617978	0.036020116911237535
1.869247628885927	0.36648500376152765
1.8849555921538759	0.09072442787165616
1.9006635554218247	0.16067406786003163
1.9163715186897738	0.10044916010284616
1.9320794819577227	0.08177437088895771
1.9477874452256718	0.09406777847596828
1.9634954084936207	0.04571718816135983
1.9792033717615696	0.01917924594682926
1.9949113350295187	0.1848988939936281
2.0106192982974678	0.009997902021494346
2.0263272615654166	0.08380853031833632
2.0420352248333655	0.06450965311428837
2.0577431881013144	0.039592889462380446
2.0734511513692633	0.03106290202620692
2.0891591146372126	0.011966104049052096
2.1048670779051615	0.039334643887866345
2.1205750411731104	0.0041348557008112335
2.1362830044410592	0.028612626573983318
2.151990967709008	0.006188621201763212
2.1676989309769574	0.00947010447175375
2.1834068942449063	0.010797047070114339
2.199114857512855	0.0515600715410238
2.214822820780804	0.00378704793539104
2.230530784048753	0.013800170477467608
2.2462387473167023	0.0170317249261806
2.261946710584651	0.006645414629772049
2.2776546738526	0.002085051015455515
2.293362637120549	0.004550227896647298
2.3090706003884978	0.13323913191425948
2.324778563656447	0.006815602428573351
2.340486526924396	0.007678297497760248
2.356194490192345	0.009877002404155507
2.3719024534602937	0.01847367495499543
2.3876104167282426	0.011788216454261721
2.403318379996192	0.028889948935296703
2.419026343264141	0.01434195306313543
2.4347343065320897	0.0037849819060417457
2.4504422698000385	0.008713400119353537
2.4661502330679874	0.008896321199839841
2.4818581963359367	0.0021969948899805323
2.4975661596038856	0.005475446393063698
2.5132741228718345	0.4009128402128101
2.5289820861397834	0.03213816184070556
2.5446900494077322	0.11953655653453396
2.5603980126756816	0.002535100337215399
2.5761059759436304	0.010024690068966858
2.5918139392115793	0.001967755424963891
2.607521902479528	0.004566422547418179
2.623229865747477	0.0007893135791853062
2.6389378290154264	0.0022043461193977077
2.6546457922833753	0.002265747002544695
2.670353755551324	0.0041519841478571354
2.686061718819273	0.018103532037921383
2.701769682087222	0.011243021919369444
2.7174776453551712	0.0011442626107325364
2.73318560862312	0.00048369097295357025
2.748893571891069	0.0048572321561870585
2.764601535159018	0.009588012155547679
2.7803094984269667	0.0023867494024677675
2.796017461694916	0.0007216791335639276
2.811725424962865	0.0004569250296986177
2.827433388230814	0.00434226227991903
2.8431413514987627	0.0006729853497890319
2.8588493147667116	0.0017091956772954553
2.874557278034661	0.0004653039464803294
2.8902652413026098	0.0004866380491568402
2.9059732045705586	0.00045950059486206916
2.9216811678385075	0.0012386938451217162
2.9373891311064564	0.0020436970873795035
2.9530970943744057	0.00023130950955787066
2.9688050576423546	0.0007213177629149075
2.9845130209103035	0.002636087061902675
3.0002209841782523	0.0014427274331493768
3.015928947446201	0.000499756800172606
3.0316369107141505	0.00017718898702894629
3.0473448739820994	0.00014038880911411287
3.0630528372500483	0.000456554542672012
3.078760800517997	0.00023786759237116374
3.094468763785946	0.0006345299837569446
3.1101767270538954	0.0005037808139812547
3.1258846903218442	0.0004358478443899407
3.141592653589793	0.0009110573415477313
3.157300616857742	0.000137039038060285
3.173008580125691	0.00018664811784414236
3.18871654339364	0.0001630109443297327
3.204424506661589	0.004993223510831794
3.220132469929538	0.00011132079486570838
3.235840433197487	0.00010805103516179998
3.2515483964654357	7.751484399733311e-5
3.267256359733385	0.00011654296769317876
3.282964323001334	7.058012987675606e-5
3.2986722862692828	0.00010335185667534199
3.3143802495372316	0.0004163037147932852
3.3300882128051805	0.0015148371700653125
3.34579617607313	0.00010398592344465858
3.3615041393410787	6.384399265376582e-5
3.3772121026090276	0.0001030571416021527
3.3929200658769765	9.631214058305587e-5
3.4086280291449254	7.672041155437907e-5
3.4243359924128747	5.732593041302898e-5
3.4400439556808236	0.00011845814392729393
3.4557519189487724	6.213189136761998e-5
3.4714598822167213	0.00018635260034217184
3.48716784548467	7.107446216161706e-5
3.5028758087526195	5.881295223687737e-5
3.5185837720205684	6.742776906522057e-5
3.5342917352885173	4.69261951774713e-5
3.549999698556466	4.3819678977525064e-5
3.565707661824415	4.051143307250992e-5
3.5814156250923643	4.4725232683081024e-5
3.597123588360313	4.053537541011739e-5
3.612831551628262	0.00010465369534002115
3.628539514896211	4.33046874921323e-5
3.64424747816416	0.00010051062926171332
3.659955441432109	0.00010796906078328572
3.675663404700058	4.0843123626840415e-5
3.691371367968007	3.6250360269958106e-5
3.707079331235956	3.464706718502643e-5
3.7227872945039047	3.3743130458111164e-5
3.738495257771854	3.319931132723011e-5
3.754203221039803	3.595331758676871e-5
3.7699111843077517	3.7777346546114404e-5
3.7856191475757006	0.00022534458614613094
3.8013271108436495	3.2749636326336554e-5
3.817035074111599	3.0607804791136396e-5
3.8327430373795477	2.9792679545701457e-5
3.8484510006474966	2.9205997983437523e-5
3.8641589639154454	2.8698091729116113e-5
3.8798669271833943	2.8229117878403633e-5
3.8955748904513436	2.778439687519983e-5
3.9112828537192925	2.7357281481303038e-5
3.9269908169872414	2.6944278908983635e-5
3.9426987802551903	2.6543329298805014e-5
3.958406743523139	2.6153099144477728e-5
3.9741147067910885	2.5772656462492892e-5
3.9898226700590373	2.5401307554883572e-5
4.005530633326986	2.5038508840754654e-5
4.0212385965949355	2.468381629453377e-5
4.036946559862884	2.433685494178721e-5
4.052654523130833	2.399729963451733e-5
4.068362486398782	2.366486246428114e-5
4.084070449666731	2.3339284238706066e-5
4.09977841293468	2.302032853305923e-5
4.115486376202629	2.2707777424477677e-5
4.131194339470578	2.240142835628462e-5
4.146902302738527	2.210109178023242e-5
4.162610266006476	2.1806589346391653e-5
4.178318229274425	2.1517752486525077e-5
4.194026192542374	2.1234421285569713e-5
4.209734155810323	2.0956443567747024e-5
4.225442119078272	2.0683674145186576e-5
4.241150082346221	2.0415974191455424e-5
4.25685804561417	2.01532107124685e-5
4.2725660088821185	1.989525609432299e-5
4.288273972150067	1.9641987712667254e-5
4.303981935418016	1.93932875918794e-5
4.319689898685965	1.9149042105008857e-5
4.335397861953915	1.890914170743675e-5
4.351105825221864	1.8673480698700723e-5
4.366813788489813	1.8441957008068507e-5
4.3825217517577615	1.821447200031445e-5
4.39822971502571	1.7990930298824797e-5
4.413937678293659	1.7771239623680402e-5
4.429645641561608	1.7555310642785265e-5
4.445353604829557	1.7343056834430015e-5
4.461061568097506	1.7134394359946468e-5
4.476769531365456	1.6929241945321264e-5
4.4924774946334045	1.6727520770803153e-5
4.508185457901353	1.6529154367684915e-5
4.523893421169302	1.633406852155325e-5
4.539601384437251	1.6142191181396722e-5
4.5553093477052	1.5953452374038106e-5
4.571017310973149	1.5767784123429907e-5
4.586725274241098	1.558512037440619e-5
4.602433237509047	1.5405396920524947e-5
4.6181412007769955	1.5228551335688013e-5
4.633849164044944	1.5054522909251191e-5
4.649557127312894	1.48832525843675e-5
4.665265090580843	1.4714682899340341e-5
4.680973053848792	1.4548757931773455e-5
4.696681017116741	1.4385423245339126e-5
4.71238898038469	1.422462583898632e-5
4.7280969436526386	1.4066314098442384e-5
4.743804906920587	1.3910437749861603e-5
4.759512870188536	1.3756947815496891e-5
4.775220833456485	1.3605796571270436e-5
4.790928796724435	1.3456937506140066e-5
4.806636759992384	1.3310325283155734e-5
4.822344723260333	1.3165915702116542e-5
4.838052686528282	1.3023665663740645e-5
4.8537606497962305	1.2883533135268363e-5
4.869468613064179	1.2745477117424901e-5
4.885176576332128	1.2609457612671303e-5
4.900884539600077	1.2475435594682264e-5
4.916592502868026	1.2343372978985416e-5
4.932300466135975	1.221323259471274e-5
4.948008429403924	1.2084978157403074e-5
4.9637163926718735	1.195857424281317e-5
4.979424355939822	1.1833986261684287e-5
4.995132319207771	1.171118043542625e-5
5.01084028247572	1.1590123772672014e-5
5.026548245743669	1.1470784046669496e-5
5.042256209011618	1.13531297734669e-5
5.057964172279567	1.123713019086515e-5
5.073672135547516	1.1122755238095728e-5
5.0893800988154645	1.1009975536201163e-5
5.105088062083414	1.0898762369080994e-5
5.120796025351363	1.0789087665181698e-5
5.136503988619312	1.0680923979799193e-5
5.152211951887261	1.0574244477974202e-5
5.16791991515521	1.0469022917949442e-5
5.183627878423159	1.0365233635172025e-5
5.1993358416911075	1.0262851526818073e-5
5.215043804959056	1.0161852036816098e-5
5.230751768227005	1.0062211141353726e-5
5.246459731494954	9.963905334845919e-6
5.262167694762903	9.866911616348998e-6
5.277875658030853	9.771207476402412e-6
5.293583621298802	9.676770884282161e-6
5.3092915845667505	9.58358027565155e-6
5.324999547834699	9.491614540592804e-6
5.340707511102648	9.400853012006622e-6
5.356415474370597	9.311275454366713e-6
5.372123437638546	9.222862052813874e-6
5.387831400906495	9.13559340258161e-6
5.403539364174444	9.049450498736938e-6
5.419247327442394	8.964414726227782e-6
5.4349552907103424	8.88046785022641e-6
5.450663253978291	8.797592006755537e-6
5.46637121724624	8.715769693592764e-6
5.482079180514189	8.634983761435761e-6
5.497787143782138	8.555217405328478e-6
5.513495107050087	8.476454156331232e-6
5.529203070318036	8.398677873431558e-6
5.544911033585985	8.321872735685624e-6
5.5606189968539335	8.24602323458276e-6
5.576326960121882	8.171114166626308e-6
5.592034923389832	8.097130626121867e-6
5.607742886657781	8.02405799816924e-6
5.62345084992573	7.95188195184711e-6
5.639158813193679	7.880588433588835e-6
5.654866776461628	7.810163660738629e-6
5.6705747397295765	7.740594115286682e-6
5.686282702997525	7.671866537773714e-6
5.701990666265474	7.603967921361664e-6
5.717698629533423	7.5368855060652626e-6
5.733406592801373	7.470606773138055e-6
5.749114556069322	7.405119439609442e-6
5.764822519337271	7.3404114529672325e-6
5.7805304826052195	7.2764709859814255e-6
5.796238445873168	7.213286431664836e-6
5.811946409141117	7.150846398366451e-6
5.827654372409066	7.0891397049931254e-6
5.843362335677015	7.028155376356085e-6
5.859070298944964	6.967882638637898e-6
5.874778262212913	6.908310914978149e-6
5.890486225480862	6.849429821170507e-6
5.906194188748811	6.791229161471714e-6
5.92190215201676	6.733698924517184e-6
5.937610115284709	6.676829279340686e-6
5.953318078552658	6.620610571494181e-6
5.969026041820607	6.565033319266126e-6
5.984734005088556	6.510088209994554e-6
6.000441968356505	6.455766096472439e-6
6.0161499316244536	6.40205799344194e-6
6.031857894892402	6.348955074176941e-6
6.047565858160352	6.296448667148886e-6
6.063273821428301	6.24453025277542e-6
6.07898178469625	6.193191460248011e-6
6.094689747964199	6.142424064437691e-6
6.110397711232148	6.092219982876012e-6
6.126105674500097	6.042571272808392e-6
6.1418136377680455	5.993470128320457e-6
6.157521601035994	5.9449088775306885e-6
6.173229564303943	5.896879979852869e-6
6.188937527571892	5.849376023322638e-6
6.204645490839841	5.802389721988101e-6
6.220353454107791	5.755913913361289e-6
6.23606141737574	5.709941555931565e-6
6.2517693806436885	5.664465726735376e-6
6.267477343911637	5.619479618984716e-6
6.283185307179586	5.574976539749946e-6
6.298893270447535	5.530949907697076e-6
6.314601233715484	5.4873932508769765e-6
6.330309196983433	5.444300204566072e-6
6.346017160251382	5.401664509156014e-6
6.3617251235193315	5.359480008093428e-6
6.37743308678728	5.317740645864461e-6
6.393141050055229	5.276440466026938e-6
6.408849013323178	5.235573609286533e-6
6.424556976591127	5.195134311616546e-6
6.440264939859076	5.155116902419639e-6
6.455972903127025	5.115515802732106e-6
6.471680866394974	5.076325523466061e-6
6.4873888296629225	5.037540663693972e-6
6.503096792930871	4.99915590896818e-6
6.51880475619882	4.96116602967958e-6
6.53451271946677	4.923565879452481e-6
6.550220682734719	4.886350393573739e-6
6.565928646002668	4.8495145874570035e-6
6.581636609270617	4.813053555140934e-6
6.5973445725385655	4.776962467819577e-6
6.613052535806514	4.741236572404242e-6
6.628760499074463	4.705871190118267e-6
6.644468462342412	4.670861715119716e-6
6.660176425610361	4.636203613155444e-6
6.675884388878311	4.60189242024376e-6
6.69159235214626	4.567923741384627e-6
6.707300315414209	4.53429324929781e-6
6.7230082786821574	4.5009966831876785e-6
6.738716241950106	4.468029847534379e-6
6.754424205218055	4.435388610910084e-6
6.770132168486004	4.403068904820912e-6
6.785840131753953	4.371066722572118e-6
6.801548095021902	4.339378118157731e-6
6.817256058289851	4.30799920517355e-6
6.8329640215578	4.276926155751671e-6
6.848671984825749	4.246155199518407e-6
6.864379948093698	4.2156826225723825e-6
6.880087911361647	4.185504766485481e-6
6.895795874629596	4.155618027322171e-6
6.911503837897545	4.126018854680363e-6
6.927211801165494	4.096703750751536e-6
6.942919764433443	4.0676692693998295e-6
6.9586277277013915	4.0389120152597855e-6
6.97433569096934	4.010428642852797e-6
6.99004365423729	3.9822158557205635e-6
7.005751617505239	3.9542704055766716e-6
7.021459580773188	3.926589091475007e-6
7.037167544041137	3.899168758994779e-6
7.052875507309086	3.872006299441748e-6
7.0685834705770345	3.845098649065018e-6
7.084291433844983	3.818442788290433e-6
7.099999397112932	3.792035740967805e-6
7.115707360380881	3.765874573633618e-6
7.13141532364883	3.7399563947883206e-6
7.147123286916779	3.7142783541878027e-6
7.162831250184729	3.6888376421483092e-6
7.1785392134526775	3.6636314888649933e-6
7.194247176720626	3.638657163744275e-6
7.209955139988575	3.613911974748574e-6
7.225663103256524	3.5893932677538065e-6
7.241371066524473	3.5650984259194154e-6
7.257079029792422	3.5410248690704252e-6
7.272786993060371	3.5171700530913488e-6
7.28849495632832	3.493531469331611e-6
7.304202919596269	3.4701066440222863e-6
7.319910882864218	3.44689313770451e-6
7.335618846132167	3.423888544667668e-6
7.351326809400116	3.4010904923990166e-6
7.367034772668065	3.378496641043516e-6
7.382742735936014	3.356104682873631e-6
7.398450699203963	3.333912341769321e-6
7.414158662471912	3.3119173727075816e-6
7.4298666257398605	3.2901175612614627e-6
7.445574589007809	3.2685107231089138e-6
7.461282552275758	3.247094703549837e-6
7.476990515543708	3.225867377032973e-6
7.492698478811657	3.2048266466910295e-6
7.508406442079606	3.183970443884527e-6
7.524114405347555	3.1632967277539914e-6
7.5398223686155035	3.142803484780346e-6
7.555530331883452	3.1224887283533906e-6
7.571238295151401	3.102350498347945e-6
7.58694625841935	3.082386860708162e-6
7.602654221687299	3.062595907038775e-6
7.618362184955249	3.042975754204229e-6
7.634070148223198	3.023524543934836e-6
7.6497781114911465	3.0042404424399908e-6
7.665486074759095	2.985121640028301e-6
7.681194038027044	2.966166350735024e-6
7.696902001294993	2.947372811955064e-6
7.712609964562942	2.928739284083747e-6
7.728317927830891	2.9102640501632513e-6
7.74402589109884	2.891945415535331e-6
7.759733854366789	2.8737817075006267e-6
7.7754418176347375	2.855771274983388e-6
7.791149780902687	2.8379124882025005e-6
7.806857744170636	2.8202037383482846e-6
7.822565707438585	2.8026434372647397e-6
7.838273670706534	2.7852300171375492e-6
7.853981633974483	2.7679619301873075e-6
7.869689597242432	2.750837648368392e-6
7.8853975605103805	2.7338556630726487e-6
7.901105523778329	2.7170144848386465e-6
7.916813487046278	2.7003126430655616e-6
7.932521450314228	2.683748685732356e-6
7.948229413582177	2.6673211791213406e-6
7.963937376850126	2.6510287075469387e-6
7.979645340118075	2.6348698730887333e-6
7.995353303386024	2.6188432953293025e-6
8.011061266653972	2.6029476110964242e-6
8.026769229921921	2.5871814742095453e-6
8.042477193189871	2.571543555230739e-6
8.058185156457819	2.5560325412199227e-6
8.073893119725769	2.540647135493724e-6
8.089601082993717	2.525386057389123e-6
8.105309046261667	2.5102480420303387e-6
8.121017009529615	2.4952318401003973e-6
8.136724972797564	2.480336217615656e-6
8.152432936065512	2.465559955704674e-6
8.168140899333462	2.4509018503908403e-6
8.183848862601412	2.436360712377951e-6
8.19955682586936	2.421935366840096e-6
8.21526478913731	2.4076246532144806e-6
8.230972752405258	2.3934274249979198e-6
8.246680715673207	2.3793425495466152e-6
8.262388678941155	2.3653689078793356e-6
8.278096642209105	2.35150539448352e-6
8.293804605477053	2.3377509171247332e-6
8.309512568745003	2.3241043966592705e-6
8.325220532012953	2.310564766849972e-6
8.3409284952809	2.297130974184362e-6
8.35663645854885	2.2838019776967116e-6
8.372344421816798	2.2705767487919104e-6
8.388052385084748	2.257454271073093e-6
8.403760348352696	2.244433540171596e-6
8.419468311620646	2.231513563579592e-6
8.435176274888594	2.2186933604856007e-6
8.450884238156544	2.205971961612454e-6
8.466592201424492	2.193348409058103e-6
8.482300164692441	2.180821756138565e-6
8.498008127960391	2.168391067233876e-6
8.51371609122834	2.15605541763582e-6
8.529424054496289	2.1438138933987984e-6
8.545132017764237	2.1316655911924726e-6
8.560839981032187	2.1196096181569484e-6
8.576547944300135	2.107645091760411e-6
8.592255907568084	2.0957711396585884e-6
8.607963870836032	2.0839868995568097e-6
8.623671834103982	2.072291519073766e-6
8.63937979737193	2.0606841556081326e-6
8.65508776063988	2.049163976206301e-6
8.67079572390783	2.0377301574329457e-6
8.686503687175778	2.0263818852433213e-6
8.702211650443727	2.0151183548573116e-6
8.717919613711675	2.0039387706357535e-6
8.733627576979625	1.9928423459585397e-6
8.749335540247573	1.9818283031045655e-6
8.765043503515523	1.970895873133653e-6
8.780751466783471	1.9600442957697557e-6
8.79645943005142	1.9492728192868035e-6
8.81216739331937	1.9385807003955837e-6
8.827875356587318	1.927967204132767e-6
8.843583319855268	1.9174316037511836e-6
8.859291283123216	1.9069731806121556e-6
8.874999246391166	1.8965912240793726e-6
8.890707209659114	1.8862850314140499e-6
8.906415172927064	1.8760539076723065e-6
8.922123136195012	1.8658971656032221e-6
8.937831099462962	1.8558141255493184e-6
8.953539062730911	1.8458041153477873e-6
8.96924702599886	1.835866470233574e-6
8.984954989266809	1.8260005327439937e-6
9.000662952534757	1.8162056526243925e-6
9.016370915802707	1.8064811867355502e-6
9.032078879070655	1.7968264989621526e-6
9.047786842338605	1.787240960123011e-6
9.063494805606553	1.7777239478822025e-6
9.079202768874502	1.7682748466616398e-6
9.09491073214245	1.7588930475552332e-6
9.1106186954104	1.7495779482437532e-6
9.12632665867835	1.7403289529113658e-6
9.142034621946298	1.7311454721633095e-6
9.157742585214248	1.7220269229446554e-6
9.173450548482196	1.7129727284602088e-6
9.189158511750145	1.7039823180957246e-6
9.204866475018093	1.6950551273403777e-6
9.220574438286043	1.6861905977100312e-6
9.236282401553991	1.6773881766717284e-6
9.25199036482194	1.6686473175693737e-6
9.267698328089889	1.659967479550356e-6
9.283406291357839	1.6513481274934096e-6
9.299114254625788	1.6427887319372691e-6
9.314822217893736	1.6342887690104786e-6
9.330530181161686	1.6258477203622411e-6
9.346238144429634	1.6174650730940207e-6
9.361946107697584	1.6091403196925513e-6
9.377654070965532	1.6008729579632372e-6
9.393362034233482	1.5926624909649123e-6
9.40906999750143	1.584508426945585e-6
9.42477796076938	1.5764102792785076e-6
9.44048592403733	1.568367566399882e-6
9.456193887305277	1.5603798117469198e-6
9.471901850573227	1.5524465436969566e-6
9.487609813841175	1.5445672955074558e-6
9.503317777109125	1.53674160525685e-6
9.519025740377073	1.5289690157859429e-6
9.534733703645022	1.5212490746406238e-6
9.55044166691297	1.5135813340148426e-6
9.56614963018092	1.5059653506947971e-6
9.58185759344887	1.4984006860037154e-6
9.597565556716818	1.4908869057472976e-6
9.613273519984768	1.4834235801600257e-6
9.628981483252716	1.476010283852422e-6
9.644689446520665	1.4686465957584758e-6
9.660397409788613	1.4613320990844496e-6
9.676105373056563	1.4540663812579007e-6
9.691813336324511	1.4468490338775638e-6
9.707521299592461	1.4396796526639451e-6
9.723229262860409	1.4325578374106578e-6
9.738937226128359	1.4254831919361466e-6
9.754645189396308	1.4184553240363496e-6
9.770353152664256	1.4114738454378896e-6
9.786061115932206	1.4045383717519309e-6
9.801769079200154	1.3976485224285627e-6
9.817477042468104	1.3908039207119298e-6
9.833185005736052	1.384004193595775e-6
9.848892969004002	1.377248971779939e-6
9.86460093227195	1.370537889626968e-6
9.8803088955399	1.3638705851196981e-6
9.896016858807847	1.3572466998191154e-6
9.911724822075797	1.3506658788231444e-6
9.927432785343747	1.3441277707254339e-6
9.943140748611695	1.3376320275752943e-6
9.958848711879645	1.3311783048377242e-6
9.974556675147593	1.3247662613541507e-6
9.990264638415542	1.3183955593036294e-6
10.00597260168349	1.312065864164693e-6
10.02168056495144	1.3057768446774266e-6
10.037388528219388	1.2995281728064367e-6
10.053096491487338	1.2933195237037914e-6
10.068804454755288	1.2871505756730396e-6
10.084512418023236	1.2810210101330827e-6
10.100220381291185	1.2749305115831137e-6
10.115928344559133	1.2688787675675351e-6
10.131636307827083	1.2628654686415297e-6
10.147344271095031	1.2568903083372423e-6
10.163052234362981	1.2509529831300793e-6
10.178760197630929	1.2450531924055678e-6
10.194468160898879	1.2391906384268344e-6
10.210176124166829	1.2333650263021528e-6
10.225884087434777	1.2275760639532388e-6
10.241592050702726	1.221823462083746e-6
10.257300013970674	1.2161069341481904e-6
10.273007977238624	1.2104261963214188e-6
10.288715940506572	1.2047809674682557e-6
10.304423903774522	1.1991709691136872e-6
10.32013186704247	1.193595925413411e-6
10.33583983031042	1.1880555631246337e-6
10.351547793578368	1.1825496115774143e-6
10.367255756846317	1.1770778026463324e-6
10.382963720114267	1.1716398707223157e-6
10.398671683382215	1.1662355526850686e-6
10.414379646650165	1.160864587875869e-6
10.430087609918113	1.1555267180704527e-6
10.445795573186063	1.1502216874523751e-6
10.46150353645401	1.1449492425869023e-6
10.47721149972196	1.139709132394743e-6
10.492919462989908	1.1345011081266798e-6
10.508627426257858	1.1293249233382063e-6
10.524335389525806	1.1241803338643426e-6
10.540043352793756	1.1190670977951708e-6
10.555751316061706	1.113984975451285e-6
10.571459279329654	1.1089337293598149e-6
10.587167242597603	1.1039131242305036e-6
10.602875205865551	1.0989229269324328e-6
10.618583169133501	1.093962906470642e-6
10.634291132401449	1.0890328339632157e-6
10.649999095669399	1.0841324826187868e-6
10.665707058937347	1.079261627713996e-6
10.681415022205297	1.0744200465716525e-6
10.697122985473246	1.0696075185386395e-6
10.712830948741194	1.0648238249645986e-6
10.728538912009144	1.0600687491805576e-6
10.744246875277092	1.0553420764778486e-6
10.759954838545042	1.0506435940874673e-6
10.77566280181299	1.0459730911595244e-6
10.79137076508094	1.0413303587428944e-6
10.807078728348888	1.03671518976533e-6
10.822786691616837	1.032127379013543e-6
10.838494654884787	1.0275667231137917e-6
10.854202618152735	1.0230330205124809e-6
10.869910581420685	1.018526071457221e-6
10.885618544688633	1.0140456779777534e-6
10.901326507956583	1.0095916438676249e-6
10.91703447122453	1.0051637746655816e-6
10.93274243449248	1.0007618776375387e-6
10.948450397760428	9.963857617584579e-7
10.964158361028378	9.9203523769475e-7
10.979866324296326	9.877101177867454e-7
10.995574287564276	9.834102160312127e-7
11.011282250832226	9.791353480644778e-7
11.026990214100174	9.74885331145319e-7
11.042698177368123	9.706599841383397e-7
11.058406140636071	9.664591274974265e-7
11.074114103904021	9.622825832494395e-7
11.08982206717197	9.581301749781172e-7
11.105530030439919	9.540017278080551e-7
11.121237993707867	9.498970683890036e-7
11.136945956975817	9.458160248803167e-7
11.152653920243765	9.417584269355818e-7
11.168361883511714	9.377241056872971e-7
11.184069846779664	9.337128937319549e-7
11.199777810047612	9.297246251151836e-7
11.215485773315562	9.257591353170454e-7
11.23119373658351	9.218162612375261e-7
11.24690169985146	9.17895841182134e-7
11.262609663119408	9.139977148478481e-7
11.278317626387357	9.101217233089926e-7
11.294025589655305	9.062677090034927e-7
11.309733552923255	9.024355157190625e-7
11.325441516191205	8.986249885798081e-7
11.341149479459153	8.948359740327138e-7
11.356857442727103	8.910683198344954e-7
11.37256540599505	8.873218750385636e-7
11.388273369263	8.835964899820186e-7
11.403981332530948	8.798920162729131e-7
11.419689295798898	8.762083067776106e-7
11.435397259066846	8.725452156083664e-7
11.451105222334796	8.689025981108455e-7
11.466813185602746	8.65280310852091e-7
11.482521148870694	8.616782116083126e-7
11.498229112138644	8.580961593530378e-7
11.513937075406592	8.545340142453085e-7
11.529645038674541	8.509916376180207e-7
11.54535300194249	8.47468891966313e-7
11.561060965210439	8.439656409363282e-7
11.576768928478387	8.404817493138536e-7
11.592476891746337	8.370170830131128e-7
11.608184855014285	8.335715090658703e-7
11.623892818282235	8.301448956104607e-7
11.639600781550184	8.267371118810281e-7
11.655308744818132	8.233480281968831e-7
11.671016708086082	8.199775159519889e-7
11.68672467135403	8.166254476044469e-7
11.70243263462198	8.132916966663173e-7
11.718140597889928	8.099761376933539e-7
11.733848561157878	8.066786462749952e-7
11.749556524425826	8.033990990242847e-7
11.765264487693775	8.001373735681531e-7
11.780972450961723	7.968933485375727e-7
11.796680414229673	7.936669035579796e-7
11.812388377497623	7.90457919239724e-7
11.82809634076557	7.872662771686291e-7
11.84380430403352	7.840918598966654e-7
11.859512267301469	7.809345509327485e-7
11.875220230569418	7.777942347336746e-7
11.890928193837366	7.746707966949306e-7
11.906636157105316	7.715641231419622e-7
11.922344120373264	7.684741013212322e-7
11.938052083641214	7.654006193915459e-7
11.953760046909164	7.62343566415331e-7
11.969468010177112	7.593028323502824e-7
11.985175973445061	7.562783080406681e-7
12.00088393671301	7.532698852091624e-7
12.01659189998096	7.502774564485277e-7
12.032299863248907	7.47300915213373e-7
12.048007826516857	7.443401558121122e-7
12.063715789784805	7.413950733990412e-7
12.079423753052755	7.384655639662808e-7
12.095131716320704	7.355515243359898e-7
12.110839679588652	7.326528521526925e-7
12.126547642856602	7.297694458755477e-7
12.14225560612455	7.269012047707099e-7
12.1579635693925	7.240480289039911e-7
12.173671532660448	7.21209819133249e-7
12.189379495928398	7.183864771012093e-7
12.205087459196346	7.15577905228057e-7
12.220795422464295	7.127840067043622e-7
12.236503385732243	7.100046854839102e-7
12.252211349000193	7.072398462766777e-7
12.267919312268143	7.044893945418967e-7
12.283627275536091	7.017532364810263e-7
12.29933523880404	6.990312790312124e-7
12.315043202071989	6.963234298582747e-7
12.330751165339938	6.936295973501164e-7
12.346459128607886	6.909496906102429e-7
12.362167091875836	6.882836194510007e-7
12.377875055143784	6.856312943873319e-7
12.393583018411734	6.829926266302326e-7
12.409290981679682	6.803675280804764e-7
12.424998944947632	6.777559113223298e-7
12.440706908215581	6.75157689617365e-7
12.45641487148353	6.725727768983226e-7
12.47212283475148	6.700010877630339e-7
12.487830798019427	6.674425374683928e-7
12.503538761287377	6.648970419244557e-7
12.519246724555325	6.623645176885012e-7
12.534954687823275	6.598448819592498e-7
12.550662651091223	6.573380525710679e-7
12.566370614359172	6.548439479882554e-7
