-12.566370614359172	-3.214462649330868e-5
-12.550662651091223	-3.226705564177756e-5
-12.534954687823275	-3.2390109416507925e-5
-12.519246724555325	-3.251379181985013e-5
-12.503538761287377	-3.263810688507029e-5
-12.487830798019427	-3.276305867663931e-5
-12.47212283475148	-3.288865129051394e-5
-12.45641487148353	-3.3014888854422485e-5
-12.440706908215581	-3.314177552815079e-5
-12.424998944947632	-3.326931550383874e-5
-12.409290981679682	-3.3397513006273243e-5
-12.393583018411734	-3.352637229318788e-5
-12.377875055143784	-3.365589765555572e-5
-12.362167091875836	-3.378609341791137e-5
-12.346459128607886	-3.391696393863997e-5
-12.330751165339938	-3.4048513610296556e-5
-12.315043202071989	-3.4180746859921884e-5
-12.29933523880404	-3.4313668149356055e-5
-12.283627275536091	-3.4447281975560506e-5
-12.267919312268143	-3.458159287094301e-5
-12.252211349000193	-3.47166054036826e-5
-12.236503385732243	-3.4852324178064585e-5
-12.220795422464295	-3.4988753834812075e-5
-12.205087459196346	-3.5125899051426256e-5
-12.189379495928398	-3.526376454252504e-5
-12.173671532660448	-3.5402355060194154e-5
-12.1579635693925	-3.554167539432647e-5
-12.14225560612455	-3.568173037298842e-5
-12.126547642856602	-3.582252486276096e-5
-12.110839679588652	-3.596406376911793e-5
-12.095131716320704	-3.6106352036771746e-5
-12.079423753052755	-3.624939465005675e-5
-12.063715789784805	-3.63931966332907e-5
-12.048007826516857	-3.6537763051159306e-5
-12.032299863248907	-3.6683099009090105e-5
-12.01659189998096	-3.682920965364265e-5
-12.00088393671301	-3.697610017289077e-5
-11.985175973445061	-3.7123775796819855e-5
-11.969468010177112	-3.7272241797723776e-5
-11.953760046909164	-3.742150349060307e-5
-11.938052083641214	-3.757156623357483e-5
-11.922344120373264	-3.7722435428282395e-5
-11.906636157105316	-3.787411652030373e-5
-11.890928193837366	-3.802661499957948e-5
-11.875220230569418	-3.8179936400831714e-5
-11.859512267301469	-3.833408630399437e-5
-11.84380430403352	-3.848907033464308e-5
-11.82809634076557	-3.8644894164438514e-5
-11.812388377497623	-3.8801563511564054e-5
-11.796680414229673	-3.8959084141178404e-5
-11.780972450961723	-3.911746186586546e-5
-11.765264487693775	-3.927670254608776e-5
-11.749556524425826	-3.943681209065517e-5
-11.733848561157878	-3.959779645719825e-5
-11.718140597889928	-3.9759661652622594e-5
-11.70243263462198	-3.992241373360727e-5
-11.68672467135403	-4.008605880707807e-5
-11.671016708086082	-4.025060303069421e-5
-11.655308744818132	-4.0416052613351475e-5
-11.639600781550184	-4.058241381567659e-5
-11.623892818282235	-4.0749692950535087e-5
-11.608184855014285	-4.091789638354096e-5
-11.592476891746337	-4.10870305335732e-5
-11.576768928478387	-4.1257101873302805e-5
-11.561060965210439	-4.142811692971817e-5
-11.54535300194249	-4.1600082284660126e-5
-11.529645038674541	-4.177300457536434e-5
-11.513937075406592	-4.194689049500575e-5
-11.498229112138644	-4.2121746793257244e-5
-11.482521148870694	-4.2297580276839205e-5
-11.466813185602746	-4.247439781009781e-5
-11.451105222334796	-4.2652206315565405e-5
-11.435397259066846	-4.283101277455288e-5
-11.419689295798898	-4.301082422771825e-5
-11.403981332530948	-4.319164777567873e-5
-11.388273369263	-4.337349057958479e-5
-11.37256540599505	-4.355635986175369e-5
-11.356857442727103	-4.374026290626124e-5
-11.341149479459153	-4.392520705957237e-5
-11.325441516191205	-4.411119973116504e-5
-11.309733552923255	-4.429824839416064e-5
-11.294025589655305	-4.44863605859739e-5
-11.278317626387357	-4.467554390895899e-5
-11.262609663119408	-4.4865806031059034e-5
-11.24690169985146	-4.505715468648086e-5
-11.23119373658351	-4.524959767636011e-5
-11.215485773315562	-4.5443142869445195e-5
-11.199777810047612	-4.563779820278065e-5
-11.184069846779664	-4.5833571682405855e-5
-11.168361883511714	-4.60304713840597e-5
-11.152653920243765	-4.6228505453889754e-5
-11.136945956975817	-4.642768210917684e-5
-11.121237993707867	-4.6628009639062296e-5
-11.105530030439919	-4.6829496405281994e-5
-11.08982206717197	-4.703215084291487e-5
-11.074114103904021	-4.7235981461147635e-5
-11.058406140636071	-4.7440996844019723e-5
-11.042698177368123	-4.764720565121545e-5
-11.026990214100174	-4.785461661883345e-5
-11.011282250832226	-4.8063238560184435e-5
-10.995574287564276	-4.827308036659145e-5
-10.979866324296326	-4.848415100819964e-5
-10.964158361028378	-4.8696459534795933e-5
-10.948450397760428	-4.891001507664341e-5
-10.93274243449248	-4.9124826845315014e-5
-10.91703447122453	-4.934090413454926e-5
-10.901326507956583	-4.955825632110404e-5
-10.885618544688633	-4.9776892865640986e-5
-10.869910581420685	-4.999682331358857e-5
-10.854202618152735	-5.021805729604588e-5
-10.838494654884787	-5.044060453068819e-5
-10.822786691616837	-5.066447482266588e-5
-10.807078728348888	-5.088967806554666e-5
-10.79137076508094	-5.111622424224026e-5
-10.77566280181299	-5.134412342594974e-5
-10.759954838545042	-5.157338578112734e-5
-10.744246875277092	-5.180402156445239e-5
-10.728538912009144	-5.2036041125807113e-5
-10.712830948741194	-5.226945490927503e-5
-10.697122985473246	-5.250427345414291e-5
-10.681415022205297	-5.2740507395925446e-5
-10.665707058937347	-5.297816746739731e-5
-10.649999095669399	-5.321726449963462e-5
-10.634291132401449	-5.3457809423069857e-5
-10.618583169133501	-5.3699813268567896e-5
-10.602875205865551	-5.394328716851185e-5
-10.587167242597603	-5.418824235789223e-5
-10.571459279329654	-5.443469017542005e-5
-10.555751316061706	-5.4682642064658225e-5
-10.540043352793756	-5.493210957515407e-5
-10.524335389525806	-5.5183104363589565e-5
-10.508627426257858	-5.5435638194962365e-5
-10.492919462989908	-5.5689722943749924e-5
-10.47721149972196	-5.594537059512217e-5
-10.46150353645401	-5.6202593246138874e-5
-10.445795573186063	-5.646140310699382e-5
-10.430087609918113	-5.672181250224086e-5
-10.414379646650165	-5.6983833872064667e-5
-10.398671683382215	-5.724747977355118e-5
-10.382963720114267	-5.751276288197129e-5
-10.367255756846317	-5.777969599210204e-5
-10.351547793578368	-5.80482920195377e-5
-10.33583983031042	-5.8318564002036344e-5
-10.32013186704247	-5.8590525100881234e-5
-10.304423903774522	-5.886418860224108e-5
-10.288715940506572	-5.913956791858054e-5
-10.273007977238624	-5.9416676590059825e-5
-10.257300013970674	-5.969552828596539e-5
-10.241592050702726	-5.99761368061612e-5
-10.225884087434777	-6.02585160825498e-5
-10.210176124166829	-6.054268018055479e-5
-10.194468160898879	-6.082864330063486e-5
-10.178760197630929	-6.111641977979535e-5
-10.163052234362981	-6.14060240931402e-5
-10.147344271095031	-6.169747085542957e-5
-10.131636307827083	-6.19907748226672e-5
-10.115928344559133	-6.228595089370479e-5
-10.100220381291185	-6.258301411186385e-5
-10.084512418023236	-6.288197966658254e-5
-10.068804454755288	-6.318286289509086e-5
-10.053096491487338	-6.348567928409347e-5
-10.037388528219388	-6.379044447148163e-5
-10.02168056495144	-6.409717424807629e-5
-10.00597260168349	-6.440588455937595e-5
-9.990264638415542	-6.471659150734652e-5
-9.974556675147593	-6.502931135222233e-5
-9.958848711879645	-6.534406051433042e-5
-9.943140748611695	-6.566085557595454e-5
-9.927432785343747	-6.597971328320435e-5
-9.911724822075797	-6.630065054791924e-5
-9.896016858807847	-6.662368444960199e-5
-9.8803088955399	-6.69488322373669e-5
-9.86460093227195	-6.727611133192631e-5
-9.848892969004002	-6.760553932759058e-5
-9.833185005736052	-6.793713399430866e-5
-9.817477042468104	-6.827091327972986e-5
-9.801769079200154	-6.860689531128316e-5
-9.786061115932206	-6.894509839831376e-5
-9.770353152664256	-6.928554103420935e-5
-9.754645189396308	-6.962824189859381e-5
-9.738937226128359	-6.99732198595189e-5
-9.723229262860409	-7.032049397570553e-5
-9.707521299592461	-7.06700834988149e-5
-9.691813336324511	-7.102200787573275e-5
-9.676105373056563	-7.137628675091269e-5
-9.660397409788613	-7.173293996872795e-5
-9.644689446520665	-7.209198757586565e-5
-9.628981483252716	-7.245344982375555e-5
-9.613273519984768	-7.281734717102643e-5
-9.597565556716818	-7.318370028600443e-5
-9.58185759344887	-7.355253004923628e-5
-9.56614963018092	-7.392385755606081e-5
-9.55044166691297	-7.429770411919334e-5
-9.534733703645022	-7.467409127138177e-5
-9.519025740377073	-7.505304076806177e-5
-9.503317777109125	-7.543457459007407e-5
-9.487609813841175	-7.581871494640953e-5
-9.471901850573227	-7.620548427700227e-5
-9.456193887305277	-7.65949052555412e-5
-9.44048592403733	-7.698700079235665e-5
-9.42477796076938	-7.738179403730033e-5
-9.40906999750143	-7.777930838271622e-5
-9.393362034233482	-7.817956746641633e-5
-9.377654070965532	-7.858259517471514e-5
-9.361946107697584	-7.898841564550555e-5
-9.346238144429634	-7.939705327137632e-5
-9.330530181161686	-7.980853270277313e-5
-9.314822217893736	-8.022287885121067e-5
-9.299114254625788	-8.064011689252858e-5
-9.283406291357839	-8.1060272270179e-5
-9.267698328089889	-8.148337069860398e-5
-9.25199036482194	-8.190943816659668e-5
-9.236282401553991	-8.23385009407702e-5
-9.220574438286043	-8.277058556905749e-5
-9.204866475018093	-8.32057188842409e-5
-9.189158511750145	-8.364392800756208e-5
-9.173450548482196	-8.408524035236595e-5
-9.157742585214248	-8.452968362781885e-5
-9.142034621946298	-8.497728584264445e-5
-9.12632665867835	-8.54280753089657e-5
-9.1106186954104	-8.588208064614872e-5
-9.09491073214245	-8.633933078473901e-5
-9.079202768874502	-8.67998549704516e-5
-9.063494805606553	-8.726368276820198e-5
-9.047786842338605	-8.773084406622928e-5
-9.032078879070655	-8.820136908023365e-5
-9.016370915802707	-8.867528835761555e-5
-9.000662952534757	-8.915263278178154e-5
-8.984954989266809	-8.96334335764596e-5
-8.96924702599886	-9.011772231015612e-5
-8.953539062730911	-9.06055309006082e-5
-8.937831099462962	-9.109689161935212e-5
-8.922123136195012	-9.159183709634738e-5
-8.906415172927064	-9.209040032464136e-5
-8.890707209659114	-9.259261466517078e-5
-8.874999246391166	-9.30985138515524e-5
-8.859291283123216	-9.360813199501254e-5
-8.843583319855268	-9.412150358935928e-5
-8.827875356587318	-9.463866351604348e-5
-8.81216739331937	-9.515964704928862e-5
-8.79645943005142	-9.568448986130083e-5
-8.780751466783471	-9.621322802756793e-5
-8.765043503515523	-9.674589803222509e-5
-8.749335540247573	-9.72825367735099e-5
-8.733627576979625	-9.782318156930647e-5
-8.717919613711675	-9.836787016277047e-5
-8.702211650443727	-9.891664072804439e-5
-8.686503687175778	-9.946953187604319e-5
-8.67079572390783	-0.0001000265826603629
-8.65508776063988	-0.0001005878325832597
-8.63937979737193	-0.00010115332160171577
-8.623671834103982	-0.00010172309013362934
-8.607963870836032	-0.00010229717906406326
-8.592255907568084	-0.00010287562975162451
-8.576547944300135	-0.00010345848403492844
-8.560839981032187	-0.00010404578423916669
-8.545132017764237	-0.00010463757318277407
-8.529424054496289	-0.0001052338941842226
-8.51371609122834	-0.00010583479106889861
-8.498008127960391	-0.00010644030817608345
-8.482300164692441	-0.00010705049036610005
-8.466592201424492	-0.00010766538302749132
-8.450884238156544	-0.00010828503208437899
-8.435176274888594	-0.0001089094840039273
-8.419468311620646	-0.0001095387858038947
-8.403760348352696	-0.0001101729850603418
-8.388052385084748	-0.00011081212991545457
-8.372344421816798	-0.0001114562690854943
-8.35663645854885	-0.00011210545186885811
-8.3409284952809	-0.00011275972815430748
-8.325220532012953	-0.00011341914842930558
-8.309512568745003	-0.00011408376378847826
-8.293804605477053	-0.00011475362594226212
-8.278096642209105	-0.00011542878722563178
-8.262388678941155	-0.00011610930060702303
-8.246680715673207	-0.0001167952196973737
-8.230972752405258	-0.00011748659875933095
-8.21526478913731	-0.00011818349271658685
-8.19955682586936	-0.00011888595716341214
-8.183848862601412	-0.00011959404837428084
-8.168140899333462	-0.00012030782331374041
-8.152432936065512	-0.00012102733964637382
-8.136724972797564	-0.00012175265574696482
-8.121017009529615	-0.0001224838307108328
-8.105309046261667	-0.0001232209243643149
-8.089601082993717	-0.0001239639972754693
-8.073893119725769	-0.00012471311076492106
-8.058185156457819	-0.00012546832691691763
-8.042477193189871	-0.0001262297085905423
-8.026769229921921	-0.00012699731943114416
-8.011061266653972	-0.00012777122388197648
-7.995353303386024	-0.00012855148719597646
-7.979645340118075	-0.00012933817544780987
-7.963937376850126	-0.00013013135554609825
-7.948229413582177	-0.00013093109524583545
-7.932521450314228	-0.0001317374631610612
-7.916813487046278	-0.0001325505287777055
-7.901105523778329	-0.00013337036246671095
-7.8853975605103805	-0.00013419703549733323
-7.869689597242432	-0.00013503062005070808
-7.853981633974483	-0.00013587118923362316
-7.838273670706534	-0.0001367188170925747
-7.822565707438585	-0.00013757357862802645
-7.806857744170636	-0.0001384355498089501
-7.791149780902687	-0.00013930480758760303
-7.7754418176347375	-0.00014018142991458702
-7.759733854366789	-0.00014106549575415318
-7.74402589109884	-0.00014195708509979327
-7.728317927830891	-0.0001428562789901091
-7.712609964562942	-0.00014376315952495695
-7.696902001294993	-0.00014467780988187466
-7.681194038027044	-0.0001456003143328374
-7.665486074759095	-0.0001465307582612805
-7.6497781114911465	-0.0001474692281794268
-7.634070148223198	-0.00014841581174597105
-7.618362184955249	-0.0001493705977840274
-7.602654221687299	-0.00015033367629946492
-7.58694625841935	-0.00015130513849950328
-7.571238295151401	-0.00015228507681171486
-7.555530331883452	-0.00015327358490336212
-7.5398223686155035	-0.0001542707577010359
-7.524114405347555	-0.00015527669141073916
-7.508406442079606	-0.00015629148353828482
-7.492698478811657	-0.00015731523291008322
-7.476990515543708	-0.00015834803969430998
-7.461282552275758	-0.0001593900054224971
-7.445574589007809	-0.00016044123301148572
-7.4298666257398605	-0.00016150182678584021
-7.414158662471912	-0.00016257189250061313
-7.398450699203963	-0.000163651537364619
-7.382742735936014	-0.00016474087006406132
-7.367034772668065	-0.00016584000078670303
-7.351326809400116	-0.00016694904124638332
-7.335618846132167	-0.00016806810470813076
-7.319910882864218	-0.0001691973060136172
-7.304202919596269	-0.00017033676160721858
-7.28849495632832	-0.00017148658956248818
-7.272786993060371	-0.00017264690960919226
-7.257079029792422	-0.0001738178431608456
-7.241371066524473	-0.00017499951334276422
-7.225663103256524	-0.000176192045020718
-7.209955139988575	-0.00017739556483005594
-7.194247176720626	-0.00017861020120546995
-7.1785392134526775	-0.00017983608441130434
-7.162831250184729	-0.00018107334657249034
-7.147123286916779	-0.00018232212170602165
-7.13141532364883	-0.0001835825457531572
-7.115707360380881	-0.00018485475661214834
-7.099999397112932	-0.00018613889417168564
-7.084291433844983	-0.00018743510034498163
-7.0685834705770345	-0.00018874351910457126
-7.052875507309086	-0.00019006429651772185
-7.037167544041137	-0.00019139758078267632
-7.021459580773188	-0.00019274352226548102
-7.005751617505239	-0.00019410227353771736
-6.99004365423729	-0.0001954739894148336
-6.97433569096934	-0.00019685882699538396
-6.9586277277013915	-0.0001982569457010023
-6.942919764433443	-0.000199668507317165
-6.927211801165494	-0.00020109367603490005
-6.911503837897545	-0.00020253261849320533
-6.895795874629596	-0.00020398550382245026
-6.880087911361647	-0.00020545250368862595
-6.864379948093698	-0.0002069337923385311
-6.848671984825749	-0.00020842954664585238
-6.8329640215578	-0.0002099399461582883
-6.817256058289851	-0.0002114651731455635
-6.801548095021902	-0.0002130054126485243
-6.785840131753953	-0.0002145608525292054
-6.770132168486004	-0.00021613168352201272
-6.754424205218055	-0.0002177180992859552
-6.738716241950106	-0.00021932029645795628
-6.7230082786821574	-0.00022093847470736367
-6.707300315414209	-0.00022257283679159433
-6.69159235214626	-0.0002242235886129323
-6.675884388878311	-0.0002258909392766475
-6.660176425610361	-0.0002275751011501975
-6.644468462342412	-0.00022927628992395734
-6.628760499074463	-0.00023099472467298808
-6.613052535806514	-0.0002327306279203604
-6.5973445725385655	-0.0002344842257017869
-6.581636609270617	-0.00023625574763164092
-6.565928646002668	-0.00023804542697046253
-6.550220682734719	-0.00023985350069393845
-6.53451271946677	-0.0002416802095634482
-6.51880475619882	-0.00024352579819810825
-6.503096792930871	-0.0002453905151484512
-6.4873888296629225	-0.00024727461297180295
-6.471680866394974	-0.00024917834830922897
-6.455972903127025	-0.0002511019819643322
-6.440264939859076	-0.0002530457789837843
-6.424556976591127	-0.00025501000873964287
-6.408849013323178	-0.00025699494501360104
-6.393141050055229	-0.0002590008660831277
-6.37743308678728	-0.0002610280548095603
-6.3617251235193315	-0.0002630767987282778
-6.346017160251382	-0.0002651473901408851
-6.330309196983433	-0.00026724012620957406
-6.314601233715484	-0.0002693553090536525
-6.298893270447535	-0.00027149324584833885
-6.283185307179586	-0.0002736542489258455
-6.267477343911637	-0.0002758386358788507
-6.2517693806436885	-0.00027804672966638737
-6.23606141737574	-0.00028027885872225716
-6.220353454107791	-0.00028253535706598793
-6.204645490839841	-0.0002848165644164781
-6.188937527571892	-0.00028712282630826834
-6.173229564303943	-0.00028945449421072055
-6.157521601035994	-0.0002918119256499445
-6.1418136377680455	-0.00029419548433378404
-6.126105674500097	-0.0002966055402797122
-6.110397711232148	-0.00029904246994594654
-6.094689747964199	-0.000301506656365756
-6.07898178469625	-0.00030399848928490733
-6.063273821428301	-0.0003065183653027799
-6.047565858160352	-0.00030906668801667834
-6.031857894892402	-0.0003116438681699462
-6.0161499316244536	-0.0003142503238035837
-6.000441968356505	-0.00031688648041187424
-5.984734005088556	-0.00031955277110170237
-5.969026041820607	-0.00032224963675600826
-5.953318078552658	-0.00032497752620136926
-5.937610115284709	-0.00032773689637984364
-5.92190215201676	-0.0003305282125251502
-5.906194188748811	-0.00033335194834341065
-5.890486225480862	-0.0003362085861985361
-5.874778262212913	-0.0003390986173024142
-5.859070298944964	-0.0003420225419099898
-5.843362335677015	-0.0003449808695194599
-5.827654372409066	-0.0003479741190777296
-5.811946409141117	-0.00035100281919126663
-5.796238445873168	-0.00035406750834243006
-5.7805304826052195	-0.00035716873511167915
-5.764822519337271	-0.00036030705840558774
-5.749114556069322	-0.00036348304769104675
-5.733406592801373	-0.00036669728323567653
-5.717698629533423	-0.0003699503563547954
-5.701990666265474	-0.00037324286966504216
-5.686282702997525	-0.00037657543734497976
-5.6705747397295765	-0.00037994868540269
-5.654866776461628	-0.00038336325195089933
-5.639158813193679	-0.0003868197874895912
-5.62345084992573	-0.00039031895519651917
-5.607742886657781	-0.000393861431225756
-5.592034923389832	-0.00039744790501475275
-5.576326960121882	-0.00040107907959983815
-5.5606189968539335	-0.00040475567194087064
-5.544911033585985	-0.00040847841325496106
-5.529203070318036	-0.0004122480493598294
-5.513495107050087	-0.00041606534102700944
-5.497787143782138	-0.00041993106434521466
-5.482079180514189	-0.00042384601109433104
-5.46637121724624	-0.00042781098913028217
-5.450663253978291	-0.0004318268227811746
-5.4349552907103424	-0.00043589435325522936
-5.419247327442394	-0.0004400144390606434
-5.403539364174444	-0.0004441879564381751
-5.387831400906495	-0.00044841579980659543
-5.372123437638546	-0.00045269888222157067
-5.356415474370597	-0.00045703813584855565
-5.340707511102648	-0.00046143451244999345
-5.324999547834699	-0.00046588898388771633
-5.3092915845667505	-0.0004704025426405362
-5.293583621298802	-0.00047497620233820576
-5.277875658030853	-0.00047961099831196125
-5.262167694762903	-0.0004843079881624272
-5.246459731494954	-0.0004890682523454493
-5.230751768227005	-0.0004938928947767601
-5.215043804959056	-0.0004987830434559048
-5.1993358416911075	-0.0005037398511104215
-5.183627878423159	-0.0005087644958610575
-5.16791991515521	-0.0005138581819086369
-5.152211951887261	-0.0005190221402438073
-5.136503988619312	-0.0005242576293803565
-5.120796025351363	-0.0005295659361131073
-5.105088062083414	-0.0005349483763015747
-5.0893800988154645	-0.0005404062956803298
-5.073672135547516	-0.0005459410706972298
-5.057964172279567	-0.0005515541093809868
-5.042256209011618	-0.0005572468522391403
-5.026548245743669	-0.0005630207731879143
-5.01084028247572	-0.0005688773805156494
-4.995132319207771	-0.0005748182178812803
-4.979424355939822	-0.0005808448653498053
-4.9637163926718735	-0.0005869589404667154
-4.948008429403924	-0.0005931620993736381
-4.932300466135975	-0.000599456037967839
-4.916592502868026	-0.0006058424931084241
-4.900884539600077	-0.0006123232438731914
-4.885176576332128	-0.000618900112870035
-4.869468613064179	-0.0006255749676092474
-4.8537606497962305	-0.000632349721943882
-4.838052686528282	-0.000639226337589203
-4.822344723260333	-0.0006462068257365979
-4.806636759992384	-0.0006532932487860268
-4.790928796724435	-0.0006604877222344895
-4.775220833456485	-0.0006677924167813932
-4.759512870188536	-0.000675209560750055
-4.743804906920587	-0.0006827414429814899
-4.7280969436526386	-0.0006903904164104217
-4.71238898038469	-0.0006981589024323165
-4.696681017116741	-0.0007060493951968089
-4.680973053848792	-0.0007140644604172189
-4.665265090580843	-0.0007222067088628016
-4.649557127312894	-0.0007304787111747317
-4.633849164044944	-0.0007388829370943206
-4.6181412007769955	-0.0007474220346044478
-4.602433237509047	-0.0007560991288592899
-4.586725274241098	-0.0007649175085085427
-4.571017310973149	-0.0007738803825377122
-4.5553093477052	-0.0007829909659291151
-4.539601384437251	-0.0007922525818045571
-4.523893421169302	-0.0008016687145156184
-4.508185457901353	-0.0008112430510146694
-4.4924774946334045	-0.0008209795249974054
-4.476769531365456	-0.0008308823225489963
-4.461061568097506	-0.000840955642830303
-4.445353604829557	-0.0008512026631832932
-4.429645641561608	-0.0008616237150663807
-4.413937678293659	-0.0008722179413674493
-4.39822971502571	-0.0008829903547543451
-4.3825217517577615	-0.0008939508248789101
-4.366813788489813	-0.0009051073080239307
-4.351105825221864	-0.0009164653143317042
-4.335397861953915	-0.0009280298263392338
-4.319689898685965	-0.0009398062876103539
-4.303981935418016	-0.0009518009757655992
-4.288273972150067	-0.0009640212684495873
-4.2725660088821185	-0.0009764758775538279
-4.25685804561417	-0.0009891745053027027
-4.241150082346221	-0.0010021248491374121
-4.225442119078272	-0.0010153238885660457
-4.209734155810323	-0.001028752893037764
-4.194026192542374	-0.0010424017489349521
-4.178318229274425	-0.0010562829472381982
-4.162610266006476	-0.001070408496029444
-4.146902302738527	-0.0010848007062787485
-4.131194339470578	-0.0010994910491667154
-4.115486376202629	-0.0011145004951772417
-4.09977841293468	-0.0011298421590075459
-4.084070449666731	-0.0011455301610902406
-4.068362486398782	-0.0011615843281151395
-4.052654523130833	-0.0011780326839231038
-4.036946559862884	-0.001194911918913982
-4.0212385965949355	-0.0012122604016101773
-4.005530633326986	-0.0012300970859003906
-3.9898226700590373	-0.0012483922913195467
-3.9741147067910885	-0.0012669970550483864
-3.958406743523139	-0.0012856017013179813
-3.9426987802551903	-0.0013041136823694732
-3.9269908169872414	-0.0013228622698426408
-3.9112828537192925	-0.0013421327014016041
-3.8955748904513436	-0.0013620130646948012
-3.8798669271833943	-0.0013825545786073446
-3.8641589639154454	-0.0014038182142816762
-3.8484510006474966	-0.0014258756941913462
-3.8327430373795477	-0.001448834958023653
-3.817035074111599	-0.0014728620046560164
-3.8013271108436495	-0.001498172773059066
-3.7856191475757006	-0.0015249197136720197
-3.7699111843077517	-0.0015527915951517696
-3.754203221039803	-0.0015804761929923965
-3.738495257771854	-0.001606606150255221
-3.7227872945039047	-0.0016316463840251106
-3.707079331235956	-0.001656563535107496
-3.691371367968007	-0.0016816488135532656
-3.675663404700058	-0.0017075211857590714
-3.659955441432109	-0.0017349610925503454
-3.64424747816416	-0.0017643362086397585
-3.628539514896211	-0.0017957824260087974
-3.612831551628262	-0.0018294966273399945
-3.597123588360313	-0.0018658708676555836
-3.5814156250923643	-0.0019055165083565427
-3.565707661824415	-0.001949092006019454
-3.549999698556466	-0.0019967464578195425
-3.5342917352885173	-0.0020476503779448697
-3.5185837720205684	-0.002099877511020468
-3.5028758087526195	-0.002148409487529232
-3.48716784548467	-0.0021879271721573367
-3.4714598822167213	-0.0022213506951577968
-3.4557519189487724	-0.00225453872695571
-3.4400439556808236	-0.0022892285216278845
-3.4243359924128747	-0.0023272297184052425
-3.4086280291449254	-0.0023715355572003463
-3.3929200658769765	-0.0024240884111927856
-3.3772121026090276	-0.002486338939745534
-3.3615041393410787	-0.002560498003329681
-3.34579617607313	-0.0026500368356986593
-3.3300882128051805	-0.0027588221285906765
-3.3143802495372316	-0.0028864651939704794
-3.2986722862692828	-0.0030182597989464963
-3.282964323001334	-0.0031281428467247966
-3.267256359733385	-0.003211667908955122
-3.2515483964654357	-0.0032791714165489767
-3.235840433197487	-0.0033176776895231844
-3.220132469929538	-0.003323462323718463
-3.204424506661589	-0.003326022856537969
-3.18871654339364	-0.003348894915310549
-3.173008580125691	-0.0033973935475258257
-3.157300616857742	-0.003471579035179103
-3.141592653589793	-0.003572430474955883
-3.1258846903218442	-0.0037031592364359127
-3.1101767270538954	-0.0038696175626315088
-3.094468763785946	-0.004078632888505604
-3.078760800517997	-0.004334828508234667
-3.0630528372500483	-0.00463897896577307
-3.0473448739820994	-0.004968720264033289
-3.0316369107141505	-0.005245667314433928
-3.015928947446201	-0.005401963781841752
-3.0002209841782523	-0.005465318691395565
-2.9845130209103035	-0.0054697493223127185
-2.9688050576423546	-0.00544000876103974
-2.9530970943744057	-0.00543794961514924
-2.9373891311064564	-0.0055120817277384306
-2.9216811678385075	-0.0056785767777474214
-2.9059732045705586	-0.005945029822447577
-2.8902652413026098	-0.006327486418703952
-2.874557278034661	-0.006856040714643259
-2.8588493147667116	-0.007570670699531591
-2.8431413514987627	-0.008495641181894463
-2.827433388230814	-0.009596196051897316
-2.811725424962865	-0.010794188441515635
-2.796017461694916	-0.011946035240849433
-2.7803094984269667	-0.012621490339114649
-2.764601535159018	-0.012455582957370632
-2.748893571891069	-0.011803067634535867
-2.73318560862312	-0.01117650756501271
-2.7174776453551712	-0.010733223325083122
-2.701769682087222	-0.010522516265226762
-2.686061718819273	-0.010610579759301351
-2.670353755551324	-0.01103819208464742
-2.6546457922833753	-0.011846001725094391
-2.6389378290154264	-0.01310767040908986
-2.623229865747477	-0.01492767785489489
-2.607521902479528	-0.01739443575408792
-2.5918139392115793	-0.020381897089796253
-2.5761059759436304	-0.023096549081318668
-2.5603980126756816	-0.024350118334943643
-2.5446900494077322	-0.02414408461935106
-2.5289820861397834	-0.023329323273177025
-2.5132741228718345	-0.022062277173183886
-2.4975661596038856	-0.020466691837414817
-2.4818581963359367	-0.019140975059194328
-2.4661502330679874	-0.01848485137470647
-2.4504422698000385	-0.01856384593277373
-2.4347343065320897	-0.019360394521314023
-2.419026343264141	-0.02091200512423949
-2.403318379996192	-0.023332617778654544
-2.3876104167282426	-0.026739715877085683
-2.3719024534602937	-0.03106603317700544
-2.356194490192345	-0.03603196420537577
-2.340486526924396	-0.04149599399095711
-2.324778563656447	-0.04689413582031722
-2.3090706003884978	-0.050485786159209095
-2.293362637120549	-0.05149723838842792
-2.2776546738526	-0.050795845165858895
-2.261946710584651	-0.0484215149145265
-2.2462387473167023	-0.04483014774886158
-2.230530784048753	-0.04185552343964617
-2.214822820780804	-0.040733796032141716
-2.199114857512855	-0.04177405819431427
-2.1834068942449063	-0.04508210018757455
-2.1676989309769574	-0.0509396814761995
-2.151990967709008	-0.05985724201275734
-2.1362830044410592	-0.07234838013288146
-2.1205750411731104	-0.08796635707807579
-2.1048670779051615	-0.10427666979763024
-2.0891591146372126	-0.11902903222956299
-2.0734511513692633	-0.1308445508271113
-2.0577431881013144	-0.13364273863869158
-2.0420352248333655	-0.12276833293587101
-2.0263272615654166	-0.10531140367587584
-2.0106192982974678	-0.09039192015991145
-1.9949113350295187	-0.08119493844696657
-1.9792033717615696	-0.07756946031498341
-1.9634954084936207	-0.07892421268772795
-1.9477874452256718	-0.08518353006411783
-1.9320794819577227	-0.09690324488036828
-1.9163715186897738	-0.11496060133943034
-1.9006635554218247	-0.13988176579252568
-1.8849555921538759	-0.17135879818396788
-1.869247628885927	-0.20583660693387562
-1.853539665617978	-0.23022730106747968
-1.837831702350029	-0.22977554095317787
-1.82212373908208	-0.20925214398447026
-1.806415775814131	-0.18308559624502233
-1.7907078125461822	-0.15806790902686343
-1.774999849278233	-0.1380615329405874
-1.7592918860102842	-0.12577903893949774
-1.743583922742335	-0.12162060874077055
-1.7278759594743862	-0.12527773378907173
-1.7121679962064373	-0.13705447702109014
-1.6964600329384882	-0.1581514710918629
-1.6807520696705394	-0.1900548718852052
-1.6650441064025903	-0.2318527375901844
-1.6493361431346414	-0.2752912264652918
-1.6336281798666925	-0.3085161313204662
-1.6179202165987434	-0.3299173179727051
-1.6022122533307945	-0.33732689021826034
-1.5865042900628454	-0.3174227079653653
-1.5707963267948966	-0.27445951626910664
-1.5550883635269477	-0.23094281813468434
-1.5393804002589986	-0.20002509573904503
-1.5236724369910497	-0.18329308783719284
-1.5079644737231006	-0.17903140910873708
-1.4922565104551517	-0.18614682119364012
-1.4765485471872029	-0.20503225413583503
-1.4608405839192538	-0.23730726305333535
-1.4451326206513049	-0.28478434248971884
-1.4294246573833558	-0.3485898207042038
-1.413716694115407	-0.42764444076236
-1.398008730847458	-0.5070487417695265
-1.382300767579509	-0.5508681173516176
-1.36659280431156	-0.5411453641201257
-1.350884841043611	-0.4980660063565785
-1.335176877775662	-0.4387122952751306
-1.3194689145077132	-0.37681510313063826
-1.303760951239764	-0.329097538001248
-1.2880529879718152	-0.302752823216621
-1.2723450247038661	-0.2975864630304164
-1.2566370614359172	-0.31278578354683967
-1.2409290981679684	-0.34977622324472946
-1.2252211349000193	-0.41257810361365355
-1.2095131716320704	-0.5059512921765381
-1.1938052083641213	-0.6286849731206183
-1.1780972450961724	-0.7662878032632068
-1.1623892818282235	-0.9001018151425969
-1.1466813185602744	-1.002487808982187
-1.1309733552923256	-1.0078495660011673
-1.1152653920243765	-0.8911905606997068
-1.0995574287564276	-0.7289667673207635
-1.0838494654884787	-0.5938700635644014
-1.0681415022205296	-0.5055688155139245
-1.0524335389525807	-0.4595964951279672
-1.0367255756846316	-0.44929439782315317
-1.0210176124166828	-0.47218573790998397
-1.0053096491487339	-0.5308345277638381
-0.9896016858807848	-0.6318685158438675
-0.9738937226128359	-0.7829955114674453
-0.9581857593448869	-0.9859268360578437
-0.9424777960769379	-1.210023479837127
-0.926769832808989	-1.3519000267931964
-0.91106186954104	-1.3095130340653052
-0.8953539062730911	-1.1314106679146771
-0.8796459430051421	-0.9277679195169065
-0.8639379797371931	-0.7499143593307347
-0.8482300164692441	-0.6151232392406081
-0.8325220532012951	-0.5265041389583828
-0.8168140899333463	-0.4785131643564697
-0.8011061266653973	-0.46538558366245086
-0.7853981633974483	-0.4853038086985745
-0.7696902001294993	-0.5408744644494283
-0.7539822368615503	-0.6366677438945321
-0.7382742735936014	-0.7700915586491816
-0.7225663103256524	-0.9164414469702254
-0.7068583470577035	-1.0392739891427383
-0.6911503837897545	-1.1238451531322065
-0.6754424205218055	-1.1410728938293475
-0.6597344572538566	-1.0432935961070866
-0.6440264939859076	-0.8686244718181121
-0.6283185307179586	-0.7021443432962781
-0.6126105674500096	-0.582683874273041
-0.5969026041820606	-0.5110213248516108
-0.5811946409141118	-0.479178181353469
-0.5654866776461628	-0.48196710617005417
-0.5497787143782138	-0.5193447723449096
-0.5340707511102648	-0.5963256854478357
-0.5183627878423158	-0.7215480526903267
-0.5026548245743669	-0.9031264559269163
-0.48694686130641796	-1.1337626074003655
-0.47123889803846897	-1.349428882840168
-0.45553093477052	-1.4269087426387501
-0.43982297150257105	-1.329780503597443
-0.42411500823462206	-1.1457769693436088
-0.4084070449666731	-0.943621026743695
-0.39269908169872414	-0.762486837216735
-0.37699111843077515	-0.6281714055290208
-0.3612831551628262	-0.5442770933978349
-0.34557519189487723	-0.5042589717986349
-0.3298672286269283	-0.5030403667157178
-0.3141592653589793	-0.5407909384773836
-0.2984513020910303	-0.6232043241316769
-0.2827433388230814	-0.7586805957303647
-0.2670353755551324	-0.9477272131911075
-0.25132741228718347	-1.1674574919609362
-0.23561944901923448	-1.3765671629048142
-0.21991148575128552	-1.507201957683665
-0.20420352248333656	-1.4495230337492555
-0.18849555921538758	-1.203699709250352
-0.17278759594743862	-0.9103455357281696
-0.15707963267948966	-0.6671081511434995
-0.1413716694115407	-0.48992825738947743
-0.12566370614359174	-0.36456770719279075
-0.10995574287564276	-0.27479870346149415
-0.09424777960769379	-0.20871200722524733
-0.07853981633974483	-0.1583957934704405
-0.06283185307179587	-0.11854998648835734
-0.047123889803846894	-0.0852586132452607
-0.031415926535897934	-0.05546416811851869
-0.015707963267948967	-0.027335278584859186
0.0	-9.474934395168076e-17
0.015707963267948967	0.027335278584859186
0.031415926535897934	0.055464168118518314
0.047123889803846894	0.08525861324526106
0.06283185307179587	0.11854998648835748
0.07853981633974483	0.1583957934704411
0.09424777960769379	0.208712007225248
0.10995574287564276	0.2747987034614938
0.12566370614359174	0.36456770719278964
0.1413716694115407	0.48992825738947754
0.15707963267948966	0.6671081511435012
0.17278759594743862	0.9103455357281705
0.18849555921538758	1.2036997092503505
0.20420352248333656	1.4495230337492577
0.21991148575128552	1.5072019576836684
0.23561944901923448	1.3765671629048104
0.25132741228718347	1.1674574919609384
0.2670353755551324	0.9477272131911069
0.2827433388230814	0.7586805957303671
0.2984513020910303	0.6232043241316769
0.3141592653589793	0.540790938477384
0.3298672286269283	0.5030403667157176
0.34557519189487723	0.5042589717986343
0.3612831551628262	0.5442770933978339
0.37699111843077515	0.6281714055290184
0.39269908169872414	0.7624868372167347
0.4084070449666731	0.9436210267436975
0.42411500823462206	1.14577696934361
0.43982297150257105	1.3297805035974486
0.45553093477052	1.4269087426387534
0.47123889803846897	1.3494288828401604
0.48694686130641796	1.1337626074003646
0.5026548245743669	0.9031264559269139
0.5183627878423158	0.7215480526903267
0.5340707511102648	0.5963256854478348
0.5497787143782138	0.5193447723449085
0.5654866776461628	0.4819671061700565
0.5811946409141118	0.47917818135346824
0.5969026041820606	0.5110213248516121
0.6126105674500096	0.5826838742730414
0.6283185307179586	0.7021443432962821
0.6440264939859076	0.8686244718181123
0.6597344572538566	1.0432935961070906
0.6754424205218055	1.141072893829349
0.6911503837897545	1.1238451531322053
0.7068583470577035	1.03927398914274
0.7225663103256524	0.9164414469702282
0.7382742735936014	0.770091558649191
0.7539822368615503	0.6366677438945337
0.7696902001294993	0.5408744644494269
0.7853981633974483	0.48530380869857653
0.8011061266653973	0.46538558366245214
0.8168140899333463	0.4785131643564706
0.8325220532012951	0.526504138958386
0.8482300164692441	0.6151232392406314
0.8639379797371931	0.7499143593307439
0.8796459430051421	0.9277679195169134
0.8953539062730911	1.1314106679146858
0.91106186954104	1.3095130340653207
0.926769832808989	1.3519000267931973
0.9424777960769379	1.2100234798371328
0.9581857593448869	0.9859268360578473
0.9738937226128359	0.7829955114674464
0.9896016858807848	0.6318685158438815
1.0053096491487339	0.5308345277638433
1.0210176124166828	0.4721857379099891
1.0367255756846316	0.44929439782315883
1.0524335389525807	0.45959649512797135
1.0681415022205296	0.5055688155139282
1.0838494654884787	0.5938700635644032
1.0995574287564276	0.7289667673207704
1.1152653920243765	0.8911905606997081
1.1309733552923256	1.007849566001179
1.1466813185602744	1.0024878089821938
1.1623892818282235	0.9001018151426065
1.1780972450961724	0.7662878032632163
1.1938052083641213	0.628684973120634
1.2095131716320704	0.5059512921765421
1.2252211349000193	0.4125781036136601
1.2409290981679684	0.349776223244732
1.2566370614359172	0.31278578354685027
1.2723450247038661	0.29758646303041836
1.2880529879718152	0.3027528232166236
1.303760951239764	0.32909753800125957
1.3194689145077132	0.3768151031306426
1.335176877775662	0.4387122952751365
1.350884841043611	0.498066006356585
1.36659280431156	0.541145364120132
1.382300767579509	0.5508681173516228
1.398008730847458	0.5070487417695294
1.413716694115407	0.427644440762365
1.4294246573833558	0.3485898207042014
1.4451326206513049	0.2847843424897213
1.4608405839192538	0.2373072630533394
1.4765485471872029	0.2050322541358386
1.4922565104551517	0.1861468211936448
1.5079644737231006	0.17903140910874188
1.5236724369910497	0.18329308783719492
1.5393804002589986	0.20002509573904853
1.5550883635269477	0.23094281813468773
1.5707963267948966	0.27445951626910925
1.5865042900628454	0.3174227079653778
1.6022122533307945	0.33732689021827156
1.6179202165987434	0.32991731797270496
1.6336281798666925	0.3085161313204846
1.6493361431346414	0.27529122646529486
1.6650441064025903	0.23185273759019148
1.6807520696705394	0.19005487188520725
1.6964600329384882	0.15815147109187153
1.7121679962064373	0.1370544770210924
1.7278759594743862	0.125277733789075
1.743583922742335	0.12162060874077354
1.7592918860102842	0.12577903893950043
1.774999849278233	0.13806153294058965
1.7907078125461822	0.15806790902687565
1.806415775814131	0.18308559624502938
1.82212373908208	0.2092521439844746
1.837831702350029	0.22977554095318467
1.853539665617978	0.23022730106748704
1.869247628885927	0.20583660693388237
1.8849555921538759	0.1713587981839747
1.9006635554218247	0.139881765792529
1.9163715186897738	0.11496060133943484
1.9320794819577227	0.09690324488037211
1.9477874452256718	0.08518353006412155
1.9634954084936207	0.07892421268773214
1.9792033717615696	0.07756946031498678
1.9949113350295187	0.08119493844697255
2.0106192982974678	0.09039192015991351
2.0263272615654166	0.10531140367587731
2.0420352248333655	0.12276833293587731
2.0577431881013144	0.1336427386386953
2.0734511513692633	0.13084455082711333
2.0891591146372126	0.11902903222956532
2.1048670779051615	0.10427666979763281
2.1205750411731104	0.08796635707807884
2.1362830044410592	0.07234838013288364
2.151990967709008	0.059857242012759826
2.1676989309769574	0.050939681476201835
2.1834068942449063	0.04508210018757638
2.199114857512855	0.04177405819431688
2.214822820780804	0.040733796032143575
2.230530784048753	0.041855523439648476
2.2462387473167023	0.0448301477488634
2.261946710584651	0.048421514914529395
2.2776546738526	0.05079584516586123
2.293362637120549	0.05149723838842992
2.3090706003884978	0.0504857861592127
2.324778563656447	0.0468941358203202
2.340486526924396	0.0414959939909596
2.356194490192345	0.03603196420537695
2.3719024534602937	0.031066033177006836
2.3876104167282426	0.026739715877086838
2.403318379996192	0.023332617778655307
2.419026343264141	0.020912005124240338
2.4347343065320897	0.01936039452131484
2.4504422698000385	0.018563845932773756
2.4661502330679874	0.018484851374706863
2.4818581963359367	0.01914097505919529
2.4975661596038856	0.020466691837416076
2.5132741228718345	0.022062277173184704
2.5289820861397834	0.02332932327317745
2.5446900494077322	0.024144084619352055
2.5603980126756816	0.024350118334945325
2.5761059759436304	0.02309654908131955
2.5918139392115793	0.020381897089798092
2.607521902479528	0.0173944357540887
2.623229865747477	0.014927677854895344
2.6389378290154264	0.013107670409090446
2.6546457922833753	0.011846001725095158
2.670353755551324	0.011038192084648138
2.686061718819273	0.010610579759301663
2.701769682087222	0.01052251626522755
2.7174776453551712	0.010733223325083722
2.73318560862312	0.011176507565013028
2.748893571891069	0.011803067634536405
2.764601535159018	0.012455582957371331
2.7803094984269667	0.012621490339115376
2.796017461694916	0.011946035240849978
2.811725424962865	0.010794188441516448
2.827433388230814	0.009596196051897939
2.8431413514987627	0.00849564118189451
2.8588493147667116	0.007570670699531768
2.874557278034661	0.006856040714643592
2.8902652413026098	0.006327486418704144
2.9059732045705586	0.005945029822447883
2.9216811678385075	0.005678576777747616
2.9373891311064564	0.005512081727738737
2.9530970943744057	0.00543794961514964
2.9688050576423546	0.005440008761040087
2.9845130209103035	0.005469749322312914
3.0002209841782523	0.005465318691395876
3.015928947446201	0.005401963781842065
3.0316369107141505	0.005245667314434303
3.0473448739820994	0.004968720264033564
3.0630528372500483	0.004638978965773006
3.078760800517997	0.004334828508234658
3.094468763785946	0.004078632888505651
3.1101767270538954	0.0038696175626315304
3.1258846903218442	0.0037031592364360037
3.141592653589793	0.0035724304749559727
3.157300616857742	0.0034715790351791493
3.173008580125691	0.0033973935475258917
3.18871654339364	0.0033488949153107177
3.204424506661589	0.003326022856538023
3.220132469929538	0.0033234623237184753
3.235840433197487	0.003317677689523229
3.2515483964654357	0.0032791714165489668
3.267256359733385	0.003211667908955251
3.282964323001334	0.003128142846724912
3.2986722862692828	0.003018259798946606
3.3143802495372316	0.0028864651939705705
3.3300882128051805	0.00275882212859078
3.34579617607313	0.0026500368356988007
3.3615041393410787	0.002560498003329836
3.3772121026090276	0.0024863389397457017
3.3929200658769765	0.0024240884111928498
3.4086280291449254	0.002371535557200316
3.4243359924128747	0.0023272297184051926
3.4400439556808236	0.002289228521627839
3.4557519189487724	0.002254538726955691
3.4714598822167213	0.0022213506951577985
3.48716784548467	0.0021879271721573167
3.5028758087526195	0.002148409487529213
3.5185837720205684	0.002099877511020451
3.5342917352885173	0.0020476503779448887
3.549999698556466	0.0019967464578195646
3.565707661824415	0.0019490920060194665
3.5814156250923643	0.0019055165083565677
3.597123588360313	0.0018658708676555808
3.612831551628262	0.0018294966273400156
3.628539514896211	0.001795782426008807
3.64424747816416	0.001764336208639793
3.659955441432109	0.0017349610925503538
3.675663404700058	0.0017075211857590787
3.691371367968007	0.001681648813553268
3.707079331235956	0.0016565635351075147
3.7227872945039047	0.0016316463840251262
3.738495257771854	0.0016066061502552468
3.754203221039803	0.0015804761929924247
3.7699111843077517	0.0015527915951517902
3.7856191475757006	0.0015249197136720746
3.8013271108436495	0.0014981727730590969
3.817035074111599	0.0014728620046560652
3.8327430373795477	0.0014488349580237146
3.8484510006474966	0.0014258756941913754
3.8641589639154454	0.0014038182142817263
3.8798669271833943	0.0013825545786073717
3.8955748904513436	0.0013620130646948203
3.9112828537192925	0.0013421327014016317
3.9269908169872414	0.0013228622698426731
3.9426987802551903	0.0013041136823695304
3.958406743523139	0.0012856017013180292
3.9741147067910885	0.0012669970550484267
3.9898226700590373	0.0012483922913195608
4.005530633326986	0.001230097085900393
4.0212385965949355	0.0012122604016102192
4.036946559862884	0.0011949119189139578
4.052654523130833	0.001178032683923069
4.068362486398782	0.0011615843281151015
4.084070449666731	0.001145530161090255
4.09977841293468	0.0011298421590075483
4.115486376202629	0.0011145004951772382
4.131194339470578	0.001099491049166696
4.146902302738527	0.0010848007062787268
4.162610266006476	0.001070408496029425
4.178318229274425	0.0010562829472382026
4.194026192542374	0.0010424017489349502
4.209734155810323	0.0010287528930377546
4.225442119078272	0.0010153238885660522
4.241150082346221	0.0010021248491374113
4.25685804561417	0.0009891745053027022
4.2725660088821185	0.000976475877553826
4.288273972150067	0.0009640212684495958
4.303981935418016	0.0009518009757656124
4.319689898685965	0.0009398062876103588
4.335397861953915	0.0009280298263392456
4.351105825221864	0.0009164653143317072
4.366813788489813	0.0009051073080239312
4.3825217517577615	0.0008939508248788985
4.39822971502571	0.0008829903547543611
4.413937678293659	0.0008722179413674661
4.429645641561608	0.000861623715066369
4.445353604829557	0.000851202663183298
4.461061568097506	0.0008409556428302936
4.476769531365456	0.0008308823225490076
4.4924774946334045	0.0008209795249973984
4.508185457901353	0.0008112430510146604
4.523893421169302	0.0008016687145156276
4.539601384437251	0.000792252581804559
4.5553093477052	0.0007829909659291311
4.571017310973149	0.0007738803825377116
4.586725274241098	0.000764917508508548
4.602433237509047	0.000756099128859307
4.6181412007769955	0.0007474220346044518
4.633849164044944	0.000738882937094334
4.649557127312894	0.0007304787111747392
4.665265090580843	0.0007222067088628116
4.680973053848792	0.0007140644604172312
4.696681017116741	0.00070604939519681
4.71238898038469	0.0006981589024323138
4.7280969436526386	0.0006903904164104251
4.743804906920587	0.0006827414429815119
4.759512870188536	0.0006752095607500754
4.775220833456485	0.0006677924167814171
4.790928796724435	0.0006604877222345114
4.806636759992384	0.0006532932487860327
4.822344723260333	0.0006462068257366118
4.838052686528282	0.0006392263375892254
4.8537606497962305	0.0006323497219438914
4.869468613064179	0.0006255749676092558
4.885176576332128	0.000618900112870056
4.900884539600077	0.0006123232438732055
4.916592502868026	0.0006058424931084482
4.932300466135975	0.0005994560379678406
4.948008429403924	0.0005931620993736139
4.9637163926718735	0.0005869589404667111
4.979424355939822	0.000580844865349798
4.995132319207771	0.0005748182178812769
5.01084028247572	0.0005688773805156403
5.026548245743669	0.000563020773187921
5.042256209011618	0.0005572468522391436
5.057964172279567	0.0005515541093809808
5.073672135547516	0.0005459410706972394
5.0893800988154645	0.0005404062956803333
5.105088062083414	0.000534948376301572
5.120796025351363	0.0005295659361131082
5.136503988619312	0.0005242576293803515
5.152211951887261	0.0005190221402438258
5.16791991515521	0.0005138581819086361
5.183627878423159	0.0005087644958610475
5.1993358416911075	0.0005037398511104192
5.215043804959056	0.0004987830434558937
5.230751768227005	0.0004938928947767651
5.246459731494954	0.0004890682523454512
5.262167694762903	0.0004843079881624264
5.277875658030853	0.00047961099831197367
5.293583621298802	0.0004749762023382147
5.3092915845667505	0.0004704025426405401
5.324999547834699	0.0004658889838877108
5.340707511102648	0.0004614345124499978
5.356415474370597	0.0004570381358485541
5.372123437638546	0.00045269888222156796
5.387831400906495	0.00044841579980659863
5.403539364174444	0.00044418795643817374
5.419247327442394	0.0004400144390606371
5.4349552907103424	0.0004358943532552305
5.450663253978291	0.0004318268227811792
5.46637121724624	0.00042781098913028716
5.482079180514189	0.0004238460110943279
5.497787143782138	0.00041993106434522393
5.513495107050087	0.00041606534102701806
5.529203070318036	0.00041224804935983115
5.544911033585985	0.00040847841325496377
5.5606189968539335	0.00040475567194087184
5.576326960121882	0.0004010790795998489
5.592034923389832	0.00039744790501475703
5.607742886657781	0.00039386143122576193
5.62345084992573	0.0003903189551965165
5.639158813193679	0.00038681978748959984
5.654866776461628	0.00038336325195091034
5.6705747397295765	0.0003799486854026962
5.686282702997525	0.00037657543734497017
5.701990666265474	0.00037324286966505083
5.717698629533423	0.00036995035635480056
5.733406592801373	0.00036669728323567767
5.749114556069322	0.0003634830476910443
5.764822519337271	0.0003603070584055918
5.7805304826052195	0.0003571687351116745
5.796238445873168	0.0003540675083424408
5.811946409141117	0.0003510028191912771
5.827654372409066	0.0003479741190777325
5.843362335677015	0.0003449808695194645
5.859070298944964	0.0003420225419099875
5.874778262212913	0.000339098617302423
5.890486225480862	0.000336208586198536
5.906194188748811	0.0003333519483434161
5.92190215201676	0.00033052821252515174
5.937610115284709	0.00032773689637985665
5.953318078552658	0.0003249775262013728
5.969026041820607	0.0003222496367560092
5.984734005088556	0.00031955277110170714
6.000441968356505	0.00031688648041189023
6.0161499316244536	0.00031425032380359095
6.031857894892402	0.0003116438681699555
6.047565858160352	0.0003090666880166838
6.063273821428301	0.00030651836530278946
6.07898178469625	0.0003039984892849137
6.094689747964199	0.0003015066563657619
6.110397711232148	0.00029904246994596063
6.126105674500097	0.00029660554027970126
6.1418136377680455	0.0002941954843337718
6.157521601035994	0.00029181192564994103
6.173229564303943	0.00028945449421071605
6.188937527571892	0.0002871228263082696
6.204645490839841	0.0002848165644164759
6.220353454107791	0.00028253535706598327
6.23606141737574	0.00028027885872225266
6.2517693806436885	0.00027804672966638596
6.267477343911637	0.0002758386358788482
6.283185307179586	0.0002736542489258424
6.298893270447535	0.000271493245848335
6.314601233715484	0.0002693553090536513
6.330309196983433	0.00026724012620957634
6.346017160251382	0.00026514739014088615
6.3617251235193315	0.0002630767987282783
6.37743308678728	0.0002610280548095615
6.393141050055229	0.0002590008660831303
6.408849013323178	0.000256994945013604
6.424556976591127	0.00025501000873964677
6.440264939859076	0.00025304577898378105
6.455972903127025	0.00025110198196433146
6.471680866394974	0.00024917834830923277
6.4873888296629225	0.0002472746129718034
6.503096792930871	0.0002453905151484535
6.51880475619882	0.00024352579819810727
6.53451271946677	0.00024168020956344651
6.550220682734719	0.00023985350069393626
6.565928646002668	0.00023804542697045868
6.581636609270617	0.00023625574763164788
6.5973445725385655	0.00023448422570178913
6.613052535806514	0.00023273062792035778
6.628760499074463	0.00023099472467298917
6.644468462342412	0.00022927628992396016
6.660176425610361	0.0002275751011501939
6.675884388878311	0.0002258909392766478
6.69159235214626	0.00022422358861293312
6.707300315414209	0.00022257283679159783
6.7230082786821574	0.0002209384747073685
6.738716241950106	0.00021932029645796037
6.754424205218055	0.00021771809928595388
6.770132168486004	0.0002161316835220164
6.785840131753953	0.00021456085252920826
6.801548095021902	0.00021300541264852277
6.817256058289851	0.00021146517314556338
6.8329640215578	0.0002099399461582943
6.848671984825749	0.00020842954664585705
6.864379948093698	0.0002069337923385362
6.880087911361647	0.00020545250368862717
6.895795874629596	0.0002039855038224517
6.911503837897545	0.0002025326184932109
6.927211801165494	0.00020109367603490162
6.942919764433443	0.00019966850731717014
6.9586277277013915	0.00019825694570100677
6.97433569096934	0.00019685882699538938
6.99004365423729	0.0001954739894148402
7.005751617505239	0.0001941022735377198
7.021459580773188	0.00019274352226548357
7.037167544041137	0.00019139758078267542
7.052875507309086	0.0001900642965177242
7.0685834705770345	0.00018874351910457492
7.084291433844983	0.00018743510034498496
7.099999397112932	0.00018613889417168827
7.115707360380881	0.00018485475661214994
7.13141532364883	0.0001835825457531575
7.147123286916779	0.00018232212170602802
7.162831250184729	0.00018107334657248771
7.1785392134526775	0.00017983608441130616
7.194247176720626	0.00017861020120547166
7.209955139988575	0.00017739556483005749
7.225663103256524	0.00017619204502072045
7.241371066524473	0.00017499951334276793
7.257079029792422	0.00017381784316085187
7.272786993060371	0.0001726469096091946
7.28849495632832	0.0001714865895624923
7.304202919596269	0.00017033676160722324
7.319910882864218	0.00016919730601362457
7.335618846132167	0.0001680681047081344
7.351326809400116	0.00016694904124638983
7.367034772668065	0.00016584000078670626
7.382742735936014	0.0001647408700640678
7.398450699203963	0.00016365153736462394
7.414158662471912	0.0001625718925006149
7.4298666257398605	0.00016150182678584274
7.445574589007809	0.00016044123301148355
7.461282552275758	0.0001593900054224991
7.476990515543708	0.00015834803969431383
7.492698478811657	0.00015731523291008469
7.508406442079606	0.0001562914835382915
7.524114405347555	0.00015527669141074182
7.5398223686155035	0.00015427075770104023
7.555530331883452	0.00015327358490336586
7.571238295151401	0.00015228507681171798
7.58694625841935	0.00015130513849950938
7.602654221687299	0.0001503336762994674
7.618362184955249	0.00014937059778403388
7.634070148223198	0.00014841581174596547
7.6497781114911465	0.00014746922817941935
7.665486074759095	0.00014653075826127866
7.681194038027044	0.0001456003143328276
7.696902001294993	0.00014467780988186498
7.712609964562942	0.00014376315952494942
7.728317927830891	0.00014285627899010634
7.74402589109884	0.0001419570850997881
7.759733854366789	0.00014106549575414954
7.7754418176347375	0.00014018142991458624
7.791149780902687	0.00013930480758759937
7.806857744170636	0.00013843554980894602
7.822565707438585	0.00013757357862802648
7.838273670706534	0.00013671881709257576
7.853981633974483	0.00013587118923362484
7.869689597242432	0.00013503062005070407
7.8853975605103805	0.00013419703549732867
7.901105523778329	0.0001333703624667102
7.916813487046278	0.00013255052877770472
7.932521450314228	0.00013173746316105984
7.948229413582177	0.00013093109524583735
7.963937376850126	0.00013013135554609958
7.979645340118075	0.00012933817544781058
7.995353303386024	0.00012855148719597627
8.011061266653972	0.00012777122388197515
8.026769229921921	0.0001269973194311435
8.042477193189871	0.00012622970859054168
8.058185156457819	0.0001254683269169168
8.073893119725769	0.0001247131107649232
8.089601082993717	0.0001239639972754694
8.105309046261667	0.00012322092436431667
8.121017009529615	0.000122483830710832
8.136724972797564	0.00012175265574696615
8.152432936065512	0.00012102733964637533
8.168140899333462	0.00012030782331374296
8.183848862601412	0.000119594048374283
8.19955682586936	0.00011888595716341047
8.21526478913731	0.00011818349271658624
8.230972752405258	0.0001174865987593279
8.246680715673207	0.0001167952196973715
8.262388678941155	0.00011610930060702356
8.278096642209105	0.00011542878722563398
8.293804605477053	0.00011475362594226694
8.309512568745003	0.00011408376378847618
8.325220532012953	0.00011341914842930279
8.3409284952809	0.00011275972815430973
8.35663645854885	0.0001121054518688583
8.372344421816798	0.00011145626908549449
8.388052385084748	0.00011081212991545484
8.403760348352696	0.00011017298506034176
8.419468311620646	0.00010953878580389565
8.435176274888594	0.00010890948400392686
8.450884238156544	0.00010828503208438156
8.466592201424492	0.00010766538302749143
8.482300164692441	0.00010705049036610274
8.498008127960391	0.00010644030817608242
8.51371609122834	0.00010583479106889709
8.529424054496289	0.0001052338941842251
8.545132017764237	0.00010463757318277435
8.560839981032187	0.00010404578423916722
8.576547944300135	0.00010345848403492839
8.592255907568084	0.00010287562975162595
8.607963870836032	0.00010229717906406501
8.623671834103982	0.00010172309013363081
8.63937979737193	0.00010115332160171887
8.65508776063988	0.00010058783258326097
8.67079572390783	0.00010002658266036624
8.686503687175778	9.946953187604502e-5
8.702211650443727	9.891664072803999e-5
8.717919613711675	9.836787016277131e-5
8.733627576979625	9.782318156931125e-5
8.749335540247573	9.728253677351226e-5
8.765043503515523	9.674589803222653e-5
8.780751466783471	9.621322802756726e-5
8.79645943005142	9.568448986130038e-5
8.81216739331937	9.515964704928995e-5
8.827875356587318	9.46386635160425e-5
8.843583319855268	9.412150358936066e-5
8.859291283123216	9.360813199501166e-5
8.874999246391166	9.309851385155595e-5
8.890707209659114	9.259261466517546e-5
8.906415172927064	9.209040032464491e-5
8.922123136195012	9.159183709634713e-5
8.937831099462962	9.109689161935292e-5
8.953539062730911	9.060553090060883e-5
8.96924702599886	9.011772231015413e-5
8.984954989266809	8.963343357645824e-5
9.000662952534757	8.915263278178075e-5
9.016370915802707	8.867528835761868e-5
9.032078879070655	8.82013690802339e-5
9.047786842338605	8.773084406622901e-5
9.063494805606553	8.726368276820391e-5
9.079202768874502	8.679985497045317e-5
9.09491073214245	8.633933078474268e-5
9.1106186954104	8.588208064614871e-5
9.12632665867835	8.542807530896891e-5
9.142034621946298	8.497728584264633e-5
9.157742585214248	8.452968362782047e-5
9.173450548482196	8.408524035236691e-5
9.189158511750145	8.364392800756333e-5
9.204866475018093	8.320571888424385e-5
9.220574438286043	8.277058556905793e-5
9.236282401553991	8.233850094077218e-5
9.25199036482194	8.190943816659893e-5
9.267698328089889	8.14833706986047e-5
9.283406291357839	8.106027227018318e-5
9.299114254625788	8.064011689253003e-5
9.314822217893736	8.022287885121318e-5
9.330530181161686	7.980853270277365e-5
9.346238144429634	7.939705327137841e-5
9.361946107697584	7.898841564550578e-5
9.377654070965532	7.85825951747197e-5
9.393362034233482	7.8179567466417e-5
9.40906999750143	7.777930838271924e-5
9.42477796076938	7.738179403730072e-5
9.44048592403733	7.698700079235769e-5
9.456193887305277	7.659490525554581e-5
9.471901850573227	7.620548427700361e-5
9.487609813841175	7.581871494641014e-5
9.503317777109125	7.543457459007537e-5
9.519025740377073	7.505304076806166e-5
9.534733703645022	7.467409127138518e-5
9.55044166691297	7.429770411919113e-5
9.56614963018092	7.39238575560578e-5
9.58185759344887	7.355253004923442e-5
9.597565556716818	7.3183700286004e-5
9.613273519984768	7.281734717102494e-5
9.628981483252716	7.24534498237555e-5
9.644689446520665	7.209198757586632e-5
9.660397409788613	7.173293996872716e-5
9.676105373056563	7.137628675091222e-5
9.691813336324511	7.102200787573268e-5
9.707521299592461	7.067008349881316e-5
9.723229262860409	7.032049397570186e-5
9.738937226128359	6.997321985951756e-5
9.754645189396308	6.96282418985932e-5
9.770353152664256	6.928554103420771e-5
9.786061115932206	6.894509839831156e-5
9.801769079200154	6.860689531128289e-5
9.817477042468104	6.827091327972894e-5
9.833185005736052	6.793713399430759e-5
9.848892969004002	6.760553932758886e-5
9.86460093227195	6.727611133192585e-5
9.8803088955399	6.694883223736398e-5
9.896016858807847	6.662368444960206e-5
9.911724822075797	6.630065054791934e-5
9.927432785343747	6.597971328320228e-5
9.943140748611695	6.566085557595368e-5
9.958848711879645	6.534406051433111e-5
9.974556675147593	6.502931135222191e-5
9.990264638415542	6.471659150734676e-5
10.00597260168349	6.440588455937294e-5
10.02168056495144	6.409717424807659e-5
10.037388528219388	6.379044447147926e-5
10.053096491487338	6.348567928409212e-5
10.068804454755288	6.318286289508783e-5
10.084512418023236	6.288197966658243e-5
10.100220381291185	6.258301411186078e-5
10.115928344559133	6.228595089370562e-5
10.131636307827083	6.199077482266784e-5
10.147344271095031	6.169747085542942e-5
10.163052234362981	6.140602409313859e-5
10.178760197630929	6.111641977979346e-5
10.194468160898879	6.082864330063488e-5
10.210176124166829	6.0542680180554794e-5
10.225884087434777	6.025851608254702e-5
10.241592050702726	5.9976136806159835e-5
10.257300013970674	5.9695528285966144e-5
10.273007977238624	5.9416676590059e-5
10.288715940506572	5.913956791858013e-5
10.304423903774522	5.8864188602240776e-5
10.32013186704247	5.859052510088075e-5
10.33583983031042	5.831856400203601e-5
10.351547793578368	5.8048292019537705e-5
10.367255756846317	5.777969599210269e-5
10.382963720114267	5.751276288197099e-5
10.398671683382215	5.724747977354914e-5
10.414379646650165	5.6983833872065215e-5
10.430087609918113	5.6721812502242375e-5
10.445795573186063	5.6461403106992705e-5
10.46150353645401	5.620259324613838e-5
10.47721149972196	5.594537059512244e-5
10.492919462989908	5.568972294374878e-5
10.508627426257858	5.543563819496358e-5
10.524335389525806	5.518310436359038e-5
10.540043352793756	5.493210957515407e-5
10.555751316061706	5.468264206465751e-5
10.571459279329654	5.443469017541895e-5
10.587167242597603	5.418824235789441e-5
10.602875205865551	5.394328716851223e-5
10.618583169133501	5.369981326856807e-5
10.634291132401449	5.3457809423068095e-5
10.649999095669399	5.32172644996346e-5
10.665707058937347	5.2978167467395535e-5
10.681415022205297	5.2740507395924274e-5
10.697122985473246	5.2504273454143854e-5
10.712830948741194	5.226945490927567e-5
10.728538912009144	5.203604112580842e-5
10.744246875277092	5.1804021564452075e-5
10.759954838545042	5.157338578112665e-5
10.77566280181299	5.134412342595069e-5
10.79137076508094	5.111622424223904e-5
10.807078728348888	5.0889678065546786e-5
10.822786691616837	5.0664474822665664e-5
10.838494654884787	5.044060453068732e-5
10.854202618152735	5.021805729604553e-5
10.869910581420685	4.999682331358928e-5
10.885618544688633	4.977689286564036e-5
10.901326507956583	4.955825632110591e-5
10.91703447122453	4.934090413454892e-5
10.93274243449248	4.912482684531567e-5
10.948450397760428	4.891001507664425e-5
10.964158361028378	4.869645953479809e-5
10.979866324296326	4.848415100820017e-5
10.995574287564276	4.827308036659166e-5
11.011282250832226	4.806323856018645e-5
11.026990214100174	4.785461661883301e-5
11.042698177368123	4.7647205651215275e-5
11.058406140636071	4.74409968440202e-5
11.074114103904021	4.723598146114765e-5
11.08982206717197	4.7032150842915835e-5
11.105530030439919	4.682949640528112e-5
11.121237993707867	4.662800963906317e-5
11.136945956975817	4.642768210917854e-5
11.152653920243765	4.622850545388928e-5
11.168361883511714	4.603047138406012e-5
11.184069846779664	4.5833571682406316e-5
11.199777810047612	4.5637798202781205e-5
11.215485773315562	4.544314286944617e-5
11.23119373658351	4.5249597676361554e-5
11.24690169985146	4.505715468648037e-5
11.262609663119408	4.4865806031059786e-5
11.278317626387357	4.467554390895948e-5
11.294025589655305	4.4486360585975853e-5
11.309733552923255	4.429824839416014e-5
11.325441516191205	4.411119973116523e-5
11.341149479459153	4.392520705957358e-5
11.356857442727103	4.374026290626305e-5
11.37256540599505	4.355635986175494e-5
11.388273369263	4.337349057958602e-5
11.403981332530948	4.3191647775678767e-5
11.419689295798898	4.301082422771923e-5
11.435397259066846	4.283101277455483e-5
11.451105222334796	4.2652206315567486e-5
11.466813185602746	4.2474397810097425e-5
11.482521148870694	4.2297580276839686e-5
11.498229112138644	4.21217467932584e-5
11.513937075406592	4.1946890495008374e-5
11.529645038674541	4.177300457536469e-5
11.54535300194249	4.160008228466142e-5
11.561060965210439	4.142811692971929e-5
11.576768928478387	4.1257101873303855e-5
11.592476891746337	4.108703053357489e-5
11.608184855014285	4.0917896383542555e-5
11.623892818282235	4.074969295053654e-5
11.639600781550184	4.058241381567794e-5
11.655308744818132	4.04160526133532e-5
11.671016708086082	4.0250603030695605e-5
11.68672467135403	4.008605880707871e-5
11.70243263462198	3.992241373360826e-5
11.718140597889928	3.9759661652624735e-5
11.733848561157878	3.959779645719841e-5
11.749556524425826	3.9436812090656914e-5
11.765264487693775	3.927670254608918e-5
11.780972450961723	3.911746186586429e-5
11.796680414229673	3.89590841411801e-5
11.812388377497623	3.880156351156479e-5
11.82809634076557	3.864489416443957e-5
11.84380430403352	3.848907033464439e-5
11.859512267301469	3.833408630399446e-5
11.875220230569418	3.8179936400833326e-5
11.890928193837366	3.802661499958135e-5
11.906636157105316	3.7874116520304524e-5
11.922344120373264	3.7722435428282713e-5
11.938052083641214	3.7571566233576394e-5
11.953760046909164	3.7421503490604765e-5
11.969468010177112	3.7272241797722285e-5
11.985175973445061	3.712377579681971e-5
12.00088393671301	3.6976100172890477e-5
12.01659189998096	3.682920965364153e-5
12.032299863248907	3.668309900909142e-5
12.048007826516857	3.65377630511577e-5
12.063715789784805	3.639319663329055e-5
12.079423753052755	3.624939465005695e-5
12.095131716320704	3.610635203677248e-5
12.110839679588652	3.596406376911716e-5
12.126547642856602	3.58225248627617e-5
12.14225560612455	3.56817303729868e-5
12.1579635693925	3.554167539432612e-5
12.173671532660448	3.54023550601916e-5
12.189379495928398	3.526376454252417e-5
12.205087459196346	3.5125899051425416e-5
12.220795422464295	3.4988753834810286e-5
12.236503385732243	3.485232417806362e-5
12.252211349000193	3.47166054036816e-5
12.267919312268143	3.458159287094221e-5
12.283627275536091	3.4447281975559774e-5
12.29933523880404	3.431366814935551e-5
12.315043202071989	3.4180746859921694e-5
12.330751165339938	3.4048513610296264e-5
12.346459128607886	3.391696393863884e-5
12.362167091875836	3.378609341791121e-5
12.377875055143784	3.365589765555533e-5
12.393583018411734	3.352637229318556e-5
12.409290981679682	3.3397513006273115e-5
12.424998944947632	3.3269315503837746e-5
12.440706908215581	3.3141775528149695e-5
12.45641487148353	3.3014888854421604e-5
12.47212283475148	3.288865129051356e-5
12.487830798019427	3.276305867663899e-5
12.503538761287377	3.263810688507057e-5
12.519246724555325	3.251379181985034e-5
12.534954687823275	3.239010941650725e-5
12.550662651091223	3.226705564177771e-5
12.566370614359172	3.2144626493307145e-5
