-12.566370614359172	2.9057220106047777e-6
-12.550662651091223	2.912712413682898e-6
-12.534954687823275	2.919728117353217e-6
-12.519246724555325	2.9267692440705467e-6
-12.503538761287377	2.933835917032586e-6
-12.487830798019427	2.9409282601855935e-6
-12.47212283475148	2.948046398229648e-6
-12.45641487148353	2.9551904566243177e-6
-12.440706908215581	2.9623605615941582e-6
-12.424998944947632	2.9695568401343306e-6
-12.409290981679682	2.9767794200161905e-6
-12.393583018411734	2.9840284297932127e-6
-12.377875055143784	2.9913039988065435e-6
-12.362167091875836	2.9986062571908913e-6
-12.346459128607886	3.005935335880383e-6
-12.330751165339938	3.0132913666144634e-6
-12.315043202071989	3.020674481943824e-6
-12.29933523880404	3.0280848152365504e-6
-12.283627275536091	3.03552250068401e-6
-12.267919312268143	3.042987673307039e-6
-12.252211349000193	3.0504804689621898e-6
-12.236503385732243	3.0580010243478837e-6
-12.220795422464295	3.065549477010616e-6
-12.205087459196346	3.0731259653514597e-6
-12.189379495928398	3.0807306286323314e-6
-12.173671532660448	3.0883636069825136e-6
-12.1579635693925	3.096025041405007e-6
-12.14225560612455	3.103715073783317e-6
-12.126547642856602	3.111433846887889e-6
-12.110839679588652	3.119181504382814e-6
-12.095131716320704	3.126958190832678e-6
-12.079423753052755	3.134764051709208e-6
-12.063715789784805	3.1425992333981557e-6
-12.048007826516857	3.150463883206291e-6
-12.032299863248907	3.1583581493683075e-6
-12.01659189998096	3.166282181053901e-6
-12.00088393671301	3.174236128374794e-6
-11.985175973445061	3.182220142391927e-6
-11.969468010177112	3.1902343751227925e-6
-11.953760046909164	3.198278979548567e-6
-11.938052083641214	3.2063541096215047e-6
-11.922344120373264	3.2144599202724483e-6
-11.906636157105316	3.222596567418276e-6
-11.890928193837366	3.2307642079693067e-6
-11.875220230569418	3.238962999837145e-6
-11.859512267301469	3.24719310194228e-6
-11.84380430403352	3.2554546742217622e-6
-11.82809634076557	3.2637478776372277e-6
-11.812388377497623	3.2720728741825047e-6
-11.796680414229673	3.28042982689189e-6
-11.780972450961723	3.2888188998480005e-6
-11.765264487693775	3.2972402581899735e-6
-11.749556524425826	3.3056940681216513e-6
-11.733848561157878	3.3141804969196965e-6
-11.718140597889928	3.322699712942215e-6
-11.70243263462198	3.331251885636892e-6
-11.68672467135403	3.3398371855496607e-6
-11.671016708086082	3.3484557843332155e-6
-11.655308744818132	3.357107854755553e-6
-11.639600781550184	3.3657935707089194e-6
-11.623892818282235	3.3745131072184526e-6
-11.608184855014285	3.3832666404510586e-6
-11.592476891746337	3.3920543477245145e-6
-11.576768928478387	3.4008764075163542e-6
-11.561060965210439	3.409732999473162e-6
-11.54535300194249	3.4186243044195653e-6
-11.529645038674541	3.4275505043678783e-6
-11.513937075406592	3.43651178252711e-6
-11.498229112138644	3.445508323312774e-6
-11.482521148870694	3.454540312356172e-6
-11.466813185602746	3.4636079365142347e-6
-11.451105222334796	3.472711383879231e-6
-11.435397259066846	3.4818508437884887e-6
-11.419689295798898	3.4910265068344803e-6
-11.403981332530948	3.5002385648747153e-6
-11.388273369263	3.5094872110419225e-6
-11.37256540599505	3.5187726397542206e-6
-11.356857442727103	3.5280950467253535e-6
-11.341149479459153	3.537454628975322e-6
-11.325441516191205	3.5468515848405138e-6
-11.309733552923255	3.556286113984689e-6
-11.294025589655305	3.56575841740932e-6
-11.278317626387357	3.575268697464633e-6
-11.262609663119408	3.5848171578604265e-6
-11.24690169985146	3.594404003677011e-6
-11.23119373658351	3.6040294413764207e-6
-11.215485773315562	3.613693678813472e-6
-11.199777810047612	3.62339692524726e-6
-11.184069846779664	3.633139391352428e-6
-11.168361883511714	3.6429212892308084e-6
-11.152653920243765	3.652742832422957e-6
-11.136945956975817	3.6626042359200414e-6
-11.121237993707867	3.672505716175528e-6
-11.105530030439919	3.6824474911173375e-6
-11.08982206717197	3.692429780159806e-6
-11.074114103904021	3.702452804216029e-6
-11.058406140636071	3.712516785709976e-6
-11.042698177368123	3.7226219485892035e-6
-11.026990214100174	3.732768518337137e-6
-11.011282250832226	3.7429567219860916e-6
-10.995574287564276	3.75318678812965e-6
-10.979866324296326	3.763458946936022e-6
-10.964158361028378	3.7737734301608585e-6
-10.948450397760428	3.784130471160523e-6
-10.93274243449248	3.794530304905317e-6
-10.91703447122453	3.804973167993e-6
-10.901326507956583	3.815459298662387e-6
-10.885618544688633	3.825988936806965e-6
-10.869910581420685	3.836562323988875e-6
-10.854202618152735	3.847179703452643e-6
-10.838494654884787	3.857841320139615e-6
-10.822786691616837	3.868547420701949e-6
-10.807078728348888	3.879298253517087e-6
-10.79137076508094	3.8900940687023075e-6
-10.77566280181299	3.9009351181294604e-6
-10.759954838545042	3.911821655439692e-6
-10.744246875277092	3.922753936058416e-6
-10.728538912009144	3.9337322172104635e-6
-10.712830948741194	3.944756757935389e-6
-10.697122985473246	3.95582781910283e-6
-10.681415022205297	3.966945663428066e-6
-10.665707058937347	3.978110555487836e-6
-10.649999095669399	3.9893227617361e-6
-10.634291132401449	4.000582550520174e-6
-10.618583169133501	4.011890192096887e-6
-10.602875205865551	4.023245958649081e-6
-10.587167242597603	4.034650124301824e-6
-10.571459279329654	4.046102965139397e-6
-10.555751316061706	4.057604759222182e-6
-10.540043352793756	4.069155786603366e-6
-10.524335389525806	4.080756329346528e-6
-10.508627426257858	4.092406671542779e-6
-10.492919462989908	4.104107099328373e-6
-10.47721149972196	4.115857900902544e-6
-10.46150353645401	4.127659366545317e-6
-10.445795573186063	4.139511788635461e-6
-10.430087609918113	4.15141546166922e-6
-10.414379646650165	4.163370682278234e-6
-10.398671683382215	4.175377749248562e-6
-10.382963720114267	4.187436963539503e-6
-10.367255756846317	4.199548628302291e-6
-10.351547793578368	4.211713048899873e-6
-10.33583983031042	4.223930532925885e-6
-10.32013186704247	4.236201390224564e-6
-10.304423903774522	4.248525932910353e-6
-10.288715940506572	4.260904475388136e-6
-10.273007977238624	4.273337334373424e-6
-10.257300013970674	4.285824828912769e-6
-10.241592050702726	4.298367280404515e-6
-10.225884087434777	4.310965012619544e-6
-10.210176124166829	4.32361835172248e-6
-10.194468160898879	4.336327626293065e-6
-10.178760197630929	4.349093167347576e-6
-10.163052234362981	4.36191530836055e-6
-10.147344271095031	4.3747943852869895e-6
-10.131636307827083	4.387730736584412e-6
-10.115928344559133	4.400724703235498e-6
-10.100220381291185	4.413776628770409e-6
-10.084512418023236	4.426886859290122e-6
-10.068804454755288	4.440055743489503e-6
-10.053096491487338	4.453283632680478e-6
-10.037388528219388	4.466570880816048e-6
-10.02168056495144	4.479917844514078e-6
-10.00597260168349	4.493324883081312e-6
-9.990264638415542	4.506792358538011e-6
-9.974556675147593	4.520320635642596e-6
-9.958848711879645	4.533910081916508e-6
-9.943140748611695	4.547561067669548e-6
-9.927432785343747	4.561273966025254e-6
-9.911724822075797	4.57504915294675e-6
-9.896016858807847	4.588887007262772e-6
-9.8803088955399	4.602787910693886e-6
-9.86460093227195	4.616752247879187e-6
-9.848892969004002	4.6307804064032445e-6
-9.833185005736052	4.644872776823089e-6
-9.817477042468104	4.65902975269586e-6
-9.801769079200154	4.673251730606466e-6
-9.786061115932206	4.687539110195736e-6
-9.770353152664256	4.701892294188703e-6
-9.754645189396308	4.716311688423373e-6
-9.738937226128359	4.7307977018795934e-6
-9.723229262860409	4.745350746708612e-6
-9.707521299592461	4.759971238262417e-6
-9.691813336324511	4.774659595123824e-6
-9.676105373056563	4.789416239136806e-6
-9.660397409788613	4.804241595437128e-6
-9.644689446520665	4.819136092483141e-6
-9.628981483252716	4.834100162087229e-6
-9.613273519984768	4.849134239447272e-6
-9.597565556716818	4.8642387631788926e-6
-9.58185759344887	4.879414175347677e-6
-9.56614963018092	4.894660921501783e-6
-9.55044166691297	4.909979450705163e-6
-9.534733703645022	4.925370215570837e-6
-9.519025740377073	4.940833672294851e-6
-9.503317777109125	4.956370280690425e-6
-9.487609813841175	4.971980504222335e-6
-9.471901850573227	4.987664810042288e-6
-9.456193887305277	5.0034236690236335e-6
-9.44048592403733	5.0192575557978735e-6
-9.42477796076938	5.0351669487901755e-6
-9.40906999750143	5.051152330256039e-6
-9.393362034233482	5.067214186318694e-6
-9.377654070965532	5.083353007005856e-6
-9.361946107697584	5.099569286288005e-6
-9.346238144429634	5.115863522116461e-6
-9.330530181161686	5.132236216461889e-6
-9.314822217893736	5.1486878753537494e-6
-9.299114254625788	5.165219008919524e-6
-9.283406291357839	5.181830131424889e-6
-9.267698328089889	5.198521761314223e-6
-9.25199036482194	5.215294421251363e-6
-9.236282401553991	5.232148638161247e-6
-9.220574438286043	5.249084943271454e-6
-9.204866475018093	5.266103872154939e-6
-9.189158511750145	5.283205964772513e-6
-9.173450548482196	5.300391765516443e-6
-9.157742585214248	5.3176618232542565e-6
-9.142034621946298	5.335016691372877e-6
-9.12632665867835	5.352456927823861e-6
-9.1106186954104	5.369983095168491e-6
-9.09491073214245	5.387595760623704e-6
-9.079202768874502	5.405295496108583e-6
-9.063494805606553	5.4230828782916e-6
-9.047786842338605	5.440958488637739e-6
-9.032078879070655	5.458922913456856e-6
-9.016370915802707	5.476976743952371e-6
-9.000662952534757	5.495120576270264e-6
-8.984954989266809	5.513355011549277e-6
-8.96924702599886	5.5316806559709095e-6
-8.953539062730911	5.550098120810789e-6
-8.937831099462962	5.568608022489997e-6
-8.922123136195012	5.58721098262754e-6
-8.906415172927064	5.6059076280929035e-6
-8.890707209659114	5.6246985910599125e-6
-8.874999246391166	5.643584509060435e-6
-8.859291283123216	5.6625660250395265e-6
-8.843583319855268	5.681643787410423e-6
-8.827875356587318	5.7008184501111616e-6
-8.81216739331937	5.720090672660765e-6
-8.79645943005142	5.739461120217076e-6
-8.780751466783471	5.75893046363484e-6
-8.765043503515523	5.778499379524273e-6
-8.749335540247573	5.798168550311016e-6
-8.733627576979625	5.817938664296052e-6
-8.717919613711675	5.837810415716965e-6
-8.702211650443727	5.857784504809433e-6
-8.686503687175778	5.877861637870037e-6
-8.67079572390783	5.898042527319159e-6
-8.65508776063988	5.918327891765472e-6
-8.63937979737193	5.938718456070194e-6
-8.623671834103982	5.959214951413212e-6
-8.607963870836032	5.979818115359316e-6
-8.592255907568084	6.000528691925404e-6
-8.576547944300135	6.021347431648401e-6
-8.560839981032187	6.042275091654684e-6
-8.545132017764237	6.06331243572929e-6
-8.529424054496289	6.084460234386855e-6
-8.51371609122834	6.105719264943031e-6
-8.498008127960391	6.12709031158701e-6
-8.482300164692441	6.148574165454697e-6
-8.466592201424492	6.170171624702855e-6
-8.450884238156544	6.191883494584612e-6
-8.435176274888594	6.213710587525238e-6
-8.419468311620646	6.235653723199244e-6
-8.403760348352696	6.257713728608584e-6
-8.388052385084748	6.279891438161488e-6
-8.372344421816798	6.302187693752479e-6
-8.35663645854885	6.324603344843544e-6
-8.3409284952809	6.347139248546176e-6
-8.325220532012953	6.3697962697041735e-6
-8.309512568745003	6.392575280978209e-6
-8.293804605477053	6.415477162930739e-6
-8.278096642209105	6.43850280411258e-6
-8.262388678941155	6.4616531011500954e-6
-8.246680715673207	6.484928958833865e-6
-8.230972752405258	6.5083312902084495e-6
-8.21526478913731	6.531861016663024e-6
-8.19955682586936	6.555519068023673e-6
-8.183848862601412	6.579306382646288e-6
-8.168140899333462	6.603223907511106e-6
-8.152432936065512	6.627272598318472e-6
-8.136724972797564	6.651453419585559e-6
-8.121017009529615	6.675767344744705e-6
-8.105309046261667	6.700215356242461e-6
-8.089601082993717	6.724798445640756e-6
-8.073893119725769	6.749517613718659e-6
-8.058185156457819	6.774373870575854e-6
-8.042477193189871	6.799368235737499e-6
-8.026769229921921	6.8245017382601075e-6
-8.011061266653972	6.849775416839253e-6
-7.995353303386024	6.87519031991864e-6
-7.979645340118075	6.900747505800055e-6
-7.963937376850126	6.926448042755822e-6
-7.948229413582177	6.952293009141672e-6
-7.932521450314228	6.978283493511868e-6
-7.916813487046278	7.004420594735559e-6
-7.901105523778329	7.0307054221146585e-6
-7.8853975605103805	7.057139095503443e-6
-7.869689597242432	7.08372274542987e-6
-7.853981633974483	7.110457513217953e-6
-7.838273670706534	7.13734455111262e-6
-7.822565707438585	7.164385022405559e-6
-7.806857744170636	7.191580101563231e-6
-7.791149780902687	7.2189309743563395e-6
-7.7754418176347375	7.246438837991081e-6
-7.759733854366789	7.274104901242506e-6
-7.74402589109884	7.301930384589166e-6
-7.728317927830891	7.329916520350264e-6
-7.712609964562942	7.358064552823872e-6
-7.696902001294993	7.386375738427718e-6
-7.681194038027044	7.414851345841941e-6
-7.665486074759095	7.443492656153062e-6
-7.6497781114911465	7.472300963000886e-6
-7.634070148223198	7.501277572726616e-6
-7.618362184955249	7.530423804523723e-6
-7.602654221687299	7.559740990590615e-6
-7.58694625841935	7.589230476285002e-6
-7.571238295151401	7.618893620281428e-6
-7.555530331883452	7.648731794729803e-6
-7.5398223686155035	7.678746385417224e-6
-7.524114405347555	7.70893879193155e-6
-7.508406442079606	7.739310427827015e-6
-7.492698478811657	7.769862720792987e-6
-7.476990515543708	7.80059711282438e-6
-7.461282552275758	7.831515060394734e-6
-7.445574589007809	7.862618034631595e-6
-7.4298666257398605	7.8939075214951e-6
-7.414158662471912	7.925385021958034e-6
-7.398450699203963	7.957052052189048e-6
-7.382742735936014	7.98891014373884e-6
-7.367034772668065	8.020960843728128e-6
-7.351326809400116	8.053205715039005e-6
-7.335618846132167	8.085646336508968e-6
-7.319910882864218	8.118284303127555e-6
-7.304202919596269	8.151121226235783e-6
-7.28849495632832	8.184158733728755e-6
-7.272786993060371	8.217398470261259e-6
-7.257079029792422	8.25084209745549e-6
-7.241371066524473	8.284491294113297e-6
-7.225663103256524	8.318347756430324e-6
-7.209955139988575	8.352413198213464e-6
-7.194247176720626	8.386689351102372e-6
-7.1785392134526775	8.421177964792842e-6
-7.162831250184729	8.455880807265094e-6
-7.147123286916779	8.490799665013443e-6
-7.13141532364883	8.525936343281997e-6
-7.115707360380881	8.561292666300992e-6
-7.099999397112932	8.596870477528655e-6
-7.084291433844983	8.632671639896155e-6
-7.0685834705770345	8.668698036056192e-6
-7.052875507309086	8.704951568634275e-6
-7.037167544041137	8.741434160486032e-6
-7.021459580773188	8.778147754956395e-6
-7.005751617505239	8.815094316143511e-6
-6.99004365423729	8.852275829166488e-6
-6.97433569096934	8.8896943004372e-6
-6.9586277277013915	8.927351757936333e-6
-6.942919764433443	8.965250251493837e-6
-6.927211801165494	9.003391853072637e-6
-6.911503837897545	9.041778657058365e-6
-6.895795874629596	9.080412780551723e-6
-6.880087911361647	9.119296363667e-6
-6.864379948093698	9.158431569833592e-6
-6.848671984825749	9.197820586103702e-6
-6.8329640215578	9.237465623463529e-6
-6.817256058289851	9.277368917150195e-6
-6.801548095021902	9.317532726973238e-6
-6.785840131753953	9.357959337640416e-6
-6.770132168486004	9.398651059090585e-6
-6.754424205218055	9.439610226829154e-6
-6.738716241950106	9.480839202270901e-6
-6.7230082786821574	9.522340373087269e-6
-6.707300315414209	9.564116153559319e-6
-6.69159235214626	9.606168984935692e-6
-6.675884388878311	9.648501335797854e-6
-6.660176425610361	9.691115702428901e-6
-6.644468462342412	9.734014609189906e-6
-6.628760499074463	9.777200608902116e-6
-6.613052535806514	9.820676283234002e-6
-6.5973445725385655	9.864444243095917e-6
-6.581636609270617	9.908507129040629e-6
-6.565928646002668	9.952867611670034e-6
-6.550220682734719	9.997528392048707e-6
-6.53451271946677	1.0042492202123971e-5
-6.51880475619882	1.0087761805152916e-5
-6.503096792930871	1.0133339996136533e-5
-6.4873888296629225	1.0179229602260263e-5
-6.471680866394974	1.022543348334259e-5
-6.455972903127025	1.0271954532290265e-5
-6.440264939859076	1.031879567556146e-5
-6.424556976591127	1.0365959873636289e-5
-6.408849013323178	1.0413450121495578e-5
-6.393141050055229	1.0461269449106182e-5
-6.37743308678728	1.0509420921916658e-5
-6.3617251235193315	1.05579076413585e-5
-6.346017160251382	1.0606732745358254e-5
-6.330309196983433	1.065589940885591e-5
-6.314601233715484	1.0705410844333773e-5
-6.298893270447535	1.0755270302353279e-5
-6.283185307179586	1.0805481072100828e-5
-6.267477343911637	1.0856046481943427e-5
-6.2517693806436885	1.090696989999304e-5
-6.23606141737574	1.0958254734680936e-5
-6.220353454107791	1.1009904435341484e-5
-6.204645490839841	1.1061922492806308e-5
-6.188937527571892	1.1114312440008089e-5
-6.173229564303943	1.116707785259531e-5
-6.157521601035994	1.1220222349556962e-5
-6.1418136377680455	1.1273749593858178e-5
-6.126105674500097	1.1327663293087302e-5
-6.110397711232148	1.1381967200113145e-5
-6.094689747964199	1.1436665113754759e-5
-6.07898178469625	1.1491760879462222e-5
-6.063273821428301	1.1547258390009379e-5
-6.047565858160352	1.1603161586198735e-5
-6.031857894892402	1.1659474457578797e-5
-6.0161499316244536	1.1716201043173599e-5
-6.000441968356505	1.1773345432225932e-5
-5.984734005088556	1.1830911764952657e-5
-5.969026041820607	1.1888904233314393e-5
-5.953318078552658	1.1947327081797837e-5
-5.937610115284709	1.2006184608213415e-5
-5.92190215201676	1.2065481164505253e-5
-5.906194188748811	1.2125221157577814e-5
-5.890486225480862	1.2185409050135111e-5
-5.874778262212913	1.224604936153765e-5
-5.859070298944964	1.2307146668672024e-5
-5.843362335677015	1.236870560683834e-5
-5.827654372409066	1.2430730870652859e-5
-5.811946409141117	1.2493227214967333e-5
-5.796238445873168	1.2556199455804738e-5
-5.7805304826052195	1.2619652471312458e-5
-5.764822519337271	1.2683591202733142e-5
-5.749114556069322	1.274802065539272e-5
-5.733406592801373	1.281294589970777e-5
-5.717698629533423	1.2878372072209828e-5
-5.701990666265474	1.2944304376590698e-5
-5.686282702997525	1.3010748084765406e-5
-5.6705747397295765	1.3077708537956556e-5
-5.654866776461628	1.3145191147797457e-5
-5.639158813193679	1.3213201397457219e-5
-5.62345084992573	1.3281744842786257e-5
-5.607742886657781	1.3350827113483418e-5
-5.592034923389832	1.3420453914286182e-5
-5.576326960121882	1.3490631026181496e-5
-5.5606189968539335	1.3561364307641733e-5
-5.544911033585985	1.3632659695883084e-5
-5.529203070318036	1.370452320814777e-5
-5.513495107050087	1.3776960943012073e-5
-5.497787143782138	1.3849979081718407e-5
-5.482079180514189	1.3923583889533781e-5
-5.46637121724624	1.3997781717133619e-5
-5.450663253978291	1.4072579002014164e-5
-5.4349552907103424	1.4147982269930398e-5
-5.419247327442394	1.42239981363635e-5
-5.403539364174444	1.430063330801661e-5
-5.387831400906495	1.4377894584339516e-5
-5.372123437638546	1.4455788859084251e-5
-5.356415474370597	1.453432312189051e-5
-5.340707511102648	1.4613504459903021e-5
-5.324999547834699	1.469334005942167e-5
-5.3092915845667505	1.4773837207582736e-5
-5.293583621298802	1.4855003294076052e-5
-5.277875658030853	1.493684581289457e-5
-5.262167694762903	1.501937236412044e-5
-5.246459731494954	1.5102590655746954e-5
-5.230751768227005	1.5186508505536064e-5
-5.215043804959056	1.5271133842916415e-5
-5.1993358416911075	1.5356474710917e-5
-5.183627878423159	1.5442539268141883e-5
-5.16791991515521	1.5529335790786303e-5
-5.152211951887261	1.5616872674691243e-5
-5.136503988619312	1.5705158437444255e-5
-5.120796025351363	1.5794201720520043e-5
-5.105088062083414	1.588401129146871e-5
-5.0893800988154645	1.5974596046147355e-5
-5.073672135547516	1.6065965010998468e-5
-5.057964172279567	1.615812734537811e-5
-5.042256209011618	1.6251092343930412e-5
-5.026548245743669	1.6344869439012974e-5
-5.01084028247572	1.6439468203175557e-5
-4.995132319207771	1.6534898351687918e-5
-4.979424355939822	1.6631169745124905e-5
-4.9637163926718735	1.6728292392003828e-5
-4.948008429403924	1.6826276451480568e-5
-4.932300466135975	1.6925132236102695e-5
-4.916592502868026	1.7024870214621782e-5
-4.900884539600077	1.7125501014867437e-5
-4.885176576332128	1.7227035426683437e-5
-4.869468613064179	1.732948440492649e-5
-4.8537606497962305	1.743285907253355e-5
-4.838052686528282	1.7537170723652915e-5
-4.822344723260333	1.764243082684722e-5
-4.806636759992384	1.7748651028365335e-5
-4.790928796724435	1.785584315548802e-5
-4.775220833456485	1.7964019219946018e-5
-4.759512870188536	1.8073191421417323e-5
-4.743804906920587	1.818337215110017e-5
-4.7280969436526386	1.8294573995367568e-5
-4.71238898038469	1.8406809739504672e-5
-4.696681017116741	1.8520092371527926e-5
-4.680973053848792	1.8634435086095842e-5
-4.665265090580843	1.8749851288503885e-5
-4.649557127312894	1.88663545987738e-5
-4.633849164044944	1.8983958855835563e-5
-4.6181412007769955	1.910267812180562e-5
-4.602433237509047	1.922252668636499e-5
-4.586725274241098	1.9343519071237162e-5
-4.571017310973149	1.946567003477172e-5
-4.5553093477052	1.958899457663444e-5
-4.539601384437251	1.9713507942607818e-5
-4.523893421169302	1.9839225629502757e-5
-4.508185457901353	1.996616339018857e-5
-4.4924774946334045	2.0094337238741863e-5
-4.476769531365456	2.0223763455715323e-5
-4.461061568097506	2.0354458593535452e-5
-4.445353604829557	2.0486439482028613e-5
-4.429645641561608	2.061972323407893e-5
-4.413937678293659	2.0754327251423624e-5
-4.39822971502571	2.0890269230589816e-5
-4.3825217517577615	2.1027567168973805e-5
-4.366813788489813	2.1166239371068865e-5
-4.351105825221864	2.1306304454848748e-5
-4.335397861953915	2.1447781358303894e-5
-4.319689898685965	2.1590689346142528e-5
-4.303981935418016	2.1735048016655543e-5
-4.288273972150067	2.1880877308753585e-5
-4.2725660088821185	2.202819750918048e-5
-4.25685804561417	2.217702925990576e-5
-4.241150082346221	2.2327393565704418e-5
-4.225442119078272	2.247931180192922e-5
-4.209734155810323	2.263280572247767e-5
-4.194026192542374	2.2787897467966202e-5
-4.178318229274425	2.2944609574108752e-5
-4.162610266006476	2.3102964980313765e-5
-4.146902302738527	2.326298703850278e-5
-4.131194339470578	2.3424699522155612e-5
-4.115486376202629	2.3588126635592307e-5
-4.09977841293468	2.375329302349738e-5
-4.084070449666731	2.3920223780693247e-5
-4.068362486398782	2.408894446217087e-5
-4.052654523130833	2.4259481093387065e-5
-4.036946559862884	2.4431860180833216e-5
-4.0212385965949355	2.460610872288692e-5
-4.005530633326986	2.4782254220954388e-5
-3.9898226700590373	2.4960324690912792e-5
-3.9741147067910885	2.5140348674861363e-5
-3.958406743523139	2.5322355253192653e-5
-3.9426987802551903	2.5506374056996155e-5
-3.9269908169872414	2.5692435280813293e-5
-3.9112828537192925	2.5880569695791728e-5
-3.8955748904513436	2.607080866355864e-5
-3.8798669271833943	2.62631841572823e-5
-3.8641589639154454	2.645772878027361e-5
-3.8484510006474966	2.6654475627904398e-5
-3.8327430373795477	2.6853458700699405e-5
-3.817035074111599	2.7054712478839844e-5
-3.8013271108436495	2.725827216588536e-5
-3.7856191475757006	2.7464173661762e-5
-3.7699111843077517	2.7672453578599615e-5
-3.754203221039803	2.7883149257889462e-5
-3.738495257771854	2.8096298788234084e-5
-3.7227872945039047	2.831194102363455e-5
-3.707079331235956	2.853011560231634e-5
-3.691371367968007	2.8750862966111694e-5
-3.675663404700058	2.8974224380419373e-5
-3.659955441432109	2.920024195476444e-5
-3.64424747816416	2.9428958664005483e-5
-3.628539514896211	2.9660418370266037e-5
-3.612831551628262	2.9894665845876057e-5
-3.597123588360313	3.013174679879841e-5
-3.5814156250923643	3.0371707915472466e-5
-3.565707661824415	3.0614598104457334e-5
-3.549999698556466	3.086046214420606e-5
-3.5342917352885173	3.110935338629128e-5
-3.5185837720205684	3.1361321623045925e-5
-3.5028758087526195	3.1616418801506173e-5
-3.48716784548467	3.18747857511361e-5
-3.4714598822167213	3.213621136607763e-5
-3.4557519189487724	3.2401016170899245e-5
-3.4400439556808236	3.2669168628449646e-5
-3.4243359924128747	3.2940726245307354e-5
-3.4086280291449254	3.3215747975228195e-5
-3.3929200658769765	3.349429409813307e-5
-3.3772121026090276	3.377642624086733e-5
-3.3615041393410787	3.4062207411208495e-5
-3.34579617607313	3.435170203527637e-5
-3.3300882128051805	3.464497599693536e-5
-3.3143802495372316	3.494209667917589e-5
-3.2986722862692828	3.524313300842967e-5
-3.282964323001334	3.55481555064958e-5
-3.267256359733385	3.58572363867111e-5
-3.2515483964654357	3.6170450778028844e-5
-3.235840433197487	3.648787150646758e-5
-3.220132469929538	3.680957626260047e-5
-3.204424506661589	3.713564692333153e-5
-3.18871654339364	3.7466178581882704e-5
-3.173008580125691	3.7801249281181654e-5
-3.157300616857742	3.8140928871981824e-5
-3.141592653589793	3.848523162394087e-5
-3.1258846903218442	3.883629184112973e-5
-3.1101767270538954	3.9188390519985095e-5
-3.094468763785946	3.954737605127189e-5
-3.078760800517997	3.991143984463016e-5
-3.0630528372500483	4.0280672546660474e-5
-3.0473448739820994	4.065517374774009e-5
-3.0316369107141505	4.103504632960892e-5
-3.015928947446201	4.14203959757107e-5
-3.0002209841782523	4.181133118145161e-5
-2.9845130209103035	4.220796374258573e-5
-2.9688050576423546	4.2610407617085905e-5
-2.9530970943744057	4.301878412938074e-5
-2.9373891311064564	4.3433302663328274e-5
-2.9216811678385075	4.385451559864614e-5
-2.9059732045705586	4.428068301556451e-5
-2.8902652413026098	4.471400175142373e-5
-2.874557278034661	4.515395080491195e-5
-2.8588493147667116	4.560116487730363e-5
-2.8431413514987627	4.605422711382688e-5
-2.827433388230814	4.6516028871906744e-5
-2.811725424962865	4.6982218851972364e-5
-2.796017461694916	4.745717085647261e-5
-2.7803094984269667	4.796202083249347e-5
-2.764601535159018	4.8429912292571944e-5
-2.748893571891069	4.892642096823042e-5
-2.73318560862312	4.943179158987592e-5
-2.7174776453551712	4.994538358349351e-5
-2.701769682087222	5.046729839802366e-5
-2.686061718819273	5.099770618755989e-5
-2.670353755551324	5.1536801037405226e-5
-2.6546457922833753	5.208482668392907e-5
-2.6389378290154264	5.2642151869749166e-5
-2.623229865747477	5.323529072305565e-5
-2.607521902479528	5.378440350902072e-5
-2.5918139392115793	5.439772868040594e-5
-2.5761059759436304	5.4965221954821675e-5
-2.5603980126756816	5.557303070988371e-5
-2.5446900494077322	5.6187904482997535e-5
-2.5289820861397834	5.6815352752433665e-5
-2.5132741228718345	5.7461471608220484e-5
-2.4975661596038856	5.8109290650101686e-5
-2.4818581963359367	5.879396063785688e-5
-2.4661502330679874	5.958866009753364e-5
-2.4504422698000385	6.0213695955702404e-5
-2.4347343065320897	6.085292432059796e-5
-2.419026343264141	6.15245214076405e-5
-2.403318379996192	6.224403074885269e-5
-2.3876104167282426	6.297853887766744e-5
-2.3719024534602937	6.372720887498112e-5
-2.356194490192345	6.449019408807936e-5
-2.340486526924396	6.526791355667716e-5
-2.324778563656447	6.606137211438357e-5
-2.3090706003884978	6.687536886559767e-5
-2.293362637120549	6.771783221343155e-5
-2.2776546738526	6.869385808123783e-5
-2.261946710584651	6.940409835216201e-5
-2.2462387473167023	7.068569158974397e-5
-2.230530784048753	7.847705223093963e-5
-2.214822820780804	7.225506137440677e-5
-2.199114857512855	7.309872206708569e-5
-2.1834068942449063	7.400821471106463e-5
-2.1676989309769574	7.530795532723669e-5
-2.151990967709008	7.745165416077168e-5
-2.1362830044410592	7.726134485878505e-5
-2.1205750411731104	7.950421691530058e-5
-2.1048670779051615	8.01961325159786e-5
-2.0891591146372126	8.014956689866634e-5
-2.0734511513692633	8.116248720704944e-5
-2.0577431881013144	8.226165085380206e-5
-2.0420352248333655	8.344460345907887e-5
-2.0263272615654166	8.460230415260638e-5
-2.0106192982974678	8.815674820873134e-5
-1.9949113350295187	8.712254856322493e-5
-1.9792033717615696	8.829440548957039e-5
-1.9634954084936207	8.963781844835043e-5
-1.9477874452256718	9.118429014107226e-5
-1.9320794819577227	9.391979744254671e-5
-1.9163715186897738	0.00020435738588699972
-1.9006635554218247	0.00010561683925989598
-1.8849555921538759	0.00011090337802727506
-1.869247628885927	9.940967331167742e-5
-1.853539665617978	0.00010018190403762027
-1.837831702350029	0.0001236635401399371
-1.82212373908208	0.00010614891766179486
-1.806415775814131	0.0001253677189540826
-1.7907078125461822	0.00015195600156083376
-1.774999849278233	0.00010979353216925952
-1.7592918860102842	0.00011007515853017372
-1.743583922742335	0.00011150576429514276
-1.7278759594743862	0.00011336232130325252
-1.7121679962064373	0.00011590515970822947
-1.6964600329384882	0.00012032348342030435
-1.6807520696705394	0.0001195659597279654
-1.6650441064025903	0.00012282810932340792
-1.6493361431346414	0.00014075147622129617
-1.6336281798666925	0.00012964276653298185
-1.6179202165987434	0.00013239500050498052
-1.6022122533307945	0.00017758900231006696
-1.5865042900628454	0.00021029505647523702
-1.5707963267948966	0.00017907606060948747
-1.5550883635269477	0.0002618953203908713
-1.5393804002589986	0.0001604510999756063
-1.5236724369910497	0.0009954234579803941
-1.5079644737231006	0.00018089292608484397
-1.4922565104551517	0.0010642592933816626
-1.4765485471872029	0.00017157208242719253
-1.4608405839192538	0.00018236335211489307
-1.4451326206513049	0.00016264512556474935
-1.4294246573833558	0.0001660821949884936
-1.413716694115407	0.00016863522620783956
-1.398008730847458	0.00017230160122715913
-1.382300767579509	0.00022784822886994153
-1.36659280431156	0.0001850785977234757
-1.350884841043611	0.00020386559984066945
-1.335176877775662	0.00033883059477424676
-1.3194689145077132	0.00028726739199974274
-1.303760951239764	0.01088673676536914
-1.2880529879718152	0.0003287589080308574
-1.2723450247038661	0.00027530185962335014
-1.2566370614359172	0.0005632782925611686
-1.2409290981679684	0.0004356418192166826
-1.2252211349000193	0.001302778289550854
-1.2095131716320704	0.015983169702682636
-1.1938052083641213	0.0005349032343176447
-1.1780972450961724	0.0005802387777984431
-1.1623892818282235	0.00031925745745991824
-1.1466813185602744	0.0004109449795245384
-1.1309733552923256	0.0003149805650159283
-1.1152653920243765	0.00037832244999735026
-1.0995574287564276	0.0002932424348266576
-1.0838494654884787	0.0003036621449775978
-1.0681415022205296	0.0003215198154717781
-1.0524335389525807	0.00034747752846427154
-1.0367255756846316	0.0004154794967197781
-1.0210176124166828	0.0009730965844156857
-1.0053096491487339	0.0008211247032368234
-0.9896016858807848	0.009329697094314504
-0.9738937226128359	0.0008186054895145905
-0.9581857593448869	0.0015552071724077448
-0.9424777960769379	0.006095656931969003
-0.926769832808989	0.003359774103379343
-0.91106186954104	0.037071597363795915
-0.8953539062730911	0.06449643241401481
-0.8796459430051421	0.0038736479343215095
-0.8639379797371931	0.0013400068123539403
-0.8482300164692441	0.003639328817398673
-0.8325220532012951	0.0007214254949648229
-0.8168140899333463	0.0008702578766459786
-0.8011061266653973	0.0006999834473609423
-0.7853981633974483	0.0008059464774400274
-0.7696902001294993	0.0007384230411607272
-0.7539822368615503	0.0008398210077740223
-0.7382742735936014	0.0008924044368948125
-0.7225663103256524	0.0011106808170424855
-0.7068583470577035	0.0016599199171406119
-0.6911503837897545	0.01870135078157208
-0.6754424205218055	0.006329438693574389
-0.6597344572538566	0.046410409443458325
-0.6440264939859076	0.017967286673589208
-0.6283185307179586	0.09712883099530199
-0.6126105674500096	0.0085103363516306
-0.5969026041820606	0.006884109679782396
-0.5811946409141118	0.7664440554303815
-0.5654866776461628	0.017682724029788637
-0.5497787143782138	0.01699921156780099
-0.5340707511102648	0.003020060155465048
-0.5183627878423158	0.0023980726977643934
-0.5026548245743669	0.0018162810115175895
-0.48694686130641796	0.002503093358980123
-0.47123889803846897	0.002157822814962269
-0.45553093477052	0.0024239471942346623
-0.43982297150257105	0.005317778292398671
-0.42411500823462206	0.004507524579907359
-0.4084070449666731	0.009506261304507567
-0.39269908169872414	0.006469768954257655
-0.37699111843077515	0.008741857706886074
-0.3612831551628262	0.022966859688736248
-0.34557519189487723	1.1337821291674006
-0.3298672286269283	0.057106066942896765
-0.3141592653589793	0.6548736901465995
-0.2984513020910303	0.2479440968969406
-0.2827433388230814	0.043887964457451724
-0.2670353755551324	1.149978421869339
-0.25132741228718347	0.022468725751892762
-0.23561944901923448	0.009308894683230168
-0.21991148575128552	0.012264310366060642
-0.20420352248333656	0.11274666011457021
-0.18849555921538758	0.006256069919887162
-0.17278759594743862	0.0056547517718055365
-0.15707963267948966	0.006105369107262209
-0.1413716694115407	0.007003299796111892
-0.12566370614359174	0.009349624186304393
-0.10995574287564276	0.26429982258623996
-0.09424777960769379	0.017884315161706396
-0.07853981633974483	0.018432988553912122
-0.06283185307179587	0.02988595181204689
-0.047123889803846894	0.292477636445658
-0.031415926535897934	0.13973223621389178
-0.015707963267948967	0.4336395891122807
0.0	89.49945486796167
0.015707963267948967	0.43998578407182504
0.031415926535897934	0.14787354841588682
0.047123889803846894	0.3581501698305888
0.06283185307179587	0.03261019186923192
0.07853981633974483	0.020672457056956653
0.09424777960769379	0.02335106529625173
0.10995574287564276	0.4540218570562196
0.12566370614359174	0.013225872186853232
0.1413716694115407	0.010659984772927554
0.15707963267948966	0.010501633717223988
0.17278759594743862	0.011218224052192744
0.18849555921538758	0.014683366004593407
0.20420352248333656	0.3109050412146026
0.21991148575128552	0.036928094749934914
0.23561944901923448	0.03222368056272959
0.25132741228718347	0.08419497727372369
0.2670353755551324	4.373405939008682
0.2827433388230814	0.19220221688345052
0.2984513020910303	1.145593685084197
0.3141592653589793	3.0694040237892466
0.3298672286269283	0.2714977783224662
0.34557519189487723	6.391607425631454
0.3612831551628262	0.11972992749819371
0.37699111843077515	0.04173695658638589
0.39269908169872414	0.03221948645732725
0.4084070449666731	0.060530234009635774
0.42411500823462206	0.02567816490933412
0.43982297150257105	0.036371352815634014
0.45553093477052	0.012586544206568497
0.47123889803846897	0.012145098524652521
0.48694686130641796	0.018440639307168546
0.5026548245743669	0.012651336932873309
0.5183627878423158	0.022707216917484264
0.5340707511102648	0.03540334938220172
0.5497787143782138	0.25994535102295363
0.5654866776461628	0.29578900206491354
0.5811946409141118	14.007438636265523
0.5969026041820606	0.12130568607414574
0.6126105674500096	0.1746887589028402
0.6283185307179586	2.2185043634124693
0.6440264939859076	0.44785479217177787
0.6597344572538566	1.204527800034721
0.6754424205218055	0.1559367971794061
0.6911503837897545	0.5689354591253181
0.7068583470577035	0.03301033896622408
0.7225663103256524	0.01790248383891018
0.7382742735936014	0.012803378567111275
0.7539822368615503	0.013477853265810047
0.7696902001294993	0.011507947453951103
0.7853981633974483	0.01766673809989495
0.8011061266653973	0.014798315670304462
0.8168140899333463	0.027859364918069295
0.8325220532012951	0.02266413032047066
0.8482300164692441	0.22873999333940867
0.8639379797371931	0.07985225629466511
0.8796459430051421	0.30334369345601164
0.8953539062730911	5.586696731948506
0.91106186954104	3.466339859892211
0.926769832808989	0.30441478801010563
0.9424777960769379	0.6444548681177932
0.9581857593448869	0.13767224995831714
0.9738937226128359	0.06070659049731503
0.9896016858807848	1.2594675467595902
1.0053096491487339	0.07534970525637644
1.0210176124166828	0.10579338440164977
1.0367255756846316	0.0193614893462956
1.0524335389525807	0.010652691638008121
1.0681415022205296	0.008595062203241173
1.0838494654884787	0.007660022499393821
1.0995574287564276	0.008141045226094566
1.1152653920243765	0.03380928481307603
1.1309733552923256	0.021178355323481102
1.1466813185602744	0.053989263883774244
1.1623892818282235	0.03152983079205797
1.1780972450961724	0.1324738129168458
1.1938052083641213	0.1313011863425159
1.2095131716320704	6.682935824380951
1.2252211349000193	0.48040890018409416
1.2409290981679684	0.10580702981057871
1.2566370614359172	0.19033532308906725
1.2723450247038661	0.04251502100595206
1.2880529879718152	0.08549546877000672
1.303760951239764	7.275563336652139
1.3194689145077132	0.06946376516444351
1.335176877775662	0.12338906471226951
1.350884841043611	0.020153973047214363
1.36659280431156	0.00888857749408036
1.382300767579509	0.05700765816535428
1.398008730847458	0.005567238948722972
1.413716694115407	0.006219928519390664
1.4294246573833558	0.00818524874527552
1.4451326206513049	0.008979963196087794
1.4608405839192538	0.04358173399520475
1.4765485471872029	0.03633861129926455
1.4922565104551517	1.594230690067687
1.5079644737231006	0.07087052644027483
1.5236724369910497	1.7187407623419928
1.5393804002589986	0.04441081668373164
1.5550883635269477	0.2977550982478203
1.5707963267948966	0.11323587125700309
1.5865042900628454	0.215894729811104
1.6022122533307945	0.14204810367106496
1.6179202165987434	0.016193214879325527
1.6336281798666925	0.016534028389541277
1.6493361431346414	0.06697873407131147
1.6650441064025903	0.008648637736679518
1.6807520696705394	0.004373460880258464
1.6964600329384882	0.01855089726803255
1.7121679962064373	0.006830366411254156
1.7278759594743862	0.004007549455467967
1.743583922742335	0.004514984286169755
1.7592918860102842	0.007663842441060223
1.774999849278233	0.019555925757647794
1.7907078125461822	0.3664197246046981
1.806415775814131	0.17552784561636636
1.82212373908208	0.033187718044406934
1.837831702350029	0.22441996156420943
1.853539665617978	0.009835840675855939
1.869247628885927	0.01968477673581882
1.8849555921538759	0.1845567833899985
1.9006635554218247	0.14291866282666996
1.9163715186897738	1.6023986355277373
1.9320794819577227	0.027954594814201848
1.9477874452256718	0.006870755333493115
1.9634954084936207	0.0033421984397824464
1.9792033717615696	0.0024377821332446947
1.9949113350295187	0.004421636069440841
2.0106192982974678	0.05647811605183693
2.0263272615654166	0.0023366452020441427
2.0420352248333655	0.002855822424169876
2.0577431881013144	0.0019128540840116439
2.0734511513692633	0.0027092080279451244
2.0891591146372126	0.005879577798342124
2.1048670779051615	0.04902288505800386
2.1205750411731104	0.06499295109982195
2.1362830044410592	0.01683786532451717
2.151990967709008	0.07478128449441203
2.1676989309769574	0.021558149557341068
2.1834068942449063	0.00522912304497901
2.199114857512855	0.007992263755512055
2.214822820780804	0.013461497071108067
2.230530784048753	0.511069225347127
2.2462387473167023	0.032971866779208145
2.261946710584651	0.0021327246323697663
2.2776546738526	0.015110083169839564
2.293362637120549	0.0031038232691611204
2.3090706003884978	0.0013812931385655091
2.324778563656447	0.0007134588346076478
2.340486526924396	0.0005817196885000276
2.356194490192345	0.000546996324878116
2.3719024534602937	0.0005539401980011394
2.3876104167282426	0.0006096329843463654
2.403318379996192	0.00076450332628074
2.419026343264141	0.0012662593722978985
2.4347343065320897	0.008750060555191784
2.4504422698000385	0.021508855035408628
2.4661502330679874	0.036685804101458754
2.4818581963359367	0.008384428329797987
2.4975661596038856	0.0028735859583882825
2.5132741228718345	0.00339225142013218
2.5289820861397834	0.0010082707864464196
2.5446900494077322	0.0008299871255573708
2.5603980126756816	0.0012655564434182495
2.5761059759436304	0.0004959929543398603
2.5918139392115793	0.012431560402630968
2.607521902479528	0.0005560426916182856
2.623229865747477	0.01391335661858218
2.6389378290154264	0.000467127905998166
2.6546457922833753	0.00030427357412083706
2.670353755551324	0.0002549015693750897
2.686061718819273	0.00024230249223698144
2.701769682087222	0.00024325483229553375
2.7174776453551712	0.00025962987910305846
2.73318560862312	0.00030966649335205935
2.748893571891069	0.00047886004384597433
2.764601535159018	0.001643999796422423
2.7803094984269667	0.025206200358871476
2.796017461694916	0.000919722934580132
2.811725424962865	0.0008242158427900041
2.827433388230814	0.0027150228936056887
2.8431413514987627	0.0007760795238040668
2.8588493147667116	0.001350130851233005
2.874557278034661	0.0003326209382267759
2.8902652413026098	0.000203663731548042
2.9059732045705586	0.00019218954307133408
2.9216811678385075	0.0017806749267702318
2.9373891311064564	0.00040022488074563465
2.9530970943744057	0.000161823596513137
2.9688050576423546	0.00014170450932888743
2.9845130209103035	0.00013344041594331933
3.0002209841782523	0.00012703922307779307
3.015928947446201	0.00012330460250881893
3.0316369107141505	0.00012067348603761485
3.0473448739820994	0.00011908675524821261
3.0630528372500483	0.00011899145479650346
3.078760800517997	0.00012195861127679042
3.094468763785946	0.00013426097556472786
3.1101767270538954	0.00020227053613532786
3.1258846903218442	0.012072782991235048
3.141592653589793	0.0002499110782517223
3.157300616857742	0.0006449823468324143
3.173008580125691	0.0004924827739029559
3.18871654339364	0.00026543880294627224
3.204424506661589	0.00012429357301394872
3.220132469929538	0.00011181602048499373
3.235840433197487	0.0001175608396740338
3.2515483964654357	0.00011211074356467418
3.267256359733385	9.252589650879641e-5
3.282964323001334	8.88634134649578e-5
3.2986722862692828	8.655412666983513e-5
3.3143802495372316	8.469664932577435e-5
3.3300882128051805	8.307702692653688e-5
3.34579617607313	8.161413425386643e-5
3.3615041393410787	8.027100975151205e-5
3.3772121026090276	7.903232800241798e-5
3.3929200658769765	7.789957329516187e-5
3.4086280291449254	7.68973293819673e-5
3.4243359924128747	7.610114026373423e-5
3.4400439556808236	7.5744811296074e-5
3.4557519189487724	7.677863282981015e-5
3.4714598822167213	8.669030093250908e-5
3.48716784548467	0.0033987381593913162
3.5028758087526195	8.640936293756683e-5
3.5185837720205684	7.355739041707469e-5
3.5342917352885173	7.142417043081936e-5
3.549999698556466	7.725045551652525e-5
3.565707661824415	0.00014280224823571796
3.5814156250923643	6.905864338694045e-5
3.597123588360313	6.583803653187827e-5
3.612831551628262	6.441400631793533e-5
3.628539514896211	6.335867129621329e-5
3.64424747816416	6.243997790198499e-5
3.659955441432109	6.159136840273826e-5
3.675663404700058	6.0787107208253504e-5
3.691371367968007	6.0015173644251464e-5
3.707079331235956	5.926918671110152e-5
3.7227872945039047	5.854547413257424e-5
3.738495257771854	5.784188211698927e-5
3.754203221039803	5.715731616810817e-5
3.7699111843077517	5.649173056820343e-5
3.7856191475757006	5.584667613680106e-5
3.8013271108436495	5.5227196305017575e-5
3.817035074111599	5.464850775657822e-5
3.8327430373795477	5.416666823531083e-5
3.8484510006474966	5.4120340388523205e-5
3.8641589639154454	6.606691698848096e-5
3.8798669271833943	5.528769063356311e-5
3.8955748904513436	5.205357047185155e-5
3.9112828537192925	5.117374324909827e-5
3.9269908169872414	5.0524431706874384e-5
3.9426987802551903	4.993972391115144e-5
3.958406743523139	4.938450944618886e-5
3.9741147067910885	4.884757016426089e-5
3.9898226700590373	4.8324319817208246e-5
4.005530633326986	4.781252268985001e-5
4.0212385965949355	4.731092546854923e-5
4.036946559862884	4.6818738420599994e-5
4.052654523130833	4.633541244519987e-5
4.068362486398782	4.586053359082901e-5
4.084070449666731	4.5393769154098354e-5
4.09977841293468	4.493483832748997e-5
4.115486376202629	4.448349532844993e-5
4.131194339470578	4.4039519235997836e-5
4.146902302738527	4.3602707606906236e-5
4.162610266006476	4.317287231110234e-5
4.178318229274425	4.274983671829657e-5
4.194026192542374	4.2333433734483926e-5
4.209734155810323	4.192350438892373e-5
4.225442119078272	4.151989678741981e-5
4.241150082346221	4.1122465315479036e-5
4.25685804561417	4.0731070015981226e-5
4.2725660088821185	4.034557609141558e-5
4.288273972150067	3.996585349692512e-5
4.303981935418016	3.959177660087832e-5
4.319689898685965	3.9223223896621445e-5
4.335397861953915	3.886007775374466e-5
4.351105825221864	3.8502224200379756e-5
4.366813788489813	3.814955273029596e-5
4.3825217517577615	3.780195613010465e-5
4.39822971502571	3.745933032303907e-5
4.413937678293659	3.7121574226570156e-5
4.429645641561608	3.6788589621728924e-5
4.445353604829557	3.6460281032464654e-5
4.461061568097506	3.6136555613677667e-5
4.476769531365456	3.581732304685561e-5
4.4924774946334045	3.550249544241043e-5
4.508185457901353	3.519198724798334e-5
4.523893421169302	3.4885715162104953e-5
4.539601384437251	3.45835980526898e-5
4.5553093477052	3.4285556879911834e-5
4.571017310973149	3.3991514623098625e-5
4.586725274241098	3.370139621129704e-5
4.602433237509047	3.3415128457232194e-5
4.6181412007769955	3.3132639994400405e-5
4.633849164044944	3.2853861217075104e-5
4.649557127312894	3.257872422302533e-5
4.665265090580843	3.230716275876118e-5
4.680973053848792	3.203911216715501e-5
4.696681017116741	3.177450933728626e-5
4.71238898038469	3.1513292656372336e-5
4.7280969436526386	3.125540196367573e-5
4.743804906920587	3.10007785062665e-5
4.759512870188536	3.074936489654216e-5
4.775220833456485	3.050110507140872e-5
4.790928796724435	3.0255944253039926e-5
4.806636759992384	3.0013828911128304e-5
4.822344723260333	2.9774706726556403e-5
4.838052686528282	2.953852655641901e-5
4.8537606497962305	2.9305238400327726e-5
4.869468613064179	2.9074793367939483e-5
4.885176576332128	2.8847143647654258e-5
4.900884539600077	2.8622242476419072e-5
4.916592502868026	2.840004411060119e-5
4.932300466135975	2.8180503797871023e-5
4.948008429403924	2.796357775005899e-5
4.9637163926718735	2.7749223116937426e-5
4.979424355939822	2.7537397960893074e-5
4.995132319207771	2.732806123244864e-5
5.01084028247572	2.712117274660092e-5
5.026548245743669	2.6916693159939838e-5
5.042256209011618	2.6714583948515565e-5
5.057964172279567	2.651480738642785e-5
5.073672135547516	2.6317326525102962e-5
5.0893800988154645	2.612210517323429e-5
5.105088062083414	2.592910787736174e-5
5.120796025351363	2.5738299903060468e-5
5.136503988619312	2.5549647216720094e-5
5.152211951887261	2.536311646789088e-5
5.16791991515521	2.5178674972172262e-5
5.183627878423159	2.4996290694627582e-5
5.1993358416911075	2.4815932233703842e-5
5.215043804959056	2.4637568805635993e-5
5.230751768227005	2.4461170229322377e-5
5.246459731494954	2.428670691164836e-5
5.262167694762903	2.4114149833248107e-5
5.277875658030853	2.3943470534684527e-5
5.293583621298802	2.3774641103034456e-5
5.3092915845667505	2.3607634158864435e-5
5.324999547834699	2.3442422843582055e-5
5.340707511102648	2.327898080715441e-5
5.356415474370597	2.311728219617398e-5
5.372123437638546	2.2957301642265562e-5
5.387831400906495	2.2799014250822164e-5
5.403539364174444	2.2642395590054767e-5
5.419247327442394	2.2487421680350187e-5
5.4349552907103424	2.2334068983924533e-5
5.450663253978291	2.218231439476133e-5
5.46637121724624	2.20321352288281e-5
5.482079180514189	2.1883509214559334e-5
5.497787143782138	2.1736414483598532e-5
5.513495107050087	2.15908295617909e-5
5.529203070318036	2.1446733360418102e-5
5.544911033585985	2.1304105167668968e-5
5.5606189968539335	2.116292464033551e-5
5.576326960121882	2.102317179573048e-5
5.592034923389832	2.088482700381714e-5
5.607742886657781	2.074787097954716e-5
5.62345084992573	2.0612284775396673e-5
5.639158813193679	2.0478049774096733e-5
5.654866776461628	2.0345147681553207e-5
5.6705747397295765	2.0213560519946428e-5
5.686282702997525	2.0083270621010353e-5
5.701990666265474	1.995426061948059e-5
5.717698629533423	1.9826513446709618e-5
5.733406592801373	1.9700012324444194e-5
5.749114556069322	1.9574740758757017e-5
5.764822519337271	1.945068253413269e-5
5.7805304826052195	1.9327821707698713e-5
5.796238445873168	1.9206142603601164e-5
5.811946409141117	1.9085629807518245e-5
5.827654372409066	1.8966268161309548e-5
5.843362335677015	1.88480427577951e-5
5.859070298944964	1.873093893566213e-5
5.874778262212913	1.8614942274495936e-5
5.890486225480862	1.8500038589929553e-5
5.906194188748811	1.838621392891113e-5
5.92190215201676	1.8273454565083666e-5
5.937610115284709	1.816174699427624e-5
5.953318078552658	1.8051077930099972e-5
5.969026041820607	1.7941434299650757e-5
5.984734005088556	1.7832803239311207e-5
6.000441968356505	1.7725172090652062e-5
6.0161499316244536	1.7618528396428957e-5
6.031857894892402	1.7512859896671833e-5
6.047565858160352	1.7408154524865983e-5
6.063273821428301	1.7304400404219233e-5
6.07898178469625	1.7201585844017907e-5
6.094689747964199	1.7099699336063356e-5
6.110397711232148	1.6998729551190735e-5
6.126105674500097	1.6898665335867096e-5
6.1418136377680455	1.679949570886626e-5
6.157521601035994	1.670120985801826e-5
6.173229564303943	1.6603797137031706e-5
6.188937527571892	1.650724706238795e-5
6.204645490839841	1.641154931030305e-5
6.220353454107791	1.6316693713758866e-5
6.23606141737574	1.622267025959781e-5
6.2517693806436885	1.612946908568321e-5
6.267477343911637	1.603708047812109e-5
6.283185307179586	1.5945494868542504e-5
6.298893270447535	1.585470283144576e-5
6.314601233715484	1.5764695081595952e-5
6.330309196983433	1.567546247148017e-5
6.346017160251382	1.5586995988818292e-5
6.3617251235193315	1.54992867541263e-5
6.37743308678728	1.541232601833329e-5
6.393141050055229	1.5326105160447057e-5
6.408849013323178	1.524061568527097e-5
6.424556976591127	1.5155849221167869e-5
6.440264939859076	1.5071797517872409e-5
6.455972903127025	1.49884524443482e-5
6.471680866394974	1.4905805986689904e-5
6.4873888296629225	1.4823850246070166e-5
6.503096792930871	1.474257743672822e-5
6.51880475619882	1.4661979883999078e-5
6.53451271946677	1.4582050022386492e-5
6.550220682734719	1.4502780393672668e-5
6.565928646002668	1.4424163645068055e-5
6.581636609270617	1.4346192527398449e-5
6.5973445725385655	1.4268859893329182e-5
6.613052535806514	1.4192158695625845e-5
6.628760499074463	1.4116081985448985e-5
6.644468462342412	1.4040622910684154e-5
6.660176425610361	1.3965774714305539e-5
6.675884388878311	1.3891530732771567e-5
6.69159235214626	1.3817884394453277e-5
6.707300315414209	1.3744829218093525e-5
6.7230082786821574	1.3672358811296978e-5
6.738716241950106	1.3600466869049956e-5
6.754424205218055	1.3529147172269067e-5
6.770132168486004	1.3458393586378736e-5
6.785840131753953	1.3388200059916766e-5
6.801548095021902	1.331856062316613e-5
6.817256058289851	1.3249469386814525e-5
6.8329640215578	1.3180920540639284e-5
6.848671984825749	1.311290835221796e-5
6.864379948093698	1.3045427165663162e-5
6.880087911361647	1.2978471400382822e-5
6.895795874629596	1.2912035549862944e-5
6.911503837897545	1.2846114180474727e-5
6.927211801165494	1.2780701930303037e-5
6.942919764433443	1.2715793507998829e-5
6.9586277277013915	1.2651383691651735e-5
6.97433569096934	1.2587467327684408e-5
6.99004365423729	1.2524039329768513e-5
7.005751617505239	1.246109467775936e-5
7.021459580773188	1.2398628416651868e-5
7.037167544041137	1.2336635655555344e-5
7.052875507309086	1.227511156668761e-5
7.0685834705770345	1.221405138438701e-5
7.084291433844983	1.2153450404143923e-5
7.099999397112932	1.2093303981648866e-5
7.115707360380881	1.2033607531858981e-5
7.13141532364883	1.1974356528080746e-5
7.147123286916779	1.1915546501070396e-5
7.162831250184729	1.1857173038149954e-5
7.1785392134526775	1.1799231782339522e-5
7.194247176720626	1.1741718431505487e-5
7.209955139988575	1.1684628737523584e-5
7.225663103256524	1.1627958505457804e-5
7.241371066524473	1.1571703592753073e-5
7.257079029792422	1.1515859908443153e-5
7.272786993060371	1.146042341237226e-5
7.28849495632832	1.1405390114430597e-5
7.304202919596269	1.1350756073803625e-5
7.319910882864218	1.1296517398234166e-5
7.335618846132167	1.1242670243297974e-5
7.351326809400116	1.1189210811692007e-5
7.367034772668065	1.113613535253485e-5
7.382742735936014	1.1083440160679601e-5
7.398450699203963	1.1031121576038726e-5
7.414158662471912	1.0979175982920539e-5
7.4298666257398605	1.0927599809377538e-5
7.445574589007809	1.0876389526565524e-5
7.461282552275758	1.0825541648113996e-5
7.476990515543708	1.077505272950756e-5
7.492698478811657	1.0724919367477497e-5
7.508406442079606	1.0675138199404393e-5
7.524114405347555	1.0625705902730077e-5
7.5398223686155035	1.0576619194380714e-5
7.555530331883452	1.0527874830198532e-5
7.571238295151401	1.0479469604383763e-5
7.58694625841935	1.043140034894617e-5
7.602654221687299	1.038366393316513e-5
7.618362184955249	1.0336257263059997e-5
7.634070148223198	1.0289177280867684e-5
7.6497781114911465	1.0242420964530234e-5
7.665486074759095	1.0195985327190682e-5
7.681194038027044	1.0149867416696712e-5
7.696902001294993	1.0104064315113567e-5
7.712609964562942	1.0058573138243915e-5
7.728317927830891	1.0013391035156331e-5
7.74402589109884	9.968515187721604e-6
7.759733854366789	9.923942810155725e-6
7.7754418176347375	9.879671148571734e-6
7.791149780902687	9.835697480537874e-6
7.806857744170636	9.79201911464301e-6
7.822565707438585	9.748633390069804e-6
7.838273670706534	9.70553767617371e-6
7.853981633974483	9.662729372070153e-6
7.869689597242432	9.620205906226906e-6
7.8853975605103805	9.577964736064056e-6
7.901105523778329	9.536003347559981e-6
7.916813487046278	9.494319254863717e-6
7.932521450314228	9.452909999913343e-6
7.948229413582177	9.411773152060974e-6
7.963937376850126	9.37090630770251e-6
7.979645340118075	9.330307089914923e-6
7.995353303386024	9.289973148098131e-6
8.011061266653972	9.249902157622472e-6
8.026769229921921	9.210091819482449e-6
8.042477193189871	9.170539859955192e-6
8.058185156457819	9.131244030264794e-6
8.073893119725769	9.09220210625164e-6
8.089601082993717	9.053411888046783e-6
8.105309046261667	9.014871199751575e-6
8.121017009529615	8.976577889122277e-6
8.136724972797564	8.938529827259316e-6
8.152432936065512	8.900724908301575e-6
8.168140899333462	8.863161049125126e-6
8.183848862601412	8.82583618904725e-6
8.19955682586936	8.788748289533885e-6
8.21526478913731	8.751895333912407e-6
8.230972752405258	8.715275327088675e-6
8.246680715673207	8.678886295267972e-6
8.262388678941155	8.64272628568093e-6
8.278096642209105	8.60679336631236e-6
8.293804605477053	8.571085625635598e-6
8.309512568745003	8.535601172350008e-6
8.325220532012953	8.500338135122497e-6
8.3409284952809	8.465294662333033e-6
8.35663645854885	8.430468921824389e-6
8.372344421816798	8.395859100654565e-6
8.388052385084748	8.361463404853866e-6
8.403760348352696	8.327280059185291e-6
8.419468311620646	8.293307306908487e-6
8.435176274888594	8.259543409546858e-6
8.450884238156544	8.225986646658732e-6
8.466592201424492	8.192635315611604e-6
8.482300164692441	8.159487731359046e-6
8.498008127960391	8.126542226222235e-6
8.51371609122834	8.093797149673792e-6
8.529424054496289	8.061250868124617e-6
8.545132017764237	8.028901764714365e-6
8.560839981032187	7.996748239104716e-6
8.576547944300135	7.96478870727591e-6
8.592255907568084	7.933021601325395e-6
8.607963870836032	7.901445369270581e-6
8.623671834103982	7.870058474853353e-6
8.63937979737193	7.838859397348519e-6
8.65508776063988	7.807846631373327e-6
8.67079572390783	7.77701868670195e-6
8.686503687175778	7.74637408808046e-6
8.702211650443727	7.71591137504563e-6
8.717919613711675	7.685629101746457e-6
8.733627576979625	7.655525836767357e-6
8.749335540247573	7.625600162954533e-6
8.765043503515523	7.595850677244564e-6
8.780751466783471	7.5662759904953375e-6
8.79645943005142	7.536874727319795e-6
8.81216739331937	7.5076455259211185e-6
8.827875356587318	7.478587037931557e-6
8.843583319855268	7.449697928251951e-6
8.859291283123216	7.420976874894642e-6
8.874999246391166	7.392422568828369e-6
8.890707209659114	7.364033713824794e-6
8.906415172927064	7.335809026307837e-6
8.922123136195012	7.307747235204331e-6
8.937831099462962	7.279847081797959e-6
8.953539062730911	7.252107319583471e-6
8.96924702599886	7.2245267141245614e-6
8.984954989266809	7.197104042912707e-6
9.000662952534757	7.16983809522821e-6
9.016370915802707	7.142727672003267e-6
9.032078879070655	7.115771585686771e-6
9.047786842338605	7.0889686601107145e-6
9.063494805606553	7.062317730359109e-6
9.079202768874502	7.035817642637721e-6
9.09491073214245	7.009467254146617e-6
9.1106186954104	6.983265432953435e-6
9.12632665867835	6.957211057869063e-6
9.142034621946298	6.931303018324587e-6
9.157742585214248	6.905540214250221e-6
9.173450548482196	6.879921555955592e-6
9.189158511750145	6.854445964011565e-6
9.204866475018093	6.829112369134157e-6
9.220574438286043	6.803919712069102e-6
9.236282401553991	6.778866943479112e-6
9.25199036482194	6.753953023831344e-6
9.267698328089889	6.729176923287455e-6
9.283406291357839	6.704537621594527e-6
9.299114254625788	6.680034107977489e-6
9.314822217893736	6.6556653810331446e-6
9.330530181161686	6.63143044862526e-6
9.346238144429634	6.6073283277814796e-6
9.361946107697584	6.5833580445912165e-6
9.377654070965532	6.559518634105012e-6
9.393362034233482	6.53580914023524e-6
9.40906999750143	6.512228615657838e-6
9.42477796076938	6.4887761217158704e-6
9.44048592403733	6.465450728323757e-6
9.456193887305277	6.44225151387298e-6
9.471901850573227	6.4191775651392405e-6
9.487609813841175	6.396227977190253e-6
9.503317777109125	6.3734018532951305e-6
9.519025740377073	6.350698304835168e-6
9.534733703645022	6.328116451214872e-6
9.55044166691297	6.305655419775184e-6
9.56614963018092	6.283314345707083e-6
9.58185759344887	6.261092371966634e-6
9.597565556716818	6.238988649190813e-6
9.613273519984768	6.21700233561488e-6
9.628981483252716	6.19513259699031e-6
9.644689446520665	6.173378606504038e-6
9.660397409788613	6.151739544698554e-6
9.676105373056563	6.130214599393214e-6
9.691813336324511	6.108802965606349e-6
9.707521299592461	6.087503845478211e-6
9.723229262860409	6.0663164481957275e-6
9.738937226128359	6.045239989916698e-6
9.754645189396308	6.024273693696318e-6
9.770353152664256	6.003416789414145e-6
9.786061115932206	5.982668513701613e-6
9.801769079200154	5.962028109870919e-6
9.817477042468104	5.941494827844528e-6
9.833185005736052	5.921067924085847e-6
9.848892969004002	5.900746661530138e-6
9.86460093227195	5.880530309517217e-6
9.8803088955399	5.860418143723926e-6
9.896016858807847	5.840409446098278e-6
9.911724822075797	5.820503504794061e-6
9.927432785343747	5.800699614106083e-6
9.943140748611695	5.780997074406631e-6
9.958848711879645	5.761395192082152e-6
9.974556675147593	5.741893279471317e-6
9.990264638415542	5.722490654803243e-6
10.00597260168349	5.703186642137057e-6
10.02168056495144	5.683980571301544e-6
10.037388528219388	5.664871777836291e-6
10.053096491487338	5.645859602932419e-6
10.068804454755288	5.626943393375385e-6
10.084512418023236	5.6081225014875716e-6
10.100220381291185	5.589396285071541e-6
10.115928344559133	5.5707641073546455e-6
10.131636307827083	5.5522253369334925e-6
10.147344271095031	5.533779347719672e-6
10.163052234362981	5.515425518885737e-6
10.178760197630929	5.497163234812303e-6
10.194468160898879	5.478991885034834e-6
10.210176124166829	5.460910864192531e-6
10.225884087434777	5.442919571976199e-6
10.241592050702726	5.425017413077979e-6
10.257300013970674	5.407203797141085e-6
10.273007977238624	5.389478138710083e-6
10.288715940506572	5.371839857182184e-6
10.304423903774522	5.3542883767586085e-6
10.32013186704247	5.336823126396844e-6
10.33583983031042	5.319443539763246e-6
10.351547793578368	5.302149055186555e-6
10.367255756846317	5.2849391156116e-6
10.382963720114267	5.267813168553341e-6
10.398671683382215	5.2507706660522305e-6
10.414379646650165	5.2338110646292405e-6
10.430087609918113	5.216933825241929e-6
10.445795573186063	5.200138413240886e-6
10.46150353645401	5.183424298326549e-6
10.47721149972196	5.166790954506616e-6
10.492919462989908	5.1502378600540855e-6
10.508627426257858	5.133764497465471e-6
10.524335389525806	5.117370353419656e-6
10.540043352793756	5.101054918737507e-6
10.555751316061706	5.084817688341257e-6
10.571459279329654	5.06865816121495e-6
10.587167242597603	5.0525758403652255e-6
10.602875205865551	5.036570232782186e-6
10.618583169133501	5.020640849401393e-6
10.634291132401449	5.0047872050654324e-6
10.649999095669399	4.989008818486566e-6
10.665707058937347	4.97330521220975e-6
10.681415022205297	4.957675912575554e-6
10.697122985473246	4.942120449684195e-6
10.712830948741194	4.926638357359414e-6
10.728538912009144	4.911229173113138e-6
10.744246875277092	4.895892438110117e-6
10.759954838545042	4.880627697133665e-6
10.77566280181299	4.865434498550729e-6
10.79137076508094	4.850312394278588e-6
10.807078728348888	4.835260939750661e-6
10.822786691616837	4.8202796938837994e-6
10.838494654884787	4.8053682190452195e-6
10.854202618152735	4.790526081020013e-6
10.869910581420685	4.7757528489793295e-6
10.885618544688633	4.761048095447997e-6
10.901326507956583	4.746411396273834e-6
10.91703447122453	4.7318423305959844e-6
10.93274243449248	4.7173404808146644e-6
10.948450397760428	4.702905432560474e-6
10.964158361028378	4.688536774664399e-6
10.979866324296326	4.6742340991280225e-6
10.995574287564276	4.6599970010943975e-6
11.011282250832226	4.645825078818538e-6
11.026990214100174	4.631717933638949e-6
11.042698177368123	4.617675169949024e-6
11.058406140636071	4.6036963951689376e-6
11.074114103904021	4.58978121971787e-6
11.08982206717197	4.575929256986164e-6
11.105530030439919	4.562140123308475e-6
11.121237993707867	4.548413437936398e-6
11.136945956975817	4.534748823012043e-6
11.152653920243765	4.521145903541754e-6
11.168361883511714	4.507604307369627e-6
11.184069846779664	4.494123665152027e-6
11.199777810047612	4.480703610331644e-6
11.215485773315562	4.467343779112784e-6
11.23119373658351	4.454043810435697e-6
11.24690169985146	4.440803345952489e-6
11.262609663119408	4.427622030002005e-6
11.278317626387357	4.414499509585949e-6
11.294025589655305	4.4014354343449e-6
11.309733552923255	4.388429456534585e-6
11.325441516191205	4.3754812310021515e-6
11.341149479459153	4.3625904151633054e-6
11.356857442727103	4.349756668979157e-6
11.37256540599505	4.336979654933405e-6
11.388273369263	4.324259038009905e-6
11.403981332530948	4.3115944856704644e-6
11.419689295798898	4.298985667832787e-6
11.435397259066846	4.286432256848465e-6
11.451105222334796	4.273933927481567e-6
11.466813185602746	4.261490356887346e-6
11.482521148870694	4.249101224591052e-6
11.498229112138644	4.236766212466802e-6
11.513937075406592	4.224485004717179e-6
11.529645038674541	4.212257287852526e-6
11.54535300194249	4.2000827506708e-6
11.561060965210439	4.187961084237513e-6
11.576768928478387	4.175891981865608e-6
11.592476891746337	4.163875139096136e-6
11.608184855014285	4.151910253678676e-6
11.623892818282235	4.139997025551935e-6
11.639600781550184	4.128135156824833e-6
11.655308744818132	4.116324351757584e-6
11.671016708086082	4.104564316743095e-6
11.68672467135403	4.09285476028829e-6
11.70243263462198	4.08119539299608e-6
11.718140597889928	4.069585927546794e-6
11.733848561157878	4.058026078680901e-6
11.749556524425826	4.046515563180583e-6
11.765264487693775	4.035054099852631e-6
11.780972450961723	4.023641409510901e-6
11.796680414229673	4.012277214959019e-6
11.812388377497623	4.000961240973309e-6
11.82809634076557	3.989693214286119e-6
11.84380430403352	3.978472863568959e-6
11.859512267301469	3.9672999194158656e-6
11.875220230569418	3.956174114327317e-6
11.890928193837366	3.945095182693731e-6
11.906636157105316	3.934062860779456e-6
11.922344120373264	3.923076886707071e-6
11.938052083641214	3.912137000441381e-6
11.953760046909164	3.901242943774125e-6
11.969468010177112	3.890394460308273e-6
11.985175973445061	3.879591295442913e-6
12.00088393671301	3.868833196358004e-6
12.01659189998096	3.858119911999558e-6
12.032299863248907	3.8474511930647585e-6
12.048007826516857	3.8368267919872336e-6
12.063715789784805	3.826246462922389e-6
12.079423753052755	3.8157099617333744e-6
12.095131716320704	3.8052170459764434e-6
12.110839679588652	3.7947674748871133e-6
12.126547642856602	3.784361009365926e-6
12.14225560612455	3.7739974119649253e-6
12.1579635693925	3.7636764468737174e-6
12.173671532660448	3.7533978799058348e-6
12.189379495928398	3.7431614784856127e-6
12.205087459196346	3.73296701163445e-6
12.220795422464295	3.7228142499579736e-6
12.236503385732243	3.71270296563283e-6
12.252211349000193	3.702632932393837e-6
12.267919312268143	3.692603925520983e-6
12.283627275536091	3.682615721826891e-6
12.29933523880404	3.6726680996443206e-6
12.315043202071989	3.662760838813539e-6
12.330751165339938	3.6528937206701774e-6
12.346459128607886	3.6430665280329085e-6
12.362167091875836	3.6332790451913525e-6
12.377875055143784	3.6235310578942013e-6
12.393583018411734	3.613822353337234e-6
12.409290981679682	3.604152720151718e-6
12.424998944947632	3.5945219483926074e-6
12.440706908215581	3.5849298295270593e-6
12.45641487148353	3.5753761564231764e-6
12.47212283475148	3.5658607233384896e-6
12.487830798019427	3.556383325908851e-6
12.503538761287377	3.546943761137306e-6
12.519246724555325	3.537541827383148e-6
12.534954687823275	3.5281773243509552e-6
12.550662651091223	3.5188500530799513e-6
12.566370614359172	3.5095598159330282e-6
