-12.566370614359172	-6.561872028113174e-5
-12.550662651091223	-6.586989650685933e-5
-12.534954687823275	-6.612236209674053e-5
-12.519246724555325	-6.63761253718068e-5
-12.503538761287377	-6.663119471789718e-5
-12.487830798019427	-6.688757858625223e-5
-12.47212283475148	-6.714528549411241e-5
-12.45641487148353	-6.74043240253212e-5
-12.440706908215581	-6.76647028309387e-5
-12.424998944947632	-6.792643062985717e-5
-12.409290981679682	-6.818951620942531e-5
-12.393583018411734	-6.845396842608019e-5
-12.377875055143784	-6.871979620598357e-5
-12.362167091875836	-6.898700854566505e-5
-12.346459128607886	-6.925561451267629e-5
-12.330751165339938	-6.95256232462454e-5
-12.315043202071989	-6.979704395794255e-5
-12.29933523880404	-7.00698859323541e-5
-12.283627275536091	-7.034415852775898e-5
-12.267919312268143	-7.061987117681628e-5
-12.252211349000193	-7.089703338725936e-5
-12.236503385732243	-7.11756547425969e-5
-12.220795422464295	-7.145574490282004e-5
-12.205087459196346	-7.173731360512124e-5
-12.189379495928398	-7.202037066461649e-5
-12.173671532660448	-7.23049259750772e-5
-12.1579635693925	-7.25909895096713e-5
-12.14225560612455	-7.287857132170917e-5
-12.126547642856602	-7.316768154540106e-5
-12.110839679588652	-7.345833039662036e-5
-12.095131716320704	-7.375052817367608e-5
-12.079423753052755	-7.404428525809245e-5
-12.063715789784805	-7.433961211540004e-5
-12.048007826516857	-7.463651929593241e-5
-12.032299863248907	-7.493501743563335e-5
-12.01659189998096	-7.523511725687128e-5
-12.00088393671301	-7.553682956926383e-5
-11.985175973445061	-7.58401652705115e-5
-11.969468010177112	-7.614513534724106e-5
-11.953760046909164	-7.645175087585421e-5
-11.938052083641214	-7.676002302339183e-5
-11.922344120373264	-7.706996304840364e-5
-11.906636157105316	-7.738158230182709e-5
-11.890928193837366	-7.769489222788e-5
-11.875220230569418	-7.800990436495681e-5
-11.859512267301469	-7.83266303465419e-5
-11.84380430403352	-7.86450819021271e-5
-11.82809634076557	-7.896527085814266e-5
-11.812388377497623	-7.928720913889833e-5
-11.796680414229673	-7.961090876753249e-5
-11.780972450961723	-7.993638186697554e-5
-11.765264487693775	-8.026364066092266e-5
-11.749556524425826	-8.059269747481429e-5
-11.733848561157878	-8.092356473683352e-5
-11.718140597889928	-8.12562549789091e-5
-11.70243263462198	-8.159078083773533e-5
-11.68672467135403	-8.192715505579525e-5
-11.671016708086082	-8.226539048240678e-5
-11.655308744818132	-8.260550007476839e-5
-11.639600781550184	-8.294749689902741e-5
-11.623892818282235	-8.329139413135239e-5
-11.608184855014285	-8.363720505902092e-5
-11.592476891746337	-8.398494308152329e-5
-11.576768928478387	-8.433462171167026e-5
-11.561060965210439	-8.468625457672219e-5
-11.54535300194249	-8.503985541952506e-5
-11.529645038674541	-8.539543809966321e-5
-11.513937075406592	-8.57530165946223e-5
-11.498229112138644	-8.611260500096783e-5
-11.482521148870694	-8.64742175355373e-5
-11.466813185602746	-8.683786853664317e-5
-11.451105222334796	-8.720357246529346e-5
-11.435397259066846	-8.757134390642475e-5
-11.419689295798898	-8.794119757014704e-5
-11.403981332530948	-8.831314829300925e-5
-11.388273369263	-8.868721103927176e-5
-11.37256540599505	-8.90634009022004e-5
-11.356857442727103	-8.944173310537082e-5
-11.341149479459153	-8.98222230039897e-5
-11.325441516191205	-9.020488608623353e-5
-11.309733552923255	-9.058973797459748e-5
-11.294025589655305	-9.097679442726875e-5
-11.278317626387357	-9.13660713395043e-5
-11.262609663119408	-9.175758474503685e-5
-11.24690169985146	-9.215135081748904e-5
-11.23119373658351	-9.2547385871807e-5
-11.215485773315562	-9.294570636571253e-5
-11.199777810047612	-9.334632890116903e-5
-11.184069846779664	-9.374927022586764e-5
-11.168361883511714	-9.415454723472766e-5
-11.152653920243765	-9.456217697142041e-5
-11.136945956975817	-9.497217662990577e-5
-11.121237993707867	-9.538456355598758e-5
-11.105530030439919	-9.579935524889143e-5
-11.08982206717197	-9.621656936285721e-5
-11.074114103904021	-9.663622370875386e-5
-11.058406140636071	-9.705833625570964e-5
-11.042698177368123	-9.74829251327661e-5
-11.026990214100174	-9.791000863054909e-5
-11.011282250832226	-9.833960520296173e-5
-10.995574287564276	-9.877173346889508e-5
-10.979866324296326	-9.920641221396328e-5
-10.964158361028378	-9.964366039225476e-5
-10.948450397760428	-0.00010008349712811241
-10.93274243449248	-0.000100525941717925
-10.91703447122453	-0.00010097101363194962
-10.901326507956583	-0.00010141873251614943
-10.885618544688633	-0.00010186911819406033
-10.869910581420685	-0.00010232219066867329
-10.854202618152735	-0.0001027779701243468
-10.838494654884787	-0.00010323647692873544
-10.822786691616837	-0.0001036977316347494
-10.807078728348888	-0.00010416175498253269
-10.79137076508094	-0.00010462856790146834
-10.77566280181299	-0.00010509819151220603
-10.759954838545042	-0.00010557064712871923
-10.744246875277092	-0.00010604595626038131
-10.728538912009144	-0.00010652414061407309
-10.712830948741194	-0.00010700522209631422
-10.697122985473246	-0.00010748922281541926
-10.681415022205297	-0.00010797616508368496
-10.665707058937347	-0.00010846607141960076
-10.649999095669399	-0.00010895896455008745
-10.634291132401449	-0.00010945486741276787
-10.618583169133501	-0.00010995380315825988
-10.602875205865551	-0.00011045579515250195
-10.587167242597603	-0.00011096086697910793
-10.571459279329654	-0.00011146904244175104
-10.555751316061706	-0.00011198034556657478
-10.540043352793756	-0.0001124948006046416
-10.524335389525806	-0.00011301243203440334
-10.508627426257858	-0.00011353326456421144
-10.492919462989908	-0.00011405732313485296
-10.47721149972196	-0.00011458463292212113
-10.46150353645401	-0.00011511521933942072
-10.445795573186063	-0.000115649108040402
-10.430087609918113	-0.00011618632492163197
-10.414379646650165	-0.00011672689612529899
-10.398671683382215	-0.00011727084804195146
-10.382963720114267	-0.00011781820731327203
-10.367255756846317	-0.00011836900083488617
-10.351547793578368	-0.00011892325575921078
-10.33583983031042	-0.00011948099949833581
-10.32013186704247	-0.00012004225972694327
-10.304423903774522	-0.000120607064385266
-10.288715940506572	-0.00012117544168208425
-10.273007977238624	-0.00012174742009776068
-10.257300013970674	-0.00012232302838731426
-10.241592050702726	-0.00012290229558353577
-10.225884087434777	-0.00012348525100014282
-10.210176124166829	-0.00012407192423497803
-10.194468160898879	-0.00012466234517324512
-10.178760197630929	-0.0001252565439907934
-10.163052234362981	-0.00012585455115743713
-10.147344271095031	-0.0001264563974403299
-10.131636307827083	-0.00012706211390737124
-10.115928344559133	-0.00012767173193066922
-10.100220381291185	-0.00012828528319004103
-10.084512418023236	-0.00012890279967656294
-10.068804454755288	-0.00012952431369616909
-10.053096491487338	-0.00013014985787329544
-10.037388528219388	-0.00013077946515457385
-10.02168056495144	-0.0001314131688125725
-10.00597260168349	-0.00013205100244959516
-9.990264638415542	-0.00013269300000151848
-9.974556675147593	-0.00013333919574169047
-9.958848711879645	-0.00013398962428487954
-9.943140748611695	-0.000134644320591274
-9.927432785343747	-0.00013530331997053756
-9.911724822075797	-0.00013596665808591996
-9.896016858807847	-0.00013663437095842203
-9.8803088955399	-0.0001373064949710191
-9.86460093227195	-0.00013798306687293888
-9.848892969004002	-0.000138664123784003
-9.833185005736052	-0.00013934970319901956
-9.817477042468104	-0.00014003984299224503
-9.801769079200154	-0.0001407345814218997
-9.786061115932206	-0.00014143395713474912
-9.770353152664256	-0.00014213800917074843
-9.754645189396308	-0.00014284677696774892
-9.738937226128359	-0.00014356030036626928
-9.723229262860409	-0.00014427861961433596
-9.707521299592461	-0.00014500177537238844
-9.691813336324511	-0.00014572980871825094
-9.676105373056563	-0.00014646276115217526
-9.660397409788613	-0.00014720067460195532
-9.644689446520665	-0.00014794359142810898
-9.628981483252716	-0.00014869155442913688
-9.613273519984768	-0.00014944460684684945
-9.597565556716818	-0.00015020279237177745
-9.58185759344887	-0.00015096615514864428
-9.56614963018092	-0.00015173473978193186
-9.55044166691297	-0.00015250859134151318
-9.534733703645022	-0.00015328775536836993
-9.519025740377073	-0.00015407227788038878
-9.503317777109125	-0.00015486220537823986
-9.487609813841175	-0.00015565758485134174
-9.471901850573227	-0.00015645846378390857
-9.456193887305277	-0.00015726489016108325
-9.44048592403733	-0.00015807691247515871
-9.42477796076938	-0.00015889457973189075
-9.40906999750143	-0.0001597179414568985
-9.393362034233482	-0.00016054704770215766
-9.377654070965532	-0.00016138194905258825
-9.361946107697584	-0.00016222269663273404
-9.346238144429634	-0.000163069342113546
-9.330530181161686	-0.00016392193771925387
-9.314822217893736	-0.00016478053623434748
-9.299114254625788	-0.00016564519101064883
-9.283406291357839	-0.00016651595597450374
-9.267698328089889	-0.0001673928856340547
-9.25199036482194	-0.00016827603508664417
-9.236282401553991	-0.00016916546002631024
-9.220574438286043	-0.00017006121675139946
-9.204866475018093	-0.00017096336217228985
-9.189158511750145	-0.00017187195381922755
-9.173450548482196	-0.00017278704985028003
-9.157742585214248	-0.00017370870905940536
-9.142034621946298	-0.0001746369908846448
-9.12632665867835	-0.00017557195541643145
-9.1106186954104	-0.00017651366340602976
-9.09491073214245	-0.00017746217627409154
-9.079202768874502	-0.00017841755611935122
-9.063494805606553	-0.0001793798657274398
-9.047786842338605	-0.0001803491685798421
-9.032078879070655	-0.00018132552886297875
-9.016370915802707	-0.0001823090114774329
-9.000662952534757	-0.00018329968204730865
-8.984954989266809	-0.00018429760692974012
-8.96924702599886	-0.00018530285322453894
-8.953539062730911	-0.00018631548878398464
-8.937831099462962	-0.00018733558222277236
-8.922123136195012	-0.00018836320292810866
-8.906415172927064	-0.00018939842106996104
-8.890707209659114	-0.00019044130761146328
-8.874999246391166	-0.00019149193431948014
-8.859291283123216	-0.0001925503737753461
-8.843583319855268	-0.00019361669938574644
-8.827875356587318	-0.000194690985393787
-8.81216739331937	-0.0001957733068902282
-8.79645943005142	-0.0001968637398248895
-8.780751466783471	-0.00019796236101823707
-8.765043503515523	-0.00019906924817314944
-8.749335540247573	-0.00020018447988686105
-8.733627576979625	-0.00020130813566310602
-8.717919613711675	-0.00020244029592443857
-8.702211650443727	-0.00020358104202475332
-8.686503687175778	-0.00020473045626199872
-8.67079572390783	-0.0002058886218911028
-8.65508776063988	-0.0002070556231370826
-8.63937979737193	-0.0002082315452083795
-8.623671834103982	-0.0002094164743103974
-8.607963870836032	-0.00021061049765925763
-8.592255907568084	-0.00021181370349577272
-8.576547944300135	-0.00021302618109964331
-8.560839981032187	-0.00021424802080388566
-8.545132017764237	-0.00021547931400948435
-8.529424054496289	-0.0002167201532002861
-8.51371609122834	-0.00021797063195812662
-8.498008127960391	-0.0002192308449782119
-8.482300164692441	-0.00022050088808473755
-8.466592201424492	-0.00022178085824676782
-8.450884238156544	-0.00022307085359437099
-8.435176274888594	-0.00022437097343501542
-8.419468311620646	-0.00022568131827023838
-8.403760348352696	-0.0002270019898125809
-8.388052385084748	-0.00022833309100280352
-8.372344421816798	-0.00022967472602738656
-8.35663645854885	-0.0002310270003363125
-8.3409284952809	-0.00023239002066115
-8.325220532012953	-0.00023376389503342954
-8.309512568745003	-0.00023514873280332433
-8.293804605477053	-0.00023654464465865243
-8.278096642209105	-0.0002379517426441723
-8.262388678941155	-0.00023937014018122585
-8.246680715673207	-0.00024079995208769377
-8.230972752405258	-0.00024224129459828934
-8.21526478913731	-0.00024369428538519212
-8.19955682586936	-0.0002451590435790353
-8.183848862601412	-0.00024663568979023306
-8.168140899333462	-0.0002481243461306868
-8.152432936065512	-0.0002496251362358435
-8.136724972797564	-0.0002511381852871374
-8.121017009529615	-0.00025266362003481166
-8.105309046261667	-0.0002542015688211275
-8.089601082993717	-0.000255752161603973
-8.073893119725769	-0.00025731552998087585
-8.058185156457819	-0.0002588918072134291
-8.042477193189871	-0.00026048112825213413
-8.026769229921921	-0.0002620836297616762
-8.011061266653972	-0.00026369945014664055
-7.995353303386024	-0.0002653287295776632
-7.979645340118075	-0.000266971610018046
-7.963937376850126	-0.00026862823525083967
-7.948229413582177	-0.0002702987509063792
-7.932521450314228	-0.00027198330449032824
-7.916813487046278	-0.00027368204541219416
-7.901105523778329	-0.0002753951250143598
-7.8853975605103805	-0.0002771226966016111
-7.869689597242432	-0.00027886491547120674
-7.853981633974483	-0.00028062193894346025
-7.838273670706534	-0.0002823939263928809
-7.822565707438585	-0.00028418103927985866
-7.806857744170636	-0.0002859834411829208
-7.791149780902687	-0.0002878012978315611
-7.7754418176347375	-0.0002896347771396624
-7.759733854366789	-0.00029148404923951617
-7.74402589109884	-0.0002933492865164549
-7.728317927830891	-0.0002952306636441144
-7.712609964562942	-0.000297128357620327
-7.696902001294993	-0.0002990425478036768
-7.681194038027044	-0.0003009734159507092
-7.665486074759095	-0.0003029211462538266
-7.6497781114911465	-0.00030488592537987247
-7.634070148223198	-0.0003068679425094299
-7.618362184955249	-0.0003088673893768273
-7.602654221687299	-0.0003108844603109055
-7.58694625841935	-0.00031291935227651085
-7.571238295151401	-0.00031497226491677483
-7.555530331883452	-0.0003170434005961731
-7.5398223686155035	-0.00031913296444438505
-7.524114405347555	-0.00032124116440097124
-7.508406442079606	-0.0003233682112608913
-7.492698478811657	-0.0003255143187208665
-7.476990515543708	-0.0003276797034266219
-7.461282552275758	-0.0003298645850210172
-7.445574589007809	-0.00033206918619308514
-7.4298666257398605	-0.0003342937327279996
-7.414158662471912	-0.00033653845355799254
-7.398450699203963	-0.0003388035808142448
-7.382742735936014	-0.0003410893498797575
-7.367034772668065	-0.0003433959994432502
-7.351326809400116	-0.00034572377155407886
-7.335618846132167	-0.00034807291167821973
-7.319910882864218	-0.0003504436687553351
-7.304202919596269	-0.00035283629525692913
-7.28849495632832	-0.00035525104724565287
-7.272786993060371	-0.00035768818443574353
-7.257079029792422	-0.00036014797025465007
-7.241371066524473	-0.0003626306719058693
-7.225663103256524	-0.0003651365604330031
-7.209955139988575	-0.00036766591078507945
-7.194247176720626	-0.0003702190018831683
-7.1785392134526775	-0.0003727961166882918
-7.162831250184729	-0.0003753975422707187
-7.147123286916779	-0.0003780235698805882
-7.13141532364883	-0.000380674495019981
-7.115707360380881	-0.00038335061751640744
-7.099999397112932	-0.000386052241597779
-7.084291433844983	-0.0003887796759688764
-7.0685834705770345	-0.0003915332338893694
-7.052875507309086	-0.00039431323325340143
-7.037167544041137	-0.0003971199966707986
-7.021459580773188	-0.0003999538515499091
-7.005751617505239	-0.00040281513018215395
-6.99004365423729	-0.00040570416982828837
-6.97433569096934	-0.00040862131280643214
-6.9586277277013915	-0.0004115669065819177
-6.942919764433443	-0.0004145413038589735
-6.927211801165494	-0.0004175448626743133
-6.911503837897545	-0.00042057794649266874
-6.895795874629596	-0.0004236409243042865
-6.880087911361647	-0.00042673417072447596
-6.864379948093698	-0.0004298580660952307
-6.848671984825749	-0.00043301299658897663
-6.8329640215578	-0.00043619935431450895
-6.817256058289851	-0.00043941753742514583
-6.801548095021902	-0.00044266795022918743
-6.785840131753953	-0.0004459510033027049
-6.770132168486004	-0.00044926711360473
-6.754424205218055	-0.000452616704594903
-6.738716241950106	-0.00045600020635363245
-6.7230082786821574	-0.0004594180557048389
-6.707300315414209	-0.000462870696341335
-6.69159235214626	-0.0004663585789529088
-6.675884388878311	-0.000469882161357189
-6.660176425610361	-0.00047344190863333416
-6.644468462342412	-0.0004770382932586574
-6.628760499074463	-0.0004806717952482075
-6.613052535806514	-0.00048434290229742793
-6.5973445725385655	-0.0004880521099279349
-6.581636609270617	-0.0004917999216365302
-6.565928646002668	-0.000495586849047478
-6.550220682734719	-0.000499413412068187
-6.53451271946677	-0.0005032801390483338
-6.51880475619882	-0.0005071875669425512
-6.503096792930871	-0.0005111362414767456
-6.4873888296629225	-0.0005151267173181578
-6.471680866394974	-0.0005191595582492522
-6.455972903127025	-0.000523235337345525
-6.440264939859076	-0.0005273546371573522
-6.424556976591127	-0.0005315180498959652
-6.408849013323178	-0.0005357261776236761
-6.393141050055229	-0.000539979632448438
-6.37743308678728	-0.0005442790367228929
-6.3617251235193315	-0.0005486250232479743
-6.346017160251382	-0.0005530182354812534
-6.330309196983433	-0.0005574593277500582
-6.314601233715484	-0.0005619489654696001
-6.298893270447535	-0.0005664878253661541
-6.283185307179586	-0.0005710765957054704
-6.267477343911637	-0.0005757159765265545
-6.2517693806436885	-0.0005804066798809418
-6.23606141737574	-0.0005851494300776276
-6.220353454107791	-0.0005899449639338224
-6.204645490839841	-0.0005947940310316379
-6.188937527571892	-0.0005996973939809298
-6.173229564303943	-0.0006046558286884167
-6.157521601035994	-0.000609670124633268
-6.1418136377680455	-0.0006147410851493412
-6.126105674500097	-0.0006198695277142374
-6.110397711232148	-0.0006250562842453728
-6.094689747964199	-0.0006303022014032699
-6.07898178469625	-0.0006356081409022409
-6.063273821428301	-0.000640974979828711
-6.047565858160352	-0.0006464036109673548
-6.031857894892402	-0.0006518949431352931
-6.0161499316244536	-0.0006574499015245696
-6.000441968356505	-0.0006630694280531336
-5.984734005088556	-0.0006687544817245894
-5.969026041820607	-0.0006745060389969455
-5.953318078552658	-0.0006803250941606253
-5.937610115284709	-0.0006862126597260121
-5.92190215201676	-0.0006921697668208037
-5.906194188748811	-0.000698197465597441
-5.890486225480862	-0.000704296825650936
-5.874778262212913	-0.0007104689364473758
-5.859070298944964	-0.0007167149077634176
-5.843362335677015	-0.0007230358701371253
-5.827654372409066	-0.0007294329753304418
-5.811946409141117	-0.0007359073968036649
-5.796238445873168	-0.0007424603302022871
-5.7805304826052195	-0.0007490929938565521
-5.764822519337271	-0.0007558066292941124
-5.749114556069322	-0.0007626025017662083
-5.733406592801373	-0.0007694819007877253
-5.717698629533423	-0.0007764461406915921
-5.701990666265474	-0.0007834965611979446
-5.686282702997525	-0.0007906345279984895
-5.6705747397295765	-0.000797861433356567
-5.654866776461628	-0.000805178696723345
-5.639158813193679	-0.0008125877653707009
-5.62345084992573	-0.0008200901150412646
-5.607742886657781	-0.0008276872506161636
-5.592034923389832	-0.0008353807068010443
-5.576326960121882	-0.000843172048830922
-5.5606189968539335	-0.0008510628731944531
-5.544911033585985	-0.0008590548083782415
-5.529203070318036	-0.0008671495156318561
-5.513495107050087	-0.0008753486897541253
-5.497787143782138	-0.0008836540599015138
-5.482079180514189	-0.0008920673904191469
-5.46637121724624	-0.0009005904816953613
-5.450663253978291	-0.0009092251710404319
-5.4349552907103424	-0.0009179733335903003
-5.419247327442394	-0.0009268368832361323
-5.403539364174444	-0.0009358177735805304
-5.387831400906495	-0.0009449179989212844
-5.372123437638546	-0.0009541395952635813
-5.356415474370597	-0.0009634846413615998
-5.340707511102648	-0.0009729552597904677
-5.324999547834699	-0.0009825536180496199
-5.3092915845667505	-0.000992281929698618
-5.293583621298802	-0.0010021424555264463
-5.277875658030853	-0.001012137504755552
-5.262167694762903	-0.0010222694362816917
-5.246459731494954	-0.0010325406599508632
-5.230751768227005	-0.0010429536378746083
-5.215043804959056	-0.0010535108857849633
-5.1993358416911075	-0.0010642149744304736
-5.183627878423159	-0.001075068531014664
-5.16791991515521	-0.0010860742406784878
-5.152211951887261	-0.0010972348480282554
-5.136503988619312	-0.0011085531587106782
-5.120796025351363	-0.0011200320410366792
-5.105088062083414	-0.001131674427655688
-5.0893800988154645	-0.0011434833172822912
-5.073672135547516	-0.0011554617764770094
-5.057964172279567	-0.0011676129414832626
-5.042256209011618	-0.0011799400201224735
-5.026548245743669	-0.0011924462937494649
-5.01084028247572	-0.0012051351192703588
-4.995132319207771	-0.0012180099312252546
-4.979424355939822	-0.0012310742439380735
-4.9637163926718735	-0.0012443316537360677
-4.948008429403924	-0.0012577858412416091
-4.932300466135975	-0.0012714405737389216
-4.916592502868026	-0.001285299707618588
-4.900884539600077	-0.0012993671909028019
-4.885176576332128	-0.0013136470658543678
-4.869468613064179	-0.0013281434716727214
-4.8537606497962305	-0.001342860647280222
-4.838052686528282	-0.001357802934202266
-4.822344723260333	-0.001372974779544809
-4.806636759992384	-0.0013883807390730942
-4.790928796724435	-0.0014040254803955772
-4.775220833456485	-0.0014199137862571072
-4.759512870188536	-0.0014360505579457724
-4.743804906920587	-0.0014524408188178323
-4.7280969436526386	-0.0014690897179455307
-4.71238898038469	-0.0014860025338926132
-4.696681017116741	-0.0015031846786228223
-4.680973053848792	-0.0015206417015466494
-4.665265090580843	-0.0015383792937120307
-4.649557127312894	-0.001556403292144851
-4.633849164044944	-0.0015747196843454731
-4.6181412007769955	-0.001593334612947638
-4.602433237509047	-0.0016122543805466476
-4.586725274241098	-0.0016314854547037204
-4.571017310973149	-0.0016510344731341313
-4.5553093477052	-0.0016709082490866914
-4.539601384437251	-0.0016911137769229068
-4.523893421169302	-0.0017116582379041367
-4.508185457901353	-0.001732549006195908
-4.4924774946334045	-0.0017537936550985648
-4.476769531365456	-0.0017753999635142543
-4.461061568097506	-0.0017973759226604107
-4.445353604829557	-0.0018197297430407422
-4.429645641561608	-0.0018424698616849383
-4.413937678293659	-0.0018656049496691633
-4.39822971502571	-0.0018891439199297704
-4.3825217517577615	-0.0019130959353835558
-4.366813788489813	-0.0019374704173682252
-4.351105825221864	-0.00196227705441785
-4.335397861953915	-0.001987525811388453
-4.319689898685965	-0.0020132269389499286
-4.303981935418016	-0.0020393909834612255
-4.288273972150067	-0.00206602879724669
-4.2725660088821185	-0.0020931515492922325
-4.25685804561417	-0.0021207707363812916
-4.241150082346221	-0.002148898194691241
-4.225442119078272	-0.002177546111872403
-4.209734155810323	-0.002206727039632721
-4.194026192542374	-0.002236453906852476
-4.178318229274425	-0.0022667400332550035
-4.162610266006476	-0.002297599143660351
-4.146902302738527	-0.0023290453828507906
-4.131194339470578	-0.00236109333107835
-4.115486376202629	-0.00239375802024647
-4.09977841293468	-0.0024270549507995442
-4.084070449666731	-0.0024610001093561414
-4.068362486398782	-0.0024956099871236734
-4.052654523130833	-0.00253090159913457
-4.036946559862884	-0.002566892504346231
-4.0212385965949355	-0.0026036008266495285
-4.005530633326986	-0.002641045276833362
-3.9898226700590373	-0.002679245175555474
-3.9741147067910885	-0.002718220477372828
-3.958406743523139	-0.0027579917958879506
-3.9426987802551903	-0.002798580430071166
-3.9269908169872414	-0.0028400083918222714
-3.9112828537192925	-0.0028822984348390664
-3.8955748904513436	-0.0029254740848643724
-3.8798669271833943	-0.002969559671387651
-3.8641589639154454	-0.003014580360881972
-3.8484510006474966	-0.0030605621916625185
-3.8327430373795477	-0.0031075321104578374
-3.817035074111599	-0.0031555180107913482
-3.8013271108436495	-0.003204548773276574
-3.7856191475757006	-0.003254654307936601
-3.7699111843077517	-0.0033058655986652388
-3.754203221039803	-0.0033582147499553548
-3.738495257771854	-0.0034117350360280446
-3.7227872945039047	-0.0034664609525054393
-3.707079331235956	-0.0035224282707793653
-3.691371367968007	-0.0035796740952388738
-3.675663404700058	-0.003638236923530287
-3.659955441432109	-0.003698156710035951
-3.64424747816416	-0.0037594749327706646
-3.628539514896211	-0.003822234663908705
-3.612831551628262	-0.0038864806441696272
-3.597123588360313	-0.0039522593613072025
-3.5814156250923643	-0.004019619132963676
-3.565707661824415	-0.004088610194170318
-3.549999698556466	-0.004159284789796205
-3.5342917352885173	-0.004231697272269109
-3.5185837720205684	-0.0043059042049169455
-3.5028758087526195	-0.00438196447130413
-3.48716784548467	-0.004459939390965786
-3.4714598822167213	-0.004539892841973493
-3.4557519189487724	-0.004621891390799992
-3.4400439556808236	-0.004706004429986303
-3.4243359924128747	-0.004792304324154737
-3.4086280291449254	-0.0048808665649541375
-3.3929200658769765	-0.004971769935570702
-3.3772121026090276	-0.005065096685489004
-3.3615041393410787	-0.005160932716243704
-3.34579617607313	-0.005259367778963127
-3.3300882128051805	-0.005360495684573021
-3.3143802495372316	-0.005464414527601206
-3.2986722862692828	-0.005571226924603795
-3.282964323001334	-0.005681040268320851
-3.267256359733385	-0.0057939669987655444
-3.2515483964654357	-0.005910124892555017
-3.235840433197487	-0.006029637371907794
-3.220132469929538	-0.006152633834858098
-3.204424506661589	-0.006279250008378284
-3.18871654339364	-0.0064096283262528985
-3.173008580125691	-0.006543918333718733
-3.157300616857742	-0.0066822771210708135
-3.141592653589793	-0.006824869788641733
-3.1258846903218442	-0.006971869945789661
-3.1101767270538954	-0.0071234602467823436
-3.094468763785946	-0.00727983296674588
-3.078760800517997	-0.007441190621155845
-3.0630528372500483	-0.0076077466326941404
-3.0473448739820994	-0.007779726049677888
-3.0316369107141505	-0.007957366320692983
-3.015928947446201	-0.00814091813054052
-3.0002209841782523	-0.008330646303134008
-2.9845130209103035	-0.008526830777577871
-2.9688050576423546	-0.008729767664318891
-2.9530970943744057	-0.008939770389003572
-2.9373891311064564	-0.009157170932504437
-2.9216811678385075	-0.009382321176521402
-2.9059732045705586	-0.00961559436522563
-2.8902652413026098	-0.009857386694548336
-2.874557278034661	-0.010108119042044814
-2.8588493147667116	-0.010368238851846921
-2.8431413514987627	-0.010638222190880555
-2.827433388230814	-0.010918575994423875
-2.811725424962865	-0.011209840521284212
-2.796017461694916	-0.011512592041360303
-2.7803094984269667	-0.011827445781181996
-2.764601535159018	-0.012155059156242492
-2.748893571891069	-0.01249613532261881
-2.73318560862312	-0.012851427084588515
-2.7174776453551712	-0.01322174119977793
-2.701769682087222	-0.01360794312892439
-2.686061718819273	-0.0140109622837136
-2.670353755551324	-0.014431797833514063
-2.6546457922833753	-0.01487152514032887
-2.6389378290154264	-0.015331302901126326
-2.623229865747477	-0.01581238108811626
-2.607521902479528	-0.01631610979077165
-2.5918139392115793	-0.016843949078856054
-2.5761059759436304	-0.01739748002429031
-2.5603980126756816	-0.01797841704152534
-2.5446900494077322	-0.018588621728523432
-2.5289820861397834	-0.019230118419546884
-2.5132741228718345	-0.019905111699718356
-2.4975661596038856	-0.020616006170253807
-2.4818581963359367	-0.021365428800454788
-2.4661502330679874	-0.022156254261421347
-2.4504422698000385	-0.02299163370647652
-2.4347343065320897	-0.023875027546067705
-2.419026343264141	-0.02481024286267563
-2.403318379996192	-0.025801476233444857
-2.3876104167282426	-0.026853362875625467
-2.3719024534602937	-0.027971033205169478
-2.356194490192345	-0.029160178115080752
-2.340486526924396	-0.03042712454560558
-2.324778563656447	-0.03177892324438559
-2.3090706003884978	-0.033223451017407056
-2.293362637120549	-0.034769530271426936
-2.2776546738526	-0.03642706927185221
-2.261946710584651	-0.03820722732107139
-2.2462387473167023	-0.04012261004588244
-2.230530784048753	-0.04218750122833029
-2.214822820780804	-0.044418139200424915
-2.199114857512855	-0.0468330478546155
-2.1834068942449063	-0.049453434939979495
-2.1676989309769574	-0.052303673709983914
-2.151990967709008	-0.05541188842172584
-2.1362830044410592	-0.05881067001780543
-2.1205750411731104	-0.06253795605089202
-2.1048670779051615	-0.06663811924152262
-2.0891591146372126	-0.07116332295514177
-2.0734511513692633	-0.07617522072939674
-2.0577431881013144	-0.08174710290663599
-2.0420352248333655	-0.08796662930564479
-2.0263272615654166	-0.09493933699080462
-2.0106192982974678	-0.10279318315675676
-1.9949113350295187	-0.11168448472314782
-1.9792033717615696	-0.12180576341975823
-1.9634954084936207	-0.1333962212141319
-1.9477874452256718	-0.14675589264780936
-1.9320794819577227	-0.16226500685379822
-1.9163715186897738	-0.18041083819391152
-1.9006635554218247	-0.2018254886426619
-1.8849555921538759	-0.22733989300670326
-1.869247628885927	-0.25806232386189587
-1.853539665617978	-0.29549458417480934
-1.837831702350029	-0.34170729426142604
-1.82212373908208	-0.3996096449525355
-1.806415775814131	-0.473372964467286
-1.7907078125461822	-0.5691085781412771
-1.774999849278233	-0.6959691650906092
-1.7592918860102842	-0.8679471628042202
-1.743583922742335	-1.1067520797432107
-1.7278759594743862	-1.4460122511553117
-1.7121679962064373	-1.9354658349804932
-1.6964600329384882	-2.6361344638522493
-1.6807520696705394	-3.5717856587604793
-1.6650441064025903	-4.568813608214372
-1.6493361431346414	-5.095355980374748
-1.6336281798666925	-4.7131957143029055
-1.6179202165987434	-3.7527770421290563
-1.6022122533307945	-2.787399642024203
-1.5865042900628454	-2.047826193294271
-1.5707963267948966	-1.528892493028363
-1.5550883635269477	-1.1703684228417517
-1.5393804002589986	-0.9197083365095365
-1.5236724369910497	-0.7407813888556501
-1.5079644737231006	-0.6101912723653233
-1.4922565104551517	-0.512889908621525
-1.4765485471872029	-0.43907765541402327
-1.4608405839192538	-0.3822498688889271
-1.4451326206513049	-0.3379998699623844
-1.4294246573833558	-0.30328416354882104
-1.413716694115407	-0.27596543778554844
-1.398008730847458	-0.25452346273174126
-1.382300767579509	-0.23786908929542927
-1.36659280431156	-0.22522290879377468
-1.350884841043611	-0.2160355135350524
-1.335176877775662	-0.2099353873196425
-1.3194689145077132	-0.20669595392510354
-1.303760951239764	-0.20621676824174168
-1.2880529879718152	-0.2085161523586893
-1.2723450247038661	-0.2137343156830177
-1.2566370614359172	-0.2221475428945945
-1.2409290981679684	-0.2341957220198995
-1.2252211349000193	-0.25052769818623377
-1.2095131716320704	-0.2720722177080606
-1.1938052083641213	-0.30014744529914406
-1.1780972450961724	-0.33663068841519106
-1.1623892818282235	-0.38422464855824556
-1.1466813185602744	-0.4468816961046579
-1.1309733552923256	-0.5304903989529507
-1.1152653920243765	-0.6439972776860136
-1.0995574287564276	-0.8012281908540204
-1.0838494654884787	-1.0237037434003422
-1.0681415022205296	-1.3442432045289603
-1.0524335389525807	-1.80811436400732
-1.0367255756846316	-2.4563177510545358
-1.0210176124166828	-3.246281624186793
-1.0053096491487339	-3.8894155905008128
-0.9896016858807848	-3.9225408848650356
-0.9738937226128359	-3.3151987951184565
-0.9581857593448869	-2.5196305721659056
-0.9424777960769379	-1.8520796466342582
-0.926769832808989	-1.370439043693012
-0.91106186954104	-1.0366004556627122
-0.8953539062730911	-0.8044785648110324
-0.8796459430051421	-0.6400663551948728
-0.8639379797371931	-0.520969711106449
-0.8482300164692441	-0.4328092016795911
-0.8325220532012951	-0.3663114995910669
-0.8168140899333463	-0.31541571750395164
-0.8011061266653973	-0.27611249372186825
-0.7853981633974483	-0.24574666253560587
-0.7696902001294993	-0.2226082027159632
-0.7539822368615503	-0.20571040875916224
-0.7382742735936014	-0.1946998958805654
-0.7225663103256524	-0.18985347018367837
-0.7068583470577035	-0.19203549487617036
-0.6911503837897545	-0.20211139841731854
-0.6754424205218055	-0.21839056303463533
-0.6597344572538566	-0.2314682756625302
-0.6440264939859076	-0.2265590638262497
-0.6283185307179586	-0.2027028101552321
-0.6126105674500096	-0.17414741186617846
-0.5969026041820606	-0.15081419513907346
-0.5811946409141118	-0.13453679241608602
-0.5654866776461628	-0.12420038416342409
-0.5497787143782138	-0.1185203114741333
-0.5340707511102648	-0.11669399489408487
-0.5183627878423158	-0.1184254755045859
-0.5026548245743669	-0.12387720882519676
-0.48694686130641796	-0.13368457463624617
-0.47123889803846897	-0.1490699465326401
-0.45553093477052	-0.17209052462066365
-0.43982297150257105	-0.20607033077073172
-0.42411500823462206	-0.2562413665580365
-0.4084070449666731	-0.3303428092494861
-0.39269908169872414	-0.43761816462704894
-0.37699111843077515	-0.5804254630909651
-0.3612831551628262	-0.7282420699129868
-0.34557519189487723	-0.7965308050355833
-0.3298672286269283	-0.7256005566477584
-0.3141592653589793	-0.5740759557327025
-0.2984513020910303	-0.42685065406723016
-0.2827433388230814	-0.31494809720593625
-0.2670353755551324	-0.23613732143305285
-0.25132741228718347	-0.18112348597871994
-0.23561944901923448	-0.1420686427480978
-0.21991148575128552	-0.11362540505175056
-0.20420352248333656	-0.09233312523754325
-0.18849555921538758	-0.07596024136341532
-0.17278759594743862	-0.06304667794201185
-0.15707963267948966	-0.05261656254181161
-0.1413716694115407	-0.044002139175784744
-0.12566370614359174	-0.03673541745137265
-0.10995574287564276	-0.030480480225880426
-0.09424777960769379	-0.02499033685087612
-0.07853981633974483	-0.020078800702980557
-0.06283185307179587	-0.015601713519773684
-0.047123889803846894	-0.01144407358966549
-0.031415926535897934	-0.007510933758759868
-0.015707963267948967	-0.003720709728124482
0.0	-2.87244447268075e-17
0.015707963267948967	0.003720709728124383
0.031415926535897934	0.007510933758759751
0.047123889803846894	0.011444073589665425
0.06283185307179587	0.015601713519773623
0.07853981633974483	0.020078800702980532
0.09424777960769379	0.024990336850876076
0.10995574287564276	0.03048048022588046
0.12566370614359174	0.036735417451372675
0.1413716694115407	0.04400213917578459
0.15707963267948966	0.05261656254181179
0.17278759594743862	0.06304667794201195
0.18849555921538758	0.07596024136341535
0.20420352248333656	0.09233312523754339
0.21991148575128552	0.1136254050517509
0.23561944901923448	0.14206864274809786
0.25132741228718347	0.18112348597871977
0.2670353755551324	0.23613732143305344
0.2827433388230814	0.3149480972059363
0.2984513020910303	0.4268506540672313
0.3141592653589793	0.5740759557327031
0.3298672286269283	0.7256005566477589
0.34557519189487723	0.7965308050355859
0.3612831551628262	0.7282420699129863
0.37699111843077515	0.580425463090966
0.39269908169872414	0.4376181646270503
0.4084070449666731	0.33034280924948717
0.42411500823462206	0.25624136655803703
0.43982297150257105	0.20607033077073209
0.45553093477052	0.1720905246206637
0.47123889803846897	0.14906994653264036
0.48694686130641796	0.13368457463624653
0.5026548245743669	0.12387720882519711
0.5183627878423158	0.11842547550458622
0.5340707511102648	0.1166939948940853
0.5497787143782138	0.11852031147413385
0.5654866776461628	0.12420038416342462
0.5811946409141118	0.13453679241608618
0.5969026041820606	0.15081419513907388
0.6126105674500096	0.17414741186617896
0.6283185307179586	0.20270281015523287
0.6440264939859076	0.22655906382625063
0.6597344572538566	0.23146827566253084
0.6754424205218055	0.21839056303463614
0.6911503837897545	0.2021113984173194
0.7068583470577035	0.19203549487617105
0.7225663103256524	0.1898534701836787
0.7382742735936014	0.1946998958805665
0.7539822368615503	0.2057104087591637
0.7696902001294993	0.22260820271596368
0.7853981633974483	0.24574666253560726
0.8011061266653973	0.2761124937218696
0.8168140899333463	0.31541571750395253
0.8325220532012951	0.3663114995910677
0.8482300164692441	0.43280920167959264
0.8639379797371931	0.5209697111064501
0.8796459430051421	0.640066355194874
0.8953539062730911	0.8044785648110343
0.91106186954104	1.0366004556627137
0.926769832808989	1.3704390436930127
0.9424777960769379	1.852079646634259
0.9581857593448869	2.5196305721659056
0.9738937226128359	3.3151987951184587
0.9896016858807848	3.92254088486504
1.0053096491487339	3.8894155905008088
1.0210176124166828	3.246281624186796
1.0367255756846316	2.4563177510545415
1.0524335389525807	1.8081143640073227
1.0681415022205296	1.344243204528962
1.0838494654884787	1.0237037434003404
1.0995574287564276	0.8012281908540212
1.1152653920243765	0.643997277686015
1.1309733552923256	0.5304903989529521
1.1466813185602744	0.4468816961046595
1.1623892818282235	0.384224648558246
1.1780972450961724	0.3366306884151912
1.1938052083641213	0.30014744529914417
1.2095131716320704	0.27207221770806134
1.2252211349000193	0.2505276981862339
1.2409290981679684	0.2341957220198995
1.2566370614359172	0.2221475428945948
1.2723450247038661	0.21373431568301818
1.2880529879718152	0.208516152358689
1.303760951239764	0.2062167682417417
1.3194689145077132	0.2066959539251033
1.335176877775662	0.20993538731964217
1.350884841043611	0.21603551353505276
1.36659280431156	0.22522290879377502
1.382300767579509	0.23786908929543
1.398008730847458	0.2545234627317416
1.413716694115407	0.27596543778554883
1.4294246573833558	0.3032841635488215
1.4451326206513049	0.33799986996238424
1.4608405839192538	0.3822498688889281
1.4765485471872029	0.43907765541402316
1.4922565104551517	0.5128899086215255
1.5079644737231006	0.6101912723653238
1.5236724369910497	0.7407813888556519
1.5393804002589986	0.9197083365095382
1.5550883635269477	1.1703684228417555
1.5707963267948966	1.5288924930283676
1.5865042900628454	2.047826193294274
1.6022122533307945	2.7873996420242033
1.6179202165987434	3.752777042129077
1.6336281798666925	4.713195714302924
1.6493361431346414	5.095355980374768
1.6650441064025903	4.568813608214381
1.6807520696705394	3.5717856587604864
1.6964600329384882	2.6361344638522572
1.7121679962064373	1.935465834980494
1.7278759594743862	1.4460122511553133
1.743583922742335	1.1067520797432127
1.7592918860102842	0.867947162804221
1.774999849278233	0.6959691650906106
1.7907078125461822	0.5691085781412796
1.806415775814131	0.47337296446728705
1.82212373908208	0.3996096449525361
1.837831702350029	0.34170729426142604
1.853539665617978	0.29549458417480956
1.869247628885927	0.25806232386189604
1.8849555921538759	0.22733989300670354
1.9006635554218247	0.20182548864266195
1.9163715186897738	0.18041083819391157
1.9320794819577227	0.1622650068537982
1.9477874452256718	0.1467558926478095
1.9634954084936207	0.133396221214132
1.9792033717615696	0.12180576341975857
1.9949113350295187	0.11168448472314803
2.0106192982974678	0.10279318315675698
2.0263272615654166	0.09493933699080492
2.0420352248333655	0.08796662930564499
2.0577431881013144	0.08174710290663599
2.0734511513692633	0.07617522072939695
2.0891591146372126	0.07116332295514177
2.1048670779051615	0.06663811924152276
2.1205750411731104	0.06253795605089213
2.1362830044410592	0.05881067001780554
2.151990967709008	0.05541188842172589
2.1676989309769574	0.052303673709984067
2.1834068942449063	0.04945343493997968
2.199114857512855	0.04683304785461573
2.214822820780804	0.044418139200425005
2.230530784048753	0.04218750122833035
2.2462387473167023	0.04012261004588256
2.261946710584651	0.03820722732107148
2.2776546738526	0.03642706927185231
2.293362637120549	0.03476953027142698
2.3090706003884978	0.03322345101740708
2.324778563656447	0.031778923244385665
2.340486526924396	0.030427124545605658
2.356194490192345	0.02916017811508074
2.3719024534602937	0.027971033205169474
2.3876104167282426	0.02685336287562548
2.403318379996192	0.02580147623344502
2.419026343264141	0.024810242862675684
2.4347343065320897	0.023875027546067795
2.4504422698000385	0.022991633706476507
2.4661502330679874	0.02215625426142136
2.4818581963359367	0.021365428800454816
2.4975661596038856	0.02061600617025382
2.5132741228718345	0.019905111699718415
2.5289820861397834	0.019230118419546936
2.5446900494077322	0.018588621728523463
2.5603980126756816	0.017978417041525408
2.5761059759436304	0.017397480024290347
2.5918139392115793	0.016843949078856054
2.607521902479528	0.016316109790771693
2.623229865747477	0.015812381088116306
2.6389378290154264	0.015331302901126385
2.6546457922833753	0.014871525140328882
2.670353755551324	0.014431797833514096
2.686061718819273	0.014010962283713636
2.701769682087222	0.013607943128924424
2.7174776453551712	0.013221741199777946
2.73318560862312	0.012851427084588524
2.748893571891069	0.012496135322618855
2.764601535159018	0.012155059156242572
2.7803094984269667	0.011827445781182019
2.796017461694916	0.011512592041360275
2.811725424962865	0.011209840521284195
2.827433388230814	0.010918575994423868
2.8431413514987627	0.010638222190880574
2.8588493147667116	0.01036823885184691
2.874557278034661	0.010108119042044806
2.8902652413026098	0.00985738669454835
2.9059732045705586	0.00961559436522564
2.9216811678385075	0.009382321176521425
2.9373891311064564	0.009157170932504448
2.9530970943744057	0.0089397703890036
2.9688050576423546	0.008729767664318903
2.9845130209103035	0.008526830777577899
3.0002209841782523	0.00833064630313402
3.015928947446201	0.008140918130540553
3.0316369107141505	0.007957366320692999
3.0473448739820994	0.007779726049677899
3.0630528372500483	0.007607746632694139
3.078760800517997	0.007441190621155853
3.094468763785946	0.007279832966745885
3.1101767270538954	0.007123460246782376
3.1258846903218442	0.006971869945789689
3.141592653589793	0.006824869788641748
3.157300616857742	0.006682277121070829
3.173008580125691	0.006543918333718746
3.18871654339364	0.00640962832625291
3.204424506661589	0.006279250008378311
3.220132469929538	0.006152633834858146
3.235840433197487	0.006029637371907831
3.2515483964654357	0.0059101248925550265
3.267256359733385	0.005793966998765537
3.282964323001334	0.005681040268320865
3.2986722862692828	0.005571226924603801
3.3143802495372316	0.005464414527601204
3.3300882128051805	0.005360495684572992
3.34579617607313	0.005259367778963131
3.3615041393410787	0.005160932716243711
3.3772121026090276	0.005065096685488997
3.3929200658769765	0.004971769935570701
3.4086280291449254	0.004880866564954126
3.4243359924128747	0.004792304324154726
3.4400439556808236	0.004706004429986321
3.4557519189487724	0.00462189139080001
3.4714598822167213	0.00453989284197351
3.48716784548467	0.0044599393909657975
3.5028758087526195	0.004381964471304138
3.5185837720205684	0.004305904204916956
3.5342917352885173	0.004231697272269126
3.549999698556466	0.004159284789796205
3.565707661824415	0.0040886101941703355
3.5814156250923643	0.004019619132963692
3.597123588360313	0.003952259361307209
3.612831551628262	0.0038864806441696346
3.628539514896211	0.0038222346639087135
3.64424747816416	0.0037594749327706746
3.659955441432109	0.003698156710035958
3.675663404700058	0.0036382369235302913
3.691371367968007	0.0035796740952388716
3.707079331235956	0.003522428270779371
3.7227872945039047	0.0034664609525054454
3.738495257771854	0.0034117350360280533
3.754203221039803	0.00335821474995536
3.7699111843077517	0.0033058655986652353
3.7856191475757006	0.0032546543079366047
3.8013271108436495	0.003204548773276577
3.817035074111599	0.0031555180107913617
3.8327430373795477	0.0031075321104578413
3.8484510006474966	0.003060562191662512
3.8641589639154454	0.003014580360881971
3.8798669271833943	0.0029695596713876513
3.8955748904513436	0.002925474084864378
3.9112828537192925	0.0028822984348390586
3.9269908169872414	0.0028400083918222697
3.9426987802551903	0.0027985804300711607
3.958406743523139	0.0027579917958879363
3.9741147067910885	0.002718220477372811
3.9898226700590373	0.002679245175555452
4.005530633326986	0.002641045276833352
4.0212385965949355	0.002603600826649513
4.036946559862884	0.0025668925043462213
4.052654523130833	0.0025309015991345717
4.068362486398782	0.002495609987123655
4.084070449666731	0.0024610001093561336
4.09977841293468	0.0024270549507995364
4.115486376202629	0.002393758020246462
4.131194339470578	0.0023610933310783395
4.146902302738527	0.0023290453828507716
4.162610266006476	0.0022975991436603367
4.178318229274425	0.0022667400332550044
4.194026192542374	0.0022364539068524805
4.209734155810323	0.0022067270396327193
4.225442119078272	0.0021775461118724074
4.241150082346221	0.0021488981946912464
4.25685804561417	0.002120770736381299
4.2725660088821185	0.0020931515492922264
4.288273972150067	0.002066028797246688
4.303981935418016	0.0020393909834612286
4.319689898685965	0.0020132269389499325
4.335397861953915	0.001987525811388453
4.351105825221864	0.00196227705441785
4.366813788489813	0.0019374704173682252
4.3825217517577615	0.0019130959353835558
4.39822971502571	0.0018891439199297695
4.413937678293659	0.001865604949669166
4.429645641561608	0.001842469861684941
4.445353604829557	0.0018197297430407407
4.461061568097506	0.0017973759226604098
4.476769531365456	0.0017753999635142577
4.4924774946334045	0.0017537936550985744
4.508185457901353	0.0017325490061959104
4.523893421169302	0.001711658237904141
4.539601384437251	0.001691113776922912
4.5553093477052	0.0016709082490867016
4.571017310973149	0.001651034473134137
4.586725274241098	0.0016314854547037248
4.602433237509047	0.0016122543805466509
4.6181412007769955	0.001593334612947637
4.633849164044944	0.0015747196843454792
4.649557127312894	0.0015564032921448554
4.665265090580843	0.0015383792937120322
4.680973053848792	0.0015206417015466516
4.696681017116741	0.0015031846786228245
4.71238898038469	0.0014860025338926134
4.7280969436526386	0.0014690897179455327
4.743804906920587	0.001452440818817836
4.759512870188536	0.0014360505579457668
4.775220833456485	0.0014199137862571103
4.790928796724435	0.0014040254803955798
4.806636759992384	0.0013883807390731
4.822344723260333	0.0013729747795448075
4.838052686528282	0.0013578029342022646
4.8537606497962305	0.0013428606472802207
4.869468613064179	0.0013281434716727264
4.885176576332128	0.0013136470658543682
4.900884539600077	0.0012993671909028051
4.916592502868026	0.0012852997076185908
4.932300466135975	0.001271440573738927
4.948008429403924	0.0012577858412416156
4.9637163926718735	0.0012443316537360685
4.979424355939822	0.001231074243938076
4.995132319207771	0.001218009931225259
5.01084028247572	0.0012051351192703583
5.026548245743669	0.0011924462937494618
5.042256209011618	0.0011799400201224694
5.057964172279567	0.0011676129414832626
5.073672135547516	0.0011554617764770088
5.0893800988154645	0.0011434833172822856
5.105088062083414	0.0011316744276556865
5.120796025351363	0.0011200320410366792
5.136503988619312	0.001108553158710679
5.152211951887261	0.0010972348480282506
5.16791991515521	0.0010860742406784835
5.183627878423159	0.0010750685310146626
5.1993358416911075	0.0010642149744304662
5.215043804959056	0.0010535108857849635
5.230751768227005	0.0010429536378746076
5.246459731494954	0.0010325406599508641
5.262167694762903	0.001022269436281688
5.277875658030853	0.0010121375047555529
5.293583621298802	0.0010021424555264433
5.3092915845667505	0.0009922819296986178
5.324999547834699	0.0009825536180496175
5.340707511102648	0.0009729552597904619
5.356415474370597	0.0009634846413616005
5.372123437638546	0.0009541395952635859
5.387831400906495	0.0009449179989212849
5.403539364174444	0.000935817773580528
5.419247327442394	0.0009268368832361316
5.4349552907103424	0.0009179733335903008
5.450663253978291	0.0009092251710404334
5.46637121724624	0.0009005904816953593
5.482079180514189	0.0008920673904191486
5.497787143782138	0.000883654059901515
5.513495107050087	0.0008753486897541276
5.529203070318036	0.000867149515631856
5.544911033585985	0.0008590548083782429
5.5606189968539335	0.00085106287319445
5.576326960121882	0.0008431720488309239
5.592034923389832	0.0008353807068010457
5.607742886657781	0.0008276872506161669
5.62345084992573	0.0008200901150412637
5.639158813193679	0.000812587765370697
5.654866776461628	0.0008051786967233463
5.6705747397295765	0.0007978614333565646
5.686282702997525	0.0007906345279984891
5.701990666265474	0.0007834965611979457
5.717698629533423	0.0007764461406915935
5.733406592801373	0.0007694819007877253
5.749114556069322	0.0007626025017662104
5.764822519337271	0.0007558066292941152
5.7805304826052195	0.0007490929938565513
5.796238445873168	0.0007424603302022901
5.811946409141117	0.0007359073968036657
5.827654372409066	0.0007294329753304453
5.843362335677015	0.0007230358701371249
5.859070298944964	0.0007167149077634187
5.874778262212913	0.0007104689364473728
5.890486225480862	0.0007042968256509365
5.906194188748811	0.0006981974655974429
5.92190215201676	0.0006921697668208021
5.937610115284709	0.0006862126597260093
5.953318078552658	0.0006803250941606236
5.969026041820607	0.0006745060389969438
5.984734005088556	0.0006687544817245881
6.000441968356505	0.0006630694280531319
6.0161499316244536	0.0006574499015245691
6.031857894892402	0.0006518949431352916
6.047565858160352	0.0006464036109673539
6.063273821428301	0.0006409749798287092
6.07898178469625	0.0006356081409022395
6.094689747964199	0.0006303022014032677
6.110397711232148	0.0006250562842453747
6.126105674500097	0.000619869527714236
6.1418136377680455	0.0006147410851493366
6.157521601035994	0.0006096701246332654
6.173229564303943	0.000604655828688415
6.188937527571892	0.0005996973939809283
6.204645490839841	0.0005947940310316375
6.220353454107791	0.0005899449639338195
6.23606141737574	0.0005851494300776287
6.2517693806436885	0.0005804066798809385
6.267477343911637	0.0005757159765265541
6.283185307179586	0.0005710765957054705
6.298893270447535	0.0005664878253661532
6.314601233715484	0.0005619489654696007
6.330309196983433	0.0005574593277500565
6.346017160251382	0.0005530182354812509
6.3617251235193315	0.0005486250232479726
6.37743308678728	0.0005442790367228882
6.393141050055229	0.000539979632448436
6.408849013323178	0.0005357261776236717
6.424556976591127	0.0005315180498959623
6.440264939859076	0.0005273546371573488
6.455972903127025	0.0005232353373455241
6.471680866394974	0.0005191595582492504
6.4873888296629225	0.0005151267173181555
6.503096792930871	0.000511136241476742
6.51880475619882	0.0005071875669425496
6.53451271946677	0.0005032801390483325
6.550220682734719	0.0004994134120681868
6.565928646002668	0.0004955868490474776
6.581636609270617	0.0004917999216365273
6.5973445725385655	0.00048805210992793594
6.613052535806514	0.0004843429022974272
6.628760499074463	0.00048067179524820643
6.644468462342412	0.00047703829325865466
6.660176425610361	0.00047344190863333243
6.675884388878311	0.000469882161357186
6.69159235214626	0.0004663585789529095
6.707300315414209	0.0004628706963413339
6.7230082786821574	0.0004594180557048389
6.738716241950106	0.000456000206353632
6.754424205218055	0.00045261670459490356
6.770132168486004	0.00044926711360473043
6.785840131753953	0.000445951003302705
6.801548095021902	0.00044266795022918814
6.817256058289851	0.0004394175374251472
6.8329640215578	0.00043619935431450933
6.848671984825749	0.00043301299658897875
6.864379948093698	0.0004298580660952299
6.880087911361647	0.0004267341707244754
6.895795874629596	0.00042364092430428673
6.911503837897545	0.0004205779464926699
6.927211801165494	0.00041754486267431317
6.942919764433443	0.00041454130385897253
6.9586277277013915	0.0004115669065819155
6.97433569096934	0.0004086213128064333
6.99004365423729	0.0004057041698282886
7.005751617505239	0.0004028151301821518
7.021459580773188	0.0003999538515499064
7.037167544041137	0.00039711999667079687
7.052875507309086	0.0003943132332534024
7.0685834705770345	0.00039153323388937055
7.084291433844983	0.0003887796759688775
7.099999397112932	0.00038605224159777977
7.115707360380881	0.00038335061751641
7.13141532364883	0.0003806744950199833
7.147123286916779	0.00037802356988059
7.162831250184729	0.0003753975422707202
7.1785392134526775	0.00037279611668829444
7.194247176720626	0.00037021900188317035
7.209955139988575	0.00036766591078508373
7.225663103256524	0.00036513656043300616
7.241371066524473	0.0003626306719058709
7.257079029792422	0.00036014797025465164
7.272786993060371	0.0003576881844357423
7.28849495632832	0.00035525104724565515
7.304202919596269	0.0003528362952569294
7.319910882864218	0.0003504436687553348
7.335618846132167	0.00034807291167821946
7.351326809400116	0.0003457237715540787
7.367034772668065	0.00034339599944325133
7.382742735936014	0.0003410893498797574
7.398450699203963	0.0003388035808142454
7.414158662471912	0.0003365384535579922
7.4298666257398605	0.0003342937327280005
7.445574589007809	0.0003320691861930857
7.461282552275758	0.0003298645850210169
7.476990515543708	0.0003276797034266206
7.492698478811657	0.00032551431872086605
7.508406442079606	0.0003233682112608919
7.524114405347555	0.0003212411644009725
7.5398223686155035	0.00031913296444438397
7.555530331883452	0.0003170434005961721
7.571238295151401	0.00031497226491677494
7.58694625841935	0.0003129193522765105
7.602654221687299	0.00031088446031090564
7.618362184955249	0.00030886738937682743
7.634070148223198	0.00030686794250942836
7.6497781114911465	0.00030488592537987274
7.665486074759095	0.0003029211462538255
7.681194038027044	0.0003009734159507099
7.696902001294993	0.0002990425478036775
7.712609964562942	0.00029712835762032687
7.728317927830891	0.00029523066364411384
7.74402589109884	0.00029334928651645475
7.759733854366789	0.00029148404923951644
7.7754418176347375	0.00028963477713966256
7.791149780902687	0.00028780129783155967
7.806857744170636	0.00028598344118292116
7.822565707438585	0.000284181039279859
7.838273670706534	0.00028239392639288236
7.853981633974483	0.0002806219389434609
7.869689597242432	0.0002788649154712067
7.8853975605103805	0.00027712269660161237
7.901105523778329	0.0002753951250143586
7.916813487046278	0.00027368204541219503
7.932521450314228	0.0002719833044903298
7.948229413582177	0.000270298750906379
7.963937376850126	0.0002686282352508405
7.979645340118075	0.0002669716100180473
7.995353303386024	0.0002653287295776619
8.011061266653972	0.00026369945014664066
8.026769229921921	0.00026208362976167654
8.042477193189871	0.00026048112825213365
8.058185156457819	0.000258891807213428
8.073893119725769	0.00025731552998087433
8.089601082993717	0.00025575216160397097
8.105309046261667	0.0002542015688211266
8.121017009529615	0.0002526636200348113
8.136724972797564	0.0002511381852871376
8.152432936065512	0.00024962513623584385
8.168140899333462	0.00024812434613068695
8.183848862601412	0.00024663568979023333
8.19955682586936	0.00024515904357903437
8.21526478913731	0.00024369428538519153
8.230972752405258	0.00024224129459828901
8.246680715673207	0.00024079995208769225
8.262388678941155	0.0002393701401812258
8.278096642209105	0.00023795174264417058
8.293804605477053	0.00023654464465865194
8.309512568745003	0.00023514873280332596
8.325220532012953	0.00023376389503342853
8.3409284952809	0.0002323900206611493
8.35663645854885	0.00023102700033631176
8.372344421816798	0.00022967472602738548
8.388052385084748	0.0002283330910028039
8.403760348352696	0.00022700198981258043
8.419468311620646	0.00022568131827023692
8.435176274888594	0.00022437097343501583
8.450884238156544	0.00022307085359436947
8.466592201424492	0.0002217808582467664
8.482300164692441	0.00022050088808473565
8.498008127960391	0.00021923084497821178
8.51371609122834	0.00021797063195812591
8.529424054496289	0.00021672015320028495
8.545132017764237	0.000215479314009484
8.560839981032187	0.0002142480208038856
8.576547944300135	0.00021302618109964266
8.592255907568084	0.0002118137034957718
8.607963870836032	0.00021061049765925735
8.623671834103982	0.00020941647431039787
8.63937979737193	0.00020823154520837817
8.65508776063988	0.00020705562313708164
8.67079572390783	0.00020588862189110168
8.686503687175778	0.00020473045626199837
8.702211650443727	0.00020358104202475316
8.717919613711675	0.0002024402959244373
8.733627576979625	0.00020130813566310635
8.749335540247573	0.0002001844798868604
8.765043503515523	0.00019906924817314917
8.780751466783471	0.00019796236101823683
8.79645943005142	0.00019686373982488875
8.81216739331937	0.00019577330689022758
8.827875356587318	0.00019469098539378585
8.843583319855268	0.00019361669938574484
8.859291283123216	0.00019255037377534565
8.874999246391166	0.00019149193431948039
8.890707209659114	0.00019044130761146203
8.906415172927064	0.00018939842106995998
8.922123136195012	0.00018836320292810754
8.937831099462962	0.0001873355822227713
8.953539062730911	0.00018631548878398282
8.96924702599886	0.00018530285322453785
8.984954989266809	0.00018429760692973934
9.000662952534757	0.00018329968204730708
9.016370915802707	0.00018230901147743176
9.032078879070655	0.00018132552886297729
9.047786842338605	0.00018034916857984117
9.063494805606553	0.0001793798657274378
9.079202768874502	0.0001784175561193496
9.09491073214245	0.00017746217627408932
9.1106186954104	0.00017651366340602762
9.12632665867835	0.00017557195541642993
9.142034621946298	0.00017463699088464272
9.157742585214248	0.00017370870905940436
9.173450548482196	0.0001727870498502781
9.189158511750145	0.00017187195381922473
9.204866475018093	0.00017096336217228866
9.220574438286043	0.0001700612167513979
9.236282401553991	0.00016916546002630916
9.25199036482194	0.0001682760350866423
9.267698328089889	0.00016739288563405276
9.283406291357839	0.00016651595597450128
9.299114254625788	0.00016564519101064772
9.314822217893736	0.00016478053623434437
9.330530181161686	0.0001639219377192514
9.346238144429634	0.00016306934211354356
9.361946107697584	0.00016222269663273273
9.377654070965532	0.0001613819490525865
9.393362034233482	0.00016054704770215658
9.40906999750143	0.0001597179414568972
9.42477796076938	0.00015889457973188975
9.44048592403733	0.00015807691247515725
9.456193887305277	0.00015726489016108222
9.471901850573227	0.00015645846378390657
9.487609813841175	0.00015565758485134126
9.503317777109125	0.00015486220537823877
9.519025740377073	0.00015407227788038735
9.534733703645022	0.00015328775536836914
9.55044166691297	0.00015250859134151166
9.56614963018092	0.0001517347397819294
9.58185759344887	0.00015096615514864262
9.597565556716818	0.00015020279237177675
9.613273519984768	0.00014944460684684918
9.628981483252716	0.0001486915544291364
9.644689446520665	0.00014794359142810757
9.660397409788613	0.00014720067460195402
9.676105373056563	0.0001464627611521745
9.691813336324511	0.00014572980871825026
9.707521299592461	0.00014500177537238795
9.723229262860409	0.00014427861961433588
9.738937226128359	0.00014356030036626852
9.754645189396308	0.00014284677696774827
9.770353152664256	0.00014213800917074743
9.786061115932206	0.0001414339571347484
9.801769079200154	0.0001407345814218989
9.817477042468104	0.00014003984299224375
9.833185005736052	0.00013934970319901894
9.848892969004002	0.00013866412378400243
9.86460093227195	0.00013798306687293858
9.8803088955399	0.00013730649497101764
9.896016858807847	0.00013663437095842157
9.911724822075797	0.00013596665808591959
9.927432785343747	0.00013530331997053683
9.943140748611695	0.0001346443205912736
9.958848711879645	0.00013398962428487867
9.974556675147593	0.00013333919574169003
9.990264638415542	0.0001326930000015178
10.00597260168349	0.0001320510024495944
10.02168056495144	0.00013141316881257252
10.037388528219388	0.00013077946515457366
10.053096491487338	0.00013014985787329462
10.068804454755288	0.0001295243136961692
10.084512418023236	0.00012890279967656284
10.100220381291185	0.00012828528319003984
10.115928344559133	0.00012767173193066854
10.131636307827083	0.00012706211390737084
10.147344271095031	0.00012645639744032978
10.163052234362981	0.00012585455115743648
10.178760197630929	0.00012525654399079322
10.194468160898879	0.00012466234517324501
10.210176124166829	0.0001240719242349786
10.225884087434777	0.00012348525100014265
10.241592050702726	0.00012290229558353503
10.257300013970674	0.00012232302838731358
10.273007977238624	0.00012174742009776045
10.288715940506572	0.00012117544168208425
10.304423903774522	0.00012060706438526598
10.32013186704247	0.00012004225972694317
10.33583983031042	0.00011948099949833535
10.351547793578368	0.00011892325575921073
10.367255756846317	0.00011836900083488562
10.382963720114267	0.00011781820731327218
10.398671683382215	0.00011727084804195215
10.414379646650165	0.00011672689612529863
10.430087609918113	0.00011618632492163235
10.445795573186063	0.00011564910804040254
10.46150353645401	0.00011511521933942158
10.47721149972196	0.00011458463292212115
10.492919462989908	0.00011405732313485321
10.508627426257858	0.000113533264564212
10.524335389525806	0.00011301243203440429
10.540043352793756	0.00011249480060464163
10.555751316061706	0.00011198034556657494
10.571459279329654	0.00011146904244175116
10.587167242597603	0.0001109608669791083
10.602875205865551	0.0001104557951525029
10.618583169133501	0.00010995380315826052
10.634291132401449	0.00010945486741276874
10.649999095669399	0.00010895896455008753
10.665707058937347	0.00010846607141960054
10.681415022205297	0.00010797616508368602
10.697122985473246	0.00010748922281541963
10.712830948741194	0.00010700522209631482
10.728538912009144	0.00010652414061407403
10.744246875277092	0.00010604595626038172
10.759954838545042	0.00010557064712871933
10.77566280181299	0.00010509819151220669
10.79137076508094	0.00010462856790146816
10.807078728348888	0.00010416175498253289
10.822786691616837	0.00010369773163474906
10.838494654884787	0.00010323647692873557
10.854202618152735	0.0001027779701243472
10.869910581420685	0.00010232219066867325
10.885618544688633	0.0001018691181940607
10.901326507956583	0.00010141873251614965
10.91703447122453	0.00010097101363194946
10.93274243449248	0.00010052594171792526
10.948450397760428	0.00010008349712811204
10.964158361028378	9.964366039225514e-5
10.979866324296326	9.920641221396283e-5
10.995574287564276	9.877173346889565e-5
11.011282250832226	9.833960520296207e-5
11.026990214100174	9.791000863054901e-5
11.042698177368123	9.748292513276618e-5
11.058406140636071	9.705833625571014e-5
11.074114103904021	9.66362237087534e-5
11.08982206717197	9.621656936285646e-5
11.105530030439919	9.57993552488916e-5
11.121237993707867	9.538456355598772e-5
11.136945956975817	9.497217662990544e-5
11.152653920243765	9.456217697142048e-5
11.168361883511714	9.415454723472744e-5
11.184069846779664	9.374927022586779e-5
11.199777810047612	9.334632890116892e-5
11.215485773315562	9.294570636571273e-5
11.23119373658351	9.254738587180678e-5
11.24690169985146	9.215135081748822e-5
11.262609663119408	9.175758474503653e-5
11.278317626387357	9.136607133950426e-5
11.294025589655305	9.097679442726894e-5
11.309733552923255	9.058973797459788e-5
11.325441516191205	9.020488608623313e-5
11.341149479459153	8.982222300398943e-5
11.356857442727103	8.944173310537029e-5
11.37256540599505	8.906340090220047e-5
11.388273369263	8.868721103927204e-5
11.403981332530948	8.831314829300874e-5
11.419689295798898	8.794119757014597e-5
11.435397259066846	8.757134390642403e-5
11.451105222334796	8.720357246529317e-5
11.466813185602746	8.683786853664254e-5
11.482521148870694	8.647421753553665e-5
11.498229112138644	8.611260500096719e-5
11.513937075406592	8.575301659462191e-5
11.529645038674541	8.539543809966247e-5
11.54535300194249	8.503985541952486e-5
11.561060965210439	8.468625457672192e-5
11.576768928478387	8.433462171166987e-5
11.592476891746337	8.398494308152334e-5
11.608184855014285	8.363720505902072e-5
11.623892818282235	8.329139413135232e-5
11.639600781550184	8.294749689902737e-5
11.655308744818132	8.260550007476851e-5
11.671016708086082	8.226539048240684e-5
11.68672467135403	8.192715505579446e-5
11.70243263462198	8.159078083773492e-5
11.718140597889928	8.125625497890856e-5
11.733848561157878	8.092356473683279e-5
11.749556524425826	8.05926974748139e-5
11.765264487693775	8.026364066092211e-5
11.780972450961723	7.993638186697478e-5
11.796680414229673	7.961090876753222e-5
11.812388377497623	7.92872091388973e-5
11.82809634076557	7.896527085814207e-5
11.84380430403352	7.864508190212658e-5
11.859512267301469	7.832663034654136e-5
11.875220230569418	7.800990436495644e-5
11.890928193837366	7.76948922278796e-5
11.906636157105316	7.738158230182674e-5
11.922344120373264	7.706996304840298e-5
11.938052083641214	7.676002302339081e-5
11.953760046909164	7.645175087585344e-5
11.969468010177112	7.614513534724009e-5
11.985175973445061	7.584016527051142e-5
12.00088393671301	7.55368295692634e-5
12.01659189998096	7.523511725687037e-5
12.032299863248907	7.493501743563251e-5
12.048007826516857	7.463651929593174e-5
12.063715789784805	7.433961211539923e-5
12.079423753052755	7.404428525809164e-5
12.095131716320704	7.375052817367562e-5
12.110839679588652	7.345833039662002e-5
12.126547642856602	7.316768154540098e-5
12.14225560612455	7.28785713217084e-5
12.1579635693925	7.25909895096708e-5
12.173671532660448	7.230492597507715e-5
12.189379495928398	7.202037066461606e-5
12.205087459196346	7.173731360512078e-5
12.220795422464295	7.145574490281929e-5
12.236503385732243	7.117565474259614e-5
12.252211349000193	7.089703338725876e-5
12.267919312268143	7.061987117681596e-5
12.283627275536091	7.034415852775787e-5
12.29933523880404	7.006988593235338e-5
12.315043202071989	6.97970439579418e-5
12.330751165339938	6.952562324624476e-5
12.346459128607886	6.925561451267549e-5
12.362167091875836	6.898700854566432e-5
12.377875055143784	6.871979620598254e-5
12.393583018411734	6.845396842607912e-5
12.409290981679682	6.81895162094249e-5
12.424998944947632	6.79264306298563e-5
12.440706908215581	6.76647028309384e-5
12.45641487148353	6.740432402532105e-5
12.47212283475148	6.714528549411138e-5
12.487830798019427	6.688757858625151e-5
12.503538761287377	6.663119471789566e-5
12.519246724555325	6.637612537180529e-5
12.534954687823275	6.61223620967397e-5
12.550662651091223	6.586989650685843e-5
12.566370614359172	6.561872028113088e-5
