-12.566370614359172	2.62078004385313e-6
-12.550662651091223	2.626760698777401e-6
-12.534954687823275	2.632761871372696e-6
-12.519246724555325	2.638783655703128e-6
-12.503538761287377	2.644826146373153e-6
-12.487830798019427	2.6508894385311887e-6
-12.47212283475148	2.6569736278734746e-6
-12.45641487148353	2.663078810647768e-6
-12.440706908215581	2.669205083657232e-6
-12.424998944947632	2.67535254426429e-6
-12.409290981679682	2.681521290394476e-6
-12.393583018411734	2.687711420540353e-6
-12.377875055143784	2.693923033765534e-6
-12.362167091875836	2.700156229708548e-6
-12.346459128607886	2.706411108586965e-6
-12.330751165339938	2.7126877712013496e-6
-12.315043202071989	2.7189863189394e-6
-12.29933523880404	2.7253068537800286e-6
-12.283627275536091	2.7316494782976007e-6
-12.267919312268143	2.738014295666003e-6
-12.252211349000193	2.744401409662828e-6
-12.236503385732243	2.7508109246737514e-6
-12.220795422464295	2.7572429456967615e-6
-12.205087459196346	2.7636975783464655e-6
-12.189379495928398	2.7701749288584898e-6
-12.173671532660448	2.7766751040937415e-6
-12.1579635693925	2.7831982115430513e-6
-12.14225560612455	2.7897443593314248e-6
-12.126547642856602	2.79631365622271e-6
-12.110839679588652	2.8029062116239893e-6
-12.095131716320704	2.8095221355903175e-6
-12.079423753052755	2.8161615388292163e-6
-12.063715789784805	2.822824532705367e-6
-12.048007826516857	2.829511229245248e-6
-12.032299863248907	2.83622174114206e-6
-12.01659189998096	2.8429561817601717e-6
-12.00088393671301	2.8497146651402464e-6
-11.985175973445061	2.8564973060039034e-6
-11.969468010177112	2.863304219758701e-6
-11.953760046909164	2.8701355225030225e-6
-11.938052083641214	2.87699133103104e-6
-11.922344120373264	2.8838717628378057e-6
-11.906636157105316	2.8907769361241955e-6
-11.890928193837366	2.8977069698021546e-6
-11.875220230569418	2.9046619834997128e-6
-11.859512267301469	2.911642097566219e-6
-11.84380430403352	2.918647433077605e-6
-11.82809634076557	2.925678111841617e-6
-11.812388377497623	2.9327342564031666e-6
-11.796680414229673	2.9398159900496916e-6
-11.780972450961723	2.9469234368165105e-6
-11.765264487693775	2.954056721492437e-6
-11.749556524425826	2.9612159696250327e-6
-11.733848561157878	2.9684013075264513e-6
-11.718140597889928	2.975612862278804e-6
-11.70243263462198	2.9828507617399268e-6
-11.68672467135403	2.9901151345490815e-6
-11.671016708086082	2.9974061101325893e-6
-11.655308744818132	3.0047238187097607e-6
-11.639600781550184	3.0120683912986407e-6
-11.623892818282235	3.0194399597219944e-6
-11.608184855014285	3.0268386566131574e-6
-11.592476891746337	3.0342646154220875e-6
-11.576768928478387	3.0417179704214317e-6
-11.561060965210439	3.0491988567125563e-6
-11.54535300194249	3.0567074102317832e-6
-11.529645038674541	3.064243767756488e-6
-11.513937075406592	3.071808066911515e-6
-11.498229112138644	3.0794004461753534e-6
-11.482521148870694	3.0870210448865986e-6
-11.466813185602746	3.094670003250319e-6
-11.451105222334796	3.1023474623445607e-6
-11.435397259066846	3.1100535641269205e-6
-11.419689295798898	3.117788451441104e-6
-11.403981332530948	3.1255522680235647e-6
-11.388273369263	3.133345158510261e-6
-11.37256540599505	3.1411672684433992e-6
-11.356857442727103	3.14901874427831e-6
-11.341149479459153	3.156899733390267e-6
-11.325441516191205	3.164810384081472e-6
-11.309733552923255	3.172750845588134e-6
-11.294025589655305	3.1807212680874303e-6
-11.278317626387357	3.18872180270476e-6
-11.262609663119408	3.196752601520779e-6
-11.24690169985146	3.2048138175789515e-6
-11.23119373658351	3.212905604892529e-6
-11.215485773315562	3.2210281184522604e-6
-11.199777810047612	3.229181514233657e-6
-11.184069846779664	3.2373659492046336e-6
-11.168361883511714	3.245581581332976e-6
-11.152653920243765	3.2538285695941617e-6
-11.136945956975817	3.262107073978991e-6
-11.121237993707867	3.270417255501393e-6
-11.105530030439919	3.2787592762063655e-6
-11.08982206717197	3.287133299177871e-6
-11.074114103904021	3.295539488546844e-6
-11.058406140636071	3.3039780094992906e-6
-11.042698177368123	3.3124490282844466e-6
-11.026990214100174	3.3209527122230213e-6
-11.011282250832226	3.3294892297155076e-6
-10.995574287564276	3.3380587502506027e-6
-10.979866324296326	3.346661444413526e-6
-10.964158361028378	3.355297483894752e-6
-10.948450397760428	3.3639670414984807e-6
-10.93274243449248	3.3726702911514336e-6
-10.91703447122453	3.381407407911519e-6
-10.901326507956583	3.390178567976783e-6
-10.885618544688633	3.3989839486943165e-6
-10.869910581420685	3.4078237285692234e-6
-10.854202618152735	3.4166980872738044e-6
-10.838494654884787	3.4256072056566073e-6
-10.822786691616837	3.434551265751912e-6
-10.807078728348888	3.443530450788847e-6
-10.79137076508094	3.4525449452010004e-6
-10.77566280181299	3.4615949346358122e-6
-10.759954838545042	3.470680605964331e-6
-10.744246875277092	3.4798021472908503e-6
-10.728538912009144	3.4889597479626413e-6
-10.712830948741194	3.498153598579904e-6
-10.697122985473246	3.507383891005784e-6
-10.681415022205297	3.5166508183763306e-6
-10.665707058937347	3.525954575110818e-6
-10.649999095669399	3.5352953569218e-6
-10.634291132401449	3.5446733608256933e-6
-10.618583169133501	3.5540887851529965e-6
-10.602875205865551	3.563541829559005e-6
-10.587167242597603	3.5730326950344552e-6
-10.571459279329654	3.582561583916187e-6
-10.555751316061706	3.592128699898031e-6
-10.540043352793756	3.6017342480417747e-6
-10.524335389525806	3.6113784347882084e-6
-10.508627426257858	3.6210614679683234e-6
-10.492919462989908	3.6307835568145455e-6
-10.47721149972196	3.6405449119720115e-6
-10.46150353645401	3.650345745510276e-6
-10.445795573186063	3.6601862709346865e-6
-10.430087609918113	3.670066703198195e-6
-10.414379646650165	3.679987258713204e-6
-10.398671683382215	3.6899481553633326e-6
-10.382963720114267	3.69994961251561e-6
-10.367255756846317	3.709991851032583e-6
-10.351547793578368	3.7200750932845933e-6
-10.33583983031042	3.7301995631620955e-6
-10.32013186704247	3.7403654860883093e-6
-10.304423903774522	3.7505730890317098e-6
-10.288715940506572	3.7608226005188453e-6
-10.273007977238624	3.771114250647182e-6
-10.257300013970674	3.7814482710981247e-6
-10.241592050702726	3.791824895150158e-6
-10.225884087434777	3.8022443576920743e-6
-10.210176124166829	3.812706895236327e-6
-10.194468160898879	3.823212745932527e-6
-10.178760197630929	3.833762149581221e-6
-10.163052234362981	3.844355347647484e-6
-10.147344271095031	3.8549925832749454e-6
-10.131636307827083	3.865674101299817e-6
-10.115928344559133	3.87640014826501e-6
-10.100220381291185	3.88717097243456e-6
-10.084512418023236	3.897986823808008e-6
-10.068804454755288	3.9088479541349966e-6
-10.053096491487338	3.919754616930141e-6
-10.037388528219388	3.9307070674877485e-6
-10.02168056495144	3.941705562896967e-6
-10.00597260168349	3.952750362057002e-6
-9.990264638415542	3.963841725692323e-6
-9.974556675147593	3.9749799163683116e-6
-9.958848711879645	3.9861651985068e-6
-9.943140748611695	3.9973978384019544e-6
-9.927432785343747	4.0086781042361405e-6
-9.911724822075797	4.020006266096032e-6
-9.896016858807847	4.0313825959891224e-6
-9.8803088955399	4.042807367859801e-6
-9.86460093227195	4.054280857606304e-6
-9.848892969004002	4.065803343097261e-6
-9.833185005736052	4.077375104188661e-6
-9.817477042468104	4.088996422741122e-6
-9.801769079200154	4.100667582637018e-6
-9.786061115932206	4.112388869798033e-6
-9.770353152664256	4.124160572202635e-6
-9.754645189396308	4.135982979904136e-6
-9.738937226128359	4.147856385048524e-6
-9.723229262860409	4.159781081892654e-6
-9.707521299592461	4.171757366822685e-6
-9.691813336324511	4.183785538372502e-6
-9.676105373056563	4.195865897242596e-6
-9.660397409788613	4.20799874631893e-6
-9.644689446520665	4.220184390691981e-6
-9.628981483252716	4.232423137676304e-6
-9.613273519984768	4.244715296829735e-6
-9.597565556716818	4.257061179973317e-6
-9.58185759344887	4.269461101211198e-6
-9.56614963018092	4.281915376950643e-6
-9.55044166691297	4.294424325922555e-6
-9.534733703645022	4.306988269201882e-6
-9.519025740377073	4.319607530228339e-6
-9.503317777109125	4.332282434827562e-6
-9.487609813841175	4.3450133112320705e-6
-9.471901850573227	4.357800490102906e-6
-9.456193887305277	4.370644304551055e-6
-9.44048592403733	4.383545090159496e-6
-9.42477796076938	4.396503185005132e-6
-9.40906999750143	4.409518929681186e-6
-9.393362034233482	4.4225926673197494e-6
-9.377654070965532	4.4357247436145396e-6
-9.361946107697584	4.4489155068440234e-6
-9.346238144429634	4.462165307894507e-6
-9.330530181161686	4.475474500283816e-6
-9.314822217893736	4.488843440185009e-6
-9.299114254625788	4.502272486450348e-6
-9.283406291357839	4.5157620006356815e-6
-9.267698328089889	4.529312347024834e-6
-9.25199036482194	4.542923892654453e-6
-9.236282401553991	4.5565970073390795e-6
-9.220574438286043	4.57033206369649e-6
-9.204866475018093	4.58412943717318e-6
-9.189158511750145	4.5979895060703e-6
-9.173450548482196	4.611912651569826e-6
-9.157742585214248	4.625899257760924e-6
-9.142034621946298	4.639949711666633e-6
-9.12632665867835	4.654064403270906e-6
-9.1106186954104	4.66824372554592e-6
-9.09491073214245	4.682488074479545e-6
-9.079202768874502	4.696797849103267e-6
-9.063494805606553	4.711173451520451e-6
-9.047786842338605	4.725615286934621e-6
-9.032078879070655	4.740123763678449e-6
-9.016370915802707	4.7546992932428065e-6
-9.000662952534757	4.769342290306039e-6
-8.984954989266809	4.784053172763939e-6
-8.96924702599886	4.798832361759605e-6
-8.953539062730911	4.813680281713972e-6
-8.937831099462962	4.828597360356509e-6
-8.922123136195012	4.843584028756181e-6
-8.906415172927064	4.858640721353005e-6
-8.890707209659114	4.873767875989711e-6
-8.874999246391166	4.888965933943853e-6
-8.859291283123216	4.904235339960342e-6
-8.843583319855268	4.919576542284099e-6
-8.827875356587318	4.93498999269344e-6
-8.81216739331937	4.95047614653341e-6
-8.79645943005142	4.966035462749909e-6
-8.780751466783471	4.981668403923786e-6
-8.765043503515523	4.99737543630577e-6
-8.749335540247573	5.013157029851277e-6
-8.733627576979625	5.029013658256029e-6
-8.717919613711675	5.044945798991919e-6
-8.702211650443727	5.060953933343143e-6
-8.686503687175778	5.077038546442984e-6
-8.67079572390783	5.093200127310942e-6
-8.65508776063988	5.109439168890022e-6
-8.63937979737193	5.125756168084907e-6
-8.623671834103982	5.1421516258001385e-6
-8.607963870836032	5.15862604697897e-6
-8.592255907568084	5.1751799406426436e-6
-8.576547944300135	5.1918138199299315e-6
-8.560839981032187	5.208528202137433e-6
-8.545132017764237	5.225323608760024e-6
-8.529424054496289	5.242200565531943e-6
-8.51371609122834	5.259159602468363e-6
-8.498008127960391	5.276201253907311e-6
-8.482300164692441	5.293326058552275e-6
-8.466592201424492	5.310534559514963e-6
-8.450884238156544	5.327827304358957e-6
-8.435176274888594	5.345204845143617e-6
-8.419468311620646	5.362667738468504e-6
-8.403760348352696	5.380216545518456e-6
-8.388052385084748	5.39785183210905e-6
-8.372344421816798	5.41557416873262e-6
-8.35663645854885	5.433384130604863e-6
-8.3409284952809	5.451282297711925e-6
-8.325220532012953	5.469269254858342e-6
-8.309512568745003	5.487345591714717e-6
-8.293804605477053	5.5055119028670266e-6
-8.278096642209105	5.523768787865673e-6
-8.262388678941155	5.5421168512756864e-6
-8.246680715673207	5.560556702727085e-6
-8.230972752405258	5.579088956966007e-6
-8.21526478913731	5.597714233906489e-6
-8.19955682586936	5.6164331586829935e-6
-8.183848862601412	5.635246361703015e-6
-8.168140899333462	5.654154478701031e-6
-8.152432936065512	5.673158150792551e-6
-8.136724972797564	5.69225802452895e-6
-8.121017009529615	5.7114547519533205e-6
-8.105309046261667	5.730748990656388e-6
-8.089601082993717	5.75014140383344e-6
-8.073893119725769	5.769632660342022e-6
-8.058185156457819	5.789223434760059e-6
-8.042477193189871	5.808914407444941e-6
-8.026769229921921	5.8287062645930896e-6
-8.011061266653972	5.848599698300442e-6
-7.995353303386024	5.868595406623456e-6
-7.979645340118075	5.8886940936412485e-6
-7.963937376850126	5.908896469517782e-6
-7.948229413582177	5.929203250565798e-6
-7.932521450314228	5.949615159310445e-6
-7.916813487046278	5.970132924554626e-6
-7.901105523778329	5.990757281444421e-6
-7.8853975605103805	6.011488971535976e-6
-7.869689597242432	6.0323287428625964e-6
-7.853981633974483	6.0532773500030895e-6
-7.838273670706534	6.074335554150756e-6
-7.822565707438585	6.095504123183071e-6
-7.806857744170636	6.116783831732941e-6
-7.791149780902687	6.138175461259937e-6
-7.7754418176347375	6.15967980012279e-6
-7.759733854366789	6.18129764365315e-6
-7.74402589109884	6.2030297942296705e-6
-7.728317927830891	6.224877061353268e-6
-7.712609964562942	6.246840261723472e-6
-7.696902001294993	6.2689202193155824e-6
-7.681194038027044	6.2911177654586545e-6
-7.665486074759095	6.313433738914896e-6
-7.6497781114911465	6.335868985959512e-6
-7.634070148223198	6.358424360461931e-6
-7.618362184955249	6.381100723968101e-6
-7.602654221687299	6.4038989457835644e-6
-7.58694625841935	6.426819903057535e-6
-7.571238295151401	6.449864480868741e-6
-7.555530331883452	6.473033572311437e-6
-7.5398223686155035	6.496328078582958e-6
-7.524114405347555	6.519748909072465e-6
-7.508406442079606	6.5432969814508024e-6
-7.492698478811657	6.566973221761188e-6
-7.476990515543708	6.590778564511588e-6
-7.461282552275758	6.6147139527679025e-6
-7.445574589007809	6.6387803382484105e-6
-7.4298666257398605	6.662978681419533e-6
-7.414158662471912	6.6873099515928575e-6
-7.398450699203963	6.711775127023272e-6
-7.382742735936014	6.736375195008566e-6
-7.367034772668065	6.76111115199021e-6
-7.351326809400116	6.785984003655258e-6
-7.335618846132167	6.810994765040327e-6
-7.319910882864218	6.8361444606357435e-6
-7.304202919596269	6.861434124492288e-6
-7.28849495632832	6.8868648003285356e-6
-7.272786993060371	6.912437541639879e-6
-7.257079029792422	6.938153411809006e-6
-7.241371066524473	6.9640134842178585e-6
-7.225663103256524	6.9900188423610405e-6
-7.209955139988575	7.01617057996045e-6
-7.194247176720626	7.042469801082357e-6
-7.1785392134526775	7.068917620254584e-6
-7.162831250184729	7.0955151625867675e-6
-7.147123286916779	7.122263563891206e-6
-7.13141532364883	7.149163970805607e-6
-7.115707360380881	7.176217540917816e-6
-7.099999397112932	7.203425442891701e-6
-7.084291433844983	7.230788856595084e-6
-7.0685834705770345	7.258308973229344e-6
-7.052875507309086	7.2859869954607314e-6
-7.037167544041137	7.313824137553407e-6
-7.021459580773188	7.3418216255045485e-6
-7.005751617505239	7.36998069718071e-6
-6.99004365423729	7.398302602457051e-6
-6.97433569096934	7.426788603357409e-6
-6.9586277277013915	7.4554399741969065e-6
-6.942919764433443	7.484258001726419e-6
-6.927211801165494	7.513243985278983e-6
-6.911503837897545	7.542399236918102e-6
-6.895795874629596	7.571725081588479e-6
-6.880087911361647	7.601222857268275e-6
-6.864379948093698	7.630893915124218e-6
-6.848671984825749	7.660739619668082e-6
-6.8329640215578	7.690761348915832e-6
-6.817256058289851	7.720960494549102e-6
-6.801548095021902	7.751338462078327e-6
-6.785840131753953	7.781896671008982e-6
-6.770132168486004	7.81263655500943e-6
-6.754424205218055	7.843559562081525e-6
-6.738716241950106	7.874667154733674e-6
-6.7230082786821574	7.905960810156074e-6
-6.707300315414209	7.937442020398533e-6
-6.69159235214626	7.969112292551122e-6
-6.675884388878311	8.000973148926752e-6
-6.660176425610361	8.033026127247243e-6
-6.644468462342412	8.065272780831043e-6
-6.628760499074463	8.097714678784454e-6
-6.613052535806514	8.130353406195448e-6
-6.5973445725385655	8.163190564329739e-6
-6.581636609270617	8.196227770830204e-6
-6.565928646002668	8.2294666599195e-6
-6.550220682734719	8.262908882604354e-6
-6.53451271946677	8.296556106884422e-6
-6.51880475619882	8.330410017962953e-6
-6.503096792930871	8.364472318461096e-6
-6.4873888296629225	8.398744728635251e-6
-6.471680866394974	8.433228986597562e-6
-6.455972903127025	8.467926848539741e-6
-6.440264939859076	8.502840088959705e-6
-6.424556976591127	8.537970500892616e-6
-6.408849013323178	8.57331989614406e-6
-6.393141050055229	8.608890105527589e-6
-6.37743308678728	8.644682979105475e-6
-6.3617251235193315	8.680700386432893e-6
-6.346017160251382	8.716944216806048e-6
-6.330309196983433	8.753416379513756e-6
-6.314601233715484	8.790118804093146e-6
-6.298893270447535	8.82705344058854e-6
-6.283185307179586	8.86422225981487e-6
-6.267477343911637	8.901627253624975e-6
-6.2517693806436885	8.939270435180438e-6
-6.23606141737574	8.977153839227011e-6
-6.220353454107791	9.01527952237432e-6
-6.204645490839841	9.053649563379177e-6
-6.188937527571892	9.092266063433957e-6
-6.173229564303943	9.131131146458698e-6
-6.157521601035994	9.170246959398361e-6
-6.1418136377680455	9.209615672524013e-6
-6.126105674500097	9.249239479739003e-6
-6.110397711232148	9.289120598890009e-6
-6.094689747964199	9.329261272082187e-6
-6.07898178469625	9.369663766000138e-6
-6.063273821428301	9.410330372233044e-6
-6.047565858160352	9.451263407605506e-6
-6.031857894892402	9.492465214512888e-6
-6.0161499316244536	9.533938161262596e-6
-6.000441968356505	9.575684642420079e-6
-5.984734005088556	9.617707079160679e-6
-5.969026041820607	9.66000791962703e-6
-5.953318078552658	9.702589639291386e-6
-5.937610115284709	9.745454741324963e-6
-5.92190215201676	9.788605756971717e-6
-5.906194188748811	9.832045245929348e-6
-5.890486225480862	9.875775796735304e-6
-5.874778262212913	9.919800027159584e-6
-5.859070298944964	9.964120584603629e-6
-5.843362335677015	1.0008740146505684e-5
-5.827654372409066	1.0053661420752295e-5
-5.811946409141117	1.0098887146097405e-5
-5.796238445873168	1.0144420092586804e-5
-5.7805304826052195	1.0190263061990611e-5
-5.764822519337271	1.0236418888242447e-5
-5.749114556069322	1.0282890437885526e-5
-5.733406592801373	1.032968061052601e-5
-5.717698629533423	1.0376792339294316e-5
-5.701990666265474	1.0424228591313249e-5
-5.686282702997525	1.0471992368174335e-5
-5.6705747397295765	1.0520086706421898e-5
-5.654866776461628	1.0568514678044825e-5
-5.639158813193679	1.0617279390976949e-5
-5.62345084992573	1.0666383989605279e-5
-5.607742886657781	1.0715831655287007e-5
-5.592034923389832	1.0765625606875092e-5
-5.576326960121882	1.0815769101252317e-5
-5.5606189968539335	1.086626543387467e-5
-5.544911033585985	1.0917117939323549e-5
-5.529203070318036	1.0968329991867842e-5
-5.513495107050087	1.101990500603458e-5
-5.497787143782138	1.1071846437189693e-5
-5.482079180514189	1.1124157782129219e-5
-5.46637121724624	1.1176842579679362e-5
-5.450663253978291	1.1229904411307776e-5
-5.4349552907103424	1.1283346901744984e-5
-5.419247327442394	1.1337173719616134e-5
-5.403539364174444	1.1391388578083975e-5
-5.387831400906495	1.1445995235502945e-5
-5.372123437638546	1.1500997496084496e-5
-5.356415474370597	1.1556399210573267e-5
-5.340707511102648	1.1612204276936273e-5
-5.324999547834699	1.1668416641063202e-5
-5.3092915845667505	1.1725040297478748e-5
-5.293583621298802	1.1782079290068326e-5
-5.277875658030853	1.1839537712815657e-5
-5.262167694762903	1.1897419710553604e-5
-5.246459731494954	1.195572947972845e-5
-5.230751768227005	1.201447126917769e-5
-5.215043804959056	1.2073649380920779e-5
-5.1993358416911075	1.2133268170965349e-5
-5.183627878423159	1.2193332050126598e-5
-5.16791991515521	1.2253845484861792e-5
-5.152211951887261	1.2314812998119763e-5
-5.136503988619312	1.2376239170205864e-5
-5.120796025351363	1.243812863966146e-5
-5.105088062083414	1.2500486104160878e-5
-5.0893800988154645	1.256331632142336e-5
-5.073672135547516	1.2626624110142047e-5
-5.057964172279567	1.2690414350929981e-5
-5.042256209011618	1.2754691987283083e-5
-5.026548245743669	1.2819462026560974e-5
-5.01084028247572	1.2884729540985774e-5
-4.995132319207771	1.2950499668659192e-5
-4.979424355939822	1.3016777614598571e-5
-4.9637163926718735	1.3083568651791664e-5
-4.948008429403924	1.3150878122271808e-5
-4.932300466135975	1.3218711438212286e-5
-4.916592502868026	1.328707408304162e-5
-4.900884539600077	1.3355971612579433e-5
-4.885176576332128	1.3425409656193981e-5
-4.869468613064179	1.3495393917981095e-5
-4.8537606497962305	1.356593017796543e-5
-4.838052686528282	1.3637024293325288e-5
-4.822344723260333	1.3708682199639029e-5
-4.806636759992384	1.3780909912156833e-5
-4.790928796724435	1.3853713527096009e-5
-4.775220833456485	1.3927099222960847e-5
-4.759512870188536	1.4001073261888857e-5
-4.743804906920587	1.4075641991021437e-5
-4.7280969436526386	1.4150811843902603e-5
-4.71238898038469	1.4226589341903306e-5
-4.696681017116741	1.430298109567503e-5
-4.680973053848792	1.4379993806630059e-5
-4.665265090580843	1.4457634268452017e-5
-4.649557127312894	1.4535909368635441e-5
-4.633849164044944	1.4614826090055203e-5
-4.6181412007769955	1.4694391512568086e-5
-4.602433237509047	1.4774612814644842e-5
-4.586725274241098	1.4855497275035032e-5
-4.571017310973149	1.4937052274465577e-5
-4.5553093477052	1.5019285297371868e-5
-4.539601384437251	1.5102203933665308e-5
-4.523893421169302	1.5185815880534561e-5
-4.508185457901353	1.5270128944284715e-5
-4.4924774946334045	1.535515104221203e-5
-4.476769531365456	1.544089020451804e-5
-4.461061568097506	1.552735457626174e-5
-4.445353604829557	1.561455241935177e-5
-4.429645641561608	1.570249211457966e-5
-4.413937678293659	1.579118216369414e-5
-4.39822971502571	1.588063119151914e-5
-4.3825217517577615	1.597084794811428e-5
-4.366813788489813	1.6061841310981114e-5
-4.351105825221864	1.6153620287314882e-5
-4.335397861953915	1.6246194016302966e-5
-4.319689898685965	1.6339571771471567e-5
-4.303981935418016	1.6433762963082015e-5
-4.288273972150067	1.6528777140576966e-5
-4.2725660088821185	1.6624623995078023e-5
-4.25685804561417	1.6721313361937305e-5
-4.241150082346221	1.681885522334199e-5
-4.225442119078272	1.6917259710975484e-5
-4.209734155810323	1.7016537108734328e-5
-4.194026192542374	1.7116697855504832e-5
-4.178318229274425	1.7217752547998037e-5
-4.162610266006476	1.731971194364703e-5
-4.146902302738527	1.7422586963566056e-5
-4.131194339470578	1.7526388695575348e-5
-4.115486376202629	1.7631128397290224e-5
-4.09977841293468	1.7736817499279213e-5
-4.084070449666731	1.784346760829066e-5
-4.068362486398782	1.795109051055091e-5
-4.052654523130833	1.8059698175135324e-5
-4.036946559862884	1.816930275741413e-5
-4.0212385965949355	1.827991660257424e-5
-4.005530633326986	1.8391552249221424e-5
-3.9898226700590373	1.850422243306101e-5
-3.9741147067910885	1.8617940090663333e-5
-3.958406743523139	1.8732718363313414e-5
-3.9426987802551903	1.884857060094668e-5
-3.9269908169872414	1.8965510366176738e-5
-3.9112828537192925	1.9083551438412562e-5
-3.8955748904513436	1.920270781807119e-5
-3.8798669271833943	1.932299373088648e-5
-3.8641589639154454	1.944442363231772e-5
-3.8484510006474966	1.9567012212060526e-5
-3.8327430373795477	1.969077439866125e-5
-3.817035074111599	1.9815725364239965e-5
-3.8013271108436495	1.9941880529323494e-5
-3.7856191475757006	2.006925556779221e-5
-3.7699111843077517	2.0197866411942482e-5
-3.754203221039803	2.032772925766955e-5
-3.738495257771854	2.0458860569773712e-5
-3.7227872945039047	2.059127708739164e-5
-3.707079331235956	2.0724995829558463e-5
-3.691371367968007	2.0860034100903406e-5
-3.675663404700058	2.0996409497481453e-5
-3.659955441432109	2.113413991274773e-5
-3.64424747816416	2.1273243543674734e-5
-3.628539514896211	2.141373889702054e-5
-3.612831551628262	2.15556447957488e-5
-3.597123588360313	2.1698980385607455e-5
-3.5814156250923643	2.184376514186726e-5
-3.565707661824415	2.199001887623234e-5
-3.549999698556466	2.213776174391325e-5
-3.5342917352885173	2.228701425088593e-5
-3.5185837720205684	2.2437797261325516e-5
-3.5028758087526195	2.2590132005230957e-5
-3.48716784548467	2.2744040086238515e-5
-3.4714598822167213	2.289954348963555e-5
-3.4557519189487724	2.3056664590577914e-5
-3.4400439556808236	2.321542616251502e-5
-3.4243359924128747	2.337585138583293e-5
-3.4086280291449254	2.353796385671843e-5
-3.3929200658769765	2.3701787596252728e-5
-3.3772121026090276	2.386734705974096e-5
-3.3615041393410787	2.4034667146283784e-5
-3.34579617607313	2.4203773208600837e-5
-3.3300882128051805	2.4374691063110413e-5
-3.3143802495372316	2.454744700027573e-5
-3.2986722862692828	2.4722067795225483e-5
-3.282964323001334	2.489858071865566e-5
-3.267256359733385	2.5077013548022883e-5
-3.2515483964654357	2.5257394579039102e-5
-3.235840433197487	2.543975263747318e-5
-3.220132469929538	2.5624117091274438e-5
-3.204424506661589	2.581051786302198e-5
-3.18871654339364	2.5998985442717764e-5
-3.173008580125691	2.6189550900926842e-5
-3.157300616857742	2.6382245902280067e-5
-3.141592653589793	2.6577102719350397e-5
-3.1258846903218442	2.6774154246913756e-5
-3.1101767270538954	2.6973434016607705e-5
-3.094468763785946	2.7174976212000144e-5
-3.078760800517997	2.7378815684083338e-5
-3.0630528372500483	2.758498796720277e-5
-3.0473448739820994	2.7793529295441314e-5
-3.0316369107141505	2.8004476619468717e-5
-3.015928947446201	2.8217867623874548e-5
-3.0002209841782523	2.843374074499848e-5
-2.9845130209103035	2.865213518927767e-5
-2.9688050576423546	2.887309095212618e-5
-2.9530970943744057	2.9096648837365574e-5
-2.9373891311064564	2.9322850477224922e-5
-2.9216811678385075	2.9551738352929296e-5
-2.9059732045705586	2.9783355815899737e-5
-2.8902652413026098	3.0017747109580667e-5
-2.874557278034661	3.0254957391922433e-5
-2.8588493147667116	3.0495032758535937e-5
-2.8431413514987627	3.073802026654931e-5
-2.827433388230814	3.0983967959185297e-5
-2.811725424962865	3.1232924891088475e-5
-2.796017461694916	3.148494115442798e-5
-2.7803094984269667	3.1740067905803957e-5
-2.764601535159018	3.199835739398573e-5
-2.748893571891069	3.2259862988512497e-5
-2.73318560862312	3.252463920918769e-5
-2.7174776453551712	3.279274175649966e-5
-2.701769682087222	3.306422754300245e-5
-2.686061718819273	3.333915472569328e-5
-2.670353755551324	3.3617582739420975e-5
-2.6546457922833753	3.389957233136801e-5
-2.6389378290154264	3.418518559664252e-5
-2.623229865747477	3.447448601502334e-5
-2.607521902479528	3.4767538488904964e-5
-2.5918139392115793	3.5064409382482085e-5
-2.5761059759436304	3.5365166562227435e-5
-2.5603980126756816	3.566987943870792e-5
-2.5446900494077322	3.597861900979595e-5
-2.5289820861397834	3.6291457905324405e-5
-2.5132741228718345	3.660847043324824e-5
-2.4975661596038856	3.692973262736696e-5
-2.4818581963359367	3.725532229667311e-5
-2.4661502330679874	3.758531907639257e-5
-2.4504422698000385	3.791980448077798e-5
-2.4347343065320897	3.8258861957737505e-5
-2.419026343264141	3.860257694536317e-5
-2.403318379996192	3.8951036930441215e-5
-2.3876104167282426	3.930433150902647e-5
-2.3719024534602937	3.9662552449165245e-5
-2.356194490192345	4.002579375585511e-5
-2.340486526924396	4.0394151738339565e-5
-2.324778563656447	4.076772507982999e-5
-2.3090706003884978	4.114661490976341e-5
-2.293362637120549	4.1530924878703155e-5
-2.2776546738526	4.192076123599395e-5
-2.261946710584651	4.2316232910294e-5
-2.2462387473167023	4.2717451593108196e-5
-2.230530784048753	4.312453182545129e-5
-2.214822820780804	4.3537591087787e-5
-2.199114857512855	4.39567498933796e-5
-2.1834068942449063	4.438213188522162e-5
-2.1676989309769574	4.481386393668356e-5
-2.151990967709008	4.5252076256072264e-5
-2.1362830044410592	4.569690249526725e-5
-2.1205750411731104	4.6148479862620884e-5
-2.1048670779051615	4.6606949240328966e-5
-2.0891591146372126	4.707245530646948e-5
-2.0734511513692633	4.7545146661942356e-5
-2.0577431881013144	4.8025175962531555e-5
-2.0420352248333655	4.851270005634001e-5
-2.0263272615654166	4.900788012685421e-5
-2.0106192982974678	4.951088184191616e-5
-1.9949113350295187	5.002187550888069e-5
-1.9792033717615696	5.0541036236278155e-5
-1.9634954084936207	5.1068544102292857e-5
-1.9477874452256718	5.160458433040247e-5
-1.9320794819577227	5.214934747254452e-5
-1.9163715186897738	5.2703029600185435e-5
-1.9006635554218247	5.326583250370134e-5
-1.8849555921538759	5.3837963900502126e-5
-1.869247628885927	5.441963765234891e-5
-1.853539665617978	5.501107399235706e-5
-1.837831702350029	5.56124997621949e-5
-1.82212373908208	5.622414866009415e-5
-1.806415775814131	5.684626150388765e-5
-1.7907078125461822	5.7479086481802774e-5
-1.774999849278233	5.8122879478010306e-5
-1.7592918860102842	5.877790432758006e-5
-1.743583922742335	5.944443314855865e-5
-1.7278759594743862	6.0122746663803036e-5
-1.7121679962064373	6.081313454253773e-5
-1.6964600329384882	6.151589575850728e-5
-1.6807520696705394	6.223133896566762e-5
-1.6650441064025903	6.295978289243501e-5
-1.6493361431346414	6.37015567555957e-5
-1.6336281798666925	6.44570006950507e-5
-1.6179202165987434	6.522646623065933e-5
-1.6022122533307945	6.601031674251918e-5
-1.5865042900628454	6.680892797614855e-5
-1.5707963267948966	6.76226885740997e-5
-1.5550883635269477	6.845200063569344e-5
-1.5393804002589986	6.92972803066471e-5
-1.5236724369910497	7.015895840053847e-5
-1.5079644737231006	7.10374810541689e-5
-1.4922565104551517	7.193331041907004e-5
-1.4765485471872029	7.284692539156496e-5
-1.4608405839192538	7.377882238399377e-5
-1.4451326206513049	7.472951613992185e-5
-1.4294246573833558	7.56995405964098e-5
-1.413716694115407	7.668944979669495e-5
-1.398008730847458	7.769981885700189e-5
-1.382300767579509	7.873124499175459e-5
-1.36659280431156	7.978434860252248e-5
-1.350884841043611	8.085977443910904e-5
-1.335176877775662	8.195819285375103e-5
-1.3194689145077132	8.308030124678564e-5
-1.303760951239764	8.422682670904442e-5
-1.2880529879718152	8.53986338118241e-5
-1.2723450247038661	8.65961739796101e-5
-1.2566370614359172	8.782059187375305e-5
-1.2409290981679684	8.90726458186475e-5
-1.2252211349000193	9.035322106893052e-5
-1.2095131716320704	9.166324652561463e-5
-1.1938052083641213	9.300369236431107e-5
-1.1780972450961724	9.437557205214092e-5
-1.1623892818282235	9.577994480285614e-5
-1.1466813185602744	9.721791825970642e-5
-1.1309733552923256	9.869065139226721e-5
-1.1152653920243765	0.00010019935762069421
-1.0995574287564276	0.00010174530818898213
-1.0838494654884787	0.0001033298358143039
-1.0681415022205296	0.00010495433864608811
-1.0524335389525807	0.00010662028457886185
-1.0367255756846316	0.00010832921598180435
-1.0210176124166828	0.00011008275494827064
-1.0053096491487339	0.00011188260926730011
-0.9896016858807848	0.00011373057960127305
-0.9738937226128359	0.00011562856931185425
-0.9581857593448869	0.00011757860242277641
-0.9424777960769379	0.00011958287856736794
-0.926769832808989	0.0001216441237650375
-0.91106186954104	0.0001237762793696543
-0.8953539062730911	0.00012595012776203088
-0.8796459430051421	0.0001281875260493283
-0.8639379797371931	0.00013049782864799173
-0.8482300164692441	0.00013287844238092414
-0.8325220532012951	0.0001353324034620718
-0.8168140899333463	0.00013786359501206396
-0.8011061266653973	0.00014047747100867286
-0.7853981633974483	0.0001431872870938066
-0.7696902001294993	0.00014614646735638823
-0.7539822368615503	0.0001491709100644312
-0.7382742735936014	0.0001518158888802916
-0.7225663103256524	0.00015486639761582655
-0.7068583470577035	0.0001580406623872599
-0.6911503837897545	0.00016133230362733064
-0.6754424205218055	0.00016474571830424879
-0.6597344572538566	0.00016828753547055452
-0.6440264939859076	0.0001719655348367827
-0.6283185307179586	0.0001757885128054164
-0.6126105674500096	0.0001797663838192015
-0.5969026041820606	0.00018391040702452687
-0.5811946409141118	0.0001882335579775648
-0.5654866776461628	0.00019275118386456912
-0.5497787143782138	0.0001974827078019963
-0.5340707511102648	0.00020246935736833942
-0.5183627878423158	0.00020775368564605236
-0.5026548245743669	0.00021320538613086597
-0.48694686130641796	0.0002190958279802156
-0.47123889803846897	0.00022545464773708493
-0.45553093477052	0.00023247495143651612
-0.43982297150257105	0.0002406086620956608
-0.42411500823462206	0.000251197264086594
-0.4084070449666731	0.00027015171229725633
-0.39269908169872414	0.00036030647947180483
-0.37699111843077515	0.0015231237570708797
-0.3612831551628262	0.00031765937596524405
-0.34557519189487723	0.0002970983701914952
-0.3298672286269283	0.00030036819023318627
-0.3141592653589793	0.0003086612394149364
-0.2984513020910303	0.00031921435929868044
-0.2827433388230814	0.00033140577747418627
-0.2670353755551324	0.0003451544487247027
-0.25132741228718347	0.00036059682354962214
-0.23561944901923448	0.00037801218329299656
-0.21991148575128552	0.0003978228944794062
-0.20420352248333656	0.00042063425476682366
-0.18849555921538758	0.00044731438855161876
-0.17278759594743862	0.000479134223512536
-0.15707963267948966	0.0005180133041091814
-0.1413716694115407	0.0005669680628994313
-0.12566370614359174	0.0006309752465156543
-0.10995574287564276	0.0007187546815501975
-0.09424777960769379	0.0008467876433775612
-0.07853981633974483	0.0010494619312567057
-0.06283185307179587	0.0014089193282436879
-0.047123889803846894	0.002164513111613383
-0.031415926535897934	0.004284706602245264
-0.015707963267948967	0.015594991102520325
0.0	3.7321364394493033
0.015707963267948967	0.01565229921806828
0.031415926535897934	0.004400144670173278
0.047123889803846894	0.0023397645271769677
0.06283185307179587	0.0016466122746445215
0.07853981633974483	0.0013533045251882575
0.09424777960769379	0.0012217690421608455
0.10995574287564276	0.0011714349997521628
0.12566370614359174	0.0011698991123391168
0.1413716694115407	0.0012032573611532441
0.15707963267948966	0.0012662270917964545
0.17278759594743862	0.0013585397197702206
0.18849555921538758	0.0014838111758972536
0.20420352248333656	0.0016497540020549118
0.21991148575128552	0.001869572796281245
0.23561944901923448	0.002165030529009465
0.25132741228718347	0.002572598416172148
0.2670353755551324	0.0031561519761778532
0.2827433388230814	0.004035142703764671
0.2984513020910303	0.005453926918971903
0.3141592653589793	0.007978349642787846
0.3298672286269283	0.013177874879255197
0.34557519189487723	0.026869891896904193
0.3612831551628262	0.0871252581047374
0.37699111843077515	2.53162627559479
0.39269908169872414	0.20711722236227578
0.4084070449666731	0.04114752214678506
0.42411500823462206	0.017639875278028693
0.43982297150257105	0.01018144216122087
0.45553093477052	0.006949173989824566
0.47123889803846897	0.0053126933713480064
0.48694686130641796	0.004435136505912293
0.5026548245743669	0.004062586486891613
0.5183627878423158	0.006591787050958457
0.5340707511102648	0.004433209154564991
0.5497787143782138	0.0036202703868464733
0.5654866776461628	0.0036577409065663216
0.5811946409141118	0.0038763941326186045
0.5969026041820606	0.004245225677772582
0.6126105674500096	0.004791681301970224
0.6283185307179586	0.00558020839891872
0.6440264939859076	0.006729996850105369
0.6597344572538566	0.008464224171179358
0.6754424205218055	0.011231285148859902
0.6911503837897545	0.016037919424325607
0.7068583470577035	0.025548326926616134
0.7225663103256524	0.04889684117861542
0.7382742735936014	0.13665663932413186
0.7539822368615503	1.4534869497519392
0.7696902001294993	0.8392326377902419
0.7853981633974483	0.11568406402219296
0.8011061266653973	0.047120195465230705
0.8168140899333463	0.02887228809312702
0.8325220532012951	0.02349163116232988
0.8482300164692441	0.02503005273158202
0.8639379797371931	0.03634719084075347
0.8796459430051421	0.08251759916393366
0.8953539062730911	0.5702799484421702
0.91106186954104	1.0337749865642378
0.926769832808989	0.09753681189610067
0.9424777960769379	0.03628554365405307
0.9581857593448869	0.020080273400601516
0.9738937226128359	0.013556297214098425
0.9896016858807848	0.010350637902881016
1.0053096491487339	0.008612620955534092
1.0210176124166828	0.00764778969114569
1.0367255756846316	0.0071533474673996815
1.0524335389525807	0.006987385784055136
1.0681415022205296	0.007086002459189133
1.0838494654884787	0.007430927383148699
1.0995574287564276	0.008038158963569205
1.1152653920243765	0.008958251554786039
1.1309733552923256	0.010286853552192395
1.1466813185602744	0.012189724082771945
1.1623892818282235	0.014954969977243358
1.1780972450961724	0.019104961104810532
1.1938052083641213	0.02565570269855912
1.2095131716320704	0.03679100837903248
1.2252211349000193	0.05792838597266222
1.2409290981679684	0.10575628769329025
1.2566370614359172	0.25488583167083795
1.2723450247038661	1.2953349055138976
1.2880529879718152	17.047158011233062
1.303760951239764	0.5568396137410397
1.3194689145077132	0.16794470222243063
1.335176877775662	0.08023466053418359
1.350884841043611	0.04714923366662366
1.36659280431156	0.031219549224074283
1.382300767579509	0.022362657908315917
1.398008730847458	0.01694939398897013
1.413716694115407	0.013414570043234158
1.4294246573833558	0.010993758996234528
1.4451326206513049	0.0092781812817402
1.4608405839192538	0.008033779123337567
1.4765485471872029	0.007119424724710508
1.4922565104551517	0.006446773328922335
1.5079644737231006	0.005959264925415795
1.5236724369910497	0.005620616548316571
1.5393804002589986	0.005408353811918409
1.5550883635269477	0.005310225070012619
1.5707963267948966	0.005322440986097195
1.5865042900628454	0.005449270125427369
1.6022122533307945	0.005703908272958583
1.6179202165987434	0.006110895262825276
1.6336281798666925	0.006710837735710471
1.6493361431346414	0.007569074600563386
1.6650441064025903	0.0087917534719274
1.6807520696705394	0.010556491612088636
1.6964600329384882	0.013176158413223796
1.7121679962064373	0.017239326427921198
1.7278759594743862	0.02395975237048308
1.743583922742335	0.036177319930219054
1.7592918860102842	0.0618871316538668
1.774999849278233	0.13147850002366382
1.7907078125461822	0.4555893677122639
1.806415775814131	22.441857860194844
1.82212373908208	0.8352709956418498
1.837831702350029	0.1774337705205628
1.853539665617978	0.07519350491605081
1.869247628885927	0.041505127305751684
1.8849555921538759	0.0263816298920783
1.9006635554218247	0.01831225934569252
1.9163715186897738	0.013500562175101939
1.9320794819577227	0.010399204318813266
1.9477874452256718	0.008281609985141125
1.9634954084936207	0.006769948125613945
1.9792033717615696	0.0056519453527915375
1.9949113350295187	0.004800872090961484
2.0106192982974678	0.00413726510036671
2.0263272615654166	0.003609239631702887
2.0420352248333655	0.003181745938634413
2.0577431881013144	0.0028304103216636534
2.0734511513692633	0.00253785380918008
2.0891591146372126	0.0022914114622079175
2.1048670779051615	0.002081674730554049
2.1205750411731104	0.0019015339861326592
2.1362830044410592	0.0017455345907097296
2.151990967709008	0.001609433786793295
2.1676989309769574	0.0014898904553382801
2.1834068942449063	0.0013842437666305239
2.199114857512855	0.0012903527568538101
2.214822820780804	0.0012064785934939673
2.230530784048753	0.0011311971444841224
2.2462387473167023	0.0010633306083983342
2.261946710584651	0.0010019015983611763
2.2776546738526	0.0009460898034208393
2.293362637120549	0.0008952040478367695
2.3090706003884978	0.0008486581605904712
2.324778563656447	0.0008059522431914229
2.340486526924396	0.0007666577371816455
2.356194490192345	0.0007304054394073929
2.3719024534602937	0.0006968758058359535
2.3876104167282426	0.0006657910658013534
2.403318379996192	0.0006369087675273544
2.419026343264141	0.0006100164632710921
2.4347343065320897	0.0005849273097022151
2.4504422698000385	0.0005614764078366726
2.4661502330679874	0.0005395177428379993
2.4818581963359367	0.0005189216159816275
2.4975661596038856	0.0004995724642364868
2.5132741228718345	0.0004813670463887882
2.5289820861397834	0.0004642128592072634
2.5446900494077322	0.00044802681192251785
2.5603980126756816	0.000432734082837974
2.5761059759436304	0.0004182671350120734
2.5918139392115793	0.00040456486795159113
2.607521902479528	0.00039157188719924014
2.623229865747477	0.00037923786920175136
2.6389378290154264	0.00036751696577167864
2.6546457922833753	0.0003563674115059153
2.670353755551324	0.0003457510037311397
2.686061718819273	0.00033563277863752304
2.701769682087222	0.00032598067464409105
2.7174776453551712	0.00031676523788413773
2.73318560862312	0.0003079593769439777
2.748893571891069	0.0002995381255823445
2.764601535159018	0.00029147844661686157
2.7803094984269667	0.0002837590516308247
2.796017461694916	0.0002763602411051809
2.811725424962865	0.000269263761530767
2.827433388230814	0.0002624526774841689
2.8431413514987627	0.00025591125686835726
2.8588493147667116	0.0002496248678025874
2.874557278034661	0.00024357988589751117
2.8902652413026098	0.00023776360998246555
2.9059732045705586	0.00023216418767563784
2.9216811678385075	0.0002267705458354733
2.9373891311064564	0.00022157232919542828
2.9530970943744057	0.0002165598440446521
2.9688050576423546	0.0002117240071558493
2.9845130209103035	0.00020705629932272349
3.0002209841782523	0.00020254872309815095
3.015928947446201	0.0001981937637690794
3.0316369107141505	0.00019398435488024305
3.0473448739820994	0.00018991384517892077
3.0630528372500483	0.00018597596942454528
3.078760800517997	0.00018216482123932024
3.094468763785946	0.00017847482823268827
3.1101767270538954	0.00017490072914749463
3.1258846903218442	0.0001714375528367945
3.141592653589793	0.00016808059889400815
3.157300616857742	0.0001648254198049782
3.173008580125691	0.00016166780449857997
3.18871654339364	0.00015860376309438282
3.204424506661589	0.00015562951285432637
3.220132469929538	0.00015274146515694694
3.235840433197487	0.00014993621343441826
3.2515483964654357	0.00014721052198776965
3.267256359733385	0.00014456131560724566
3.282964323001334	0.00014198566993131072
3.2986722862692828	0.00013948080248439787
3.3143802495372316	0.0001370440643386955
3.3300882128051805	0.00013467293235020059
3.34579617607313	0.00013236500192388755
3.3615041393410787	0.00013011798026669812
3.3772121026090276	0.00012792968009075478
3.3929200658769765	0.0001257980137321551
3.4086280291449254	0.00012372098765466472
3.4243359924128747	0.00012169669730856627
3.4400439556808236	0.00011972332231954029
3.4557519189487724	0.00011779912197880716
3.4714598822167213	0.0001159224310263925
3.48716784548467	0.00011409165568329594
3.5028758087526195	0.00011230526993791819
3.5185837720205684	0.00011056181205509816
3.5342917352885173	0.00010885988129671697
3.549999698556466	0.0001071981348385971
3.565707661824415	0.00010557528487021256
3.5814156250923643	0.00010399009586483071
3.597123588360313	0.00010244138200857059
3.612831551628262	0.00010092800477781027
3.628539514896211	9.944887065510151e-5
3.64424747816416	9.800292897454929e-5
3.659955441432109	9.65891698882134e-5
3.675663404700058	9.520662244577488e-5
3.691371367968007	9.385435278020049e-5
3.707079331235956	9.253146239273227e-5
3.7227872945039047	9.123708653093957e-5
3.738495257771854	8.997039265406655e-5
3.754203221039803	8.873057898027698e-5
3.7699111843077517	8.751687311078728e-5
3.7856191475757006	8.632853072622678e-5
3.8013271108436495	8.516483435086642e-5
3.817035074111599	8.402509218068204e-5
3.8327430373795477	8.290863697145445e-5
3.8484510006474966	8.181482498338584e-5
3.8641589639154454	8.074303497894399e-5
3.8798669271833943	7.969266727084314e-5
3.8955748904513436	7.866314281733655e-5
3.9112828537192925	7.76539023618489e-5
3.9269908169872414	7.666440561524665e-5
3.9426987802551903	7.569413047703353e-5
3.958406743523139	7.474257229461279e-5
3.9741147067910885	7.38092431577381e-5
3.9898226700590373	7.289367122647893e-5
4.005530633326986	7.199540009083797e-5
4.0212385965949355	7.111398816031443e-5
4.036946559862884	7.024900808180573e-5
4.052654523130833	6.940004618433676e-5
4.068362486398782	6.856670194920026e-5
4.084070449666731	6.774858750417392e-5
4.09977841293468	6.694532714056051e-5
4.115486376202629	6.615655685186588e-5
4.131194339470578	6.538192389300842e-5
4.146902302738527	6.462108635900456e-5
4.162610266006476	6.387371278215173e-5
4.178318229274425	6.31394817467704e-5
4.194026192542374	6.241808152062942e-5
4.209734155810323	6.170920970222702e-5
4.225442119078272	6.1012572883142046e-5
4.241150082346221	6.0327886324722193e-5
4.25685804561417	5.965487364840409e-5
4.2725660088821185	5.899326653900982e-5
4.288273972150067	5.834280446039968e-5
4.303981935418016	5.770323438287772e-5
4.319689898685965	5.7074310521814136e-5
4.335397861953915	5.645579408693152e-5
4.351105825221864	5.5847453041773674e-5
4.366813788489813	5.5249061872874316e-5
4.3825217517577615	5.4660401368178644e-5
4.39822971502571	5.408125840429234e-5
4.413937678293659	5.351142574215551e-5
4.429645641561608	5.2950701830755505e-5
4.445353604829557	5.23988906185225e-5
4.461061568097506	5.185580137205558e-5
4.476769531365456	5.1321248501854625e-5
4.4924774946334045	5.0795051394753624e-5
4.508185457901353	5.0277034252748234e-5
4.523893421169302	4.976702593794868e-5
4.539601384437251	4.92648598233857e-5
4.5553093477052	4.8770373649414126e-5
4.571017310973149	4.8283409385481297e-5
4.586725274241098	4.780381309701643e-5
4.602433237509047	4.733143481724234e-5
4.6181412007769955	4.6866128423682795e-5
4.633849164044944	4.640775151917789e-5
4.649557127312894	4.5956165317217874e-5
4.665265090580843	4.551123453141389e-5
4.680973053848792	4.507282726893174e-5
4.696681017116741	4.464081492773521e-5
4.71238898038469	4.421507209747056e-5
4.7280969436526386	4.3795476463853835e-5
4.743804906920587	4.338190871641356e-5
4.759512870188536	4.297425245945397e-5
4.775220833456485	4.2572394126116676e-5
4.790928796724435	4.217622289540693e-5
4.806636759992384	4.178563061207433e-5
4.822344723260333	4.140051170923178e-5
4.838052686528282	4.102076313360791e-5
4.8537606497962305	4.0646284273329394e-5
4.869468613064179	4.02769768881333e-5
4.885176576332128	3.991274504191695e-5
4.900884539600077	3.955349503753886e-5
4.916592502868026	3.9199135353776244e-5
4.932300466135975	3.8849576584365844e-5
4.948008429403924	3.850473137904524e-5
4.9637163926718735	3.816451438651913e-5
4.979424355939822	3.7828842199279755e-5
4.995132319207771	3.7497633300211e-5
5.01084028247572	3.717080801091175e-5
5.026548245743669	3.684828844167376e-5
5.042256209011618	3.652999844305475e-5
5.057964172279567	3.621586355898476e-5
5.073672135547516	3.5905810981355485e-5
5.0893800988154645	3.559976950603559e-5
5.105088062083414	3.5297669490258e-5
5.120796025351363	3.49994428113388e-5
5.136503988619312	3.4705022826669375e-5
5.152211951887261	3.441434433494404e-5
5.16791991515521	3.412734353857833e-5
5.183627878423159	3.384395800727203e-5
5.1993358416911075	3.356412664268324e-5
5.215043804959056	3.328778964416843e-5
5.230751768227005	3.301488847555639e-5
5.246459731494954	3.2745365832917676e-5
5.262167694762903	3.247916561329591e-5
5.277875658030853	3.2216232884369054e-5
5.293583621298802	3.195651385500644e-5
5.3092915845667505	3.169995584669585e-5
5.324999547834699	3.144650726580456e-5
5.340707511102648	3.119611757665276e-5
5.356415474370597	3.0948737275369156e-5
5.372123437638546	3.070431786450243e-5
5.387831400906495	3.0462811828363456e-5
5.403539364174444	3.0224172609076592e-5
5.419247327442394	2.9988354583313972e-5
5.4349552907103424	2.9755313039689977e-5
5.450663253978291	2.9525004156799334e-5
5.46637121724624	2.9297384981870456e-5
5.482079180514189	2.9072413410020567e-5
5.497787143782138	2.885004816409086e-5
5.513495107050087	2.8630248775041456e-5
5.529203070318036	2.8412975562890936e-5
5.544911033585985	2.819818961818226e-5
5.5606189968539335	2.7985852783957922e-5
5.576326960121882	2.7775927638228037e-5
5.592034923389832	2.7568377476918153e-5
5.607742886657781	2.73631662972779e-5
5.62345084992573	2.7160258781740995e-5
5.639158813193679	2.695962028221682e-5
5.654866776461628	2.6761216804806814e-5
5.6705747397295765	2.656501499492652e-5
5.686282702997525	2.637098212282552e-5
5.701990666265474	2.6179086069489302e-5
5.717698629533423	2.598929531291538e-5
5.733406592801373	2.580157891474866e-5
5.749114556069322	2.5615906507267503e-5
5.764822519337271	2.543224828071007e-5
5.7805304826052195	2.525057497092917e-5
5.796238445873168	2.507085784736595e-5
5.811946409141117	2.4893068701335433e-5
5.827654372409066	2.4717179834612243e-5
5.843362335677015	2.4543164048308773e-5
5.859070298944964	2.4370994632035366e-5
5.874778262212913	2.420064535333822e-5
5.890486225480862	2.403209044740221e-5
5.906194188748811	2.386530460701464e-5
5.92190215201676	2.3700262972781046e-5
5.937610115284709	2.353694112358464e-5
5.953318078552658	2.3375315067284026e-5
5.969026041820607	2.321536123164294e-5
5.984734005088556	2.305705645548314e-5
6.000441968356505	2.2900377980054897e-5
6.0161499316244536	2.2745303440621063e-5
6.031857894892402	2.2591810858246258e-5
6.047565858160352	2.243987863178452e-5
6.063273821428301	2.2289485530065507e-5
6.07898178469625	2.2140610684265345e-5
6.094689747964199	2.1993233580464623e-5
6.110397711232148	2.1847334052383648e-5
6.126105674500097	2.1702892274292216e-5
6.1418136377680455	2.1559888754087694e-5
6.157521601035994	2.1418304326539514e-5
6.173229564303943	2.1278120146691334e-5
6.188937527571892	2.1139317683420642e-5
6.204645490839841	2.100187871314908e-5
6.220353454107791	2.086578531370015e-5
6.23606141737574	2.0731019858300864e-5
6.2517693806436885	2.0597565009722415e-5
6.267477343911637	2.046540371455755e-5
6.283185307179586	2.033451919762891e-5
6.298893270447535	2.02048949565278e-5
6.314601233715484	2.0076514756277018e-5
6.330309196983433	1.9949362624116364e-5
6.346017160251382	1.982342284440723e-5
6.3617251235193315	1.9698679953652505e-5
6.37743308678728	1.9575118735629206e-5
6.393141050055229	1.9452724216631668e-5
6.408849013323178	1.9331481660821086e-5
6.424556976591127	1.921137656567973e-5
6.440264939859076	1.9092394657565962e-5
6.455972903127025	1.897452188736979e-5
6.471680866394974	1.8857744426262905e-5
6.4873888296629225	1.8742048661544305e-5
6.503096792930871	1.8627421192577028e-5
6.51880475619882	1.8513848826813844e-5
6.53451271946677	1.8401318575910483e-5
6.550220682734719	1.8289817651923396e-5
6.565928646002668	1.817933346359061e-5
6.581636609270617	1.806985361269339e-5
6.5973445725385655	1.7961365890495646e-5
6.613052535806514	1.7853858274261435e-5
6.628760499074463	1.774731892384618e-5
6.644468462342412	1.764173617836165e-5
6.660176425610361	1.7537098552911767e-5
6.675884388878311	1.7433394735398045e-5
6.69159235214626	1.7330613583392616e-5
6.707300315414209	1.7228744121077878e-5
6.7230082786821574	1.7127775536249688e-5
6.738716241950106	1.702769717738507e-5
6.754424205218055	1.6928498550769815e-5
6.770132168486004	1.6830169317687176e-5
6.785840131753953	1.673269929166439e-5
6.801548095021902	1.6636078435777036e-5
6.817256058289851	1.6540296860008314e-5
6.8329640215578	1.6445344818664032e-5
6.848671984825749	1.635121270783953e-5
6.864379948093698	1.6257891062939262e-5
6.880087911361647	1.616537055624677e-5
6.895795874629596	1.6073641994544847e-5
6.911503837897545	1.5982696316782998e-5
6.927211801165494	1.5892524591793063e-5
6.942919764433443	1.5803118016050655e-5
6.9586277277013915	1.571446791148145e-5
6.97433569096934	1.562656572331227e-5
6.99004365423729	1.553940301796398e-5
7.005751617505239	1.5452971480988123e-5
7.021459580773188	1.5367262915042985e-5
7.037167544041137	1.5282269237910372e-5
7.052875507309086	1.5197982480552847e-5
7.0685834705770345	1.5114394785206846e-5
7.084291433844983	1.5031498403515704e-5
7.099999397112932	1.4949285694698168e-5
7.115707360380881	1.4867749123752195e-5
7.13141532364883	1.4786881259695343e-5
7.147123286916779	1.470667477383809e-5
7.162831250184729	1.4627122438090703e-5
7.1785392134526775	1.4548217123304081e-5
7.194247176720626	1.4469951797640753e-5
7.209955139988575	1.4392319524978542e-5
7.225663103256524	1.4315313463344656e-5
7.241371066524473	1.4238926863379178e-5
7.257079029792422	1.41631530668281e-5
7.272786993060371	1.4087985505065416e-5
7.28849495632832	1.4013417697642507e-5
7.304202919596269	1.3939443250865723e-5
7.319910882864218	1.3866055856399835e-5
7.335618846132167	1.3793249289898933e-5
7.351326809400116	1.372101740966176e-5
7.367034772668065	1.36493541553134e-5
7.382742735936014	1.3578253546510252e-5
7.398450699203963	1.3507709681670292e-5
7.414158662471912	1.3437716736725983e-5
7.4298666257398605	1.3368268963900973e-5
7.445574589007809	1.32993606905084e-5
7.461282552275758	1.3230986317772895e-5
7.476990515543708	1.3163140319671975e-5
7.492698478811657	1.3095817241800694e-5
7.508406442079606	1.3029011700255778e-5
7.524114405347555	1.2962718380540695e-5
7.5398223686155035	1.2896932036489984e-5
7.555530331883452	1.2831647489213988e-5
7.571238295151401	1.2766859626061353e-5
7.58694625841935	1.2702563399601359e-5
7.602654221687299	1.2638753826624105e-5
7.618362184955249	1.257542598715823e-5
7.634070148223198	1.2512575023506729e-5
7.6497781114911465	1.2450196139299864e-5
7.665486074759095	1.2388284598564366e-5
7.681194038027044	1.2326835724810099e-5
7.696902001294993	1.2265844900131854e-5
7.712609964562942	1.2205307564327304e-5
7.728317927830891	1.2145219214031243e-5
7.74402589109884	1.2085575401863935e-5
7.759733854366789	1.2026371735594309e-5
7.7754418176347375	1.1967603877319415e-5
7.791149780902687	1.1909267542655772e-5
7.806857744170636	1.1851358499946823e-5
7.822565707438585	1.1793872569482586e-5
7.838273670706534	1.1736805622734026e-5
7.853981633974483	1.1680153581599676e-5
7.869689597242432	1.1623912417665595e-5
7.8853975605103805	1.1568078151477985e-5
7.901105523778329	1.15126468518285e-5
7.916813487046278	1.1457614635050852e-5
7.932521450314228	1.1402977664331069e-5
7.948229413582177	1.1348732149027215e-5
7.963937376850126	1.1294874344002631e-5
7.979645340118075	1.1241400548969174e-5
7.995353303386024	1.1188307107842283e-5
8.011061266653972	1.1135590408106406e-5
8.026769229921921	1.1083246880191206e-5
8.042477193189871	1.1031272996858045e-5
8.058185156457819	1.097966527259751e-5
8.073893119725769	1.0928420263035392e-5
8.089601082993717	1.0877534564350226e-5
8.105309046261667	1.0827004812698984e-5
8.121017009529615	1.0776827683653926e-5
8.136724972797564	1.0726999891646886e-5
8.152432936065512	1.067751818942403e-5
8.168140899333462	1.0628379367509043e-5
8.183848862601412	1.0579580253675075e-5
8.19955682586936	1.0531117712425397e-5
8.21526478913731	1.04829886444828e-5
8.230972752405258	1.0435189986286383e-5
8.246680715673207	1.0387718709497787e-5
8.262388678941155	1.0340571820514276e-5
8.278096642209105	1.0293746359990392e-5
8.293804605477053	1.0247239402366758e-5
8.309512568745003	1.0201048055407087e-5
8.325220532012953	1.0155169459741922e-5
8.3409284952809	1.0109600788420241e-5
8.35663645854885	1.0064339246467771e-5
8.372344421816798	1.0019382070452552e-5
8.388052385084748	9.974726528057503e-6
8.403760348352696	9.930369917659553e-6
8.419468311620646	9.886309567915093e-6
8.435176274888594	9.84254283735296e-6
8.450884238156544	9.799067113972886e-6
8.466592201424492	9.755879814850286e-6
8.482300164692441	9.712978385748225e-6
8.498008127960391	9.67036030073384e-6
8.51371609122834	9.6280230618023e-6
8.529424054496289	9.585964198505557e-6
8.545132017764237	9.544181267587353e-6
8.560839981032187	9.502671852623836e-6
8.576547944300135	9.461433563669277e-6
8.592255907568084	9.420464036907996e-6
8.607963870836032	9.379760934311104e-6
8.623671834103982	9.339321943298495e-6
8.63937979737193	9.299144776406218e-6
8.65508776063988	9.259227170959179e-6
8.67079572390783	9.219566888747788e-6
8.686503687175778	9.180161715711133e-6
8.702211650443727	9.141009461623333e-6
8.717919613711675	9.102107959785765e-6
8.733627576979625	9.06345506672344e-6
8.749335540247573	9.025048661886011e-6
8.765043503515523	8.986886647353272e-6
8.780751466783471	8.9489669475453e-6
8.79645943005142	8.911287508936577e-6
8.81216739331937	8.873846299774757e-6
8.827875356587318	8.836641309803017e-6
8.843583319855268	8.799670549987526e-6
8.859291283123216	8.762932052247821e-6
8.874999246391166	8.726423869191927e-6
8.890707209659114	8.690144073855358e-6
8.906415172927064	8.65409075944368e-6
8.922123136195012	8.618262039078686e-6
8.937831099462962	8.58265604554902e-6
8.953539062730911	8.547270931063755e-6
8.96924702599886	8.512104867009933e-6
8.984954989266809	8.477156043713394e-6
9.000662952534757	8.442422670203531e-6
9.016370915802707	8.407902973980716e-6
9.032078879070655	8.373595200788019e-6
9.047786842338605	8.339497614385213e-6
9.063494805606553	8.305608496327178e-6
9.079202768874502	8.271926145744427e-6
9.09491073214245	8.238448879127395e-6
9.1106186954104	8.205175030113648e-6
9.12632665867835	8.172102949278345e-6
9.142034621946298	8.139231003927195e-6
9.157742585214248	8.106557577892886e-6
9.173450548482196	8.07408107133417e-6
9.189158511750145	8.041799900537823e-6
9.204866475018093	8.009712497723367e-6
9.220574438286043	7.977817310850665e-6
9.236282401553991	7.946112803430098e-6
9.25199036482194	7.914597454335624e-6
9.267698328089889	7.883269757619998e-6
9.283406291357839	7.85212822233333e-6
9.299114254625788	7.821171372343445e-6
9.314822217893736	7.790397746159071e-6
9.330530181161686	7.759805896755672e-6
9.346238144429634	7.729394391403238e-6
9.361946107697584	7.699161811497087e-6
9.377654070965532	7.669106752390297e-6
9.393362034233482	7.639227823228953e-6
9.40906999750143	7.609523646789557e-6
9.42477796076938	7.579992859318609e-6
9.44048592403733	7.550634110374423e-6
9.456193887305277	7.5214460626711475e-6
9.471901850573227	7.492427391924909e-6
9.487609813841175	7.46357678670183e-6
9.503317777109125	7.434892948268533e-6
9.519025740377073	7.40637459044449e-6
9.534733703645022	7.378020439456217e-6
9.55044166691297	7.349829233793519e-6
9.56614963018092	7.3217997240679975e-6
9.58185759344887	7.293930672872904e-6
9.597565556716818	7.266220854645414e-6
9.613273519984768	7.238669055530481e-6
9.628981483252716	7.211274073246324e-6
9.644689446520665	7.184034716952357e-6
9.660397409788613	7.156949807118024e-6
9.676105373056563	7.130018175394227e-6
9.691813336324511	7.103238664485863e-6
9.707521299592461	7.076610128026224e-6
9.723229262860409	7.05013143045321e-6
9.738937226128359	7.023801446887106e-6
9.754645189396308	6.9976190630096426e-6
9.770353152664256	6.9715831749455e-6
9.786061115932206	6.945692689144323e-6
9.801769079200154	6.919946522264739e-6
9.817477042468104	6.894343601060466e-6
9.833185005736052	6.868882862266855e-6
9.848892969004002	6.843563252489671e-6
9.86460093227195	6.8183837280951126e-6
9.8803088955399	6.793343255101041e-6
9.896016858807847	6.768440809070127e-6
9.911724822075797	6.743675375003755e-6
9.927432785343747	6.719045947237923e-6
9.943140748611695	6.6945515293399085e-6
9.958848711879645	6.670191134006699e-6
9.974556675147593	6.645963782964583e-6
9.990264638415542	6.621868506869993e-6
10.00597260168349	6.597904345211487e-6
10.02168056495144	6.574070346213426e-6
10.037388528219388	6.550365566740359e-6
10.053096491487338	6.526789072203071e-6
10.068804454755288	6.503339936465305e-6
10.084512418023236	6.480017241752311e-6
10.100220381291185	6.456820078560077e-6
10.115928344559133	6.433747545565871e-6
10.131636307827083	6.410798749539786e-6
10.147344271095031	6.387972805257814e-6
10.163052234362981	6.365268835415269e-6
10.178760197630929	6.3426859705422036e-6
10.194468160898879	6.32022334891905e-6
10.210176124166829	6.297880116493834e-6
10.225884087434777	6.2756554268003206e-6
10.241592050702726	6.253548440877116e-6
10.257300013970674	6.231558327187682e-6
10.273007977238624	6.209684261541596e-6
10.288715940506572	6.187925427016504e-6
10.304423903774522	6.166281013881428e-6
10.32013186704247	6.144750219520429e-6
10.33583983031042	6.12333224835784e-6
10.351547793578368	6.102026311784095e-6
10.367255756846317	6.080831628082387e-6
10.382963720114267	6.059747422356325e-6
10.398671683382215	6.038772926458815e-6
10.414379646650165	6.017907378921082e-6
10.430087609918113	5.997150024883326e-6
10.445795573186063	5.976500116025551e-6
10.46150353645401	5.9559569104998545e-6
10.47721149972196	5.935519672863045e-6
10.492919462989908	5.915187674010379e-6
10.508627426257858	5.894960191109767e-6
10.524335389525806	5.874836507537417e-6
10.540043352793756	5.854815912813361e-6
10.555751316061706	5.8348977025385395e-6
10.571459279329654	5.815081178332247e-6
10.587167242597603	5.79536564777031e-6
10.602875205865551	5.7757504243242954e-6
10.618583169133501	5.7562348273011374e-6
10.634291132401449	5.7368181817836e-6
10.649999095669399	5.717499818571394e-6
10.665707058937347	5.698279074123348e-6
10.681415022205297	5.6791552904994665e-6
10.697122985473246	5.660127815304598e-6
10.712830948741194	5.641196001632307e-6
10.728538912009144	5.622359208009201e-6
10.744246875277092	5.6036167983403e-6
10.759954838545042	5.584968141855012e-6
10.77566280181299	5.566412613053448e-6
10.79137076508094	5.54794959165371e-6
10.807078728348888	5.5295784625395875e-6
10.822786691616837	5.511298615708984e-6
10.838494654884787	5.493109446222704e-6
10.854202618152735	5.475010354154218e-6
10.869910581420685	5.4570007445396605e-6
10.885618544688633	5.439080027328834e-6
10.901326507956583	5.421247617335838e-6
10.91703447122453	5.403502934191872e-6
10.93274243449248	5.3858454022969235e-6
10.948450397760428	5.36827445077303e-6
10.964158361028378	5.350789513417794e-6
10.979866324296326	5.3333900286581745e-6
10.995574287564276	5.316075439505411e-6
11.011282250832226	5.298845193509884e-6
11.026990214100174	5.281698742716785e-6
11.042698177368123	5.264635543622198e-6
11.058406140636071	5.2476550571296796e-6
11.074114103904021	5.230756748507479e-6
11.08982206717197	5.21394008734605e-6
11.105530030439919	5.1972045475159655e-6
11.121237993707867	5.180549607126839e-6
11.136945956975817	5.163974748485959e-6
11.152653920243765	5.1474794580579575e-6
11.168361883511714	5.131063226424738e-6
11.184069846779664	5.114725548245806e-6
11.199777810047612	5.098465922219035e-6
11.215485773315562	5.082283851042125e-6
11.23119373658351	5.066178841374129e-6
11.24690169985146	5.050150403797603e-6
11.262609663119408	5.034198052781259e-6
11.278317626387357	5.01832130664288e-6
11.294025589655305	5.002519687512574e-6
11.309733552923255	4.986792721296781e-6
11.325441516191205	4.971139937642258e-6
11.341149479459153	4.955560869900808e-6
11.356857442727103	4.940055055094178e-6
11.37256540599505	4.924622033879423e-6
11.388273369263	4.9092613505147296e-6
11.403981332530948	4.893972552825364e-6
11.419689295798898	4.878755192170328e-6
11.435397259066846	4.863608823409213e-6
11.451105222334796	4.8485330048692025e-6
11.466813185602746	4.833527298312984e-6
11.482521148870694	4.81859126890641e-6
11.498229112138644	4.8037244851868504e-6
11.513937075406592	4.788926519032002e-6
11.529645038674541	4.774196945628525e-6
11.54535300194249	4.759535343441634e-6
11.561060965210439	4.744941294184568e-6
11.576768928478387	4.730414382788633e-6
11.592476891746337	4.715954197373465e-6
11.608184855014285	4.70156032921759e-6
11.623892818282235	4.687232372729497e-6
11.639600781550184	4.672969925418719e-6
11.655308744818132	4.658772587867408e-6
11.671016708086082	4.644639963702237e-6
11.68672467135403	4.630571659566536e-6
11.70243263462198	4.616567285092676e-6
11.718140597889928	4.602626452874976e-6
11.733848561157878	4.588748778442469e-6
11.749556524425826	4.574933880232447e-6
11.765264487693775	4.561181379563997e-6
11.780972450961723	4.547490900611858e-6
11.796680414229673	4.533862070380565e-6
11.812388377497623	4.520294518678926e-6
11.82809634076557	4.506787878094709e-6
11.84380430403352	4.493341783969528e-6
11.859512267301469	4.479955874374228e-6
11.875220230569418	4.466629790084212e-6
11.890928193837366	4.453363174555338e-6
11.906636157105316	4.440155673899721e-6
11.922344120373264	4.427006936862231e-6
11.938052083641214	4.413916614796763e-6
11.953760046909164	4.4008843616431386e-6
11.969468010177112	4.387909833903925e-6
11.985175973445061	4.3749926906219365e-6
12.00088393671301	4.362132593357344e-6
12.01659189998096	4.349329206165654e-6
12.032299863248907	4.336582195575445e-6
12.048007826516857	4.3238912305666345e-6
12.063715789784805	4.311255982548829e-6
12.079423753052755	4.298676125339875e-6
12.095131716320704	4.286151335144703e-6
12.110839679588652	4.273681290534442e-6
12.126547642856602	4.261265672425472e-6
12.14225560612455	4.2489041640590945e-6
12.1579635693925	4.236596450981208e-6
12.173671532660448	4.224342221021943e-6
12.189379495928398	4.212141164276018e-6
12.205087459196346	4.199992973082875e-6
12.220795422464295	4.187897342007261e-6
12.236503385732243	4.175853967819774e-6
12.252211349000193	4.163862549477939e-6
12.267919312268143	4.151922788107148e-6
12.283627275536091	4.140034386981887e-6
12.29933523880404	4.1281970515073635e-6
12.315043202071989	4.116410489200989e-6
12.330751165339938	4.104674409674262e-6
12.346459128607886	4.092988524614794e-6
12.362167091875836	4.081352547768493e-6
12.377875055143784	4.069766194921858e-6
12.393583018411734	4.0582291838846785e-6
12.409290981679682	4.046741234472561e-6
12.424998944947632	4.035302068489948e-6
12.440706908215581	4.023911409713151e-6
12.45641487148353	4.012568983873594e-6
12.47212283475148	4.001274518641125e-6
12.487830798019427	3.990027743607676e-6
12.503538761287377	3.978828390270948e-6
12.519246724555325	3.967676192018265e-6
12.534954687823275	3.956570884110649e-6
12.550662651091223	3.945512203667027e-6
12.566370614359172	3.93449988964852e-6
