0.0	2.1255817686391048
0.01	2.0273707183915075
0.02	1.944077691023279
0.03	1.8740220068916276
0.04	1.8157019652743849
0.05	1.7677763022000805
0.06	1.7290475478226608
0.07	1.6984470892546426
0.08	1.6750217645480068
0.09	1.657921831287989
0.1	1.6463901692331049
0.11	1.6397525907912025
0.12	1.637409146012826
0.13	1.638826320368931
0.14	1.6435300339853176
0.15	1.6510993603466106
0.16	1.6611608908817415
0.17	1.6733836793713568
0.18	1.6874747068863343
0.19	1.7031748140401766
0.2	1.7202550527887566
0.21	1.7385134149055956
0.22	1.7577718986523176
0.23	1.7778738791062818
0.24	1.7986817511445556
0.25	1.820074817256468
0.26	1.841947395207279
0.27	1.8642071231280983
0.28	1.8867734419037911
0.29	1.9095762367834062
0.3	1.932554621987619
0.31	1.9556558537409594
0.32	1.9788343586428918
0.33	2.0020508656253866
0.34	2.025271630940935
0.35	2.048467746696771
0.36	2.071614524415518
0.37	2.094690945966332
0.38	2.1176791749856725
0.39	2.1405641226043
0.4	2.1633330619197815
0.41	2.185975286218101
0.42	2.2084818064481455
0.43	2.2308450839079677
0.44	2.2530587945065674
0.45	2.2751176213304176
0.46	2.2970170725719363
0.47	2.318753322171608
0.48	2.3403230707904776
0.49	2.361723424968308
0.5	2.3829517925359474
0.51	2.404005792544286
0.52	2.4248831781447255
0.53	2.445581771012468
0.54	2.4660994060444383
0.55	2.4864338851897023
0.56	2.506582939384894
0.57	2.5265441976701037
0.58	2.5463151626507243
0.59	2.5658931915585312
0.6	2.5852754822364137
0.61	2.6044590634415585
0.62	2.623440788922182
0.63	2.6422173347780826
0.64	2.660785199666591
0.65	2.6791407074582416
0.66	2.6972800119894655
0.67	2.715199103595784
0.68	2.732893817139866
0.69	2.750359841284753
0.7	2.7675927287825317
0.71	2.784587907578219
0.72	2.8013406925495246
0.73	2.8178462977230754
0.74	2.8340998488251627
0.75	2.850096396043474
0.76	2.8658309268884143
0.77	2.881298379059079
0.78	2.8964936532279997
0.79	2.9114116256719793
0.8	2.9260471606854304
0.81	2.9403951227212475
0.82	2.9544503882120434
0.83	2.968207857034193
0.84	2.981662463578888
0.85	2.9948091874055947
0.86	3.0076430634546556
0.87	3.02015919180259
0.88	3.0323527469465534
0.89	3.0442189866093217
0.9	3.0557532600585335
0.91	3.066951015937789
0.92	3.077807809608633
0.93	3.088319310006535
0.94	3.098481306014172
0.95	3.108289712358337
0.96	3.117740575037963
0.97	3.1268300762922814
0.98	3.1355545391188646
0.99	3.1439104313526673
1.0	3.151894369318375
1.01	3.159503121067854
1.02	3.1667336092168186
1.03	3.1735829133932887
1.04	3.18004827231268
1.05	3.1861270854931654
1.06	3.191816914626108
1.07	3.197115484615538
1.08	3.2020206843018686
1.09	3.2065305668837203
1.1	3.210643350052375
1.11	3.2143574158537422
1.12	3.217671310290882
1.13	3.2205837426819888
1.14	3.223093584786859
1.15	3.225199869715287
1.16	3.22690179063104
1.17	3.2281986992632357
1.18	3.2290901042385642
1.19	3.229575669245642
1.2	3.22965521104402
1.21	3.2293286973284223
1.22	3.2285962444599265
1.23	3.2274581150744925
1.24	3.225914715578973
1.25	3.223966593544273
1.26	3.221614435006781
1.27	3.2188590616842205
1.28	3.2157014281177387
1.29	3.2121426187466335
1.3	3.2081838449248874
1.31	3.2038264418862457
1.32	3.1990718656660726
1.33	3.1939216899861207
1.34	3.188377603109571
1.35	3.18244140467194
1.36	3.176115002494484
1.37	3.169400409385318
1.38	3.1622997399335535
1.39	3.15481520730197
1.4	3.1469491200224082
1.41	3.1387038787986574
1.42	3.1300819733210665
1.43	3.1210859790966787
1.44	3.11171855429865
1.45	3.1019824366379343
1.46	3.0918804402622344
1.47	3.081415452681548
1.48	3.070590431727494
1.49	3.059408402545642
1.5	3.0478724546244265
1.51	3.035985738863542
1.52	3.0237514646812382
1.53	3.0111728971658076
1.54	2.9982533542706
1.55	2.9849962040536577
1.56	2.9714048619652256
1.57	2.9574827881826153
1.58	2.943233484994387
1.59	2.9286604942341783
1.6	2.9137673947653466
1.61	2.89855780001682
1.62	2.8830353555708093
1.63	2.8672037368028955
1.64	2.8510666465746026
1.65	2.8346278129788107
1.66	2.817890987138408
1.67	2.800859941057712
1.68	2.783538465527123
1.69	2.765930368080853
1.7	2.7480394710072114
1.71	2.7298696094119483
1.72	2.7114246293331874
1.73	2.692708385909416
1.74	2.6737247415983183
1.75	2.6544775644468643
1.76	2.634970726412679
1.77	2.6152081017351327
1.78	2.59519356535614
1.79	2.5749309913903957
1.8	2.5544242516434323
1.81	2.5336772141784114
1.82	2.5126937419292505
1.83	2.491477691360426
1.84	2.4700329111729515
1.85	2.448363241054699
1.86	2.426472510475531
1.87	2.404364537525645
1.88	2.382043127796612
1.89	2.3595120733047366
1.9	2.336775151454944
1.91	2.3138361240456065
1.92	2.2906987363125606
1.93	2.2673667160119835
1.94	2.2438437725411395
1.95	2.2201335960962587
1.96	2.1962398568666712
1.97	2.1721662042645136
1.98	2.1479162661890165
1.99	2.123493648324581
2.0	2.0989019334721317
2.01	2.0741446809124655
2.02	2.049225425801294
2.03	2.024147678594887
2.04	1.998914924505524
2.05	1.9735306229861065
2.06	1.947998207243254
2.07	1.9223210837778666
2.08	1.8965026319526372
2.09	1.8705462035855753
2.1	1.8444551225690968
2.11	1.8182326845135883
2.12	1.7918821564151184
2.13	1.7654067763463155
2.14	1.7388097531699076
2.15	1.7120942662741374
2.16	1.6852634653294345
2.17	1.658320470065747
2.18	1.631268370069805
2.19	1.6041102246016385
2.2	1.576849062430013
2.21	1.54948788168589
2.22	1.5220296497333592
2.23	1.4944773030576048
2.24	1.466833747169257
2.25	1.4391018565245763
2.26	1.4112844744608632
2.27	1.3833844131467197
2.28	1.3554044535465262
2.29	1.3273473453985425
2.3	1.299215807206463
2.31	1.2710125262434724
2.32	1.2427401585688291
2.33	1.2144013290560223
2.34	1.1859986314324702
2.35	1.1575346283301582
2.36	1.1290118513465413
2.37	1.1004328011158686
2.38	1.0717999473899176
2.39	1.0431157291281357
2.4	1.014382554596637
2.41	0.98560280147573
2.42	0.9567788169755703
2.43	0.9279129179596719
2.44	0.899007391075789
2.45	0.8700644928939801
2.46	0.8410864500514127
2.47	0.8120754594037319
2.48	0.7830336881824135
2.49	0.7539632741581997
2.5	0.7248663258098709
2.51	0.6957449224985676
2.52	0.6666011146469227
2.53	0.6374369239230261
2.54	0.6082543434288555
2.55	0.579055337893007
2.56	0.5498418438673137
2.57	0.5206157699274071
2.58	0.49137899687669395
2.59	0.4621333779535339
2.6	0.43288073904183294
2.61	0.4036228788842923
2.62	0.37436156929842057
2.63	0.34509855539515705
2.64	0.31583555579954764
2.65	0.28657426287392856
2.66	0.2573163429427434
2.67	0.22806343651942232
2.68	0.19881715853467763
2.69	0.16957909856645248
2.7	0.14035082107113403
2.71	0.1111338656158629
2.72	0.08192974711202015
2.73	0.05273995604958379
2.74	0.023565958732213524
2.75	0.0
2.76	0.0
2.77	0.0
2.78	0.0
2.79	0.0
2.8	0.0
2.81	0.0
2.82	0.0
2.83	0.0
2.84	0.0
2.85	0.0
2.86	0.0
2.87	0.0
2.88	0.0
2.89	0.0
2.9	0.0
2.91	0.0
2.92	0.0
2.93	0.0
2.94	0.0
2.95	0.0
2.96	0.0
2.97	0.0
2.98	0.0
2.99	0.0
3.0	0.0
3.01	0.0
3.02	0.0
3.03	0.0
3.04	0.0
3.05	0.0
3.06	0.0
3.07	0.0
3.08	0.0
3.09	0.0
3.1	0.0
3.11	0.0
3.12	0.0
3.13	0.0
3.14	0.0
3.15	0.0
3.16	0.0
3.17	0.0
3.18	0.0
3.19	0.0
3.2	0.0
3.21	0.0
3.22	0.0
3.23	0.0
3.24	0.0
3.25	0.0
3.26	0.0
3.27	0.0
3.28	0.0
3.29	0.0
3.3	0.0
3.31	0.0
3.32	0.0
3.33	0.0
3.34	0.0
3.35	0.0
3.36	0.0
3.37	0.0
3.38	0.0
3.39	0.0
3.4	0.0
3.41	0.0
3.42	0.0
3.43	0.0
3.44	0.0
3.45	0.0
3.46	0.0
3.47	0.0
3.48	0.0
3.49	0.0
3.5	0.0
3.51	0.0
3.52	0.0
3.53	0.0
3.54	0.0
3.55	0.0
3.56	0.0
3.57	0.0
3.58	0.0
3.59	0.0
3.6	0.0
3.61	0.0
3.62	0.0
3.63	0.0
3.64	0.0
3.65	0.0
3.66	0.0
3.67	0.0
3.68	0.0
3.69	0.0
3.7	0.0
3.71	0.0
3.72	0.0
3.73	0.0
3.74	0.0
3.75	0.0
3.76	0.0
3.77	0.0
3.78	0.0
3.79	0.0
3.8	0.0
3.81	0.0
3.82	0.0
3.83	0.0
3.84	0.0
3.85	0.0
3.86	0.0
3.87	0.0
3.88	0.0
3.89	0.0
3.9	0.0
3.91	0.0
3.92	0.0
3.93	0.0
3.94	0.0
3.95	0.0
3.96	0.0
3.97	0.0
3.98	0.0
3.99	0.0
4.0	0.0
4.01	0.0
4.02	0.0
4.03	0.0
4.04	0.0
4.05	0.0
4.06	0.0
4.07	0.0
4.08	0.0
4.09	0.0
4.1	0.0
4.11	0.0
4.12	0.0
4.13	0.0
4.14	0.0
4.15	0.0
4.16	0.0
4.17	0.0
4.18	0.0
4.19	0.0
4.2	0.0
4.21	0.0
4.22	0.0
4.23	0.0
4.24	0.0
4.25	0.0
4.26	0.0
4.27	0.0
4.28	0.0
4.29	0.0
4.3	0.0
4.31	0.0
4.32	0.0
4.33	0.0
4.34	0.0
4.35	0.0
4.36	0.0
4.37	0.0
4.38	0.0
4.39	0.0
4.4	0.0
4.41	0.0
4.42	0.0
4.43	0.0
4.44	0.0
4.45	0.0
4.46	0.0
4.47	0.0
4.48	0.0
4.49	0.0
4.5	0.0
4.51	0.0
4.52	0.0
4.53	0.0
4.54	0.0
4.55	0.0
4.56	0.0
4.57	0.0
4.58	0.0
4.59	0.0
4.6	0.0
4.61	0.0
4.62	0.0
4.63	0.0
4.64	0.0
4.65	0.0
4.66	0.0
4.67	0.0
4.68	0.0
4.69	0.0
4.7	0.0
4.71	0.0
4.72	0.0
4.73	0.0
4.74	0.0
4.75	0.0
4.76	0.0
4.77	0.0
4.78	0.0
4.79	0.0
4.8	0.0
4.81	0.0
4.82	0.0
4.83	0.0
4.84	0.0
4.85	0.0
4.86	0.0
4.87	0.0
4.88	0.0
4.89	0.0
4.9	0.0
4.91	0.0
4.92	0.0
4.93	0.0
4.94	0.0
4.95	0.0
4.96	0.0
4.97	0.0
4.98	0.0
4.99	0.0
5.0	0.0
5.01	0.0
5.02	0.0
5.03	0.0
5.04	0.0
5.05	0.0
5.06	0.0
5.07	0.0
5.08	0.0
5.09	0.0
5.1	0.0
5.11	0.0
5.12	0.0
5.13	0.0
5.14	0.0
5.15	0.0
5.16	0.0
5.17	0.0
5.18	0.0
5.19	0.0
5.2	0.0
5.21	0.0
5.22	0.0
5.23	0.0
5.24	0.0
5.25	0.0
5.26	0.0
5.27	0.0
5.28	0.0
5.29	0.0
5.3	0.0
5.31	0.0
5.32	0.0
5.33	0.0
5.34	0.0
5.35	0.0
5.36	0.0
5.37	0.0
5.38	0.0
5.39	0.0
5.4	0.0
5.41	0.0
5.42	0.0
5.43	0.0
5.44	0.0
5.45	0.0
5.46	0.0
5.47	0.0
5.48	0.0
5.49	0.0
5.5	0.0
5.51	0.0
5.52	0.0
5.53	0.0
5.54	0.0
5.55	0.0
5.56	0.0
5.57	0.0
5.58	0.0
5.59	0.0
5.6	0.0
5.61	0.0
5.62	0.0
5.63	0.0
5.64	0.0
5.65	0.0
5.66	0.0
5.67	0.0
5.68	0.0
5.69	0.0
5.7	0.0
5.71	0.0
5.72	0.0
5.73	0.0
5.74	0.0
5.75	0.0
5.76	0.0
5.77	0.0
5.78	0.0
5.79	0.0
5.8	0.0
5.81	0.0
5.82	0.0
5.83	0.0
5.84	0.0
5.85	0.0
5.86	0.0
5.87	0.0
5.88	0.0
5.89	0.0
5.9	0.0
5.91	0.0
5.92	0.0
5.93	0.0
5.94	0.0
5.95	0.0
5.96	0.0
5.97	0.0
5.98	0.0
5.99	0.0
6.0	0.0
6.01	0.0
6.02	0.0
6.03	0.0
6.04	0.0
6.05	0.0
6.06	0.0
6.07	0.0
6.08	0.0
6.09	0.0
6.1	0.0
6.11	0.0
6.12	0.0
6.13	0.0
6.14	0.0
6.15	0.0
6.16	0.0
6.17	0.0
6.18	0.0
6.19	0.0
6.2	0.0
6.21	0.0
6.22	0.0
6.23	0.0
6.24	0.0
6.25	0.0
6.26	0.0
6.27	0.0
6.28	0.0
6.29	0.0
6.3	0.0
6.31	0.0
6.32	0.0
6.33	0.0
6.34	0.0
6.35	0.0
6.36	0.0
6.37	0.0
6.38	0.0
6.39	0.0
6.4	0.0
6.41	0.0
6.42	0.0
6.43	0.0
6.44	0.0
6.45	0.0
6.46	0.0
6.47	0.0
6.48	0.0
6.49	0.0
6.5	0.0
6.51	0.0
6.52	0.0
6.53	0.0
6.54	0.0
6.55	0.0
6.56	0.0
6.57	0.0
6.58	0.0
6.59	0.0
6.6	0.0
6.61	0.0
6.62	0.0
6.63	0.0
6.64	0.0
6.65	0.0
6.66	0.0
6.67	0.0
6.68	0.0
6.69	0.0
6.7	0.0
6.71	0.0
6.72	0.0
6.73	0.0
6.74	0.0
6.75	0.0
6.76	0.0
6.77	0.0
6.78	0.0
6.79	0.0
6.8	0.0
6.81	0.0
6.82	0.0
6.83	0.0
6.84	0.0
6.85	0.0
6.86	0.0
6.87	0.0
6.88	0.0
6.89	0.0
6.9	0.0
6.91	0.0
6.92	0.0
6.93	0.0
6.94	0.0
6.95	0.0
6.96	0.0
6.97	0.0
6.98	0.0
6.99	0.0
7.0	0.0
7.01	0.0
7.02	0.0
7.03	0.0
7.04	0.0
7.05	0.0
7.06	0.0
7.07	0.0
7.08	0.0
7.09	0.0
7.1	0.0
7.11	0.0
7.12	0.0
7.13	0.0
7.14	0.0
7.15	0.0
7.16	0.0
7.17	0.0
7.18	0.0
7.19	0.0
7.2	0.0
7.21	0.0
7.22	0.0
7.23	0.0
7.24	0.0
7.25	0.0
7.26	0.0
7.27	0.0
7.28	0.0
7.29	0.0
7.3	0.0
7.31	0.0
7.32	0.0
7.33	0.0
7.34	0.0
7.35	0.0
7.36	0.0
7.37	0.0
7.38	0.0
7.39	0.0
7.4	0.0
7.41	0.0
7.42	0.0
7.43	0.0
7.44	0.0
7.45	0.0
7.46	0.0
7.47	0.0
7.48	0.0
7.49	0.0
7.5	0.0
7.51	0.0
7.52	0.0
7.53	0.0
7.54	0.0
7.55	0.0
7.56	0.0
7.57	0.0
7.58	0.0
7.59	0.0
7.6	0.0
7.61	0.0
7.62	0.0
7.63	0.0
7.64	0.0
7.65	0.0
7.66	0.0
7.67	0.0
7.68	0.0
7.69	0.0
7.7	0.0
7.71	0.0
7.72	0.0
7.73	0.0
7.74	0.0
7.75	0.0
7.76	0.0
7.77	0.0
7.78	0.0
7.79	0.0
7.8	0.0
7.81	0.0
7.82	0.0
7.83	0.0
7.84	0.0
7.85	0.0
7.86	0.0
7.87	0.0
7.88	0.0
7.89	0.0
7.9	0.0
7.91	0.0
7.92	0.0
7.93	0.0
7.94	0.0
7.95	0.0
7.96	0.0
7.97	0.0
7.98	0.0
7.99	0.0
8.0	0.0
8.01	0.0
8.02	0.0
8.03	0.0
8.04	0.0
8.05	0.0
8.06	0.0
8.07	0.0
8.08	0.0
8.09	0.0
8.1	0.0
8.11	0.0
8.12	0.0
8.13	0.0
8.14	0.0
8.15	0.0
8.16	0.0
8.17	0.0
8.18	0.0
8.19	0.0
8.2	0.0
8.21	0.0
8.22	0.0
8.23	0.0
8.24	0.0
8.25	0.0
8.26	0.0
8.27	0.0
8.28	0.0
8.29	0.0
8.3	0.0
8.31	0.0
8.32	0.0
8.33	0.0
8.34	0.0
8.35	0.0
8.36	0.0
8.37	0.0
8.38	0.0
8.39	0.0
8.4	0.0
8.41	0.0
8.42	0.0
8.43	0.0
8.44	0.0
8.45	0.0
8.46	0.0
8.47	0.0
8.48	0.0
8.49	0.0
8.5	0.0
8.51	0.0
8.52	0.0
8.53	0.0
8.54	0.0
8.55	0.0
8.56	0.0
8.57	0.0
8.58	0.0
8.59	0.0
8.6	0.0
8.61	0.0
8.62	0.0
8.63	0.0
8.64	0.0
8.65	0.0
8.66	0.0
8.67	0.0
8.68	0.0
8.69	0.0
8.7	0.0
8.71	0.0
8.72	0.0
8.73	0.0
8.74	0.0
8.75	0.0
8.76	0.0
8.77	0.0
8.78	0.0
8.79	0.0
8.8	0.0
8.81	0.0
8.82	0.0
8.83	0.0
8.84	0.0
8.85	0.0
8.86	0.0
8.87	0.0
8.88	0.0
8.89	0.0
8.9	0.0
8.91	0.0
8.92	0.0
8.93	0.0
8.94	0.0
8.95	0.0
8.96	0.0
8.97	0.0
8.98	0.0
8.99	0.0
9.0	0.0
9.01	0.0
9.02	0.0
9.03	0.0
9.04	0.0
9.05	0.0
9.06	0.0
9.07	0.0
9.08	0.0
9.09	0.0
9.1	0.0
9.11	0.0
9.12	0.0
9.13	0.0
9.14	0.0
9.15	0.0
9.16	0.0
9.17	0.0
9.18	0.0
9.19	0.0
9.2	0.0
9.21	0.0
9.22	0.0
9.23	0.0
9.24	0.0
9.25	0.0
9.26	0.0
9.27	0.0
9.28	0.0
9.29	0.0
9.3	0.0
9.31	0.0
9.32	0.0
9.33	0.0
9.34	0.0
9.35	0.0
9.36	0.0
9.37	0.0
9.38	0.0
9.39	0.0
9.4	0.0
9.41	0.0
9.42	0.0
9.43	0.0
9.44	0.0
9.45	0.0
9.46	0.0
9.47	0.0
9.48	0.0
9.49	0.0
9.5	0.0
9.51	0.0
9.52	0.0
9.53	0.0
9.54	0.0
9.55	0.0
9.56	0.0
9.57	0.0
9.58	0.0
9.59	0.0
9.6	0.0
9.61	0.0
9.62	0.0
9.63	0.0
9.64	0.0
9.65	0.0
9.66	0.0
9.67	0.0
9.68	0.0
9.69	0.0
9.7	0.0
9.71	0.0
9.72	0.0
9.73	0.0
9.74	0.0
9.75	0.0
9.76	0.0
9.77	0.0
9.78	0.0
9.79	0.0
9.8	0.0
9.81	0.0
9.82	0.0
9.83	0.0
9.84	0.0
9.85	0.0
9.86	0.0
9.87	0.0
9.88	0.0
9.89	0.0
9.9	0.0
9.91	0.0
9.92	0.0
9.93	0.0
9.94	0.0
9.95	0.0
9.96	0.0
9.97	0.0
9.98	0.0
9.99	0.0
10.0	0.0
